-0.198146	 0.980173	 
-0.388435	 0.921476	 
-0.563320	 0.826239	 
-0.715867	 0.698237	 
-0.889872	 0.456211	 
-0.962624	 0.270840	 
-0.997204	 0.074730	 
-0.992239	 -0.124344	 
-0.947927	 -0.318487	 
-0.866025	 -0.500000	 
-0.749781	 -0.661686	 
-0.603804	 -0.797132	 
-0.433884	 -0.900969	 
-0.246757	 -0.969077	 
-0.049846	 -0.998757	 
0.246757	 -0.969077	 
0.433884	 -0.900969	 
0.603804	 -0.797132	 
0.749781	 -0.661686	 
0.866025	 -0.500000	 
0.947927	 -0.318487	 
0.992239	 -0.124344	 
0.997204	 0.074730	 
0.962624	 0.270840	 
0.889872	 0.456211	 
0.715867	 0.698237	 
0.563320	 0.826239	 
0.388435	 0.921476	 
0.198146	 0.980173	 
0.000000	 1.000000	 
-0.099568	 0.995031	 
-0.294755	 0.955573	 
-0.478254	 0.878222	 
-0.642788	 0.766044	 
-0.781832	 0.623490	 
-0.840026	 0.542546	 
-0.930874	 0.365341	 
-0.984808	 0.173648	 
-0.999689	 -0.024931	 
-0.974928	 -0.222521	 
-0.911506	 -0.411287	 
-0.811938	 -0.583744	 
-0.680173	 -0.733052	 
-0.521435	 -0.853291	 
-0.342020	 -0.939693	 
-0.149042	 -0.988831	 
0.049846	 -0.998757	 
0.149042	 -0.988831	 
0.342020	 -0.939693	 
0.521435	 -0.853291	 
0.680173	 -0.733052	 
0.811938	 -0.583744	 
0.911506	 -0.411287	 
0.974928	 -0.222521	 
0.999689	 -0.024931	 
0.984808	 0.173648	 
0.930874	 0.365341	 
0.840026	 0.542546	 
0.781832	 0.623490	 
0.642788	 0.766044	 
0.478254	 0.878222	 
0.294755	 0.955573	 
0.099568	 0.995031	 
-0.396926	 0.823044	 
0.864850	 0.287323	 
-0.913798	 0.022095	 
0.717357	 -0.563554	 
-0.510104	 -0.753066	 
0.257318	 -0.874855	 
0.798838	 -0.409919	 
0.874376	 -0.254180	 
0.474815	 0.777366	 
-0.119005	 0.899473	 
-0.311995	 0.856514	 
-0.615551	 0.667959	 
-0.737718	 0.531305	 
-0.785126	 0.453302	 
-0.860210	 0.289465	 
-0.905575	 0.111789	 
-0.873025	 -0.246557	 
-0.811486	 -0.421148	 
-0.715021	 -0.564657	 
-0.586165	 -0.698438	 
-0.431892	 -0.802960	 
-0.260928	 -0.866237	 
-0.038642	 -0.915294	 
0.088727	 -0.907783	 
0.180079	 -0.911382	 
0.348194	 -0.839015	 
0.510728	 -0.752463	 
0.654147	 -0.634306	 
0.776988	 -0.502849	 
0.861186	 -0.337818	 
0.892907	 -0.159651	 
0.909689	 0.019176	 
0.886146	 0.199742	 
0.829378	 0.371294	 
0.738588	 0.531360	 
0.678982	 0.603303	 
0.551336	 0.728396	 
0.396181	 0.823589	 
0.222177	 0.879125	 
-0.000240	 0.919521	 
0.120302	 0.898506	 
-0.219746	 0.879970	 
-0.828732	 0.373181	 
0.900900	 0.109483	 
-0.843925	 -0.336663	 
-0.652640	 -0.634320	 
0.585051	 -0.695913	 
-0.160537	 -0.889060	 
0.690370	 -0.457285	 
0.782240	 0.299912	 
-0.475132	 0.781313	 
-0.680122	 0.601192	 
-0.886134	 0.200494	 
-0.771431	 -0.497006	 
-0.421675	 -0.710207	 
0.434086	 -0.801310	 
0.772536	 -0.294687	 
0.907354	 -0.068513	 
0.786781	 0.454071	 
0.617914	 0.671825	 
0.391392	 0.734643	 
-0.548264	 0.729813	 
-0.911209	 -0.066257	 
-0.895625	 -0.155436	 
-0.351039	 -0.839946	 
0.314181	 0.857278	 
-0.324990	 0.763026	 
-0.685950	 0.447714	 
-0.828530	 0.058291	 
-0.501104	 -0.659670	 
0.032604	 -0.815175	 
0.157173	 -0.815769	 
0.266832	 -0.774685	 
0.621814	 -0.541518	 
0.794956	 -0.189845	 
0.796394	 0.224804	 
0.639832	 0.514441	 
0.468436	 0.687172	 
-0.050454	 0.831688	 
-0.247563	 0.798305	 
-0.778544	 0.305147	 
-0.744593	 -0.357533	 
0.538557	 0.653500	 
-0.653961	 0.521048	 
-0.826326	 0.139228	 
-0.693098	 -0.485151	 
-0.360929	 -0.759200	 
0.837364	 -0.021918	 
-0.461825	 0.690094	 
-0.845019	 -0.018392	 
-0.821813	 -0.090915	 
-0.081136	 -0.805386	 
-0.282699	 -0.769141	 
-0.186682	 -0.787045	 
0.573298	 -0.610834	 
0.811130	 0.141856	 
0.701341	 0.457444	 
0.253150	 0.787931	 
0.154747	 0.801172	 
0.360183	 -0.743187	 
-0.416139	 -0.614345	 
-0.571861	 -0.618100	 
0.710887	 -0.364719	 
0.330967	 0.782060	 
-0.531527	 0.647063	 
-0.403098	 0.743105	 
-0.799732	 -0.178687	 
-0.773163	 -0.267690	 
-0.730979	 -0.432594	 
0.436331	 -0.719544	 
0.085768	 -0.722401	 
0.189603	 -0.702058	 
0.580461	 -0.451002	 
0.699118	 -0.212320	 
0.702348	 0.254463	 
0.377352	 0.641524	 
0.046629	 0.816927	 
-0.117091	 -0.704406	 
-0.633279	 -0.405058	 
-0.325197	 -0.673226	 
0.476007	 0.597050	 
0.716765	 -0.119615	 
0.117829	 -0.627117	 
-0.147771	 0.790891	 
-0.456156	 0.582133	 
-0.780516	 0.216325	 
-0.613429	 -0.534242	 
0.626136	 -0.369302	 
0.820895	 0.054703	 
0.620345	 0.420980	 
0.196920	 0.707086	 
-0.233787	 0.700680	 
-0.731986	 0.368453	 
-0.749798	 -0.010536	 
0.578371	 0.588454	 
-0.733982	 0.109813	 
0.814425	 -0.095663	 
-0.356365	 0.658294	 
-0.728755	 -0.112529	 
-0.015474	 -0.721164	 
0.389819	 -0.653243	 
0.738813	 0.175355	 
0.719997	 0.368490	 
-0.507600	 -0.567666	 
-0.575183	 0.566009	 
-0.590987	 0.460401	 
-0.705331	 -0.199212	 
-0.672135	 -0.289895	 
0.491541	 -0.648839	 
0.516405	 -0.536640	 
0.667414	 -0.292275	 
0.300687	 0.709226	 
0.087253	 0.719728	 
-0.033954	 0.731043	 
0.623944	 -0.149790	 
0.292840	 -0.672098	 
0.131937	 0.625663	 
-0.645858	 0.039657	 
-0.047129	 -0.629524	 
0.219186	 -0.598129	 
0.576226	 -0.287585	 
0.028898	 0.635659	 
-0.219310	 -0.689563	 
0.617578	 0.320966	 
-0.330788	 -0.564523	 
0.375701	 0.523487	 
0.519287	 0.490794	 
0.738741	 -0.012049	 
0.530183	 -0.367698	 
0.255844	 0.602673	 
-0.697599	 0.278398	 
-0.647393	 -0.057986	 
-0.685627	 0.194034	 
-0.352158	 0.541374	 
-0.649004	 -0.139328	 
0.035062	 -0.651531	 
0.657577	 0.163572	 
-0.423850	 -0.514568	 
-0.522339	 -0.469130	 
-0.498709	 0.485613	 
-0.619664	 0.355182	 
-0.567181	 -0.302739	 
0.494384	 -0.444328	 
0.430255	 -0.577565	 
0.619992	 -0.226952	 
-0.130421	 0.692549	 
-0.262800	 0.588217	 
-0.555448	 -0.118886	 
-0.069933	 0.626284	 
0.524044	 0.372993	 
0.143695	 -0.530634	 
-0.166092	 0.610762	 
0.610384	 0.235125	 
0.731354	 0.096970	 
-0.557831	 -0.010075	 
0.476162	 -0.284221	 
0.632287	 -0.054599	 
0.071992	 0.560929	 
-0.253363	 -0.608439	 
-0.153812	 -0.597497	 
0.421458	 0.414690	 
0.420602	 -0.381624	 
0.255350	 0.483001	 
-0.624974	 0.132600	 
-0.418394	 0.492848	 
-0.523414	 -0.381158	 
0.034015	 -0.557688	 
-0.435962	 -0.414849	 
-0.516104	 0.393889	 
-0.594188	 0.234698	 
-0.334674	 -0.459930	 
-0.609092	 -0.211373	 
0.331876	 -0.561751	 
0.420619	 -0.491306	 
0.533044	 -0.194967	 
-0.275354	 0.498566	 
0.437758	 0.314379	 
-0.104775	 0.537500	 
-0.440704	 0.426824	 
-0.011332	 0.548158	 
0.329391	 -0.448458	 
0.622818	 0.058722	 
0.155666	 0.527498	 
-0.465459	 -0.054707	 
-0.461814	 -0.315335	 
-0.565414	 0.073067	 
-0.239156	 -0.518926	 
0.368206	 -0.284622	 
-0.194308	 0.518028	 
0.330244	 0.431693	 
0.530639	 0.271095	 
0.543876	 -0.094780	 
-0.065841	 -0.546904	 
0.424352	 -0.199157	 
0.082315	 -0.454353	 
-0.352070	 -0.348089	 
-0.526545	 0.308864	 
-0.506189	 -0.219758	 
0.239390	 -0.498360	 
0.547200	 0.163868	 
-0.347633	 0.431644	 
-0.134877	 0.459150	 
0.451056	 0.216892	 
-0.472763	 0.057056	 
0.551990	 -0.011777	 
0.321330	 -0.361569	 
-0.386239	 -0.225326	 
-0.425555	 0.331445	 
0.345036	 0.348889	 
-0.050289	 0.461011	 
0.242352	 -0.403191	 
0.057705	 0.467319	 
0.170988	 -0.451018	 
-0.529817	 0.146048	 
-0.134859	 -0.484673	 
0.468011	 -0.126540	 
-0.221570	 0.411902	 
0.163262	 0.424760	 
0.506820	 0.063497	 
-0.025939	 -0.463540	 
0.319049	 -0.194273	 
-0.226097	 -0.395410	 
-0.481093	 0.230294	 
-0.457856	 -0.145537	 
0.458070	 -0.032658	 
0.025601	 -0.352979	 
0.457808	 0.134243	 
0.360263	 0.253276	 
0.246830	 -0.292600	 
-0.445048	 0.148871	 
0.080862	 0.359211	 
-0.377741	 -0.003196	 
-0.376463	 -0.108779	 
-0.101880	 0.364414	 
0.147551	 -0.368333	 
-0.003655	 0.388105	 
-0.302444	 0.315394	 
0.256181	 0.384022	 
-0.265968	 -0.273086	 
0.382696	 -0.110869	 
-0.096839	 -0.380693	 
-0.369349	 0.210685	 
-0.257175	 0.211890	 
-0.193068	 0.292645	 
0.280644	 -0.096814	 
0.409210	 0.066008	 
0.116981	 -0.254627	 
-0.283810	 -0.163408	 
0.378541	 0.157410	 
0.268315	 0.287236	 
0.211531	 -0.179332	 
-0.375911	 0.099420	 
-0.287752	 -0.057042	 
-0.004089	 0.289182	 
0.175892	 0.323200	 
-0.158633	 -0.295804	 
0.347259	 -0.014550	 
-0.061423	 -0.286891	 
-0.290907	 0.047270	 
0.243293	 0.001314	 
0.125327	 -0.153568	 
-0.101092	 0.250351	 
0.179965	 -0.082171	 
-0.299593	 0.136298	 
-0.197143	 -0.107486	 
-0.188586	 -0.204274	 
0.283909	 0.185706	 
0.188212	 0.221445	 
0.096873	 0.260068	 
0.310001	 0.083970	 
0.016609	 -0.255247	 
0.197135	 0.106706	 
-0.112873	 -0.153379	 
-0.198987	 -0.002602	 
0.073591	 -0.072575	 
-0.203545	 0.113975	 
-0.033108	 0.200708	 
-0.171297	 0.204365	 
0.143595	 0.009436	 
-0.042216	 -0.202904	 
-0.112746	 -0.228650	 
0.104568	 0.163477	 
0.043891	 -0.175514	 
-0.027154	 -0.112556	 
-0.109331	 -0.056571	 
0.062389	 0.022805	 
0.034177	 0.204179	 
-0.103775	 0.050555	 
-0.101029	 0.154569	 
0.102866	 0.081976	 
-0.016273	 -0.010147	 
0.006227	 0.108515	 
