      30
      45
      46
      48
      66
      68
     121
     143
     145
     146
     155
     164
     165
     174
     176
     205
     227
     231
     238
     239
     241
     248
     254
     256
     262
     268
     276
     279
     288
     294
     295
     313
     356
     375
     385
     386
     425
     429
     430
     431
     434
     435
     447
     455
     459
     462
     463
     467
     482
     483
     513
     603
     673
     895
    1021
    1044
    1045
    1046
    1087
    1115
    1116
    1117
    1118
    1120
    1122
    1125
    1129
    1131
    1133
    1135
    1137
    1141
    1142
    1144
    1148
    1151
    1153
    1173
    1174
    1175
    1176
    1177
    1179
    1182
    1184
    1186
    1188
    1189
    1191
    1193
    1195
    1196
    1198
    1200
    1202
    1204
    1206
    1208
    1210
    1212
    1214
    1216
    1218
    1220
    1221
    1222
    1298
    1300
    1302
    1304
    1305
    1308
    1309
    1312
    1313
    1314
    1316
    1317
    1318
    1321
    1322
    1323
    1325
    1327
    1331
    1334
    1335
    1336
    1337
    1339
    1341
    1342
    1344
    1345
    1347
    1348
    1350
    1353
    1371
    1374
    1377
    1379
    1393
    1396
    1397
    1398
    1399
    1400
    1402
    1414
    1417
    1421
    1422
    1425
    1426
    1427
    1428
    1430
    1432
    1433
       5
       6
       8
       9
      36
      37
      39
      40
      41
     106
     131
     132
     133
     134
     135
     147
     148
     157
     169
     170
     183
     187
     196
     197
     198
     200
     206
     208
     209
     210
     211
     212
     217
     219
     271
     275
     453
     579
     593
     608
     690
     738
     739
    1016
    1091
    1093
    1096
    1097
    1098
    1099
    1100
    1101
    1102
    1103
    1105
    1106
    1107
    1108
    1109
    1110
    1111
    1112
    1114
    1248
    1250
    1253
    1255
    1256
    1263
    1267
    1276
    1288
    1289
    1468
