  0.5000000000  0.5000000000
  0.4999901107  0.5031447141
  0.4999604431  0.5062893038
  0.4999109984  0.5094336448
  0.4998417786  0.5125776125
  0.4997527864  0.5157210828
  0.4996440254  0.5188639311
  0.4995154998  0.5220060333
  0.4993672147  0.5251472649
  0.4991991759  0.5282875018
  0.4990113902  0.5314266197
  0.4988038650  0.5345644944
  0.4985766084  0.5377010019
  0.4983296295  0.5408360181
  0.4980629380  0.5439694188
  0.4977765445  0.5471010803
  0.4974704603  0.5502308785
  0.4971446975  0.5533586898
  0.4967992690  0.5564843903
  0.4964341884  0.5596078565
  0.4960494703  0.5627289647
  0.4956451298  0.5658475916
  0.4952211829  0.5689636137
  0.4947776464  0.5720769078
  0.4943145378  0.5751873507
  0.4938318755  0.5782948194
  0.4933296785  0.5813991910
  0.4928079668  0.5845003426
  0.4922667608  0.5875981517
  0.4917060822  0.5906924956
  0.4911259530  0.5937832519
  0.4905263961  0.5968702984
  0.4899074354  0.5999535130
  0.4892690952  0.6030327738
  0.4886114009  0.6061079588
  0.4879343784  0.6091789464
  0.4872380546  0.6122456153
  0.4865224569  0.6153078440
  0.4857876138  0.6183655115
  0.4850335542  0.6214184967
  0.4842603079  0.6244666789
  0.4834679057  0.6275099376
  0.4826563787  0.6305481523
  0.4818257592  0.6335812029
  0.4809760799  0.6366089694
  0.4801073746  0.6396313320
  0.4792196775  0.6426481712
  0.4783130237  0.6456593675
  0.4773874492  0.6486648020
  0.4764429905  0.6516643557
  0.4754796850  0.6546579100
  0.4744975708  0.6576453465
  0.4734966868  0.6606265469
  0.4724770726  0.6636013933
  0.4714387684  0.6665697682
  0.4703818154  0.6695315539
  0.4693062553  0.6724866335
  0.4682121307  0.6754348900
  0.4670994850  0.6783762067
  0.4659683620  0.6813104674
  0.4648188066  0.6842375559
  0.4636508643  0.6871573564
  0.4624645811  0.6900697535
  0.4612600041  0.6929746320
  0.4600371809  0.6958718769
  0.4587961599  0.6987613737
  0.4575369901  0.7016430080
  0.4562597214  0.7045166658
  0.4549644043  0.7073822335
  0.4536510901  0.7102395978
  0.4523198306  0.7130886455
  0.4509706786  0.7159292640
  0.4496036874  0.7187613409
  0.4482189111  0.7215847643
  0.4468164044  0.7243994223
  0.4453962230  0.7272052037
  0.4439584228  0.7300019974
  0.4425030608  0.7327896930
  0.4410301947  0.7355681799
  0.4395398825  0.7383373485
  0.4380321834  0.7410970890
  0.4365071568  0.7438472925
  0.4349648633  0.7465878499
  0.4334053637  0.7493186530
  0.4318287197  0.7520395938
  0.4302349938  0.7547505645
  0.4286242489  0.7574514580
  0.4269965488  0.7601421674
  0.4253519579  0.7628225863
  0.4236905412  0.7654926087
  0.4220123645  0.7681521288
  0.4203174941  0.7708010416
  0.4186059971  0.7734392423
  0.4168779411  0.7760666264
  0.4151333946  0.7786830901
  0.4133724265  0.7812885298
  0.4115951065  0.7838828425
  0.4098015050  0.7864659256
  0.4079916928  0.7890376768
  0.4061657415  0.7915979945
  0.4043237235  0.7941467774
  0.4024657114  0.7966839246
  0.4005917790  0.7992093358
  0.3987020001  0.8017229111
  0.3967964498  0.8042245510
  0.3948752032  0.8067141567
  0.3929383364  0.8091916296
  0.3909859260  0.8116568716
  0.3890180493  0.8141097854
  0.3870347841  0.8165502738
  0.3850362089  0.8189782404
  0.3830224026  0.8213935891
  0.3809934450  0.8237962242
  0.3789494164  0.8261860509
  0.3768903975  0.8285629746
  0.3748164699  0.8309269011
  0.3727277155  0.8332777371
  0.3706242171  0.8356153896
  0.3685060577  0.8379397660
  0.3663733212  0.8402507744
  0.3642260920  0.8425483234
  0.3620644551  0.8448323221
  0.3598884958  0.8471026802
  0.3576983003  0.8493593079
  0.3554939552  0.8516021158
  0.3532755477  0.8538310153
  0.3510431656  0.8560459182
  0.3487968972  0.8582467369
  0.3465368313  0.8604333843
  0.3442630574  0.8626057740
  0.3419756653  0.8647638199
  0.3396747456  0.8669074368
  0.3373603893  0.8690365398
  0.3350326880  0.8711510447
  0.3326917336  0.8732508679
  0.3303376189  0.8753359263
  0.3279704369  0.8774061374
  0.3255902812  0.8794614193
  0.3231972461  0.8815016908
  0.3207914262  0.8835268711
  0.3183729167  0.8855368801
  0.3159418131  0.8875316383
  0.3134982118  0.8895110668
  0.3110422093  0.8914750874
  0.3085739029  0.8934236222
  0.3060933900  0.8953565942
  0.3036007690  0.8972739270
  0.3010961383  0.8991755447
  0.2985795971  0.9010613721
  0.2960512449  0.9029313346
  0.2935111817  0.9047853582
  0.2909595080  0.9066233696
  0.2883963247  0.9084452961
  0.2858217332  0.9102510656
  0.2832358354  0.9120406067
  0.2806387336  0.9138138485
  0.2780305304  0.9155707210
  0.2754113291  0.9173111547
  0.2727812333  0.9190350806
  0.2701403470  0.9207424306
  0.2674887746  0.9224331373
  0.2648266211  0.9241071336
  0.2621539919  0.9257643533
  0.2594709925  0.9274047310
  0.2567777291  0.9290282017
  0.2540743083  0.9306347012
  0.2513608370  0.9322241660
  0.2486374225  0.9337965331
  0.2459041726  0.9353517404
  0.2431611955  0.9368897264
  0.2404085995  0.9384104302
  0.2376464936  0.9399137917
  0.2348749870  0.9413997513
  0.2320941895  0.9428682504
  0.2293042109  0.9443192308
  0.2265051616  0.9457526352
  0.2236971524  0.9471684067
  0.2208802944  0.9485664895
  0.2180546989  0.9499468283
  0.2152204778  0.9513093683
  0.2123777432  0.9526540558
  0.2095266074  0.9539808375
  0.2066671834  0.9552896609
  0.2037995841  0.9565804743
  0.2009239231  0.9578532266
  0.1980403141  0.9591078675
  0.1951488711  0.9603443473
  0.1922497086  0.9615626171
  0.1893429412  0.9627626288
  0.1864286839  0.9639443348
  0.1835070520  0.9651076885
  0.1805781611  0.9662526437
  0.1776421269  0.9673791552
  0.1746990658  0.9684871785
  0.1717490940  0.9695766697
  0.1687923282  0.9706475857
  0.1658288855  0.9716998842
  0.1628588831  0.9727335235
  0.1598824384  0.9737484627
  0.1568996692  0.9747446617
  0.1539106934  0.9757220811
  0.1509156294  0.9766806822
  0.1479145955  0.9776204272
  0.1449077106  0.9785412787
  0.1418950935  0.9794432004
  0.1388768634  0.9803261567
  0.1358531397  0.9811901126
  0.1328240420  0.9820350339
  0.1297896902  0.9828608871
  0.1267502042  0.9836676397
  0.1237057043  0.9844552598
  0.1206563110  0.9852237160
  0.1176021448  0.9859729782
  0.1145433267  0.9867030165
  0.1114799774  0.9874138023
  0.1084122184  0.9881053072
  0.1053401708  0.9887775040
  0.1022639563  0.9894303661
  0.0991836965  0.9900638676
  0.0960995133  0.9906779836
  0.0930115286  0.9912726896
  0.0899198646  0.9918479622
  0.0868246436  0.9924037787
  0.0837259881  0.9929401170
  0.0806240207  0.9934569559
  0.0775188639  0.9939542749
  0.0744106407  0.9944320545
  0.0712994741  0.9948902757
  0.0681854870  0.9953289204
  0.0650688027  0.9957479712
  0.0619495444  0.9961474115
  0.0588278356  0.9965272256
  0.0557037997  0.9968873984
  0.0525775603  0.9972279157
  0.0494492411  0.9975487640
  0.0463189658  0.9978499306
  0.0431868583  0.9981314036
  0.0400530424  0.9983931719
  0.0369176421  0.9986352251
  0.0337807814  0.9988575536
  0.0306425845  0.9990601487
  0.0275031755  0.9992430023
  0.0243626784  0.9994061072
  0.0212212177  0.9995494569
  0.0180789175  0.9996730458
  0.0149359022  0.9997768690
  0.0117922960  0.9998609224
  0.0086482234  0.9999252026
  0.0055038086  0.9999697072
  0.0023591762  0.9999944343
 -0.0007855496  0.9999993829
 -0.0039302443  0.9999845529
 -0.0070747835  0.9999499449
 -0.0102190429  0.9998955603
 -0.0133628980  0.9998214011
 -0.0165062246  0.9997274703
 -0.0196488982  0.9996137716
 -0.0227907945  0.9994803096
 -0.0259317893  0.9993270895
 -0.0290717583  0.9991541174
 -0.0322105773  0.9989614000
 -0.0353481221  0.9987489451
 -0.0384842687  0.9985167611
 -0.0416188929  0.9982648570
 -0.0447518708  0.9979932430
 -0.0478830785  0.9977019297
 -0.0510123920  0.9973909286
 -0.0541396876  0.9970602521
 -0.0572648415  0.9967099133
 -0.0603877303  0.9963399259
 -0.0635082302  0.9959503047
 -0.0666262180  0.9955410650
 -0.0697415702  0.9951122230
 -0.0728541636  0.9946637958
 -0.0759638751  0.9941958010
 -0.0790705816  0.9937082571
 -0.0821741604  0.9932011835
 -0.0852744885  0.9926746001
 -0.0883714435  0.9921285279
 -0.0914649027  0.9915629884
 -0.0945547437  0.9909780040
 -0.0976408445  0.9903735979
 -0.1007230829  0.9897497939
 -0.1038013369  0.9891066167
 -0.1068754848  0.9884440917
 -0.1099454050  0.9877622453
 -0.1130109761  0.9870611043
 -0.1160720767  0.9863406964
 -0.1191285859  0.9856010503
 -0.1221803827  0.9848421950
 -0.1252273463  0.9840641608
 -0.1282693563  0.9832669782
 -0.1313062922  0.9824506789
 -0.1343380341  0.9816152952
 -0.1373644619  0.9807608601
 -0.1403854560  0.9798874074
 -0.1434008967  0.9789949716
 -0.1464106650  0.9780835881
 -0.1494146416  0.9771532929
 -0.1524127078  0.9762041227
 -0.1554047449  0.9752361153
 -0.1583906347  0.9742493088
 -0.1613702589  0.9732437422
 -0.1643434998  0.9722194554
 -0.1673102397  0.9711764889
 -0.1702703612  0.9701148839
 -0.1732237473  0.9690346825
 -0.1761702812  0.9679359273
 -0.1791098462  0.9668186618
 -0.1820423261  0.9656829302
 -0.1849676049  0.9645287775
 -0.1878855669  0.9633562493
 -0.1907960967  0.9621653919
 -0.1936990791  0.9609562526
 -0.1965943992  0.9597288790
 -0.1994819427  0.9584833198
 -0.2023615951  0.9572196243
 -0.2052332427  0.9559378424
 -0.2080967718  0.9546380248
 -0.2109520692  0.9533202229
 -0.2137990218  0.9519844890
 -0.2166375172  0.9506308757
 -0.2194674429  0.9492594367
 -0.2222886871  0.9478702263
 -0.2251011382  0.9464632992
 -0.2279046849  0.9450387113
 -0.2306992163  0.9435965189
 -0.2334846219  0.9421367790
 -0.2362607914  0.9406595494
 -0.2390276151  0.9391648884
 -0.2417849835  0.9376528553
 -0.2445327875  0.9361235098
 -0.2472709185  0.9345769125
 -0.2499992682  0.9330131244
 -0.2527177285  0.9314322075
 -0.2554261920  0.9298342244
 -0.2581245515  0.9282192381
 -0.2608127003  0.9265873127
 -0.2634905321  0.9249385126
 -0.2661579409  0.9232729031
 -0.2688148212  0.9215905501
 -0.2714610679  0.9198915201
 -0.2740965764  0.9181758803
 -0.2767212423  0.9164436986
 -0.2793349619  0.9146950435
 -0.2819376317  0.9129299842
 -0.2845291489  0.9111485905
 -0.2871094108  0.9093509328
 -0.2896783155  0.9075370824
 -0.2922357613  0.9057071109
 -0.2947816470  0.9038610907
 -0.2973158720  0.9019990948
 -0.2998383360  0.9001211970
 -0.3023489391  0.8982274715
 -0.3048475822  0.8963179931
 -0.3073341663  0.8943928375
 -0.3098085931  0.8924520807
 -0.3122707647  0.8904957996
 -0.3147205837  0.8885240716
 -0.3171579532  0.8865369746
 -0.3195827768  0.8845345872
 -0.3219949586  0.8825169887
 -0.3243944031  0.8804842588
 -0.3267810155  0.8784364781
 -0.3291547013  0.8763737273
 -0.3315153666  0.8742960883
 -0.3338629180  0.8722036431
 -0.3361972628  0.8700964746
 -0.3385183085  0.8679746660
 -0.3408259633  0.8658383014
 -0.3431201360  0.8636874651
 -0.3454007357  0.8615222424
 -0.3476676724  0.8593427189
 -0.3499208562  0.8571489807
 -0.3521601981  0.8549411146
 -0.3543856096  0.8527192081
 -0.3565970024  0.8504833489
 -0.3587942893  0.8482336256
 -0.3609773832  0.8459701270
 -0.3631461979  0.8436929429
 -0.3653006474  0.8414021631
 -0.3674406467  0.8390978784
 -0.3695661110  0.8367801800
 -0.3716769562  0.8344491594
 -0.3737730990  0.8321049089
 -0.3758544562  0.8297475212
 -0.3779209457  0.8273770896
 -0.3799724856  0.8249937079
 -0.3820089949  0.8225974702
 -0.3840303929  0.8201884715
 -0.3860365997  0.8177668071
 -0.3880275360  0.8153325726
 -0.3900031229  0.8128858644
 -0.3919632824  0.8104267793
 -0.3939079368  0.8079554145
 -0.3958370093  0.8054718678
 -0.3977504236  0.8029762376
 -0.3996481039  0.8004686224
 -0.4015299753  0.7979491214
 -0.4033959632  0.7954178344
 -0.4052459938  0.7928748615
 -0.4070799940  0.7903203032
 -0.4088978912  0.7877542607
 -0.4106996136  0.7851768353
 -0.4124850897  0.7825881292
 -0.4142542491  0.7799882446
 -0.4160070217  0.7773772844
 -0.4177433381  0.7747553520
 -0.4194631298  0.7721225509
 -0.4211663287  0.7694789855
 -0.4228528673  0.7668247601
 -0.4245226790  0.7641599799
 -0.4261756978  0.7614847503
 -0.4278118582  0.7587991770
 -0.4294310955  0.7561033663
 -0.4310333457  0.7533974249
 -0.4326185453  0.7506814597
 -0.4341866318  0.7479555783
 -0.4357375430  0.7452198884
 -0.4372712175  0.7424744983
 -0.4387875949  0.7397195165
 -0.4402866149  0.7369550521
 -0.4417682185  0.7341812144
 -0.4432323468  0.7313981131
 -0.4446789421  0.7286058583
 -0.4461079471  0.7258045605
 -0.4475193053  0.7229943304
 -0.4489129608  0.7201752794
 -0.4502888585  0.7173475187
 -0.4516469440  0.7145111604
 -0.4529871636  0.7116663166
 -0.4543094642  0.7088130999
 -0.4556137936  0.7059516231
 -0.4569001002  0.7030819994
 -0.4581683330  0.7002043423
 -0.4594184418  0.6973187657
 -0.4606503774  0.6944253837
 -0.4618640908  0.6915243107
 -0.4630595342  0.6886156616
 -0.4642366602  0.6856995513
 -0.4653954222  0.6827760952
 -0.4665357745  0.6798454091
 -0.4676576718  0.6769076087
 -0.4687610699  0.6739628103
 -0.4698459250  0.6710111305
 -0.4709121943  0.6680526859
 -0.4719598356  0.6650875936
 -0.4729888075  0.6621159708
 -0.4739990692  0.6591379352
 -0.4749905807  0.6561536046
 -0.4759633029  0.6531630969
 -0.4769171973  0.6501665305
 -0.4778522262  0.6471640239
 -0.4787683525  0.6441556959
 -0.4796655400  0.6411416655
 -0.4805437532  0.6381220519
 -0.4814029575  0.6350969746
 -0.4822431187  0.6320665532
 -0.4830642037  0.6290309076
 -0.4838661800  0.6259901579
 -0.4846490158  0.6229444244
 -0.4854126802  0.6198938275
 -0.4861571430  0.6168384879
 -0.4868823748  0.6137785266
 -0.4875883468  0.6107140644
 -0.4882750311  0.6076452227
 -0.4889424006  0.6045721229
 -0.4895904289  0.6014948865
 -0.4902190902  0.5984136352
 -0.4908283598  0.5953284909
 -0.4914182136  0.5922395757
 -0.4919886282  0.5891470117
 -0.4925395811  0.5860509213
 -0.4930710504  0.5829514270
 -0.4935830152  0.5798486513
 -0.4940754551  0.5767427171
 -0.4945483508  0.5736337471
 -0.4950016835  0.5705218644
 -0.4954354352  0.5674071920
 -0.4958495889  0.5642898531
 -0.4962441281  0.5611699711
 -0.4966190372  0.5580476695
 -0.4969743014  0.5549230716
 -0.4973099066  0.5517963010
 -0.4976258396  0.5486674816
 -0.4979220879  0.5455367370
 -0.4981986397  0.5424041911
 -0.4984554841  0.5392699678
 -0.4986926110  0.5361341911
 -0.4989100109  0.5329969851
 -0.4991076753  0.5298584737
 -0.4992855964  0.5267187812
 -0.4994437670  0.5235780318
 -0.4995821810  0.5204363498
 -0.4997008329  0.5172938593
 -0.4997997180  0.5141506847
 -0.4998788324  0.5110069504
 -0.4999381729  0.5078627806
 -0.4999777372  0.5047182998
 -0.4999975237  0.5015736324
 -0.4999975316  0.4984289027
 -0.4999777611  0.4952842352
 -0.4999382127  0.4921397542
 -0.4998788882  0.4889955842
 -0.4997997898  0.4858518495
 -0.4997009206  0.4827086744
 -0.4995822846  0.4795661833
 -0.4994438866  0.4764245005
 -0.4992857318  0.4732837503
 -0.4991078267  0.4701440570
 -0.4989101782  0.4670055446
 -0.4986927942  0.4638683374
 -0.4984556832  0.4607325595
 -0.4981988547  0.4575983349
 -0.4979223187  0.4544657876
 -0.4976260864  0.4513350415
 -0.4973101692  0.4482062205
 -0.4969745798  0.4450794483
 -0.4966193315  0.4419548486
 -0.4962444382  0.4388325450
 -0.4958499148  0.4357126610
 -0.4954357770  0.4325953201
 -0.4950020410  0.4294806455
 -0.4945487242  0.4263687604
 -0.4940758443  0.4232597881
 -0.4935834200  0.4201538513
 -0.4930714710  0.4170510731
 -0.4925400174  0.4139515760
 -0.4919890802  0.4108554829
 -0.4914186813  0.4077629160
 -0.4908288432  0.4046739978
 -0.4902195892  0.4015888504
 -0.4895909435  0.3985075959
 -0.4889429308  0.3954303562
 -0.4882755769  0.3923572530
 -0.4875889082  0.3892884078
 -0.4868829517  0.3862239421
 -0.4861577355  0.3831639770
 -0.4854132881  0.3801086337
 -0.4846496392  0.3770580330
 -0.4838668188  0.3740122955
 -0.4830648579  0.3709715417
 -0.4822437883  0.3679358919
 -0.4814036424  0.3649054663
 -0.4805444536  0.3618803846
 -0.4796662556  0.3588607666
 -0.4787690834  0.3558467316
 -0.4778529724  0.3528383990
 -0.4769179587  0.3498358877
 -0.4759640795  0.3468393164
 -0.4749913725  0.3438488038
 -0.4739998760  0.3408644681
 -0.4729896295  0.3378864274
 -0.4719606727  0.3349147995
 -0.4709130464  0.3319497018
 -0.4698467921  0.3289912518
 -0.4687619519  0.3260395665
 -0.4676585688  0.3230947625
 -0.4665366863  0.3201569565
 -0.4653963489  0.3172262645
 -0.4642376017  0.3143028026
 -0.4630604905  0.3113866863
 -0.4618650619  0.3084780311
 -0.4606513632  0.3055769520
 -0.4594194423  0.3026835637
 -0.4581693481  0.2997979808
 -0.4569011299  0.2969203173
 -0.4556148379  0.2940506870
 -0.4543105230  0.2911892036
 -0.4529882368  0.2883359802
 -0.4516480317  0.2854911296
 -0.4502899605  0.2826547644
 -0.4489140771  0.2798269968
 -0.4475204359  0.2770079386
 -0.4461090920  0.2741977015
 -0.4446801012  0.2713963964
 -0.4432335201  0.2686041343
 -0.4417694058  0.2658210256
 -0.4402878164  0.2630471803
 -0.4387888103  0.2602827083
 -0.4372724470  0.2575277189
 -0.4357387863  0.2547823210
 -0.4341878890  0.2520466232
 -0.4326198164  0.2493207338
 -0.4310346305  0.2466047606
 -0.4294323940  0.2438988111
 -0.4278131704  0.2412029922
 -0.4261770236  0.2385174106
 -0.4245240184  0.2358421726
 -0.4228542202  0.2331773839
 -0.4211676950  0.2305231500
 -0.4194645096  0.2278795759
 -0.4177447312  0.2252467661
 -0.4160084281  0.2226248249
 -0.4142556687  0.2200138558
 -0.4124865225  0.2174139623
 -0.4107010595  0.2148252471
 -0.4088993503  0.2122478126
 -0.4070814660  0.2096817608
 -0.4052474788  0.2071271933
 -0.4033974610  0.2045842109
 -0.4015314860  0.2020529145
 -0.3996496274  0.1995334040
 -0.3977519598  0.1970257792
 -0.3958385582  0.1945301392
 -0.3939094983  0.1920465828
 -0.3919648563  0.1895752081
 -0.3900047094  0.1871161131
 -0.3880291348  0.1846693949
 -0.3860382109  0.1822351503
 -0.3840320164  0.1798134756
 -0.3820106306  0.1774044667
 -0.3799741335  0.1750082187
 -0.3779226056  0.1726248266
 -0.3758561282  0.1702543845
 -0.3737747828  0.1678969863
 -0.3716786520  0.1655527252
 -0.3695678186  0.1632216939
 -0.3674423660  0.1609039846
 -0.3653023785  0.1585996891
 -0.3631479405  0.1563088984
 -0.3609791374  0.1540317033
 -0.3587960550  0.1517681937
 -0.3565987795  0.1495184592
 -0.3543873980  0.1472825888
 -0.3521619978  0.1450606710
 -0.3499226671  0.1428527936
 -0.3476694944  0.1406590440
 -0.3454025688  0.1384795089
 -0.3431219800  0.1363142746
 -0.3408278182  0.1341634268
 -0.3385201742  0.1320270504
 -0.3361991393  0.1299052301
 -0.3338648052  0.1277980497
 -0.3315172644  0.1257055926
 -0.3291566096  0.1236279416
 -0.3267829343  0.1215651788
 -0.3243963323  0.1195173860
 -0.3219968981  0.1174846439
 -0.3195847265  0.1154670332
 -0.3171599131  0.1134646335
 -0.3147225536  0.1114775242
 -0.3122727446  0.1095057837
 -0.3098105829  0.1075494901
 -0.3073361660  0.1056087208
 -0.3048495916  0.1036835526
 -0.3023509583  0.1017740616
 -0.2998403647  0.0998803233
 -0.2973179103  0.0980024127
 -0.2947836948  0.0961404040
 -0.2922378184  0.0942943709
 -0.2896803819  0.0924643864
 -0.2871114864  0.0906505229
 -0.2845312335  0.0888528522
 -0.2819397254  0.0870714454
 -0.2793370645  0.0853063729
 -0.2767233538  0.0835577045
 -0.2740986967  0.0818255095
 -0.2714631969  0.0801098564
 -0.2688169588  0.0784108129
 -0.2661600870  0.0767284464
 -0.2634926867  0.0750628234
 -0.2608148633  0.0734140097
 -0.2581267227  0.0717820707
 -0.2554283714  0.0701670707
 -0.2527199160  0.0685690738
 -0.2500014637  0.0669881432
 -0.2472731220  0.0654243413
 -0.2445349988  0.0638777301
 -0.2417872026  0.0623483706
 -0.2390298418  0.0608363235
 -0.2362630257  0.0593416486
 -0.2334868637  0.0578644048
 -0.2307014655  0.0564046508
 -0.2279069414  0.0549624442
 -0.2251034020  0.0535378421
 -0.2222909580  0.0521309008
 -0.2194697208  0.0507416761
 -0.2166398020  0.0493702227
 -0.2138013135  0.0480165951
 -0.2109543676  0.0466808467
 -0.2080990770  0.0453630304
 -0.2052355545  0.0440631983
 -0.2023639134  0.0427814018
 -0.1994842673  0.0415176916
 -0.1965967302  0.0402721178
 -0.1937014163  0.0390447296
 -0.1907984400  0.0378355755
 -0.1878879163  0.0366447034
 -0.1849699603  0.0354721604
 -0.1820446873  0.0343179928
 -0.1791122131  0.0331822464
 -0.1761726538  0.0320649660
 -0.1732261255  0.0309661958
 -0.1702727448  0.0298859794
 -0.1673126287  0.0288243594
 -0.1643458941  0.0277813779
 -0.1613726584  0.0267570760
 -0.1583930393  0.0257514943
 -0.1554071545  0.0247646727
 -0.1524151223  0.0237966501
 -0.1494170609  0.0228474647
 -0.1464130890  0.0219171543
 -0.1434033254  0.0210057555
 -0.1403878892  0.0201133044
 -0.1373668996  0.0192398364
 -0.1343404761  0.0183853859
 -0.1313087384  0.0175499868
 -0.1282718066  0.0167336722
 -0.1252298007  0.0159364742
 -0.1221828410  0.0151584245
 -0.1191310481  0.0143995538
 -0.1160745427  0.0136598921
 -0.1130134456  0.0129394687
 -0.1099478781  0.0122383122
 -0.1068779614  0.0115564502
 -0.1038038168  0.0108939097
 -0.1007255661  0.0102507169
 -0.0976433309  0.0096268972
 -0.0945572332  0.0090224754
 -0.0914673951  0.0084374753
 -0.0883739387  0.0078719202
 -0.0852769866  0.0073258323
 -0.0821766611  0.0067992332
 -0.0790730849  0.0062921438
 -0.0759663808  0.0058045842
 -0.0728566717  0.0053365736
 -0.0697440806  0.0048881306
 -0.0666287306  0.0044592728
 -0.0635107449  0.0040500174
 -0.0603902469  0.0036603803
 -0.0572673600  0.0032903771
 -0.0541422078  0.0029400224
 -0.0510149139  0.0026093300
 -0.0478856020  0.0022983131
 -0.0447543958  0.0020069839
 -0.0416214193  0.0017353540
 -0.0384867964  0.0014834341
 -0.0353506510  0.0012512341
 -0.0322131072  0.0010387633
 -0.0290742892  0.0008460301
 -0.0259343211  0.0006730420
 -0.0227933270  0.0005198060
 -0.0196514314  0.0003863280
 -0.0165087584  0.0002726134
 -0.0133654323  0.0001786667
 -0.0102215776  0.0001044916
 -0.0070773185  0.0000500909
 -0.0039327794  0.0000154670
 -0.0007880848  0.0000006211
  0.0023566410  0.0000055538
  0.0055012736  0.0000302649
  0.0086456886  0.0000747535
  0.0117897615  0.0001390178
  0.0149333681  0.0002230552
  0.0180763840  0.0003268625
  0.0212186848  0.0004504355
  0.0243601463  0.0005937693
  0.0275006441  0.0007568583
  0.0306400541  0.0009396959
  0.0337782521  0.0011422751
  0.0369151138  0.0013645877
  0.0400505153  0.0016066250
  0.0431843326  0.0018683774
  0.0463164415  0.0021498345
  0.0494467183  0.0024509853
  0.0525750392  0.0027718177
  0.0557012803  0.0031123192
  0.0588253180  0.0034724761
  0.0619470287  0.0038522744
  0.0650662890  0.0042516989
  0.0681829755  0.0046707339
  0.0712969648  0.0051093628
  0.0744081338  0.0055675682
  0.0775163594  0.0060453320
  0.0806215187  0.0065426353
  0.0837234888  0.0070594585
  0.0868221470  0.0075957811
  0.0899173708  0.0081515819
  0.0930090376  0.0087268388
  0.0960970253  0.0093215292
  0.0991812117  0.0099356295
  0.1022614747  0.0105691154
  0.1053376926  0.0112219619
  0.1084097435  0.0118941431
  0.1114775061  0.0125856325
  0.1145408589  0.0132964027
  0.1175996808  0.0140264255
  0.1206538507  0.0147756722
  0.1237032480  0.0155441130
  0.1267477518  0.0163317176
  0.1297872419  0.0171384548
  0.1328215979  0.0179642927
  0.1358506999  0.0188091986
  0.1388744279  0.0196731391
  0.1418926625  0.0205560801
  0.1449052842  0.0214579866
  0.1479121738  0.0223788229
  0.1509132124  0.0233185526
  0.1539082813  0.0242771385
  0.1568972620  0.0252545428
  0.1598800363  0.0262507267
  0.1628564861  0.0272656508
  0.1658264938  0.0282992750
  0.1687899419  0.0293515585
  0.1717467130  0.0304224595
  0.1746966904  0.0315119357
  0.1776397572  0.0326199441
  0.1805757970  0.0337464407
  0.1835046938  0.0348913811
  0.1864263316  0.0360547199
  0.1893405948  0.0372364112
  0.1922473683  0.0384364081
  0.1951465370  0.0396546632
  0.1980379863  0.0408911284
  0.2009216016  0.0421457546
  0.2037972691  0.0434184924
  0.2066648749  0.0447092912
  0.2095243056  0.0460181002
  0.2123754481  0.0473448674
  0.2152181895  0.0486895405
  0.2180524176  0.0500520661
  0.2208780200  0.0514323905
  0.2236948851  0.0528304590
  0.2265029015  0.0542462164
  0.2293019580  0.0556796065
  0.2320919440  0.0571305728
  0.2348727490  0.0585990578
  0.2376442631  0.0600850034
  0.2404063766  0.0615883509
  0.2431589803  0.0631090407
  0.2459019653  0.0646470128
  0.2486352230  0.0662022062
  0.2513586454  0.0677745596
  0.2540721248  0.0693640106
  0.2567755537  0.0709704964
  0.2594688254  0.0725939534
  0.2621518331  0.0742343175
  0.2648244708  0.0758915237
  0.2674866327  0.0775655065
  0.2701382136  0.0792561996
  0.2727791086  0.0809635363
  0.2754092132  0.0826874489
  0.2780284233  0.0844278693
  0.2806366354  0.0861847285
  0.2832337462  0.0879579572
  0.2858196531  0.0897474852
  0.2883942537  0.0915532416
  0.2909574462  0.0933751551
  0.2935091293  0.0952131536
  0.2960492019  0.0970671643
  0.2985775636  0.0989371140
  0.3010941144  0.1008229286
  0.3035987547  0.1027245337
  0.3060913854  0.1046418538
  0.3085719081  0.1065748133
  0.3110402244  0.1085233356
  0.3134962368  0.1104873436
  0.3159398482  0.1124667597
  0.3183709618  0.1144615056
  0.3207894816  0.1164715024
  0.3231953118  0.1184966705
  0.3255883572  0.1205369298
  0.3279685233  0.1225921997
  0.3303357158  0.1246623988
  0.3326898411  0.1267474452
  0.3350308061  0.1288472566
  0.3373585182  0.1309617497
  0.3396728853  0.1330908409
  0.3419738158  0.1352344461
  0.3442612188  0.1373924805
  0.3465350038  0.1395648586
  0.3487950807  0.1417514946
  0.3510413603  0.1439523019
  0.3532737536  0.1461671935
  0.3554921724  0.1483960817
  0.3576965289  0.1506388785
  0.3598867358  0.1528954950
  0.3620627066  0.1551658421
  0.3642243552  0.1574498298
  0.3663715960  0.1597473680
  0.3685043442  0.1620583656
  0.3706225154  0.1643827312
  0.3727260257  0.1667203730
  0.3748147920  0.1690711984
  0.3768887316  0.1714351145
  0.3789477625  0.1738120277
  0.3809918033  0.1762018440
  0.3830207730  0.1786044689
  0.3850345915  0.1810198073
  0.3870331791  0.1834477638
  0.3890164567  0.1858882421
  0.3909843458  0.1883411459
  0.3929367687  0.1908063781
  0.3948736480  0.1932838411
  0.3967949072  0.1957734371
  0.3987004703  0.1982750673
  0.4005902618  0.2007886330
  0.4024642071  0.2033140347
  0.4043222320  0.2058511725
  0.4061642630  0.2083999461
  0.4079902273  0.2109602545
  0.4098000525  0.2135319966
  0.4115936672  0.2161150706
  0.4133710003  0.2187093743
  0.4151319816  0.2213148051
  0.4168765413  0.2239312599
  0.4186046106  0.2265586352
  0.4203161210  0.2291968272
  0.4220110049  0.2318457314
  0.4236891951  0.2345052431
  0.4253506253  0.2371752570
  0.4269952298  0.2398556675
  0.4286229435  0.2425463687
  0.4302337021  0.2452472540
  0.4318274418  0.2479582167
  0.4334040995  0.2506791494
  0.4349636130  0.2534099446
  0.4365059204  0.2561504943
  0.4380309609  0.2589006900
  0.4395386740  0.2616604229
  0.4410290002  0.2644295839
  0.4425018805  0.2672080634
  0.4439572566  0.2699957515
  0.4453950709  0.2727925380
  0.4468152666  0.2755983122
  0.4482177876  0.2784129631
  0.4496025782  0.2812363794
  0.4509695837  0.2840684494
  0.4523187502  0.2869090611
  0.4536500241  0.2897581021
  0.4549633528  0.2926154596
  0.4562586845  0.2954810208
  0.4575359677  0.2983546721
  0.4587951521  0.3012363001
  0.4600361878  0.3041257905
  0.4612590257  0.3070230292
  0.4624636174  0.3099279016
  0.4636499153  0.3128402927
  0.4648178725  0.3157600873
  0.4659674427  0.3186871700
  0.4670985806  0.3216214249
  0.4682112412  0.3245627360
  0.4693053807  0.3275109869
  0.4703809558  0.3304660611
  0.4714379238  0.3334278415
  0.4724762430  0.3363962110
  0.4734958724  0.3393710523
  0.4744967715  0.3423522477
  0.4754789008  0.3453396791
  0.4764422215  0.3483332285
  0.4773866954  0.3513327774
  0.4783122852  0.3543382072
  0.4792189542  0.3573493990
  0.4801066666  0.3603662337
  0.4809753873  0.3633885919
  0.4818250819  0.3664163541
  0.4826557168  0.3694494004
  0.4834672591  0.3724876110
  0.4842596768  0.3755308657
  0.4850329385  0.3785790440
  0.4857870136  0.3816320254
  0.4865218723  0.3846896891
  0.4872374855  0.3877519142
  0.4879338248  0.3908185796
  0.4886108629  0.3938895638
  0.4892685728  0.3969647455
  0.4899069286  0.4000440029
  0.4905259049  0.4031272144
  0.4911254774  0.4062142579
  0.4917056223  0.4093050113
  0.4922663167  0.4123993524
  0.4928075383  0.4154971587
  0.4933292658  0.4185983077
  0.4938314785  0.4217026767
  0.4943141566  0.4248101430
  0.4947772809  0.4279205835
  0.4952208332  0.4310338754
  0.4956447959  0.4341498953
  0.4960491522  0.4372685201
  0.4964338862  0.4403896264
  0.4967989826  0.4435130907
  0.4971444269  0.4466387895
  0.4974702056  0.4497665991
  0.4977763057  0.4528963958
  0.4980627151  0.4560280558
  0.4983294224  0.4591614552
  0.4985764172  0.4622964701
  0.4988036897  0.4654329764
  0.4990112309  0.4685708501
  0.4991990325  0.4717099671
  0.4993670871  0.4748502031
  0.4995153882  0.4779914340
  0.4996439297  0.4811335355
  0.4997527067  0.4842763833
  0.4998417148  0.4874198531
  0.4999109506  0.4905638205
  0.4999604112  0.4937081612
  0.4999900947  0.4968527507
  0.5000000000  0.4999974648
