1	 1	 2	 18	 17	 0
2	 2	 3	 19	 18	 0
3	 3	 4	 20	 19	 0
4	 4	 5	 21	 20	 0
5	 5	 6	 22	 21	 0
6	 6	 7	 23	 22	 0
7	 7	 8	 24	 23	 0
8	 8	 9	 25	 24	 0
9	 9	 10	 26	 25	 0
10	 10	 11	 27	 26	 0
11	 11	 12	 28	 27	 0
12	 12	 13	 29	 28	 0
13	 13	 14	 30	 29	 0
14	 14	 15	 31	 30	 0
15	 15	 16	 32	 31	 0
16	 17	 18	 34	 33	 0
17	 18	 19	 35	 34	 0
18	 19	 20	 36	 35	 0
19	 20	 21	 37	 36	 0
20	 21	 22	 38	 37	 0
21	 22	 23	 39	 38	 0
22	 23	 24	 40	 39	 0
23	 24	 25	 41	 40	 0
24	 25	 26	 42	 41	 0
25	 26	 27	 43	 42	 0
26	 27	 28	 44	 43	 0
27	 28	 29	 45	 44	 0
28	 29	 30	 46	 45	 0
29	 30	 31	 47	 46	 0
30	 31	 32	 48	 47	 0
