     232     233     244     243       1       2      13      12       1
     233     234     245     244       2       3      14      13       1
     234     235     246     245       3       4      15      14       1
     235     236     247     246       4       5      16      15       1
     236     237     248     247       5       6      17      16       1
     237     238     249     248       6       7      18      17       1
     238     239     250     249       7       8      19      18       1
     239     240     251     250       8       9      20      19       1
     240     241     252     251       9      10      21      20       1
     241     242     253     252      10      11      22      21       1
     243     244     255     254      12      13      24      23       1
     244     245     256     255      13      14      25      24       1
     245     246     257     256      14      15      26      25       1
     246     247     258     257      15      16      27      26       1
     247     248     259     258      16      17      28      27       1
     248     249     260     259      17      18      29      28       1
     249     250     261     260      18      19      30      29       1
     250     251     262     261      19      20      31      30       1
     251     252     263     262      20      21      32      31       1
     252     253     264     263      21      22      33      32       1
     254     255     266     265      23      24      35      34       1
     255     256     267     266      24      25      36      35       1
     256     257     268     267      25      26      37      36       1
     257     258     269     268      26      27      38      37       1
     258     259     270     269      27      28      39      38       1
     259     260     271     270      28      29      40      39       1
     260     261     272     271      29      30      41      40       1
     261     262     273     272      30      31      42      41       1
     262     263     274     273      31      32      43      42       1
     263     264     275     274      32      33      44      43       1
     265     266     277     276      34      35      46      45       1
     266     267     278     277      35      36      47      46       1
     267     268     279     278      36      37      48      47       1
     268     269     280     279      37      38      49      48       1
     269     270     281     280      38      39      50      49       1
     270     271     282     281      39      40      51      50       1
     271     272     283     282      40      41      52      51       1
     272     273     284     283      41      42      53      52       1
     273     274     285     284      42      43      54      53       1
     274     275     286     285      43      44      55      54       1
     276     277     288     287      45      46      57      56       1
     277     278     289     288      46      47      58      57       1
     278     279     290     289      47      48      59      58       1
     279     280     291     290      48      49      60      59       1
     280     281     292     291      49      50      61      60       1
     281     282     293     292      50      51      62      61       1
     282     283     294     293      51      52      63      62       1
     283     284     295     294      52      53      64      63       1
     284     285     296     295      53      54      65      64       1
     285     286     297     296      54      55      66      65       1
     287     288     299     298      56      57      68      67       1
     288     289     300     299      57      58      69      68       1
     289     290     301     300      58      59      70      69       1
     290     291     302     301      59      60      71      70       1
     291     292     303     302      60      61      72      71       1
     292     293     304     303      61      62      73      72       1
     293     294     305     304      62      63      74      73       1
     294     295     306     305      63      64      75      74       1
     295     296     307     306      64      65      76      75       1
     296     297     308     307      65      66      77      76       1
     298     299     310     309      67      68      79      78       1
     299     300     311     310      68      69      80      79       1
     300     301     312     311      69      70      81      80       1
     301     302     313     312      70      71      82      81       1
     302     303     314     313      71      72      83      82       1
     303     304     315     314      72      73      84      83       1
     304     305     316     315      73      74      85      84       1
     305     306     317     316      74      75      86      85       1
     306     307     318     317      75      76      87      86       1
     307     308     319     318      76      77      88      87       1
     309     310     321     320      78      79      90      89       1
     310     311     322     321      79      80      91      90       1
     311     312     323     322      80      81      92      91       1
     312     313     324     323      81      82      93      92       1
     313     314     325     324      82      83      94      93       1
     314     315     326     325      83      84      95      94       1
     315     316     327     326      84      85      96      95       1
     316     317     328     327      85      86      97      96       1
     317     318     329     328      86      87      98      97       1
     318     319     330     329      87      88      99      98       1
     320     321     332     331      89      90     101     100       1
     321     322     333     332      90      91     102     101       1
     322     323     334     333      91      92     103     102       1
     323     324     335     334      92      93     104     103       1
     324     325     336     335      93      94     105     104       1
     325     326     337     336      94      95     106     105       1
     326     327     338     337      95      96     107     106       1
     327     328     339     338      96      97     108     107       1
     328     329     340     339      97      98     109     108       1
     329     330     341     340      98      99     110     109       1
     331     332     343     342     100     101     112     111       1
     332     333     344     343     101     102     113     112       1
     333     334     345     344     102     103     114     113       1
     334     335     346     345     103     104     115     114       1
     335     336     347     346     104     105     116     115       1
     336     337     348     347     105     106     117     116       1
     337     338     349     348     106     107     118     117       1
     338     339     350     349     107     108     119     118       1
     339     340     351     350     108     109     120     119       1
     340     341     352     351     109     110     121     120       1
     342     343     354     353     111     112     123     122       1
     343     344     355     354     112     113     124     123       1
     344     345     356     355     113     114     125     124       1
     345     346     357     356     114     115     126     125       1
     346     347     358     357     115     116     127     126       1
     347     348     359     358     116     117     128     127       1
     348     349     360     359     117     118     129     128       1
     349     350     361     360     118     119     130     129       1
     350     351     362     361     119     120     131     130       1
     351     352     363     362     120     121     132     131       1
     353     354     365     364     122     123     134     133       1
     354     355     366     365     123     124     135     134       1
     355     356     367     366     124     125     136     135       1
     356     357     368     367     125     126     137     136       1
     357     358     369     368     126     127     138     137       1
     358     359     370     369     127     128     139     138       1
     359     360     371     370     128     129     140     139       1
     360     361     372     371     129     130     141     140       1
     361     362     373     372     130     131     142     141       1
     362     363     374     373     131     132     143     142       1
     364     365     376     375     133     134     145     144       1
     365     366     377     376     134     135     146     145       1
     366     367     378     377     135     136     147     146       1
     367     368     379     378     136     137     148     147       1
     368     369     380     379     137     138     149     148       1
     369     370     381     380     138     139     150     149       1
     370     371     382     381     139     140     151     150       1
     371     372     383     382     140     141     152     151       1
     372     373     384     383     141     142     153     152       1
     373     374     385     384     142     143     154     153       1
     375     376     387     386     144     145     156     155       1
     376     377     388     387     145     146     157     156       1
     377     378     389     388     146     147     158     157       1
     378     379     390     389     147     148     159     158       1
     379     380     391     390     148     149     160     159       1
     380     381     392     391     149     150     161     160       1
     381     382     393     392     150     151     162     161       1
     382     383     394     393     151     152     163     162       1
     383     384     395     394     152     153     164     163       1
     384     385     396     395     153     154     165     164       1
     386     387     398     397     155     156     167     166       1
     387     388     399     398     156     157     168     167       1
     388     389     400     399     157     158     169     168       1
     389     390     401     400     158     159     170     169       1
     390     391     402     401     159     160     171     170       1
     391     392     403     402     160     161     172     171       1
     392     393     404     403     161     162     173     172       1
     393     394     405     404     162     163     174     173       1
     394     395     406     405     163     164     175     174       1
     395     396     407     406     164     165     176     175       1
     397     398     409     408     166     167     178     177       1
     398     399     410     409     167     168     179     178       1
     399     400     411     410     168     169     180     179       1
     400     401     412     411     169     170     181     180       1
     401     402     413     412     170     171     182     181       1
     402     403     414     413     171     172     183     182       1
     403     404     415     414     172     173     184     183       1
     404     405     416     415     173     174     185     184       1
     405     406     417     416     174     175     186     185       1
     406     407     418     417     175     176     187     186       1
     408     409     420     419     177     178     189     188       1
     409     410     421     420     178     179     190     189       1
     410     411     422     421     179     180     191     190       1
     411     412     423     422     180     181     192     191       1
     412     413     424     423     181     182     193     192       1
     413     414     425     424     182     183     194     193       1
     414     415     426     425     183     184     195     194       1
     415     416     427     426     184     185     196     195       1
     416     417     428     427     185     186     197     196       1
     417     418     429     428     186     187     198     197       1
     419     420     431     430     188     189     200     199       1
     420     421     432     431     189     190     201     200       1
     421     422     433     432     190     191     202     201       1
     422     423     434     433     191     192     203     202       1
     423     424     435     434     192     193     204     203       1
     424     425     436     435     193     194     205     204       1
     425     426     437     436     194     195     206     205       1
     426     427     438     437     195     196     207     206       1
     427     428     439     438     196     197     208     207       1
     428     429     440     439     197     198     209     208       1
     430     431     442     441     199     200     211     210       1
     431     432     443     442     200     201     212     211       1
     432     433     444     443     201     202     213     212       1
     433     434     445     444     202     203     214     213       1
     434     435     446     445     203     204     215     214       1
     435     436     447     446     204     205     216     215       1
     436     437     448     447     205     206     217     216       1
     437     438     449     448     206     207     218     217       1
     438     439     450     449     207     208     219     218       1
     439     440     451     450     208     209     220     219       1
     441     442     453     452     210     211     222     221       1
     442     443     454     453     211     212     223     222       1
     443     444     455     454     212     213     224     223       1
     444     445     456     455     213     214     225     224       1
     445     446     457     456     214     215     226     225       1
     446     447     458     457     215     216     227     226       1
     447     448     459     458     216     217     228     227       1
     448     449     460     459     217     218     229     228       1
     449     450     461     460     218     219     230     229       1
     450     451     462     461     219     220     231     230       1
     463     464     475     474     232     233     244     243       1
     464     465     476     475     233     234     245     244       1
     465     466     477     476     234     235     246     245       1
     466     467     478     477     235     236     247     246       1
     467     468     479     478     236     237     248     247       1
     468     469     480     479     237     238     249     248       1
     469     470     481     480     238     239     250     249       1
     470     471     482     481     239     240     251     250       1
     471     472     483     482     240     241     252     251       1
     472     473     484     483     241     242     253     252       1
     474     475     486     485     243     244     255     254       1
     475     476     487     486     244     245     256     255       1
     476     477     488     487     245     246     257     256       1
     477     478     489     488     246     247     258     257       1
     478     479     490     489     247     248     259     258       1
     479     480     491     490     248     249     260     259       1
     480     481     492     491     249     250     261     260       1
     481     482     493     492     250     251     262     261       1
     482     483     494     493     251     252     263     262       1
     483     484     495     494     252     253     264     263       1
     485     486     497     496     254     255     266     265       1
     486     487     498     497     255     256     267     266       1
     487     488     499     498     256     257     268     267       1
     488     489     500     499     257     258     269     268       1
     489     490     501     500     258     259     270     269       1
     490     491     502     501     259     260     271     270       1
     491     492     503     502     260     261     272     271       1
     492     493     504     503     261     262     273     272       1
     493     494     505     504     262     263     274     273       1
     494     495     506     505     263     264     275     274       1
     496     497     508     507     265     266     277     276       1
     497     498     509     508     266     267     278     277       1
     498     499     510     509     267     268     279     278       1
     499     500     511     510     268     269     280     279       1
     500     501     512     511     269     270     281     280       1
     501     502     513     512     270     271     282     281       1
     502     503     514     513     271     272     283     282       1
     503     504     515     514     272     273     284     283       1
     504     505     516     515     273     274     285     284       1
     505     506     517     516     274     275     286     285       1
     507     508     519     518     276     277     288     287       1
     508     509     520     519     277     278     289     288       1
     509     510     521     520     278     279     290     289       1
     510     511     522     521     279     280     291     290       1
     511     512     523     522     280     281     292     291       1
     512     513     524     523     281     282     293     292       1
     513     514     525     524     282     283     294     293       1
     514     515     526     525     283     284     295     294       1
     515     516     527     526     284     285     296     295       1
     516     517     528     527     285     286     297     296       1
     518     519     530     529     287     288     299     298       1
     519     520     531     530     288     289     300     299       1
     520     521     532     531     289     290     301     300       1
     521     522     533     532     290     291     302     301       1
     522     523     534     533     291     292     303     302       1
     523     524     535     534     292     293     304     303       1
     524     525     536     535     293     294     305     304       1
     525     526     537     536     294     295     306     305       1
     526     527     538     537     295     296     307     306       1
     527     528     539     538     296     297     308     307       1
     529     530     541     540     298     299     310     309       1
     530     531     542     541     299     300     311     310       1
     531     532     543     542     300     301     312     311       1
     532     533     544     543     301     302     313     312       1
     533     534     545     544     302     303     314     313       1
     534     535     546     545     303     304     315     314       1
     535     536     547     546     304     305     316     315       1
     536     537     548     547     305     306     317     316       1
     537     538     549     548     306     307     318     317       1
     538     539     550     549     307     308     319     318       1
     540     541     552     551     309     310     321     320       1
     541     542     553     552     310     311     322     321       1
     542     543     554     553     311     312     323     322       1
     543     544     555     554     312     313     324     323       1
     544     545     556     555     313     314     325     324       1
     545     546     557     556     314     315     326     325       1
     546     547     558     557     315     316     327     326       1
     547     548     559     558     316     317     328     327       1
     548     549     560     559     317     318     329     328       1
     549     550     561     560     318     319     330     329       1
     551     552     563     562     320     321     332     331       1
     552     553     564     563     321     322     333     332       1
     553     554     565     564     322     323     334     333       1
     554     555     566     565     323     324     335     334       1
     555     556     567     566     324     325     336     335       1
     556     557     568     567     325     326     337     336       1
     557     558     569     568     326     327     338     337       1
     558     559     570     569     327     328     339     338       1
     559     560     571     570     328     329     340     339       1
     560     561     572     571     329     330     341     340       1
     562     563     574     573     331     332     343     342       1
     563     564     575     574     332     333     344     343       1
     564     565     576     575     333     334     345     344       1
     565     566     577     576     334     335     346     345       1
     566     567     578     577     335     336     347     346       1
     567     568     579     578     336     337     348     347       1
     568     569     580     579     337     338     349     348       1
     569     570     581     580     338     339     350     349       1
     570     571     582     581     339     340     351     350       1
     571     572     583     582     340     341     352     351       1
     573     574     585     584     342     343     354     353       1
     574     575     586     585     343     344     355     354       1
     575     576     587     586     344     345     356     355       1
     576     577     588     587     345     346     357     356       1
     577     578     589     588     346     347     358     357       1
     578     579     590     589     347     348     359     358       1
     579     580     591     590     348     349     360     359       1
     580     581     592     591     349     350     361     360       1
     581     582     593     592     350     351     362     361       1
     582     583     594     593     351     352     363     362       1
     584     585     596     595     353     354     365     364       1
     585     586     597     596     354     355     366     365       1
     586     587     598     597     355     356     367     366       1
     587     588     599     598     356     357     368     367       1
     588     589     600     599     357     358     369     368       1
     589     590     601     600     358     359     370     369       1
     590     591     602     601     359     360     371     370       1
     591     592     603     602     360     361     372     371       1
     592     593     604     603     361     362     373     372       1
     593     594     605     604     362     363     374     373       1
     595     596     607     606     364     365     376     375       1
     596     597     608     607     365     366     377     376       1
     597     598     609     608     366     367     378     377       1
     598     599     610     609     367     368     379     378       1
     599     600     611     610     368     369     380     379       1
     600     601     612     611     369     370     381     380       1
     601     602     613     612     370     371     382     381       1
     602     603     614     613     371     372     383     382       1
     603     604     615     614     372     373     384     383       1
     604     605     616     615     373     374     385     384       1
     606     607     618     617     375     376     387     386       1
     607     608     619     618     376     377     388     387       1
     608     609     620     619     377     378     389     388       1
     609     610     621     620     378     379     390     389       1
     610     611     622     621     379     380     391     390       1
     611     612     623     622     380     381     392     391       1
     612     613     624     623     381     382     393     392       1
     613     614     625     624     382     383     394     393       1
     614     615     626     625     383     384     395     394       1
     615     616     627     626     384     385     396     395       1
     617     618     629     628     386     387     398     397       1
     618     619     630     629     387     388     399     398       1
     619     620     631     630     388     389     400     399       1
     620     621     632     631     389     390     401     400       1
     621     622     633     632     390     391     402     401       1
     622     623     634     633     391     392     403     402       1
     623     624     635     634     392     393     404     403       1
     624     625     636     635     393     394     405     404       1
     625     626     637     636     394     395     406     405       1
     626     627     638     637     395     396     407     406       1
     628     629     640     639     397     398     409     408       1
     629     630     641     640     398     399     410     409       1
     630     631     642     641     399     400     411     410       1
     631     632     643     642     400     401     412     411       1
     632     633     644     643     401     402     413     412       1
     633     634     645     644     402     403     414     413       1
     634     635     646     645     403     404     415     414       1
     635     636     647     646     404     405     416     415       1
     636     637     648     647     405     406     417     416       1
     637     638     649     648     406     407     418     417       1
     639     640     651     650     408     409     420     419       1
     640     641     652     651     409     410     421     420       1
     641     642     653     652     410     411     422     421       1
     642     643     654     653     411     412     423     422       1
     643     644     655     654     412     413     424     423       1
     644     645     656     655     413     414     425     424       1
     645     646     657     656     414     415     426     425       1
     646     647     658     657     415     416     427     426       1
     647     648     659     658     416     417     428     427       1
     648     649     660     659     417     418     429     428       1
     650     651     662     661     419     420     431     430       1
     651     652     663     662     420     421     432     431       1
     652     653     664     663     421     422     433     432       1
     653     654     665     664     422     423     434     433       1
     654     655     666     665     423     424     435     434       1
     655     656     667     666     424     425     436     435       1
     656     657     668     667     425     426     437     436       1
     657     658     669     668     426     427     438     437       1
     658     659     670     669     427     428     439     438       1
     659     660     671     670     428     429     440     439       1
     661     662     673     672     430     431     442     441       1
     662     663     674     673     431     432     443     442       1
     663     664     675     674     432     433     444     443       1
     664     665     676     675     433     434     445     444       1
     665     666     677     676     434     435     446     445       1
     666     667     678     677     435     436     447     446       1
     667     668     679     678     436     437     448     447       1
     668     669     680     679     437     438     449     448       1
     669     670     681     680     438     439     450     449       1
     670     671     682     681     439     440     451     450       1
     672     673     684     683     441     442     453     452       1
     673     674     685     684     442     443     454     453       1
     674     675     686     685     443     444     455     454       1
     675     676     687     686     444     445     456     455       1
     676     677     688     687     445     446     457     456       1
     677     678     689     688     446     447     458     457       1
     678     679     690     689     447     448     459     458       1
     679     680     691     690     448     449     460     459       1
     680     681     692     691     449     450     461     460       1
     681     682     693     692     450     451     462     461       1
     694     695     706     705     463     464     475     474       1
     695     696     707     706     464     465     476     475       1
     696     697     708     707     465     466     477     476       1
     697     698     709     708     466     467     478     477       1
     698     699     710     709     467     468     479     478       1
     699     700     711     710     468     469     480     479       1
     700     701     712     711     469     470     481     480       1
     701     702     713     712     470     471     482     481       1
     702     703     714     713     471     472     483     482       1
     703     704     715     714     472     473     484     483       1
     705     706     717     716     474     475     486     485       1
     706     707     718     717     475     476     487     486       1
     707     708     719     718     476     477     488     487       1
     708     709     720     719     477     478     489     488       1
     709     710     721     720     478     479     490     489       1
     710     711     722     721     479     480     491     490       1
     711     712     723     722     480     481     492     491       1
     712     713     724     723     481     482     493     492       1
     713     714     725     724     482     483     494     493       1
     714     715     726     725     483     484     495     494       1
     716     717     728     727     485     486     497     496       1
     717     718     729     728     486     487     498     497       1
     718     719     730     729     487     488     499     498       1
     719     720     731     730     488     489     500     499       1
     720     721     732     731     489     490     501     500       1
     721     722     733     732     490     491     502     501       1
     722     723     734     733     491     492     503     502       1
     723     724     735     734     492     493     504     503       1
     724     725     736     735     493     494     505     504       1
     725     726     737     736     494     495     506     505       1
     727     728     739     738     496     497     508     507       1
     728     729     740     739     497     498     509     508       1
     729     730     741     740     498     499     510     509       1
     730     731     742     741     499     500     511     510       1
     731     732     743     742     500     501     512     511       1
     732     733     744     743     501     502     513     512       1
     733     734     745     744     502     503     514     513       1
     734     735     746     745     503     504     515     514       1
     735     736     747     746     504     505     516     515       1
     736     737     748     747     505     506     517     516       1
     738     739     750     749     507     508     519     518       1
     739     740     751     750     508     509     520     519       1
     740     741     752     751     509     510     521     520       1
     741     742     753     752     510     511     522     521       1
     742     743     754     753     511     512     523     522       1
     743     744     755     754     512     513     524     523       1
     744     745     756     755     513     514     525     524       1
     745     746     757     756     514     515     526     525       1
     746     747     758     757     515     516     527     526       1
     747     748     759     758     516     517     528     527       1
     749     750     761     760     518     519     530     529       1
     750     751     762     761     519     520     531     530       1
     751     752     763     762     520     521     532     531       1
     752     753     764     763     521     522     533     532       1
     753     754     765     764     522     523     534     533       1
     754     755     766     765     523     524     535     534       1
     755     756     767     766     524     525     536     535       1
     756     757     768     767     525     526     537     536       1
     757     758     769     768     526     527     538     537       1
     758     759     770     769     527     528     539     538       1
     760     761     772     771     529     530     541     540       1
     761     762     773     772     530     531     542     541       1
     762     763     774     773     531     532     543     542       1
     763     764     775     774     532     533     544     543       1
     764     765     776     775     533     534     545     544       1
     765     766     777     776     534     535     546     545       1
     766     767     778     777     535     536     547     546       1
     767     768     779     778     536     537     548     547       1
     768     769     780     779     537     538     549     548       1
     769     770     781     780     538     539     550     549       1
     771     772     783     782     540     541     552     551       1
     772     773     784     783     541     542     553     552       1
     773     774     785     784     542     543     554     553       1
     774     775     786     785     543     544     555     554       1
     775     776     787     786     544     545     556     555       1
     776     777     788     787     545     546     557     556       1
     777     778     789     788     546     547     558     557       1
     778     779     790     789     547     548     559     558       1
     779     780     791     790     548     549     560     559       1
     780     781     792     791     549     550     561     560       1
     782     783     794     793     551     552     563     562       1
     783     784     795     794     552     553     564     563       1
     784     785     796     795     553     554     565     564       1
     785     786     797     796     554     555     566     565       1
     786     787     798     797     555     556     567     566       1
     787     788     799     798     556     557     568     567       1
     788     789     800     799     557     558     569     568       1
     789     790     801     800     558     559     570     569       1
     790     791     802     801     559     560     571     570       1
     791     792     803     802     560     561     572     571       1
     793     794     805     804     562     563     574     573       1
     794     795     806     805     563     564     575     574       1
     795     796     807     806     564     565     576     575       1
     796     797     808     807     565     566     577     576       1
     797     798     809     808     566     567     578     577       1
     798     799     810     809     567     568     579     578       1
     799     800     811     810     568     569     580     579       1
     800     801     812     811     569     570     581     580       1
     801     802     813     812     570     571     582     581       1
     802     803     814     813     571     572     583     582       1
     804     805     816     815     573     574     585     584       1
     805     806     817     816     574     575     586     585       1
     806     807     818     817     575     576     587     586       1
     807     808     819     818     576     577     588     587       1
     808     809     820     819     577     578     589     588       1
     809     810     821     820     578     579     590     589       1
     810     811     822     821     579     580     591     590       1
     811     812     823     822     580     581     592     591       1
     812     813     824     823     581     582     593     592       1
     813     814     825     824     582     583     594     593       1
     815     816     827     826     584     585     596     595       1
     816     817     828     827     585     586     597     596       1
     817     818     829     828     586     587     598     597       1
     818     819     830     829     587     588     599     598       1
     819     820     831     830     588     589     600     599       1
     820     821     832     831     589     590     601     600       1
     821     822     833     832     590     591     602     601       1
     822     823     834     833     591     592     603     602       1
     823     824     835     834     592     593     604     603       1
     824     825     836     835     593     594     605     604       1
     826     827     838     837     595     596     607     606       1
     827     828     839     838     596     597     608     607       1
     828     829     840     839     597     598     609     608       1
     829     830     841     840     598     599     610     609       1
     830     831     842     841     599     600     611     610       1
     831     832     843     842     600     601     612     611       1
     832     833     844     843     601     602     613     612       1
     833     834     845     844     602     603     614     613       1
     834     835     846     845     603     604     615     614       1
     835     836     847     846     604     605     616     615       1
     837     838     849     848     606     607     618     617       1
     838     839     850     849     607     608     619     618       1
     839     840     851     850     608     609     620     619       1
     840     841     852     851     609     610     621     620       1
     841     842     853     852     610     611     622     621       1
     842     843     854     853     611     612     623     622       1
     843     844     855     854     612     613     624     623       1
     844     845     856     855     613     614     625     624       1
     845     846     857     856     614     615     626     625       1
     846     847     858     857     615     616     627     626       1
     848     849     860     859     617     618     629     628       1
     849     850     861     860     618     619     630     629       1
     850     851     862     861     619     620     631     630       1
     851     852     863     862     620     621     632     631       1
     852     853     864     863     621     622     633     632       1
     853     854     865     864     622     623     634     633       1
     854     855     866     865     623     624     635     634       1
     855     856     867     866     624     625     636     635       1
     856     857     868     867     625     626     637     636       1
     857     858     869     868     626     627     638     637       1
     859     860     871     870     628     629     640     639       1
     860     861     872     871     629     630     641     640       1
     861     862     873     872     630     631     642     641       1
     862     863     874     873     631     632     643     642       1
     863     864     875     874     632     633     644     643       1
     864     865     876     875     633     634     645     644       1
     865     866     877     876     634     635     646     645       1
     866     867     878     877     635     636     647     646       1
     867     868     879     878     636     637     648     647       1
     868     869     880     879     637     638     649     648       1
     870     871     882     881     639     640     651     650       1
     871     872     883     882     640     641     652     651       1
     872     873     884     883     641     642     653     652       1
     873     874     885     884     642     643     654     653       1
     874     875     886     885     643     644     655     654       1
     875     876     887     886     644     645     656     655       1
     876     877     888     887     645     646     657     656       1
     877     878     889     888     646     647     658     657       1
     878     879     890     889     647     648     659     658       1
     879     880     891     890     648     649     660     659       1
     881     882     893     892     650     651     662     661       1
     882     883     894     893     651     652     663     662       1
     883     884     895     894     652     653     664     663       1
     884     885     896     895     653     654     665     664       1
     885     886     897     896     654     655     666     665       1
     886     887     898     897     655     656     667     666       1
     887     888     899     898     656     657     668     667       1
     888     889     900     899     657     658     669     668       1
     889     890     901     900     658     659     670     669       1
     890     891     902     901     659     660     671     670       1
     892     893     904     903     661     662     673     672       1
     893     894     905     904     662     663     674     673       1
     894     895     906     905     663     664     675     674       1
     895     896     907     906     664     665     676     675       1
     896     897     908     907     665     666     677     676       1
     897     898     909     908     666     667     678     677       1
     898     899     910     909     667     668     679     678       1
     899     900     911     910     668     669     680     679       1
     900     901     912     911     669     670     681     680       1
     901     902     913     912     670     671     682     681       1
     903     904     915     914     672     673     684     683       1
     904     905     916     915     673     674     685     684       1
     905     906     917     916     674     675     686     685       1
     906     907     918     917     675     676     687     686       1
     907     908     919     918     676     677     688     687       1
     908     909     920     919     677     678     689     688       1
     909     910     921     920     678     679     690     689       1
     910     911     922     921     679     680     691     690       1
     911     912     923     922     680     681     692     691       1
     912     913     924     923     681     682     693     692       1
     925     926     937     936     694     695     706     705       1
     926     927     938     937     695     696     707     706       1
     927     928     939     938     696     697     708     707       1
     928     929     940     939     697     698     709     708       1
     929     930     941     940     698     699     710     709       1
     930     931     942     941     699     700     711     710       1
     931     932     943     942     700     701     712     711       1
     932     933     944     943     701     702     713     712       1
     933     934     945     944     702     703     714     713       1
     934     935     946     945     703     704     715     714       1
     936     937     948     947     705     706     717     716       1
     937     938     949     948     706     707     718     717       1
     938     939     950     949     707     708     719     718       1
     939     940     951     950     708     709     720     719       1
     940     941     952     951     709     710     721     720       1
     941     942     953     952     710     711     722     721       1
     942     943     954     953     711     712     723     722       1
     943     944     955     954     712     713     724     723       1
     944     945     956     955     713     714     725     724       1
     945     946     957     956     714     715     726     725       1
     947     948     959     958     716     717     728     727       1
     948     949     960     959     717     718     729     728       1
     949     950     961     960     718     719     730     729       1
     950     951     962     961     719     720     731     730       1
     951     952     963     962     720     721     732     731       1
     952     953     964     963     721     722     733     732       1
     953     954     965     964     722     723     734     733       1
     954     955     966     965     723     724     735     734       1
     955     956     967     966     724     725     736     735       1
     956     957     968     967     725     726     737     736       1
     958     959     970     969     727     728     739     738       1
     959     960     971     970     728     729     740     739       1
     960     961     972     971     729     730     741     740       1
     961     962     973     972     730     731     742     741       1
     962     963     974     973     731     732     743     742       1
     963     964     975     974     732     733     744     743       1
     964     965     976     975     733     734     745     744       1
     965     966     977     976     734     735     746     745       1
     966     967     978     977     735     736     747     746       1
     967     968     979     978     736     737     748     747       1
     969     970     981     980     738     739     750     749       1
     970     971     982     981     739     740     751     750       1
     971     972     983     982     740     741     752     751       1
     972     973     984     983     741     742     753     752       1
     973     974     985     984     742     743     754     753       1
     974     975     986     985     743     744     755     754       1
     975     976     987     986     744     745     756     755       1
     976     977     988     987     745     746     757     756       1
     977     978     989     988     746     747     758     757       1
     978     979     990     989     747     748     759     758       1
     980     981     992     991     749     750     761     760       1
     981     982     993     992     750     751     762     761       1
     982     983     994     993     751     752     763     762       1
     983     984     995     994     752     753     764     763       1
     984     985     996     995     753     754     765     764       1
     985     986     997     996     754     755     766     765       1
     986     987     998     997     755     756     767     766       1
     987     988     999     998     756     757     768     767       1
     988     989    1000     999     757     758     769     768       1
     989     990    1001    1000     758     759     770     769       1
     991     992    1003    1002     760     761     772     771       1
     992     993    1004    1003     761     762     773     772       1
     993     994    1005    1004     762     763     774     773       1
     994     995    1006    1005     763     764     775     774       1
     995     996    1007    1006     764     765     776     775       1
     996     997    1008    1007     765     766     777     776       1
     997     998    1009    1008     766     767     778     777       1
     998     999    1010    1009     767     768     779     778       1
     999    1000    1011    1010     768     769     780     779       1
    1000    1001    1012    1011     769     770     781     780       1
    1002    1003    1014    1013     771     772     783     782       1
    1003    1004    1015    1014     772     773     784     783       1
    1004    1005    1016    1015     773     774     785     784       1
    1005    1006    1017    1016     774     775     786     785       1
    1006    1007    1018    1017     775     776     787     786       1
    1007    1008    1019    1018     776     777     788     787       1
    1008    1009    1020    1019     777     778     789     788       1
    1009    1010    1021    1020     778     779     790     789       1
    1010    1011    1022    1021     779     780     791     790       1
    1011    1012    1023    1022     780     781     792     791       1
    1013    1014    1025    1024     782     783     794     793       1
    1014    1015    1026    1025     783     784     795     794       1
    1015    1016    1027    1026     784     785     796     795       1
    1016    1017    1028    1027     785     786     797     796       1
    1017    1018    1029    1028     786     787     798     797       1
    1018    1019    1030    1029     787     788     799     798       1
    1019    1020    1031    1030     788     789     800     799       1
    1020    1021    1032    1031     789     790     801     800       1
    1021    1022    1033    1032     790     791     802     801       1
    1022    1023    1034    1033     791     792     803     802       1
    1024    1025    1036    1035     793     794     805     804       1
    1025    1026    1037    1036     794     795     806     805       1
    1026    1027    1038    1037     795     796     807     806       1
    1027    1028    1039    1038     796     797     808     807       1
    1028    1029    1040    1039     797     798     809     808       1
    1029    1030    1041    1040     798     799     810     809       1
    1030    1031    1042    1041     799     800     811     810       1
    1031    1032    1043    1042     800     801     812     811       1
    1032    1033    1044    1043     801     802     813     812       1
    1033    1034    1045    1044     802     803     814     813       1
    1035    1036    1047    1046     804     805     816     815       1
    1036    1037    1048    1047     805     806     817     816       1
    1037    1038    1049    1048     806     807     818     817       1
    1038    1039    1050    1049     807     808     819     818       1
    1039    1040    1051    1050     808     809     820     819       1
    1040    1041    1052    1051     809     810     821     820       1
    1041    1042    1053    1052     810     811     822     821       1
    1042    1043    1054    1053     811     812     823     822       1
    1043    1044    1055    1054     812     813     824     823       1
    1044    1045    1056    1055     813     814     825     824       1
    1046    1047    1058    1057     815     816     827     826       1
    1047    1048    1059    1058     816     817     828     827       1
    1048    1049    1060    1059     817     818     829     828       1
    1049    1050    1061    1060     818     819     830     829       1
    1050    1051    1062    1061     819     820     831     830       1
    1051    1052    1063    1062     820     821     832     831       1
    1052    1053    1064    1063     821     822     833     832       1
    1053    1054    1065    1064     822     823     834     833       1
    1054    1055    1066    1065     823     824     835     834       1
    1055    1056    1067    1066     824     825     836     835       1
    1057    1058    1069    1068     826     827     838     837       1
    1058    1059    1070    1069     827     828     839     838       1
    1059    1060    1071    1070     828     829     840     839       1
    1060    1061    1072    1071     829     830     841     840       1
    1061    1062    1073    1072     830     831     842     841       1
    1062    1063    1074    1073     831     832     843     842       1
    1063    1064    1075    1074     832     833     844     843       1
    1064    1065    1076    1075     833     834     845     844       1
    1065    1066    1077    1076     834     835     846     845       1
    1066    1067    1078    1077     835     836     847     846       1
    1068    1069    1080    1079     837     838     849     848       1
    1069    1070    1081    1080     838     839     850     849       1
    1070    1071    1082    1081     839     840     851     850       1
    1071    1072    1083    1082     840     841     852     851       1
    1072    1073    1084    1083     841     842     853     852       1
    1073    1074    1085    1084     842     843     854     853       1
    1074    1075    1086    1085     843     844     855     854       1
    1075    1076    1087    1086     844     845     856     855       1
    1076    1077    1088    1087     845     846     857     856       1
    1077    1078    1089    1088     846     847     858     857       1
    1079    1080    1091    1090     848     849     860     859       1
    1080    1081    1092    1091     849     850     861     860       1
    1081    1082    1093    1092     850     851     862     861       1
    1082    1083    1094    1093     851     852     863     862       1
    1083    1084    1095    1094     852     853     864     863       1
    1084    1085    1096    1095     853     854     865     864       1
    1085    1086    1097    1096     854     855     866     865       1
    1086    1087    1098    1097     855     856     867     866       1
    1087    1088    1099    1098     856     857     868     867       1
    1088    1089    1100    1099     857     858     869     868       1
    1090    1091    1102    1101     859     860     871     870       1
    1091    1092    1103    1102     860     861     872     871       1
    1092    1093    1104    1103     861     862     873     872       1
    1093    1094    1105    1104     862     863     874     873       1
    1094    1095    1106    1105     863     864     875     874       1
    1095    1096    1107    1106     864     865     876     875       1
    1096    1097    1108    1107     865     866     877     876       1
    1097    1098    1109    1108     866     867     878     877       1
    1098    1099    1110    1109     867     868     879     878       1
    1099    1100    1111    1110     868     869     880     879       1
    1101    1102    1113    1112     870     871     882     881       1
    1102    1103    1114    1113     871     872     883     882       1
    1103    1104    1115    1114     872     873     884     883       1
    1104    1105    1116    1115     873     874     885     884       1
    1105    1106    1117    1116     874     875     886     885       1
    1106    1107    1118    1117     875     876     887     886       1
    1107    1108    1119    1118     876     877     888     887       1
    1108    1109    1120    1119     877     878     889     888       1
    1109    1110    1121    1120     878     879     890     889       1
    1110    1111    1122    1121     879     880     891     890       1
    1112    1113    1124    1123     881     882     893     892       1
    1113    1114    1125    1124     882     883     894     893       1
    1114    1115    1126    1125     883     884     895     894       1
    1115    1116    1127    1126     884     885     896     895       1
    1116    1117    1128    1127     885     886     897     896       1
    1117    1118    1129    1128     886     887     898     897       1
    1118    1119    1130    1129     887     888     899     898       1
    1119    1120    1131    1130     888     889     900     899       1
    1120    1121    1132    1131     889     890     901     900       1
    1121    1122    1133    1132     890     891     902     901       1
    1123    1124    1135    1134     892     893     904     903       1
    1124    1125    1136    1135     893     894     905     904       1
    1125    1126    1137    1136     894     895     906     905       1
    1126    1127    1138    1137     895     896     907     906       1
    1127    1128    1139    1138     896     897     908     907       1
    1128    1129    1140    1139     897     898     909     908       1
    1129    1130    1141    1140     898     899     910     909       1
    1130    1131    1142    1141     899     900     911     910       1
    1131    1132    1143    1142     900     901     912     911       1
    1132    1133    1144    1143     901     902     913     912       1
    1134    1135    1146    1145     903     904     915     914       1
    1135    1136    1147    1146     904     905     916     915       1
    1136    1137    1148    1147     905     906     917     916       1
    1137    1138    1149    1148     906     907     918     917       1
    1138    1139    1150    1149     907     908     919     918       1
    1139    1140    1151    1150     908     909     920     919       1
    1140    1141    1152    1151     909     910     921     920       1
    1141    1142    1153    1152     910     911     922     921       1
    1142    1143    1154    1153     911     912     923     922       1
    1143    1144    1155    1154     912     913     924     923       1
    1156    1157    1168    1167     925     926     937     936       1
    1157    1158    1169    1168     926     927     938     937       1
    1158    1159    1170    1169     927     928     939     938       1
    1159    1160    1171    1170     928     929     940     939       1
    1160    1161    1172    1171     929     930     941     940       1
    1161    1162    1173    1172     930     931     942     941       1
    1162    1163    1174    1173     931     932     943     942       1
    1163    1164    1175    1174     932     933     944     943       1
    1164    1165    1176    1175     933     934     945     944       1
    1165    1166    1177    1176     934     935     946     945       1
    1167    1168    1179    1178     936     937     948     947       1
    1168    1169    1180    1179     937     938     949     948       1
    1169    1170    1181    1180     938     939     950     949       1
    1170    1171    1182    1181     939     940     951     950       1
    1171    1172    1183    1182     940     941     952     951       1
    1172    1173    1184    1183     941     942     953     952       1
    1173    1174    1185    1184     942     943     954     953       1
    1174    1175    1186    1185     943     944     955     954       1
    1175    1176    1187    1186     944     945     956     955       1
    1176    1177    1188    1187     945     946     957     956       1
    1178    1179    1190    1189     947     948     959     958       1
    1179    1180    1191    1190     948     949     960     959       1
    1180    1181    1192    1191     949     950     961     960       1
    1181    1182    1193    1192     950     951     962     961       1
    1182    1183    1194    1193     951     952     963     962       1
    1183    1184    1195    1194     952     953     964     963       1
    1184    1185    1196    1195     953     954     965     964       1
    1185    1186    1197    1196     954     955     966     965       1
    1186    1187    1198    1197     955     956     967     966       1
    1187    1188    1199    1198     956     957     968     967       1
    1189    1190    1201    1200     958     959     970     969       1
    1190    1191    1202    1201     959     960     971     970       1
    1191    1192    1203    1202     960     961     972     971       1
    1192    1193    1204    1203     961     962     973     972       1
    1193    1194    1205    1204     962     963     974     973       1
    1194    1195    1206    1205     963     964     975     974       1
    1195    1196    1207    1206     964     965     976     975       1
    1196    1197    1208    1207     965     966     977     976       1
    1197    1198    1209    1208     966     967     978     977       1
    1198    1199    1210    1209     967     968     979     978       1
    1200    1201    1212    1211     969     970     981     980       1
    1201    1202    1213    1212     970     971     982     981       1
    1202    1203    1214    1213     971     972     983     982       1
    1203    1204    1215    1214     972     973     984     983       1
    1204    1205    1216    1215     973     974     985     984       1
    1205    1206    1217    1216     974     975     986     985       1
    1206    1207    1218    1217     975     976     987     986       1
    1207    1208    1219    1218     976     977     988     987       1
    1208    1209    1220    1219     977     978     989     988       1
    1209    1210    1221    1220     978     979     990     989       1
    1211    1212    1223    1222     980     981     992     991       1
    1212    1213    1224    1223     981     982     993     992       1
    1213    1214    1225    1224     982     983     994     993       1
    1214    1215    1226    1225     983     984     995     994       1
    1215    1216    1227    1226     984     985     996     995       1
    1216    1217    1228    1227     985     986     997     996       1
    1217    1218    1229    1228     986     987     998     997       1
    1218    1219    1230    1229     987     988     999     998       1
    1219    1220    1231    1230     988     989    1000     999       1
    1220    1221    1232    1231     989     990    1001    1000       1
    1222    1223    1234    1233     991     992    1003    1002       1
    1223    1224    1235    1234     992     993    1004    1003       1
    1224    1225    1236    1235     993     994    1005    1004       1
    1225    1226    1237    1236     994     995    1006    1005       1
    1226    1227    1238    1237     995     996    1007    1006       1
    1227    1228    1239    1238     996     997    1008    1007       1
    1228    1229    1240    1239     997     998    1009    1008       1
    1229    1230    1241    1240     998     999    1010    1009       1
    1230    1231    1242    1241     999    1000    1011    1010       1
    1231    1232    1243    1242    1000    1001    1012    1011       1
    1233    1234    1245    1244    1002    1003    1014    1013       1
    1234    1235    1246    1245    1003    1004    1015    1014       1
    1235    1236    1247    1246    1004    1005    1016    1015       1
    1236    1237    1248    1247    1005    1006    1017    1016       1
    1237    1238    1249    1248    1006    1007    1018    1017       1
    1238    1239    1250    1249    1007    1008    1019    1018       1
    1239    1240    1251    1250    1008    1009    1020    1019       1
    1240    1241    1252    1251    1009    1010    1021    1020       1
    1241    1242    1253    1252    1010    1011    1022    1021       1
    1242    1243    1254    1253    1011    1012    1023    1022       1
    1244    1245    1256    1255    1013    1014    1025    1024       1
    1245    1246    1257    1256    1014    1015    1026    1025       1
    1246    1247    1258    1257    1015    1016    1027    1026       1
    1247    1248    1259    1258    1016    1017    1028    1027       1
    1248    1249    1260    1259    1017    1018    1029    1028       1
    1249    1250    1261    1260    1018    1019    1030    1029       1
    1250    1251    1262    1261    1019    1020    1031    1030       1
    1251    1252    1263    1262    1020    1021    1032    1031       1
    1252    1253    1264    1263    1021    1022    1033    1032       1
    1253    1254    1265    1264    1022    1023    1034    1033       1
    1255    1256    1267    1266    1024    1025    1036    1035       1
    1256    1257    1268    1267    1025    1026    1037    1036       1
    1257    1258    1269    1268    1026    1027    1038    1037       1
    1258    1259    1270    1269    1027    1028    1039    1038       1
    1259    1260    1271    1270    1028    1029    1040    1039       1
    1260    1261    1272    1271    1029    1030    1041    1040       1
    1261    1262    1273    1272    1030    1031    1042    1041       1
    1262    1263    1274    1273    1031    1032    1043    1042       1
    1263    1264    1275    1274    1032    1033    1044    1043       1
    1264    1265    1276    1275    1033    1034    1045    1044       1
    1266    1267    1278    1277    1035    1036    1047    1046       1
    1267    1268    1279    1278    1036    1037    1048    1047       1
    1268    1269    1280    1279    1037    1038    1049    1048       1
    1269    1270    1281    1280    1038    1039    1050    1049       1
    1270    1271    1282    1281    1039    1040    1051    1050       1
    1271    1272    1283    1282    1040    1041    1052    1051       1
    1272    1273    1284    1283    1041    1042    1053    1052       1
    1273    1274    1285    1284    1042    1043    1054    1053       1
    1274    1275    1286    1285    1043    1044    1055    1054       1
    1275    1276    1287    1286    1044    1045    1056    1055       1
    1277    1278    1289    1288    1046    1047    1058    1057       1
    1278    1279    1290    1289    1047    1048    1059    1058       1
    1279    1280    1291    1290    1048    1049    1060    1059       1
    1280    1281    1292    1291    1049    1050    1061    1060       1
    1281    1282    1293    1292    1050    1051    1062    1061       1
    1282    1283    1294    1293    1051    1052    1063    1062       1
    1283    1284    1295    1294    1052    1053    1064    1063       1
    1284    1285    1296    1295    1053    1054    1065    1064       1
    1285    1286    1297    1296    1054    1055    1066    1065       1
    1286    1287    1298    1297    1055    1056    1067    1066       1
    1288    1289    1300    1299    1057    1058    1069    1068       1
    1289    1290    1301    1300    1058    1059    1070    1069       1
    1290    1291    1302    1301    1059    1060    1071    1070       1
    1291    1292    1303    1302    1060    1061    1072    1071       1
    1292    1293    1304    1303    1061    1062    1073    1072       1
    1293    1294    1305    1304    1062    1063    1074    1073       1
    1294    1295    1306    1305    1063    1064    1075    1074       1
    1295    1296    1307    1306    1064    1065    1076    1075       1
    1296    1297    1308    1307    1065    1066    1077    1076       1
    1297    1298    1309    1308    1066    1067    1078    1077       1
    1299    1300    1311    1310    1068    1069    1080    1079       1
    1300    1301    1312    1311    1069    1070    1081    1080       1
    1301    1302    1313    1312    1070    1071    1082    1081       1
    1302    1303    1314    1313    1071    1072    1083    1082       1
    1303    1304    1315    1314    1072    1073    1084    1083       1
    1304    1305    1316    1315    1073    1074    1085    1084       1
    1305    1306    1317    1316    1074    1075    1086    1085       1
    1306    1307    1318    1317    1075    1076    1087    1086       1
    1307    1308    1319    1318    1076    1077    1088    1087       1
    1308    1309    1320    1319    1077    1078    1089    1088       1
    1310    1311    1322    1321    1079    1080    1091    1090       1
    1311    1312    1323    1322    1080    1081    1092    1091       1
    1312    1313    1324    1323    1081    1082    1093    1092       1
    1313    1314    1325    1324    1082    1083    1094    1093       1
    1314    1315    1326    1325    1083    1084    1095    1094       1
    1315    1316    1327    1326    1084    1085    1096    1095       1
    1316    1317    1328    1327    1085    1086    1097    1096       1
    1317    1318    1329    1328    1086    1087    1098    1097       1
    1318    1319    1330    1329    1087    1088    1099    1098       1
    1319    1320    1331    1330    1088    1089    1100    1099       1
    1321    1322    1333    1332    1090    1091    1102    1101       1
    1322    1323    1334    1333    1091    1092    1103    1102       1
    1323    1324    1335    1334    1092    1093    1104    1103       1
    1324    1325    1336    1335    1093    1094    1105    1104       1
    1325    1326    1337    1336    1094    1095    1106    1105       1
    1326    1327    1338    1337    1095    1096    1107    1106       1
    1327    1328    1339    1338    1096    1097    1108    1107       1
    1328    1329    1340    1339    1097    1098    1109    1108       1
    1329    1330    1341    1340    1098    1099    1110    1109       1
    1330    1331    1342    1341    1099    1100    1111    1110       1
    1332    1333    1344    1343    1101    1102    1113    1112       1
    1333    1334    1345    1344    1102    1103    1114    1113       1
    1334    1335    1346    1345    1103    1104    1115    1114       1
    1335    1336    1347    1346    1104    1105    1116    1115       1
    1336    1337    1348    1347    1105    1106    1117    1116       1
    1337    1338    1349    1348    1106    1107    1118    1117       1
    1338    1339    1350    1349    1107    1108    1119    1118       1
    1339    1340    1351    1350    1108    1109    1120    1119       1
    1340    1341    1352    1351    1109    1110    1121    1120       1
    1341    1342    1353    1352    1110    1111    1122    1121       1
    1343    1344    1355    1354    1112    1113    1124    1123       1
    1344    1345    1356    1355    1113    1114    1125    1124       1
    1345    1346    1357    1356    1114    1115    1126    1125       1
    1346    1347    1358    1357    1115    1116    1127    1126       1
    1347    1348    1359    1358    1116    1117    1128    1127       1
    1348    1349    1360    1359    1117    1118    1129    1128       1
    1349    1350    1361    1360    1118    1119    1130    1129       1
    1350    1351    1362    1361    1119    1120    1131    1130       1
    1351    1352    1363    1362    1120    1121    1132    1131       1
    1352    1353    1364    1363    1121    1122    1133    1132       1
    1354    1355    1366    1365    1123    1124    1135    1134       1
    1355    1356    1367    1366    1124    1125    1136    1135       1
    1356    1357    1368    1367    1125    1126    1137    1136       1
    1357    1358    1369    1368    1126    1127    1138    1137       1
    1358    1359    1370    1369    1127    1128    1139    1138       1
    1359    1360    1371    1370    1128    1129    1140    1139       1
    1360    1361    1372    1371    1129    1130    1141    1140       1
    1361    1362    1373    1372    1130    1131    1142    1141       1
    1362    1363    1374    1373    1131    1132    1143    1142       1
    1363    1364    1375    1374    1132    1133    1144    1143       1
    1365    1366    1377    1376    1134    1135    1146    1145       1
    1366    1367    1378    1377    1135    1136    1147    1146       1
    1367    1368    1379    1378    1136    1137    1148    1147       1
    1368    1369    1380    1379    1137    1138    1149    1148       1
    1369    1370    1381    1380    1138    1139    1150    1149       1
    1370    1371    1382    1381    1139    1140    1151    1150       1
    1371    1372    1383    1382    1140    1141    1152    1151       1
    1372    1373    1384    1383    1141    1142    1153    1152       1
    1373    1374    1385    1384    1142    1143    1154    1153       1
    1374    1375    1386    1385    1143    1144    1155    1154       1
