  0.5000000000  1.0000000000  2.0000000000
  0.5000000000  0.8999999760  2.0000000000
  0.5000000000  0.8000000120  2.0000000000
  0.5000000000  0.6999999880  2.0000000000
  0.5000000000  0.6000000240  2.0000000000
  0.5000000000  0.5000000000  2.0000000000
  0.5000000000  0.4000000060  2.0000000000
  0.5000000000  0.3000000120  2.0000000000
  0.5000000000  0.2000000030  2.0000000000
  0.5000000000  0.1000000010  2.0000000000
  0.5000000000  0.0000000000  2.0000000000
  0.5000000000  1.0000000000  1.8999999800
  0.5000000000  0.8999999760  1.8999999800
  0.5000000000  0.8000000120  1.8999999800
  0.5000000000  0.6999999880  1.8999999800
  0.5000000000  0.6000000240  1.8999999800
  0.5000000000  0.5000000000  1.8999999800
  0.5000000000  0.4000000060  1.8999999800
  0.5000000000  0.3000000120  1.8999999800
  0.5000000000  0.2000000030  1.8999999800
  0.5000000000  0.1000000010  1.8999999800
  0.5000000000  0.0000000000  1.8999999800
  0.5000000000  1.0000000000  1.7999999500
  0.5000000000  0.8999999760  1.7999999500
  0.5000000000  0.8000000120  1.7999999500
  0.5000000000  0.6999999880  1.7999999500
  0.5000000000  0.6000000240  1.7999999500
  0.5000000000  0.5000000000  1.7999999500
  0.5000000000  0.4000000060  1.7999999500
  0.5000000000  0.3000000120  1.7999999500
  0.5000000000  0.2000000030  1.7999999500
  0.5000000000  0.1000000010  1.7999999500
  0.5000000000  0.0000000000  1.7999999500
  0.5000000000  1.0000000000  1.7000000500
  0.5000000000  0.8999999760  1.7000000500
  0.5000000000  0.8000000120  1.7000000500
  0.5000000000  0.6999999880  1.7000000500
  0.5000000000  0.6000000240  1.7000000500
  0.5000000000  0.5000000000  1.7000000500
  0.5000000000  0.4000000060  1.7000000500
  0.5000000000  0.3000000120  1.7000000500
  0.5000000000  0.2000000030  1.7000000500
  0.5000000000  0.1000000010  1.7000000500
  0.5000000000  0.0000000000  1.7000000500
  0.5000000000  1.0000000000  1.6000000200
  0.5000000000  0.8999999760  1.6000000200
  0.5000000000  0.8000000120  1.6000000200
  0.5000000000  0.6999999880  1.6000000200
  0.5000000000  0.6000000240  1.6000000200
  0.5000000000  0.5000000000  1.6000000200
  0.5000000000  0.4000000060  1.6000000200
  0.5000000000  0.3000000120  1.6000000200
  0.5000000000  0.2000000030  1.6000000200
  0.5000000000  0.1000000010  1.6000000200
  0.5000000000  0.0000000000  1.6000000200
  0.5000000000  1.0000000000  1.5000000000
  0.5000000000  0.8999999760  1.5000000000
  0.5000000000  0.8000000120  1.5000000000
  0.5000000000  0.6999999880  1.5000000000
  0.5000000000  0.6000000240  1.5000000000
  0.5000000000  0.5000000000  1.5000000000
  0.5000000000  0.4000000060  1.5000000000
  0.5000000000  0.3000000120  1.5000000000
  0.5000000000  0.2000000030  1.5000000000
  0.5000000000  0.1000000010  1.5000000000
  0.5000000000  0.0000000000  1.5000000000
  0.5000000000  1.0000000000  1.3999999800
  0.5000000000  0.8999999760  1.3999999800
  0.5000000000  0.8000000120  1.3999999800
  0.5000000000  0.6999999880  1.3999999800
  0.5000000000  0.6000000240  1.3999999800
  0.5000000000  0.5000000000  1.3999999800
  0.5000000000  0.4000000060  1.3999999800
  0.5000000000  0.3000000120  1.3999999800
  0.5000000000  0.2000000030  1.3999999800
  0.5000000000  0.1000000010  1.3999999800
  0.5000000000  0.0000000000  1.3999999800
  0.5000000000  1.0000000000  1.2999999500
  0.5000000000  0.8999999760  1.2999999500
  0.5000000000  0.8000000120  1.2999999500
  0.5000000000  0.6999999880  1.2999999500
  0.5000000000  0.6000000240  1.2999999500
  0.5000000000  0.5000000000  1.2999999500
  0.5000000000  0.4000000060  1.2999999500
  0.5000000000  0.3000000120  1.2999999500
  0.5000000000  0.2000000030  1.2999999500
  0.5000000000  0.1000000010  1.2999999500
  0.5000000000  0.0000000000  1.2999999500
  0.5000000000  1.0000000000  1.2000000500
  0.5000000000  0.8999999760  1.2000000500
  0.5000000000  0.8000000120  1.2000000500
  0.5000000000  0.6999999880  1.2000000500
  0.5000000000  0.6000000240  1.2000000500
  0.5000000000  0.5000000000  1.2000000500
  0.5000000000  0.4000000060  1.2000000500
  0.5000000000  0.3000000120  1.2000000500
  0.5000000000  0.2000000030  1.2000000500
  0.5000000000  0.1000000010  1.2000000500
  0.5000000000  0.0000000000  1.2000000500
  0.5000000000  1.0000000000  1.1000000200
  0.5000000000  0.8999999760  1.1000000200
  0.5000000000  0.8000000120  1.1000000200
  0.5000000000  0.6999999880  1.1000000200
  0.5000000000  0.6000000240  1.1000000200
  0.5000000000  0.5000000000  1.1000000200
  0.5000000000  0.4000000060  1.1000000200
  0.5000000000  0.3000000120  1.1000000200
  0.5000000000  0.2000000030  1.1000000200
  0.5000000000  0.1000000010  1.1000000200
  0.5000000000  0.0000000000  1.1000000200
  0.5000000000  1.0000000000  1.0000000000
  0.5000000000  0.8999999760  1.0000000000
  0.5000000000  0.8000000120  1.0000000000
  0.5000000000  0.6999999880  1.0000000000
  0.5000000000  0.6000000240  1.0000000000
  0.5000000000  0.5000000000  1.0000000000
  0.5000000000  0.4000000060  1.0000000000
  0.5000000000  0.3000000120  1.0000000000
  0.5000000000  0.2000000030  1.0000000000
  0.5000000000  0.1000000010  1.0000000000
  0.5000000000  0.0000000000  1.0000000000
  0.5000000000  1.0000000000  0.8999999760
  0.5000000000  0.8999999760  0.8999999760
  0.5000000000  0.8000000120  0.8999999760
  0.5000000000  0.6999999880  0.8999999760
  0.5000000000  0.6000000240  0.8999999760
  0.5000000000  0.5000000000  0.8999999760
  0.5000000000  0.4000000060  0.8999999760
  0.5000000000  0.3000000120  0.8999999760
  0.5000000000  0.2000000030  0.8999999760
  0.5000000000  0.1000000010  0.8999999760
  0.5000000000  0.0000000000  0.8999999760
  0.5000000000  1.0000000000  0.8000000120
  0.5000000000  0.8999999760  0.8000000120
  0.5000000000  0.8000000120  0.8000000120
  0.5000000000  0.6999999880  0.8000000120
  0.5000000000  0.6000000240  0.8000000120
  0.5000000000  0.5000000000  0.8000000120
  0.5000000000  0.4000000060  0.8000000120
  0.5000000000  0.3000000120  0.8000000120
  0.5000000000  0.2000000030  0.8000000120
  0.5000000000  0.1000000010  0.8000000120
  0.5000000000  0.0000000000  0.8000000120
  0.5000000000  1.0000000000  0.6999999880
  0.5000000000  0.8999999760  0.6999999880
  0.5000000000  0.8000000120  0.6999999880
  0.5000000000  0.6999999880  0.6999999880
  0.5000000000  0.6000000240  0.6999999880
  0.5000000000  0.5000000000  0.6999999880
  0.5000000000  0.4000000060  0.6999999880
  0.5000000000  0.3000000120  0.6999999880
  0.5000000000  0.2000000030  0.6999999880
  0.5000000000  0.1000000010  0.6999999880
  0.5000000000  0.0000000000  0.6999999880
  0.5000000000  1.0000000000  0.6000000240
  0.5000000000  0.8999999760  0.6000000240
  0.5000000000  0.8000000120  0.6000000240
  0.5000000000  0.6999999880  0.6000000240
  0.5000000000  0.6000000240  0.6000000240
  0.5000000000  0.5000000000  0.6000000240
  0.5000000000  0.4000000060  0.6000000240
  0.5000000000  0.3000000120  0.6000000240
  0.5000000000  0.2000000030  0.6000000240
  0.5000000000  0.1000000010  0.6000000240
  0.5000000000  0.0000000000  0.6000000240
  0.5000000000  1.0000000000  0.5000000000
  0.5000000000  0.8999999760  0.5000000000
  0.5000000000  0.8000000120  0.5000000000
  0.5000000000  0.6999999880  0.5000000000
  0.5000000000  0.6000000240  0.5000000000
  0.5000000000  0.5000000000  0.5000000000
  0.5000000000  0.4000000060  0.5000000000
  0.5000000000  0.3000000120  0.5000000000
  0.5000000000  0.2000000030  0.5000000000
  0.5000000000  0.1000000010  0.5000000000
  0.5000000000  0.0000000000  0.5000000000
  0.5000000000  1.0000000000  0.4000000060
  0.5000000000  0.8999999760  0.4000000060
  0.5000000000  0.8000000120  0.4000000060
  0.5000000000  0.6999999880  0.4000000060
  0.5000000000  0.6000000240  0.4000000060
  0.5000000000  0.5000000000  0.4000000060
  0.5000000000  0.4000000060  0.4000000060
  0.5000000000  0.3000000120  0.4000000060
  0.5000000000  0.2000000030  0.4000000060
  0.5000000000  0.1000000010  0.4000000060
  0.5000000000  0.0000000000  0.4000000060
  0.5000000000  1.0000000000  0.3000000120
  0.5000000000  0.8999999760  0.3000000120
  0.5000000000  0.8000000120  0.3000000120
  0.5000000000  0.6999999880  0.3000000120
  0.5000000000  0.6000000240  0.3000000120
  0.5000000000  0.5000000000  0.3000000120
  0.5000000000  0.4000000060  0.3000000120
  0.5000000000  0.3000000120  0.3000000120
  0.5000000000  0.2000000030  0.3000000120
  0.5000000000  0.1000000010  0.3000000120
  0.5000000000  0.0000000000  0.3000000120
  0.5000000000  1.0000000000  0.2000000030
  0.5000000000  0.8999999760  0.2000000030
  0.5000000000  0.8000000120  0.2000000030
  0.5000000000  0.6999999880  0.2000000030
  0.5000000000  0.6000000240  0.2000000030
  0.5000000000  0.5000000000  0.2000000030
  0.5000000000  0.4000000060  0.2000000030
  0.5000000000  0.3000000120  0.2000000030
  0.5000000000  0.2000000030  0.2000000030
  0.5000000000  0.1000000010  0.2000000030
  0.5000000000  0.0000000000  0.2000000030
  0.5000000000  1.0000000000  0.1000000010
  0.5000000000  0.8999999760  0.1000000010
  0.5000000000  0.8000000120  0.1000000010
  0.5000000000  0.6999999880  0.1000000010
  0.5000000000  0.6000000240  0.1000000010
  0.5000000000  0.5000000000  0.1000000010
  0.5000000000  0.4000000060  0.1000000010
  0.5000000000  0.3000000120  0.1000000010
  0.5000000000  0.2000000030  0.1000000010
  0.5000000000  0.1000000010  0.1000000010
  0.5000000000  0.0000000000  0.1000000010
  0.5000000000  1.0000000000  0.0000000000
  0.5000000000  0.8999999760  0.0000000000
  0.5000000000  0.8000000120  0.0000000000
  0.5000000000  0.6999999880  0.0000000000
  0.5000000000  0.6000000240  0.0000000000
  0.5000000000  0.5000000000  0.0000000000
  0.5000000000  0.4000000060  0.0000000000
  0.5000000000  0.3000000120  0.0000000000
  0.5000000000  0.2000000030  0.0000000000
  0.5000000000  0.1000000010  0.0000000000
  0.5000000000  0.0000000000  0.0000000000
  0.4000000060  1.0000000000  2.0000000000
  0.4000000060  0.8999999760  2.0000000000
  0.4000000060  0.8000000120  2.0000000000
  0.4000000060  0.6999999880  2.0000000000
  0.4000000060  0.6000000240  2.0000000000
  0.4000000060  0.5000000000  2.0000000000
  0.4000000060  0.4000000060  2.0000000000
  0.4000000060  0.3000000120  2.0000000000
  0.4000000060  0.2000000030  2.0000000000
  0.4000000060  0.1000000010  2.0000000000
  0.4000000060  0.0000000000  2.0000000000
  0.4000000060  1.0000000000  1.8999999800
  0.4000000060  0.8999999760  1.8999999800
  0.4000000060  0.8000000120  1.8999999800
  0.4000000060  0.6999999880  1.8999999800
  0.4000000060  0.6000000240  1.8999999800
  0.4000000060  0.5000000000  1.8999999800
  0.4000000060  0.4000000060  1.8999999800
  0.4000000060  0.3000000120  1.8999999800
  0.4000000060  0.2000000030  1.8999999800
  0.4000000060  0.1000000010  1.8999999800
  0.4000000060  0.0000000000  1.8999999800
  0.4000000060  1.0000000000  1.7999999500
  0.4000000060  0.8999999760  1.7999999500
  0.4000000060  0.8000000120  1.7999999500
  0.4000000060  0.6999999880  1.7999999500
  0.4000000060  0.6000000240  1.7999999500
  0.4000000060  0.5000000000  1.7999999500
  0.4000000060  0.4000000060  1.7999999500
  0.4000000060  0.3000000120  1.7999999500
  0.4000000060  0.2000000030  1.7999999500
  0.4000000060  0.1000000010  1.7999999500
  0.4000000060  0.0000000000  1.7999999500
  0.4000000060  1.0000000000  1.7000000500
  0.4000000060  0.8999999760  1.7000000500
  0.4000000060  0.8000000120  1.7000000500
  0.4000000060  0.6999999880  1.7000000500
  0.4000000060  0.6000000240  1.7000000500
  0.4000000060  0.5000000000  1.7000000500
  0.4000000060  0.4000000060  1.7000000500
  0.4000000060  0.3000000120  1.7000000500
  0.4000000060  0.2000000030  1.7000000500
  0.4000000060  0.1000000010  1.7000000500
  0.4000000060  0.0000000000  1.7000000500
  0.4000000060  1.0000000000  1.6000000200
  0.4000000060  0.8999999760  1.6000000200
  0.4000000060  0.8000000120  1.6000000200
  0.4000000060  0.6999999880  1.6000000200
  0.4000000060  0.6000000240  1.6000000200
  0.4000000060  0.5000000000  1.6000000200
  0.4000000060  0.4000000060  1.6000000200
  0.4000000060  0.3000000120  1.6000000200
  0.4000000060  0.2000000030  1.6000000200
  0.4000000060  0.1000000010  1.6000000200
  0.4000000060  0.0000000000  1.6000000200
  0.4000000060  1.0000000000  1.5000000000
  0.4000000060  0.8999999760  1.5000000000
  0.4000000060  0.8000000120  1.5000000000
  0.4000000060  0.6999999880  1.5000000000
  0.4000000060  0.6000000240  1.5000000000
  0.4000000060  0.5000000000  1.5000000000
  0.4000000060  0.4000000060  1.5000000000
  0.4000000060  0.3000000120  1.5000000000
  0.4000000060  0.2000000030  1.5000000000
  0.4000000060  0.1000000010  1.5000000000
  0.4000000060  0.0000000000  1.5000000000
  0.4000000060  1.0000000000  1.3999999800
  0.4000000060  0.8999999760  1.3999999800
  0.4000000060  0.8000000120  1.3999999800
  0.4000000060  0.6999999880  1.3999999800
  0.4000000060  0.6000000240  1.3999999800
  0.4000000060  0.5000000000  1.3999999800
  0.4000000060  0.4000000060  1.3999999800
  0.4000000060  0.3000000120  1.3999999800
  0.4000000060  0.2000000030  1.3999999800
  0.4000000060  0.1000000010  1.3999999800
  0.4000000060  0.0000000000  1.3999999800
  0.4000000060  1.0000000000  1.2999999500
  0.4000000060  0.8999999760  1.2999999500
  0.4000000060  0.8000000120  1.2999999500
  0.4000000060  0.6999999880  1.2999999500
  0.4000000060  0.6000000240  1.2999999500
  0.4000000060  0.5000000000  1.2999999500
  0.4000000060  0.4000000060  1.2999999500
  0.4000000060  0.3000000120  1.2999999500
  0.4000000060  0.2000000030  1.2999999500
  0.4000000060  0.1000000010  1.2999999500
  0.4000000060  0.0000000000  1.2999999500
  0.4000000060  1.0000000000  1.2000000500
  0.4000000060  0.8999999760  1.2000000500
  0.4000000060  0.8000000120  1.2000000500
  0.4000000060  0.6999999880  1.2000000500
  0.4000000060  0.6000000240  1.2000000500
  0.4000000060  0.5000000000  1.2000000500
  0.4000000060  0.4000000060  1.2000000500
  0.4000000060  0.3000000120  1.2000000500
  0.4000000060  0.2000000030  1.2000000500
  0.4000000060  0.1000000010  1.2000000500
  0.4000000060  0.0000000000  1.2000000500
  0.4000000060  1.0000000000  1.1000000200
  0.4000000060  0.8999999760  1.1000000200
  0.4000000060  0.8000000120  1.1000000200
  0.4000000060  0.6999999880  1.1000000200
  0.4000000060  0.6000000240  1.1000000200
  0.4000000060  0.5000000000  1.1000000200
  0.4000000060  0.4000000060  1.1000000200
  0.4000000060  0.3000000120  1.1000000200
  0.4000000060  0.2000000030  1.1000000200
  0.4000000060  0.1000000010  1.1000000200
  0.4000000060  0.0000000000  1.1000000200
  0.4000000060  1.0000000000  1.0000000000
  0.4000000060  0.8999999760  1.0000000000
  0.4000000060  0.8000000120  1.0000000000
  0.4000000060  0.6999999880  1.0000000000
  0.4000000060  0.6000000240  1.0000000000
  0.4000000060  0.5000000000  1.0000000000
  0.4000000060  0.4000000060  1.0000000000
  0.4000000060  0.3000000120  1.0000000000
  0.4000000060  0.2000000030  1.0000000000
  0.4000000060  0.1000000010  1.0000000000
  0.4000000060  0.0000000000  1.0000000000
  0.4000000060  1.0000000000  0.8999999760
  0.4000000060  0.8999999760  0.8999999760
  0.4000000060  0.8000000120  0.8999999760
  0.4000000060  0.6999999880  0.8999999760
  0.4000000060  0.6000000240  0.8999999760
  0.4000000060  0.5000000000  0.8999999760
  0.4000000060  0.4000000060  0.8999999760
  0.4000000060  0.3000000120  0.8999999760
  0.4000000060  0.2000000030  0.8999999760
  0.4000000060  0.1000000010  0.8999999760
  0.4000000060  0.0000000000  0.8999999760
  0.4000000060  1.0000000000  0.8000000120
  0.4000000060  0.8999999760  0.8000000120
  0.4000000060  0.8000000120  0.8000000120
  0.4000000060  0.6999999880  0.8000000120
  0.4000000060  0.6000000240  0.8000000120
  0.4000000060  0.5000000000  0.8000000120
  0.4000000060  0.4000000060  0.8000000120
  0.4000000060  0.3000000120  0.8000000120
  0.4000000060  0.2000000030  0.8000000120
  0.4000000060  0.1000000010  0.8000000120
  0.4000000060  0.0000000000  0.8000000120
  0.4000000060  1.0000000000  0.6999999880
  0.4000000060  0.8999999760  0.6999999880
  0.4000000060  0.8000000120  0.6999999880
  0.4000000060  0.6999999880  0.6999999880
  0.4000000060  0.6000000240  0.6999999880
  0.4000000060  0.5000000000  0.6999999880
  0.4000000060  0.4000000060  0.6999999880
  0.4000000060  0.3000000120  0.6999999880
  0.4000000060  0.2000000030  0.6999999880
  0.4000000060  0.1000000010  0.6999999880
  0.4000000060  0.0000000000  0.6999999880
  0.4000000060  1.0000000000  0.6000000240
  0.4000000060  0.8999999760  0.6000000240
  0.4000000060  0.8000000120  0.6000000240
  0.4000000060  0.6999999880  0.6000000240
  0.4000000060  0.6000000240  0.6000000240
  0.4000000060  0.5000000000  0.6000000240
  0.4000000060  0.4000000060  0.6000000240
  0.4000000060  0.3000000120  0.6000000240
  0.4000000060  0.2000000030  0.6000000240
  0.4000000060  0.1000000010  0.6000000240
  0.4000000060  0.0000000000  0.6000000240
  0.4000000060  1.0000000000  0.5000000000
  0.4000000060  0.8999999760  0.5000000000
  0.4000000060  0.8000000120  0.5000000000
  0.4000000060  0.6999999880  0.5000000000
  0.4000000060  0.6000000240  0.5000000000
  0.4000000060  0.5000000000  0.5000000000
  0.4000000060  0.4000000060  0.5000000000
  0.4000000060  0.3000000120  0.5000000000
  0.4000000060  0.2000000030  0.5000000000
  0.4000000060  0.1000000010  0.5000000000
  0.4000000060  0.0000000000  0.5000000000
  0.4000000060  1.0000000000  0.4000000060
  0.4000000060  0.8999999760  0.4000000060
  0.4000000060  0.8000000120  0.4000000060
  0.4000000060  0.6999999880  0.4000000060
  0.4000000060  0.6000000240  0.4000000060
  0.4000000060  0.5000000000  0.4000000060
  0.4000000060  0.4000000060  0.4000000060
  0.4000000060  0.3000000120  0.4000000060
  0.4000000060  0.2000000030  0.4000000060
  0.4000000060  0.1000000010  0.4000000060
  0.4000000060  0.0000000000  0.4000000060
  0.4000000060  1.0000000000  0.3000000120
  0.4000000060  0.8999999760  0.3000000120
  0.4000000060  0.8000000120  0.3000000120
  0.4000000060  0.6999999880  0.3000000120
  0.4000000060  0.6000000240  0.3000000120
  0.4000000060  0.5000000000  0.3000000120
  0.4000000060  0.4000000060  0.3000000120
  0.4000000060  0.3000000120  0.3000000120
  0.4000000060  0.2000000030  0.3000000120
  0.4000000060  0.1000000010  0.3000000120
  0.4000000060  0.0000000000  0.3000000120
  0.4000000060  1.0000000000  0.2000000030
  0.4000000060  0.8999999760  0.2000000030
  0.4000000060  0.8000000120  0.2000000030
  0.4000000060  0.6999999880  0.2000000030
  0.4000000060  0.6000000240  0.2000000030
  0.4000000060  0.5000000000  0.2000000030
  0.4000000060  0.4000000060  0.2000000030
  0.4000000060  0.3000000120  0.2000000030
  0.4000000060  0.2000000030  0.2000000030
  0.4000000060  0.1000000010  0.2000000030
  0.4000000060  0.0000000000  0.2000000030
  0.4000000060  1.0000000000  0.1000000010
  0.4000000060  0.8999999760  0.1000000010
  0.4000000060  0.8000000120  0.1000000010
  0.4000000060  0.6999999880  0.1000000010
  0.4000000060  0.6000000240  0.1000000010
  0.4000000060  0.5000000000  0.1000000010
  0.4000000060  0.4000000060  0.1000000010
  0.4000000060  0.3000000120  0.1000000010
  0.4000000060  0.2000000030  0.1000000010
  0.4000000060  0.1000000010  0.1000000010
  0.4000000060  0.0000000000  0.1000000010
  0.4000000060  1.0000000000  0.0000000000
  0.4000000060  0.8999999760  0.0000000000
  0.4000000060  0.8000000120  0.0000000000
  0.4000000060  0.6999999880  0.0000000000
  0.4000000060  0.6000000240  0.0000000000
  0.4000000060  0.5000000000  0.0000000000
  0.4000000060  0.4000000060  0.0000000000
  0.4000000060  0.3000000120  0.0000000000
  0.4000000060  0.2000000030  0.0000000000
  0.4000000060  0.1000000010  0.0000000000
  0.4000000060  0.0000000000  0.0000000000
  0.3000000120  1.0000000000  2.0000000000
  0.3000000120  0.8999999760  2.0000000000
  0.3000000120  0.8000000120  2.0000000000
  0.3000000120  0.6999999880  2.0000000000
  0.3000000120  0.6000000240  2.0000000000
  0.3000000120  0.5000000000  2.0000000000
  0.3000000120  0.4000000060  2.0000000000
  0.3000000120  0.3000000120  2.0000000000
  0.3000000120  0.2000000030  2.0000000000
  0.3000000120  0.1000000010  2.0000000000
  0.3000000120  0.0000000000  2.0000000000
  0.3000000120  1.0000000000  1.8999999800
  0.3000000120  0.8999999760  1.8999999800
  0.3000000120  0.8000000120  1.8999999800
  0.3000000120  0.6999999880  1.8999999800
  0.3000000120  0.6000000240  1.8999999800
  0.3000000120  0.5000000000  1.8999999800
  0.3000000120  0.4000000060  1.8999999800
  0.3000000120  0.3000000120  1.8999999800
  0.3000000120  0.2000000030  1.8999999800
  0.3000000120  0.1000000010  1.8999999800
  0.3000000120  0.0000000000  1.8999999800
  0.3000000120  1.0000000000  1.7999999500
  0.3000000120  0.8999999760  1.7999999500
  0.3000000120  0.8000000120  1.7999999500
  0.3000000120  0.6999999880  1.7999999500
  0.3000000120  0.6000000240  1.7999999500
  0.3000000120  0.5000000000  1.7999999500
  0.3000000120  0.4000000060  1.7999999500
  0.3000000120  0.3000000120  1.7999999500
  0.3000000120  0.2000000030  1.7999999500
  0.3000000120  0.1000000010  1.7999999500
  0.3000000120  0.0000000000  1.7999999500
  0.3000000120  1.0000000000  1.7000000500
  0.3000000120  0.8999999760  1.7000000500
  0.3000000120  0.8000000120  1.7000000500
  0.3000000120  0.6999999880  1.7000000500
  0.3000000120  0.6000000240  1.7000000500
  0.3000000120  0.5000000000  1.7000000500
  0.3000000120  0.4000000060  1.7000000500
  0.3000000120  0.3000000120  1.7000000500
  0.3000000120  0.2000000030  1.7000000500
  0.3000000120  0.1000000010  1.7000000500
  0.3000000120  0.0000000000  1.7000000500
  0.3000000120  1.0000000000  1.6000000200
  0.3000000120  0.8999999760  1.6000000200
  0.3000000120  0.8000000120  1.6000000200
  0.3000000120  0.6999999880  1.6000000200
  0.3000000120  0.6000000240  1.6000000200
  0.3000000120  0.5000000000  1.6000000200
  0.3000000120  0.4000000060  1.6000000200
  0.3000000120  0.3000000120  1.6000000200
  0.3000000120  0.2000000030  1.6000000200
  0.3000000120  0.1000000010  1.6000000200
  0.3000000120  0.0000000000  1.6000000200
  0.3000000120  1.0000000000  1.5000000000
  0.3000000120  0.8999999760  1.5000000000
  0.3000000120  0.8000000120  1.5000000000
  0.3000000120  0.6999999880  1.5000000000
  0.3000000120  0.6000000240  1.5000000000
  0.3000000120  0.5000000000  1.5000000000
  0.3000000120  0.4000000060  1.5000000000
  0.3000000120  0.3000000120  1.5000000000
  0.3000000120  0.2000000030  1.5000000000
  0.3000000120  0.1000000010  1.5000000000
  0.3000000120  0.0000000000  1.5000000000
  0.3000000120  1.0000000000  1.3999999800
  0.3000000120  0.8999999760  1.3999999800
  0.3000000120  0.8000000120  1.3999999800
  0.3000000120  0.6999999880  1.3999999800
  0.3000000120  0.6000000240  1.3999999800
  0.3000000120  0.5000000000  1.3999999800
  0.3000000120  0.4000000060  1.3999999800
  0.3000000120  0.3000000120  1.3999999800
  0.3000000120  0.2000000030  1.3999999800
  0.3000000120  0.1000000010  1.3999999800
  0.3000000120  0.0000000000  1.3999999800
  0.3000000120  1.0000000000  1.2999999500
  0.3000000120  0.8999999760  1.2999999500
  0.3000000120  0.8000000120  1.2999999500
  0.3000000120  0.6999999880  1.2999999500
  0.3000000120  0.6000000240  1.2999999500
  0.3000000120  0.5000000000  1.2999999500
  0.3000000120  0.4000000060  1.2999999500
  0.3000000120  0.3000000120  1.2999999500
  0.3000000120  0.2000000030  1.2999999500
  0.3000000120  0.1000000010  1.2999999500
  0.3000000120  0.0000000000  1.2999999500
  0.3000000120  1.0000000000  1.2000000500
  0.3000000120  0.8999999760  1.2000000500
  0.3000000120  0.8000000120  1.2000000500
  0.3000000120  0.6999999880  1.2000000500
  0.3000000120  0.6000000240  1.2000000500
  0.3000000120  0.5000000000  1.2000000500
  0.3000000120  0.4000000060  1.2000000500
  0.3000000120  0.3000000120  1.2000000500
  0.3000000120  0.2000000030  1.2000000500
  0.3000000120  0.1000000010  1.2000000500
  0.3000000120  0.0000000000  1.2000000500
  0.3000000120  1.0000000000  1.1000000200
  0.3000000120  0.8999999760  1.1000000200
  0.3000000120  0.8000000120  1.1000000200
  0.3000000120  0.6999999880  1.1000000200
  0.3000000120  0.6000000240  1.1000000200
  0.3000000120  0.5000000000  1.1000000200
  0.3000000120  0.4000000060  1.1000000200
  0.3000000120  0.3000000120  1.1000000200
  0.3000000120  0.2000000030  1.1000000200
  0.3000000120  0.1000000010  1.1000000200
  0.3000000120  0.0000000000  1.1000000200
  0.3000000120  1.0000000000  1.0000000000
  0.3000000120  0.8999999760  1.0000000000
  0.3000000120  0.8000000120  1.0000000000
  0.3000000120  0.6999999880  1.0000000000
  0.3000000120  0.6000000240  1.0000000000
  0.3000000120  0.5000000000  1.0000000000
  0.3000000120  0.4000000060  1.0000000000
  0.3000000120  0.3000000120  1.0000000000
  0.3000000120  0.2000000030  1.0000000000
  0.3000000120  0.1000000010  1.0000000000
  0.3000000120  0.0000000000  1.0000000000
  0.3000000120  1.0000000000  0.8999999760
  0.3000000120  0.8999999760  0.8999999760
  0.3000000120  0.8000000120  0.8999999760
  0.3000000120  0.6999999880  0.8999999760
  0.3000000120  0.6000000240  0.8999999760
  0.3000000120  0.5000000000  0.8999999760
  0.3000000120  0.4000000060  0.8999999760
  0.3000000120  0.3000000120  0.8999999760
  0.3000000120  0.2000000030  0.8999999760
  0.3000000120  0.1000000010  0.8999999760
  0.3000000120  0.0000000000  0.8999999760
  0.3000000120  1.0000000000  0.8000000120
  0.3000000120  0.8999999760  0.8000000120
  0.3000000120  0.8000000120  0.8000000120
  0.3000000120  0.6999999880  0.8000000120
  0.3000000120  0.6000000240  0.8000000120
  0.3000000120  0.5000000000  0.8000000120
  0.3000000120  0.4000000060  0.8000000120
  0.3000000120  0.3000000120  0.8000000120
  0.3000000120  0.2000000030  0.8000000120
  0.3000000120  0.1000000010  0.8000000120
  0.3000000120  0.0000000000  0.8000000120
  0.3000000120  1.0000000000  0.6999999880
  0.3000000120  0.8999999760  0.6999999880
  0.3000000120  0.8000000120  0.6999999880
  0.3000000120  0.6999999880  0.6999999880
  0.3000000120  0.6000000240  0.6999999880
  0.3000000120  0.5000000000  0.6999999880
  0.3000000120  0.4000000060  0.6999999880
  0.3000000120  0.3000000120  0.6999999880
  0.3000000120  0.2000000030  0.6999999880
  0.3000000120  0.1000000010  0.6999999880
  0.3000000120  0.0000000000  0.6999999880
  0.3000000120  1.0000000000  0.6000000240
  0.3000000120  0.8999999760  0.6000000240
  0.3000000120  0.8000000120  0.6000000240
  0.3000000120  0.6999999880  0.6000000240
  0.3000000120  0.6000000240  0.6000000240
  0.3000000120  0.5000000000  0.6000000240
  0.3000000120  0.4000000060  0.6000000240
  0.3000000120  0.3000000120  0.6000000240
  0.3000000120  0.2000000030  0.6000000240
  0.3000000120  0.1000000010  0.6000000240
  0.3000000120  0.0000000000  0.6000000240
  0.3000000120  1.0000000000  0.5000000000
  0.3000000120  0.8999999760  0.5000000000
  0.3000000120  0.8000000120  0.5000000000
  0.3000000120  0.6999999880  0.5000000000
  0.3000000120  0.6000000240  0.5000000000
  0.3000000120  0.5000000000  0.5000000000
  0.3000000120  0.4000000060  0.5000000000
  0.3000000120  0.3000000120  0.5000000000
  0.3000000120  0.2000000030  0.5000000000
  0.3000000120  0.1000000010  0.5000000000
  0.3000000120  0.0000000000  0.5000000000
  0.3000000120  1.0000000000  0.4000000060
  0.3000000120  0.8999999760  0.4000000060
  0.3000000120  0.8000000120  0.4000000060
  0.3000000120  0.6999999880  0.4000000060
  0.3000000120  0.6000000240  0.4000000060
  0.3000000120  0.5000000000  0.4000000060
  0.3000000120  0.4000000060  0.4000000060
  0.3000000120  0.3000000120  0.4000000060
  0.3000000120  0.2000000030  0.4000000060
  0.3000000120  0.1000000010  0.4000000060
  0.3000000120  0.0000000000  0.4000000060
  0.3000000120  1.0000000000  0.3000000120
  0.3000000120  0.8999999760  0.3000000120
  0.3000000120  0.8000000120  0.3000000120
  0.3000000120  0.6999999880  0.3000000120
  0.3000000120  0.6000000240  0.3000000120
  0.3000000120  0.5000000000  0.3000000120
  0.3000000120  0.4000000060  0.3000000120
  0.3000000120  0.3000000120  0.3000000120
  0.3000000120  0.2000000030  0.3000000120
  0.3000000120  0.1000000010  0.3000000120
  0.3000000120  0.0000000000  0.3000000120
  0.3000000120  1.0000000000  0.2000000030
  0.3000000120  0.8999999760  0.2000000030
  0.3000000120  0.8000000120  0.2000000030
  0.3000000120  0.6999999880  0.2000000030
  0.3000000120  0.6000000240  0.2000000030
  0.3000000120  0.5000000000  0.2000000030
  0.3000000120  0.4000000060  0.2000000030
  0.3000000120  0.3000000120  0.2000000030
  0.3000000120  0.2000000030  0.2000000030
  0.3000000120  0.1000000010  0.2000000030
  0.3000000120  0.0000000000  0.2000000030
  0.3000000120  1.0000000000  0.1000000010
  0.3000000120  0.8999999760  0.1000000010
  0.3000000120  0.8000000120  0.1000000010
  0.3000000120  0.6999999880  0.1000000010
  0.3000000120  0.6000000240  0.1000000010
  0.3000000120  0.5000000000  0.1000000010
  0.3000000120  0.4000000060  0.1000000010
  0.3000000120  0.3000000120  0.1000000010
  0.3000000120  0.2000000030  0.1000000010
  0.3000000120  0.1000000010  0.1000000010
  0.3000000120  0.0000000000  0.1000000010
  0.3000000120  1.0000000000  0.0000000000
  0.3000000120  0.8999999760  0.0000000000
  0.3000000120  0.8000000120  0.0000000000
  0.3000000120  0.6999999880  0.0000000000
  0.3000000120  0.6000000240  0.0000000000
  0.3000000120  0.5000000000  0.0000000000
  0.3000000120  0.4000000060  0.0000000000
  0.3000000120  0.3000000120  0.0000000000
  0.3000000120  0.2000000030  0.0000000000
  0.3000000120  0.1000000010  0.0000000000
  0.3000000120  0.0000000000  0.0000000000
  0.2000000030  1.0000000000  2.0000000000
  0.2000000030  0.8999999760  2.0000000000
  0.2000000030  0.8000000120  2.0000000000
  0.2000000030  0.6999999880  2.0000000000
  0.2000000030  0.6000000240  2.0000000000
  0.2000000030  0.5000000000  2.0000000000
  0.2000000030  0.4000000060  2.0000000000
  0.2000000030  0.3000000120  2.0000000000
  0.2000000030  0.2000000030  2.0000000000
  0.2000000030  0.1000000010  2.0000000000
  0.2000000030  0.0000000000  2.0000000000
  0.2000000030  1.0000000000  1.8999999800
  0.2000000030  0.8999999760  1.8999999800
  0.2000000030  0.8000000120  1.8999999800
  0.2000000030  0.6999999880  1.8999999800
  0.2000000030  0.6000000240  1.8999999800
  0.2000000030  0.5000000000  1.8999999800
  0.2000000030  0.4000000060  1.8999999800
  0.2000000030  0.3000000120  1.8999999800
  0.2000000030  0.2000000030  1.8999999800
  0.2000000030  0.1000000010  1.8999999800
  0.2000000030  0.0000000000  1.8999999800
  0.2000000030  1.0000000000  1.7999999500
  0.2000000030  0.8999999760  1.7999999500
  0.2000000030  0.8000000120  1.7999999500
  0.2000000030  0.6999999880  1.7999999500
  0.2000000030  0.6000000240  1.7999999500
  0.2000000030  0.5000000000  1.7999999500
  0.2000000030  0.4000000060  1.7999999500
  0.2000000030  0.3000000120  1.7999999500
  0.2000000030  0.2000000030  1.7999999500
  0.2000000030  0.1000000010  1.7999999500
  0.2000000030  0.0000000000  1.7999999500
  0.2000000030  1.0000000000  1.7000000500
  0.2000000030  0.8999999760  1.7000000500
  0.2000000030  0.8000000120  1.7000000500
  0.2000000030  0.6999999880  1.7000000500
  0.2000000030  0.6000000240  1.7000000500
  0.2000000030  0.5000000000  1.7000000500
  0.2000000030  0.4000000060  1.7000000500
  0.2000000030  0.3000000120  1.7000000500
  0.2000000030  0.2000000030  1.7000000500
  0.2000000030  0.1000000010  1.7000000500
  0.2000000030  0.0000000000  1.7000000500
  0.2000000030  1.0000000000  1.6000000200
  0.2000000030  0.8999999760  1.6000000200
  0.2000000030  0.8000000120  1.6000000200
  0.2000000030  0.6999999880  1.6000000200
  0.2000000030  0.6000000240  1.6000000200
  0.2000000030  0.5000000000  1.6000000200
  0.2000000030  0.4000000060  1.6000000200
  0.2000000030  0.3000000120  1.6000000200
  0.2000000030  0.2000000030  1.6000000200
  0.2000000030  0.1000000010  1.6000000200
  0.2000000030  0.0000000000  1.6000000200
  0.2000000030  1.0000000000  1.5000000000
  0.2000000030  0.8999999760  1.5000000000
  0.2000000030  0.8000000120  1.5000000000
  0.2000000030  0.6999999880  1.5000000000
  0.2000000030  0.6000000240  1.5000000000
  0.2000000030  0.5000000000  1.5000000000
  0.2000000030  0.4000000060  1.5000000000
  0.2000000030  0.3000000120  1.5000000000
  0.2000000030  0.2000000030  1.5000000000
  0.2000000030  0.1000000010  1.5000000000
  0.2000000030  0.0000000000  1.5000000000
  0.2000000030  1.0000000000  1.3999999800
  0.2000000030  0.8999999760  1.3999999800
  0.2000000030  0.8000000120  1.3999999800
  0.2000000030  0.6999999880  1.3999999800
  0.2000000030  0.6000000240  1.3999999800
  0.2000000030  0.5000000000  1.3999999800
  0.2000000030  0.4000000060  1.3999999800
  0.2000000030  0.3000000120  1.3999999800
  0.2000000030  0.2000000030  1.3999999800
  0.2000000030  0.1000000010  1.3999999800
  0.2000000030  0.0000000000  1.3999999800
  0.2000000030  1.0000000000  1.2999999500
  0.2000000030  0.8999999760  1.2999999500
  0.2000000030  0.8000000120  1.2999999500
  0.2000000030  0.6999999880  1.2999999500
  0.2000000030  0.6000000240  1.2999999500
  0.2000000030  0.5000000000  1.2999999500
  0.2000000030  0.4000000060  1.2999999500
  0.2000000030  0.3000000120  1.2999999500
  0.2000000030  0.2000000030  1.2999999500
  0.2000000030  0.1000000010  1.2999999500
  0.2000000030  0.0000000000  1.2999999500
  0.2000000030  1.0000000000  1.2000000500
  0.2000000030  0.8999999760  1.2000000500
  0.2000000030  0.8000000120  1.2000000500
  0.2000000030  0.6999999880  1.2000000500
  0.2000000030  0.6000000240  1.2000000500
  0.2000000030  0.5000000000  1.2000000500
  0.2000000030  0.4000000060  1.2000000500
  0.2000000030  0.3000000120  1.2000000500
  0.2000000030  0.2000000030  1.2000000500
  0.2000000030  0.1000000010  1.2000000500
  0.2000000030  0.0000000000  1.2000000500
  0.2000000030  1.0000000000  1.1000000200
  0.2000000030  0.8999999760  1.1000000200
  0.2000000030  0.8000000120  1.1000000200
  0.2000000030  0.6999999880  1.1000000200
  0.2000000030  0.6000000240  1.1000000200
  0.2000000030  0.5000000000  1.1000000200
  0.2000000030  0.4000000060  1.1000000200
  0.2000000030  0.3000000120  1.1000000200
  0.2000000030  0.2000000030  1.1000000200
  0.2000000030  0.1000000010  1.1000000200
  0.2000000030  0.0000000000  1.1000000200
  0.2000000030  1.0000000000  1.0000000000
  0.2000000030  0.8999999760  1.0000000000
  0.2000000030  0.8000000120  1.0000000000
  0.2000000030  0.6999999880  1.0000000000
  0.2000000030  0.6000000240  1.0000000000
  0.2000000030  0.5000000000  1.0000000000
  0.2000000030  0.4000000060  1.0000000000
  0.2000000030  0.3000000120  1.0000000000
  0.2000000030  0.2000000030  1.0000000000
  0.2000000030  0.1000000010  1.0000000000
  0.2000000030  0.0000000000  1.0000000000
  0.2000000030  1.0000000000  0.8999999760
  0.2000000030  0.8999999760  0.8999999760
  0.2000000030  0.8000000120  0.8999999760
  0.2000000030  0.6999999880  0.8999999760
  0.2000000030  0.6000000240  0.8999999760
  0.2000000030  0.5000000000  0.8999999760
  0.2000000030  0.4000000060  0.8999999760
  0.2000000030  0.3000000120  0.8999999760
  0.2000000030  0.2000000030  0.8999999760
  0.2000000030  0.1000000010  0.8999999760
  0.2000000030  0.0000000000  0.8999999760
  0.2000000030  1.0000000000  0.8000000120
  0.2000000030  0.8999999760  0.8000000120
  0.2000000030  0.8000000120  0.8000000120
  0.2000000030  0.6999999880  0.8000000120
  0.2000000030  0.6000000240  0.8000000120
  0.2000000030  0.5000000000  0.8000000120
  0.2000000030  0.4000000060  0.8000000120
  0.2000000030  0.3000000120  0.8000000120
  0.2000000030  0.2000000030  0.8000000120
  0.2000000030  0.1000000010  0.8000000120
  0.2000000030  0.0000000000  0.8000000120
  0.2000000030  1.0000000000  0.6999999880
  0.2000000030  0.8999999760  0.6999999880
  0.2000000030  0.8000000120  0.6999999880
  0.2000000030  0.6999999880  0.6999999880
  0.2000000030  0.6000000240  0.6999999880
  0.2000000030  0.5000000000  0.6999999880
  0.2000000030  0.4000000060  0.6999999880
  0.2000000030  0.3000000120  0.6999999880
  0.2000000030  0.2000000030  0.6999999880
  0.2000000030  0.1000000010  0.6999999880
  0.2000000030  0.0000000000  0.6999999880
  0.2000000030  1.0000000000  0.6000000240
  0.2000000030  0.8999999760  0.6000000240
  0.2000000030  0.8000000120  0.6000000240
  0.2000000030  0.6999999880  0.6000000240
  0.2000000030  0.6000000240  0.6000000240
  0.2000000030  0.5000000000  0.6000000240
  0.2000000030  0.4000000060  0.6000000240
  0.2000000030  0.3000000120  0.6000000240
  0.2000000030  0.2000000030  0.6000000240
  0.2000000030  0.1000000010  0.6000000240
  0.2000000030  0.0000000000  0.6000000240
  0.2000000030  1.0000000000  0.5000000000
  0.2000000030  0.8999999760  0.5000000000
  0.2000000030  0.8000000120  0.5000000000
  0.2000000030  0.6999999880  0.5000000000
  0.2000000030  0.6000000240  0.5000000000
  0.2000000030  0.5000000000  0.5000000000
  0.2000000030  0.4000000060  0.5000000000
  0.2000000030  0.3000000120  0.5000000000
  0.2000000030  0.2000000030  0.5000000000
  0.2000000030  0.1000000010  0.5000000000
  0.2000000030  0.0000000000  0.5000000000
  0.2000000030  1.0000000000  0.4000000060
  0.2000000030  0.8999999760  0.4000000060
  0.2000000030  0.8000000120  0.4000000060
  0.2000000030  0.6999999880  0.4000000060
  0.2000000030  0.6000000240  0.4000000060
  0.2000000030  0.5000000000  0.4000000060
  0.2000000030  0.4000000060  0.4000000060
  0.2000000030  0.3000000120  0.4000000060
  0.2000000030  0.2000000030  0.4000000060
  0.2000000030  0.1000000010  0.4000000060
  0.2000000030  0.0000000000  0.4000000060
  0.2000000030  1.0000000000  0.3000000120
  0.2000000030  0.8999999760  0.3000000120
  0.2000000030  0.8000000120  0.3000000120
  0.2000000030  0.6999999880  0.3000000120
  0.2000000030  0.6000000240  0.3000000120
  0.2000000030  0.5000000000  0.3000000120
  0.2000000030  0.4000000060  0.3000000120
  0.2000000030  0.3000000120  0.3000000120
  0.2000000030  0.2000000030  0.3000000120
  0.2000000030  0.1000000010  0.3000000120
  0.2000000030  0.0000000000  0.3000000120
  0.2000000030  1.0000000000  0.2000000030
  0.2000000030  0.8999999760  0.2000000030
  0.2000000030  0.8000000120  0.2000000030
  0.2000000030  0.6999999880  0.2000000030
  0.2000000030  0.6000000240  0.2000000030
  0.2000000030  0.5000000000  0.2000000030
  0.2000000030  0.4000000060  0.2000000030
  0.2000000030  0.3000000120  0.2000000030
  0.2000000030  0.2000000030  0.2000000030
  0.2000000030  0.1000000010  0.2000000030
  0.2000000030  0.0000000000  0.2000000030
  0.2000000030  1.0000000000  0.1000000010
  0.2000000030  0.8999999760  0.1000000010
  0.2000000030  0.8000000120  0.1000000010
  0.2000000030  0.6999999880  0.1000000010
  0.2000000030  0.6000000240  0.1000000010
  0.2000000030  0.5000000000  0.1000000010
  0.2000000030  0.4000000060  0.1000000010
  0.2000000030  0.3000000120  0.1000000010
  0.2000000030  0.2000000030  0.1000000010
  0.2000000030  0.1000000010  0.1000000010
  0.2000000030  0.0000000000  0.1000000010
  0.2000000030  1.0000000000  0.0000000000
  0.2000000030  0.8999999760  0.0000000000
  0.2000000030  0.8000000120  0.0000000000
  0.2000000030  0.6999999880  0.0000000000
  0.2000000030  0.6000000240  0.0000000000
  0.2000000030  0.5000000000  0.0000000000
  0.2000000030  0.4000000060  0.0000000000
  0.2000000030  0.3000000120  0.0000000000
  0.2000000030  0.2000000030  0.0000000000
  0.2000000030  0.1000000010  0.0000000000
  0.2000000030  0.0000000000  0.0000000000
  0.1000000010  1.0000000000  2.0000000000
  0.1000000010  0.8999999760  2.0000000000
  0.1000000010  0.8000000120  2.0000000000
  0.1000000010  0.6999999880  2.0000000000
  0.1000000010  0.6000000240  2.0000000000
  0.1000000010  0.5000000000  2.0000000000
  0.1000000010  0.4000000060  2.0000000000
  0.1000000010  0.3000000120  2.0000000000
  0.1000000010  0.2000000030  2.0000000000
  0.1000000010  0.1000000010  2.0000000000
  0.1000000010  0.0000000000  2.0000000000
  0.1000000010  1.0000000000  1.8999999800
  0.1000000010  0.8999999760  1.8999999800
  0.1000000010  0.8000000120  1.8999999800
  0.1000000010  0.6999999880  1.8999999800
  0.1000000010  0.6000000240  1.8999999800
  0.1000000010  0.5000000000  1.8999999800
  0.1000000010  0.4000000060  1.8999999800
  0.1000000010  0.3000000120  1.8999999800
  0.1000000010  0.2000000030  1.8999999800
  0.1000000010  0.1000000010  1.8999999800
  0.1000000010  0.0000000000  1.8999999800
  0.1000000010  1.0000000000  1.7999999500
  0.1000000010  0.8999999760  1.7999999500
  0.1000000010  0.8000000120  1.7999999500
  0.1000000010  0.6999999880  1.7999999500
  0.1000000010  0.6000000240  1.7999999500
  0.1000000010  0.5000000000  1.7999999500
  0.1000000010  0.4000000060  1.7999999500
  0.1000000010  0.3000000120  1.7999999500
  0.1000000010  0.2000000030  1.7999999500
  0.1000000010  0.1000000010  1.7999999500
  0.1000000010  0.0000000000  1.7999999500
  0.1000000010  1.0000000000  1.7000000500
  0.1000000010  0.8999999760  1.7000000500
  0.1000000010  0.8000000120  1.7000000500
  0.1000000010  0.6999999880  1.7000000500
  0.1000000010  0.6000000240  1.7000000500
  0.1000000010  0.5000000000  1.7000000500
  0.1000000010  0.4000000060  1.7000000500
  0.1000000010  0.3000000120  1.7000000500
  0.1000000010  0.2000000030  1.7000000500
  0.1000000010  0.1000000010  1.7000000500
  0.1000000010  0.0000000000  1.7000000500
  0.1000000010  1.0000000000  1.6000000200
  0.1000000010  0.8999999760  1.6000000200
  0.1000000010  0.8000000120  1.6000000200
  0.1000000010  0.6999999880  1.6000000200
  0.1000000010  0.6000000240  1.6000000200
  0.1000000010  0.5000000000  1.6000000200
  0.1000000010  0.4000000060  1.6000000200
  0.1000000010  0.3000000120  1.6000000200
  0.1000000010  0.2000000030  1.6000000200
  0.1000000010  0.1000000010  1.6000000200
  0.1000000010  0.0000000000  1.6000000200
  0.1000000010  1.0000000000  1.5000000000
  0.1000000010  0.8999999760  1.5000000000
  0.1000000010  0.8000000120  1.5000000000
  0.1000000010  0.6999999880  1.5000000000
  0.1000000010  0.6000000240  1.5000000000
  0.1000000010  0.5000000000  1.5000000000
  0.1000000010  0.4000000060  1.5000000000
  0.1000000010  0.3000000120  1.5000000000
  0.1000000010  0.2000000030  1.5000000000
  0.1000000010  0.1000000010  1.5000000000
  0.1000000010  0.0000000000  1.5000000000
  0.1000000010  1.0000000000  1.3999999800
  0.1000000010  0.8999999760  1.3999999800
  0.1000000010  0.8000000120  1.3999999800
  0.1000000010  0.6999999880  1.3999999800
  0.1000000010  0.6000000240  1.3999999800
  0.1000000010  0.5000000000  1.3999999800
  0.1000000010  0.4000000060  1.3999999800
  0.1000000010  0.3000000120  1.3999999800
  0.1000000010  0.2000000030  1.3999999800
  0.1000000010  0.1000000010  1.3999999800
  0.1000000010  0.0000000000  1.3999999800
  0.1000000010  1.0000000000  1.2999999500
  0.1000000010  0.8999999760  1.2999999500
  0.1000000010  0.8000000120  1.2999999500
  0.1000000010  0.6999999880  1.2999999500
  0.1000000010  0.6000000240  1.2999999500
  0.1000000010  0.5000000000  1.2999999500
  0.1000000010  0.4000000060  1.2999999500
  0.1000000010  0.3000000120  1.2999999500
  0.1000000010  0.2000000030  1.2999999500
  0.1000000010  0.1000000010  1.2999999500
  0.1000000010  0.0000000000  1.2999999500
  0.1000000010  1.0000000000  1.2000000500
  0.1000000010  0.8999999760  1.2000000500
  0.1000000010  0.8000000120  1.2000000500
  0.1000000010  0.6999999880  1.2000000500
  0.1000000010  0.6000000240  1.2000000500
  0.1000000010  0.5000000000  1.2000000500
  0.1000000010  0.4000000060  1.2000000500
  0.1000000010  0.3000000120  1.2000000500
  0.1000000010  0.2000000030  1.2000000500
  0.1000000010  0.1000000010  1.2000000500
  0.1000000010  0.0000000000  1.2000000500
  0.1000000010  1.0000000000  1.1000000200
  0.1000000010  0.8999999760  1.1000000200
  0.1000000010  0.8000000120  1.1000000200
  0.1000000010  0.6999999880  1.1000000200
  0.1000000010  0.6000000240  1.1000000200
  0.1000000010  0.5000000000  1.1000000200
  0.1000000010  0.4000000060  1.1000000200
  0.1000000010  0.3000000120  1.1000000200
  0.1000000010  0.2000000030  1.1000000200
  0.1000000010  0.1000000010  1.1000000200
  0.1000000010  0.0000000000  1.1000000200
  0.1000000010  1.0000000000  1.0000000000
  0.1000000010  0.8999999760  1.0000000000
  0.1000000010  0.8000000120  1.0000000000
  0.1000000010  0.6999999880  1.0000000000
  0.1000000010  0.6000000240  1.0000000000
  0.1000000010  0.5000000000  1.0000000000
  0.1000000010  0.4000000060  1.0000000000
  0.1000000010  0.3000000120  1.0000000000
  0.1000000010  0.2000000030  1.0000000000
  0.1000000010  0.1000000010  1.0000000000
  0.1000000010  0.0000000000  1.0000000000
  0.1000000010  1.0000000000  0.8999999760
  0.1000000010  0.8999999760  0.8999999760
  0.1000000010  0.8000000120  0.8999999760
  0.1000000010  0.6999999880  0.8999999760
  0.1000000010  0.6000000240  0.8999999760
  0.1000000010  0.5000000000  0.8999999760
  0.1000000010  0.4000000060  0.8999999760
  0.1000000010  0.3000000120  0.8999999760
  0.1000000010  0.2000000030  0.8999999760
  0.1000000010  0.1000000010  0.8999999760
  0.1000000010  0.0000000000  0.8999999760
  0.1000000010  1.0000000000  0.8000000120
  0.1000000010  0.8999999760  0.8000000120
  0.1000000010  0.8000000120  0.8000000120
  0.1000000010  0.6999999880  0.8000000120
  0.1000000010  0.6000000240  0.8000000120
  0.1000000010  0.5000000000  0.8000000120
  0.1000000010  0.4000000060  0.8000000120
  0.1000000010  0.3000000120  0.8000000120
  0.1000000010  0.2000000030  0.8000000120
  0.1000000010  0.1000000010  0.8000000120
  0.1000000010  0.0000000000  0.8000000120
  0.1000000010  1.0000000000  0.6999999880
  0.1000000010  0.8999999760  0.6999999880
  0.1000000010  0.8000000120  0.6999999880
  0.1000000010  0.6999999880  0.6999999880
  0.1000000010  0.6000000240  0.6999999880
  0.1000000010  0.5000000000  0.6999999880
  0.1000000010  0.4000000060  0.6999999880
  0.1000000010  0.3000000120  0.6999999880
  0.1000000010  0.2000000030  0.6999999880
  0.1000000010  0.1000000010  0.6999999880
  0.1000000010  0.0000000000  0.6999999880
  0.1000000010  1.0000000000  0.6000000240
  0.1000000010  0.8999999760  0.6000000240
  0.1000000010  0.8000000120  0.6000000240
  0.1000000010  0.6999999880  0.6000000240
  0.1000000010  0.6000000240  0.6000000240
  0.1000000010  0.5000000000  0.6000000240
  0.1000000010  0.4000000060  0.6000000240
  0.1000000010  0.3000000120  0.6000000240
  0.1000000010  0.2000000030  0.6000000240
  0.1000000010  0.1000000010  0.6000000240
  0.1000000010  0.0000000000  0.6000000240
  0.1000000010  1.0000000000  0.5000000000
  0.1000000010  0.8999999760  0.5000000000
  0.1000000010  0.8000000120  0.5000000000
  0.1000000010  0.6999999880  0.5000000000
  0.1000000010  0.6000000240  0.5000000000
  0.1000000010  0.5000000000  0.5000000000
  0.1000000010  0.4000000060  0.5000000000
  0.1000000010  0.3000000120  0.5000000000
  0.1000000010  0.2000000030  0.5000000000
  0.1000000010  0.1000000010  0.5000000000
  0.1000000010  0.0000000000  0.5000000000
  0.1000000010  1.0000000000  0.4000000060
  0.1000000010  0.8999999760  0.4000000060
  0.1000000010  0.8000000120  0.4000000060
  0.1000000010  0.6999999880  0.4000000060
  0.1000000010  0.6000000240  0.4000000060
  0.1000000010  0.5000000000  0.4000000060
  0.1000000010  0.4000000060  0.4000000060
  0.1000000010  0.3000000120  0.4000000060
  0.1000000010  0.2000000030  0.4000000060
  0.1000000010  0.1000000010  0.4000000060
  0.1000000010  0.0000000000  0.4000000060
  0.1000000010  1.0000000000  0.3000000120
  0.1000000010  0.8999999760  0.3000000120
  0.1000000010  0.8000000120  0.3000000120
  0.1000000010  0.6999999880  0.3000000120
  0.1000000010  0.6000000240  0.3000000120
  0.1000000010  0.5000000000  0.3000000120
  0.1000000010  0.4000000060  0.3000000120
  0.1000000010  0.3000000120  0.3000000120
  0.1000000010  0.2000000030  0.3000000120
  0.1000000010  0.1000000010  0.3000000120
  0.1000000010  0.0000000000  0.3000000120
  0.1000000010  1.0000000000  0.2000000030
  0.1000000010  0.8999999760  0.2000000030
  0.1000000010  0.8000000120  0.2000000030
  0.1000000010  0.6999999880  0.2000000030
  0.1000000010  0.6000000240  0.2000000030
  0.1000000010  0.5000000000  0.2000000030
  0.1000000010  0.4000000060  0.2000000030
  0.1000000010  0.3000000120  0.2000000030
  0.1000000010  0.2000000030  0.2000000030
  0.1000000010  0.1000000010  0.2000000030
  0.1000000010  0.0000000000  0.2000000030
  0.1000000010  1.0000000000  0.1000000010
  0.1000000010  0.8999999760  0.1000000010
  0.1000000010  0.8000000120  0.1000000010
  0.1000000010  0.6999999880  0.1000000010
  0.1000000010  0.6000000240  0.1000000010
  0.1000000010  0.5000000000  0.1000000010
  0.1000000010  0.4000000060  0.1000000010
  0.1000000010  0.3000000120  0.1000000010
  0.1000000010  0.2000000030  0.1000000010
  0.1000000010  0.1000000010  0.1000000010
  0.1000000010  0.0000000000  0.1000000010
  0.1000000010  1.0000000000  0.0000000000
  0.1000000010  0.8999999760  0.0000000000
  0.1000000010  0.8000000120  0.0000000000
  0.1000000010  0.6999999880  0.0000000000
  0.1000000010  0.6000000240  0.0000000000
  0.1000000010  0.5000000000  0.0000000000
  0.1000000010  0.4000000060  0.0000000000
  0.1000000010  0.3000000120  0.0000000000
  0.1000000010  0.2000000030  0.0000000000
  0.1000000010  0.1000000010  0.0000000000
  0.1000000010  0.0000000000  0.0000000000
  0.0000000000  1.0000000000  2.0000000000
  0.0000000000  0.8999999760  2.0000000000
  0.0000000000  0.8000000120  2.0000000000
  0.0000000000  0.6999999880  2.0000000000
  0.0000000000  0.6000000240  2.0000000000
  0.0000000000  0.5000000000  2.0000000000
  0.0000000000  0.4000000060  2.0000000000
  0.0000000000  0.3000000120  2.0000000000
  0.0000000000  0.2000000030  2.0000000000
  0.0000000000  0.1000000010  2.0000000000
  0.0000000000  0.0000000000  2.0000000000
  0.0000000000  1.0000000000  1.8999999800
  0.0000000000  0.8999999760  1.8999999800
  0.0000000000  0.8000000120  1.8999999800
  0.0000000000  0.6999999880  1.8999999800
  0.0000000000  0.6000000240  1.8999999800
  0.0000000000  0.5000000000  1.8999999800
  0.0000000000  0.4000000060  1.8999999800
  0.0000000000  0.3000000120  1.8999999800
  0.0000000000  0.2000000030  1.8999999800
  0.0000000000  0.1000000010  1.8999999800
  0.0000000000  0.0000000000  1.8999999800
  0.0000000000  1.0000000000  1.7999999500
  0.0000000000  0.8999999760  1.7999999500
  0.0000000000  0.8000000120  1.7999999500
  0.0000000000  0.6999999880  1.7999999500
  0.0000000000  0.6000000240  1.7999999500
  0.0000000000  0.5000000000  1.7999999500
  0.0000000000  0.4000000060  1.7999999500
  0.0000000000  0.3000000120  1.7999999500
  0.0000000000  0.2000000030  1.7999999500
  0.0000000000  0.1000000010  1.7999999500
  0.0000000000  0.0000000000  1.7999999500
  0.0000000000  1.0000000000  1.7000000500
  0.0000000000  0.8999999760  1.7000000500
  0.0000000000  0.8000000120  1.7000000500
  0.0000000000  0.6999999880  1.7000000500
  0.0000000000  0.6000000240  1.7000000500
  0.0000000000  0.5000000000  1.7000000500
  0.0000000000  0.4000000060  1.7000000500
  0.0000000000  0.3000000120  1.7000000500
  0.0000000000  0.2000000030  1.7000000500
  0.0000000000  0.1000000010  1.7000000500
  0.0000000000  0.0000000000  1.7000000500
  0.0000000000  1.0000000000  1.6000000200
  0.0000000000  0.8999999760  1.6000000200
  0.0000000000  0.8000000120  1.6000000200
  0.0000000000  0.6999999880  1.6000000200
  0.0000000000  0.6000000240  1.6000000200
  0.0000000000  0.5000000000  1.6000000200
  0.0000000000  0.4000000060  1.6000000200
  0.0000000000  0.3000000120  1.6000000200
  0.0000000000  0.2000000030  1.6000000200
  0.0000000000  0.1000000010  1.6000000200
  0.0000000000  0.0000000000  1.6000000200
  0.0000000000  1.0000000000  1.5000000000
  0.0000000000  0.8999999760  1.5000000000
  0.0000000000  0.8000000120  1.5000000000
  0.0000000000  0.6999999880  1.5000000000
  0.0000000000  0.6000000240  1.5000000000
  0.0000000000  0.5000000000  1.5000000000
  0.0000000000  0.4000000060  1.5000000000
  0.0000000000  0.3000000120  1.5000000000
  0.0000000000  0.2000000030  1.5000000000
  0.0000000000  0.1000000010  1.5000000000
  0.0000000000  0.0000000000  1.5000000000
  0.0000000000  1.0000000000  1.3999999800
  0.0000000000  0.8999999760  1.3999999800
  0.0000000000  0.8000000120  1.3999999800
  0.0000000000  0.6999999880  1.3999999800
  0.0000000000  0.6000000240  1.3999999800
  0.0000000000  0.5000000000  1.3999999800
  0.0000000000  0.4000000060  1.3999999800
  0.0000000000  0.3000000120  1.3999999800
  0.0000000000  0.2000000030  1.3999999800
  0.0000000000  0.1000000010  1.3999999800
  0.0000000000  0.0000000000  1.3999999800
  0.0000000000  1.0000000000  1.2999999500
  0.0000000000  0.8999999760  1.2999999500
  0.0000000000  0.8000000120  1.2999999500
  0.0000000000  0.6999999880  1.2999999500
  0.0000000000  0.6000000240  1.2999999500
  0.0000000000  0.5000000000  1.2999999500
  0.0000000000  0.4000000060  1.2999999500
  0.0000000000  0.3000000120  1.2999999500
  0.0000000000  0.2000000030  1.2999999500
  0.0000000000  0.1000000010  1.2999999500
  0.0000000000  0.0000000000  1.2999999500
  0.0000000000  1.0000000000  1.2000000500
  0.0000000000  0.8999999760  1.2000000500
  0.0000000000  0.8000000120  1.2000000500
  0.0000000000  0.6999999880  1.2000000500
  0.0000000000  0.6000000240  1.2000000500
  0.0000000000  0.5000000000  1.2000000500
  0.0000000000  0.4000000060  1.2000000500
  0.0000000000  0.3000000120  1.2000000500
  0.0000000000  0.2000000030  1.2000000500
  0.0000000000  0.1000000010  1.2000000500
  0.0000000000  0.0000000000  1.2000000500
  0.0000000000  1.0000000000  1.1000000200
  0.0000000000  0.8999999760  1.1000000200
  0.0000000000  0.8000000120  1.1000000200
  0.0000000000  0.6999999880  1.1000000200
  0.0000000000  0.6000000240  1.1000000200
  0.0000000000  0.5000000000  1.1000000200
  0.0000000000  0.4000000060  1.1000000200
  0.0000000000  0.3000000120  1.1000000200
  0.0000000000  0.2000000030  1.1000000200
  0.0000000000  0.1000000010  1.1000000200
  0.0000000000  0.0000000000  1.1000000200
  0.0000000000  1.0000000000  1.0000000000
  0.0000000000  0.8999999760  1.0000000000
  0.0000000000  0.8000000120  1.0000000000
  0.0000000000  0.6999999880  1.0000000000
  0.0000000000  0.6000000240  1.0000000000
  0.0000000000  0.5000000000  1.0000000000
  0.0000000000  0.4000000060  1.0000000000
  0.0000000000  0.3000000120  1.0000000000
  0.0000000000  0.2000000030  1.0000000000
  0.0000000000  0.1000000010  1.0000000000
  0.0000000000  0.0000000000  1.0000000000
  0.0000000000  1.0000000000  0.8999999760
  0.0000000000  0.8999999760  0.8999999760
  0.0000000000  0.8000000120  0.8999999760
  0.0000000000  0.6999999880  0.8999999760
  0.0000000000  0.6000000240  0.8999999760
  0.0000000000  0.5000000000  0.8999999760
  0.0000000000  0.4000000060  0.8999999760
  0.0000000000  0.3000000120  0.8999999760
  0.0000000000  0.2000000030  0.8999999760
  0.0000000000  0.1000000010  0.8999999760
  0.0000000000  0.0000000000  0.8999999760
  0.0000000000  1.0000000000  0.8000000120
  0.0000000000  0.8999999760  0.8000000120
  0.0000000000  0.8000000120  0.8000000120
  0.0000000000  0.6999999880  0.8000000120
  0.0000000000  0.6000000240  0.8000000120
  0.0000000000  0.5000000000  0.8000000120
  0.0000000000  0.4000000060  0.8000000120
  0.0000000000  0.3000000120  0.8000000120
  0.0000000000  0.2000000030  0.8000000120
  0.0000000000  0.1000000010  0.8000000120
  0.0000000000  0.0000000000  0.8000000120
  0.0000000000  1.0000000000  0.6999999880
  0.0000000000  0.8999999760  0.6999999880
  0.0000000000  0.8000000120  0.6999999880
  0.0000000000  0.6999999880  0.6999999880
  0.0000000000  0.6000000240  0.6999999880
  0.0000000000  0.5000000000  0.6999999880
  0.0000000000  0.4000000060  0.6999999880
  0.0000000000  0.3000000120  0.6999999880
  0.0000000000  0.2000000030  0.6999999880
  0.0000000000  0.1000000010  0.6999999880
  0.0000000000  0.0000000000  0.6999999880
  0.0000000000  1.0000000000  0.6000000240
  0.0000000000  0.8999999760  0.6000000240
  0.0000000000  0.8000000120  0.6000000240
  0.0000000000  0.6999999880  0.6000000240
  0.0000000000  0.6000000240  0.6000000240
  0.0000000000  0.5000000000  0.6000000240
  0.0000000000  0.4000000060  0.6000000240
  0.0000000000  0.3000000120  0.6000000240
  0.0000000000  0.2000000030  0.6000000240
  0.0000000000  0.1000000010  0.6000000240
  0.0000000000  0.0000000000  0.6000000240
  0.0000000000  1.0000000000  0.5000000000
  0.0000000000  0.8999999760  0.5000000000
  0.0000000000  0.8000000120  0.5000000000
  0.0000000000  0.6999999880  0.5000000000
  0.0000000000  0.6000000240  0.5000000000
  0.0000000000  0.5000000000  0.5000000000
  0.0000000000  0.4000000060  0.5000000000
  0.0000000000  0.3000000120  0.5000000000
  0.0000000000  0.2000000030  0.5000000000
  0.0000000000  0.1000000010  0.5000000000
  0.0000000000  0.0000000000  0.5000000000
  0.0000000000  1.0000000000  0.4000000060
  0.0000000000  0.8999999760  0.4000000060
  0.0000000000  0.8000000120  0.4000000060
  0.0000000000  0.6999999880  0.4000000060
  0.0000000000  0.6000000240  0.4000000060
  0.0000000000  0.5000000000  0.4000000060
  0.0000000000  0.4000000060  0.4000000060
  0.0000000000  0.3000000120  0.4000000060
  0.0000000000  0.2000000030  0.4000000060
  0.0000000000  0.1000000010  0.4000000060
  0.0000000000  0.0000000000  0.4000000060
  0.0000000000  1.0000000000  0.3000000120
  0.0000000000  0.8999999760  0.3000000120
  0.0000000000  0.8000000120  0.3000000120
  0.0000000000  0.6999999880  0.3000000120
  0.0000000000  0.6000000240  0.3000000120
  0.0000000000  0.5000000000  0.3000000120
  0.0000000000  0.4000000060  0.3000000120
  0.0000000000  0.3000000120  0.3000000120
  0.0000000000  0.2000000030  0.3000000120
  0.0000000000  0.1000000010  0.3000000120
  0.0000000000  0.0000000000  0.3000000120
  0.0000000000  1.0000000000  0.2000000030
  0.0000000000  0.8999999760  0.2000000030
  0.0000000000  0.8000000120  0.2000000030
  0.0000000000  0.6999999880  0.2000000030
  0.0000000000  0.6000000240  0.2000000030
  0.0000000000  0.5000000000  0.2000000030
  0.0000000000  0.4000000060  0.2000000030
  0.0000000000  0.3000000120  0.2000000030
  0.0000000000  0.2000000030  0.2000000030
  0.0000000000  0.1000000010  0.2000000030
  0.0000000000  0.0000000000  0.2000000030
  0.0000000000  1.0000000000  0.1000000010
  0.0000000000  0.8999999760  0.1000000010
  0.0000000000  0.8000000120  0.1000000010
  0.0000000000  0.6999999880  0.1000000010
  0.0000000000  0.6000000240  0.1000000010
  0.0000000000  0.5000000000  0.1000000010
  0.0000000000  0.4000000060  0.1000000010
  0.0000000000  0.3000000120  0.1000000010
  0.0000000000  0.2000000030  0.1000000010
  0.0000000000  0.1000000010  0.1000000010
  0.0000000000  0.0000000000  0.1000000010
  0.0000000000  1.0000000000  0.0000000000
  0.0000000000  0.8999999760  0.0000000000
  0.0000000000  0.8000000120  0.0000000000
  0.0000000000  0.6999999880  0.0000000000
  0.0000000000  0.6000000240  0.0000000000
  0.0000000000  0.5000000000  0.0000000000
  0.0000000000  0.4000000060  0.0000000000
  0.0000000000  0.3000000120  0.0000000000
  0.0000000000  0.2000000030  0.0000000000
  0.0000000000  0.1000000010  0.0000000000
  0.0000000000  0.0000000000  0.0000000000
