       1       0       0       0       0       0       0       0       0
       2       0       0       0       0       0       0       0       0
       3       0       0       0       0       0       0       0       0
       4       0       0       0       0       0       0       0       0
       5       0       1       0       0       0       0       0       0
       6       1       1       0       0       0       0       0       0
       7       1       1       0       0       0       0       0       0
       8       1       1       0       0       0       0       0       0
       9       1       1       0       0       0       0       0       0
      10       1       1       0       0       0       0       0       0
     201       1       1       0       0       0       0       0       0
     202       1       1       0       0       0       0       0       0
     203       1       1       0       0       0       0       0       0
     204       1       1       0       0       0       0       0       0
     205       1       1       0       0       0       1       0       0
     206       1       1       0       0       1       1       0       0
     207       1       1       0       0       1       1       0       0
     208       1       1       0       0       1       1       0       0
     209       1       1       0       0       1       1       0       0
     210       1       1       0       0       1       1       0       0
     401       1       1       0       0       1       1       0       0
     402       1       1       0       0       1       1       0       0
     403       1       1       0       0       1       1       0       0
     404       1       1       0       0       1       1       0       0
     405       1       1       0       0       1       1       0       0
     406       1       1       0       0       1       1       0       0
     407       1       1       0       0       1       1       0       0
     408       1       1       0       0       1       1       0       0
     409       1       1       0       0       1       1       0       0
     410       1       1       0       0       1       1       0       0
     601       1       1       0       0       1       1       0       0
     602       1       1       0       0       1       1       0       0
     603       1       1       0       0       1       1       0       0
     604       1       1       0       0       1       1       0       0
     605       1       1       0       0       1       1       0       0
     606       1       1       0       0       1       1       0       0
     607       1       1       0       0       1       1       0       0
     608       1       1       0       0       1       1       0       0
     609       1       1       0       0       1       1       0       0
     610       1       1       0       0       1       1       0       0
     801       1       1       0       0       1       1       0       0
     802       1       1       0       0       1       1       0       0
     803       1       1       0       0       1       1       0       0
     804       1       1       0       0       1       1       0       0
     805       1       1       0       0       1       1       0       0
     806       1       1       0       0       1       1       0       0
     807       1       1       0       0       1       1       0       0
     808       1       1       0       0       1       1       0       0
     809       1       1       0       0       1       1       0       0
     810       1       1       0       0       1       1       0       0
       1       0       0       0       0       1       1       1       1
       2       0       0       0       0       1       1       1       1
       3       0       0       0       0       1       1       1       1
       4       0       0       0       0       1       1       1       1
       5       0       0       0       0       1       1       1       1
       6       0       0       0       0       1       1       1       1
       7       0       0       0       0       1       1       1       1
       8       0       0       0       0       1       1       1       1
       9       0       0       0       0       1       1       1       1
      10       0       0       0       0       1       1       1       1
      11       0       0       0       0       1       1       1       1
      12       0       0       0       0       1       1       1       1
      13       0       0       0       0       1       1       1       1
      14       0       0       0       0       1       1       1       1
      15       0       0       0       0       1       1       1       1
      16       0       0       0       0       1       1       1       1
      17       0       0       0       0       1       1       1       1
      18       0       0       0       0       1       1       1       1
      19       0       0       0       0       1       1       1       1
      20       0       0       0       0       1       1       1       1
      21       0       0       0       0       1       1       1       1
      22       0       0       0       0       1       1       1       1
      23       0       0       0       0       1       1       1       1
      24       0       0       0       0       1       1       1       1
      25       0       0       0       0       1       1       1       1
      26       0       0       0       0       1       1       1       1
      27       0       0       0       0       1       1       1       1
      28       0       0       0       0       1       1       1       1
      29       0       0       0       0       1       1       1       1
      30       0       0       0       0       1       1       1       1
      31       0       0       0       0       1       1       1       1
      32       0       0       0       0       1       1       1       1
      33       0       0       0       0       1       1       1       1
      34       0       0       0       0       1       1       1       1
      35       0       0       0       0       1       1       1       1
      36       0       0       0       0       1       1       1       1
      37       0       0       0       0       1       1       1       1
      38       0       0       0       0       1       1       1       1
      39       0       0       0       0       1       1       1       1
      40       0       0       0       0       1       1       1       1
      41       0       0       0       0       1       1       1       1
      42       0       0       0       0       1       1       1       1
      43       0       0       0       0       1       1       1       1
      44       0       0       0       0       1       1       1       1
      45       0       0       0       0       1       1       1       1
      46       0       0       0       0       1       1       1       1
      47       0       0       0       0       1       1       1       1
      48       0       0       0       0       1       1       1       1
      49       0       0       0       0       1       1       1       1
      50       0       0       0       0       1       1       1       1
      51       0       0       0       0       1       1       1       1
      52       0       0       0       0       1       1       1       1
      53       0       0       0       0       1       1       1       1
      54       0       0       0       0       1       1       1       1
      55       0       0       0       0       1       1       1       1
      56       0       0       0       0       1       1       1       1
      57       0       0       0       0       1       1       1       1
      58       0       0       0       0       1       1       1       1
      59       0       0       0       0       1       1       1       1
      60       0       0       0       0       1       1       1       1
      61       0       0       0       0       1       1       1       1
      62       0       0       0       0       1       1       1       1
      63       0       0       0       0       1       1       1       1
      64       0       0       0       0       1       1       1       1
      65       0       0       0       0       1       1       1       1
      66       0       0       0       0       1       1       1       1
      67       0       0       0       0       1       1       1       1
      68       0       0       0       0       1       1       1       1
      69       0       0       0       0       1       1       1       1
      70       0       0       0       0       1       1       1       1
      71       0       0       0       0       1       1       1       1
      72       0       0       0       0       1       1       1       1
      73       0       0       0       0       1       1       1       1
      74       0       0       0       0       1       1       1       1
      75       0       0       0       0       1       1       1       1
      76       0       0       0       0       1       1       1       1
      77       0       0       0       0       1       1       1       1
      78       0       0       0       0       1       1       1       1
      79       0       0       0       0       1       1       1       1
      80       0       0       0       0       1       1       1       1
      81       0       0       0       0       1       1       1       1
      82       0       0       0       0       1       1       1       1
      83       0       0       0       0       1       1       1       1
      84       0       0       0       0       1       1       1       1
      85       0       0       0       0       1       1       1       1
      86       0       0       0       0       1       1       1       1
      87       0       0       0       0       1       1       1       1
      88       0       0       0       0       1       1       1       1
      89       0       0       0       0       1       1       1       1
      90       0       0       0       0       1       1       1       1
      91       0       0       0       0       1       1       1       1
      92       0       0       0       0       1       1       1       1
      93       0       0       0       0       1       1       1       1
      94       0       0       0       0       1       1       1       1
      95       0       0       0       0       1       1       1       1
      96       0       0       0       0       1       1       1       1
      97       0       0       0       0       1       1       1       1
      98       0       0       0       0       1       1       1       1
      99       0       0       0       0       1       1       1       1
     100       0       0       0       0       1       1       1       1
     101       0       0       0       0       1       1       1       1
     102       0       0       0       0       1       1       1       1
     103       0       0       0       0       1       1       1       1
     104       0       0       0       0       1       1       1       1
     105       0       0       0       0       1       1       1       1
     106       0       0       0       0       1       1       1       1
     107       0       0       0       0       1       1       1       1
     108       0       0       0       0       1       1       1       1
     109       0       0       0       0       1       1       1       1
     110       0       0       0       0       1       1       1       1
     111       0       0       0       0       1       1       1       1
     112       0       0       0       0       1       1       1       1
     113       0       0       0       0       1       1       1       1
     114       0       0       0       0       1       1       1       1
     115       0       0       0       0       1       1       1       1
     116       0       0       0       0       1       1       1       1
     117       0       0       0       0       1       1       1       1
     118       0       0       0       0       1       1       1       1
     119       0       0       0       0       1       1       1       1
     120       0       0       0       0       1       1       1       1
     121       0       0       0       0       1       1       1       1
     122       0       0       0       0       1       1       1       1
     123       0       0       0       0       1       1       1       1
     124       0       0       0       0       1       1       1       1
     125       0       0       0       0       1       1       1       1
     126       0       0       0       0       1       1       1       1
     127       0       0       0       0       1       1       1       1
     128       0       0       0       0       1       1       1       1
     129       0       0       0       0       1       1       1       1
     130       0       0       0       0       1       1       1       1
     131       0       0       0       0       1       1       1       1
     132       0       0       0       0       1       1       1       1
     133       0       0       0       0       1       1       1       1
     134       0       0       0       0       1       1       1       1
     135       0       0       0       0       1       1       1       1
     136       0       0       0       0       1       1       1       1
     137       0       0       0       0       1       1       1       1
     138       0       0       0       0       1       1       1       1
     139       0       0       0       0       1       1       1       1
     140       0       0       0       0       1       1       1       1
     141       0       0       0       0       1       1       1       1
     142       0       0       0       0       1       1       1       1
     143       0       0       0       0       1       1       1       1
     144       0       0       0       0       1       1       1       1
     145       0       0       0       0       1       1       1       1
     146       0       0       0       0       1       1       1       1
     147       0       0       0       0       1       1       1       1
     148       0       0       0       0       1       1       1       1
     149       0       0       0       0       1       1       1       1
     150       0       0       0       0       1       1       1       1
     151       0       0       0       0       1       1       1       1
     152       0       0       0       0       1       1       1       1
     153       0       0       0       0       1       1       1       1
     154       0       0       0       0       1       1       1       1
     155       0       0       0       0       1       1       1       1
     156       0       0       0       0       1       1       1       1
     157       0       0       0       0       1       1       1       1
     158       0       0       0       0       1       1       1       1
     159       0       0       0       0       1       1       1       1
     160       0       0       0       0       1       1       1       1
     161       0       0       0       0       1       1       1       1
     162       0       0       0       0       1       1       1       1
     163       0       0       0       0       1       1       1       1
     164       0       0       0       0       1       1       1       1
     165       0       0       0       0       1       1       1       1
     166       0       0       0       0       1       1       1       1
     167       0       0       0       0       1       1       1       1
     168       0       0       0       0       1       1       1       1
     169       0       0       0       0       1       1       1       1
     170       0       0       0       0       1       1       1       1
     171       0       0       0       0       1       1       1       1
     172       0       0       0       0       1       1       1       1
     173       0       0       0       0       1       1       1       1
     174       0       0       0       0       1       1       1       1
     175       0       0       0       0       1       1       1       1
     176       0       0       0       0       1       1       1       1
     177       0       0       0       0       1       1       1       1
     178       0       0       0       0       1       1       1       1
     179       0       0       0       0       1       1       1       1
     180       0       0       0       0       1       1       1       1
     181       0       0       0       0       1       1       1       1
     182       0       0       0       0       1       1       1       1
     183       0       0       0       0       1       1       1       1
     184       0       0       0       0       1       1       1       1
     185       0       0       0       0       1       1       1       1
     186       0       0       0       0       1       1       1       1
     187       0       0       0       0       1       1       1       1
     188       0       0       0       0       1       1       1       1
     189       0       0       0       0       1       1       1       1
     190       0       0       0       0       1       1       1       1
     191       0       0       0       0       1       1       1       1
     192       0       0       0       0       1       1       1       1
     193       0       0       0       0       1       1       1       1
     194       0       0       0       0       1       1       1       1
     195       0       0       0       0       1       1       1       1
     196       0       0       0       0       1       1       1       1
     197       0       0       0       0       1       1       1       1
     198       0       0       0       0       1       1       1       1
     199       0       0       0       0       1       1       1       1
     200       0       0       0       0       1       1       1       1
       1       1       0       0       1       1       0       0       1
      11       1       0       0       1       1       0       0       1
      21       1       0       0       1       1       0       0       1
      31       1       0       0       1       1       0       0       1
      41       1       0       0       1       1       0       0       1
      51       1       0       0       1       1       0       0       1
      61       1       0       0       1       1       0       0       1
      71       1       0       0       1       1       0       0       1
      81       1       0       0       1       1       0       0       1
      91       1       0       0       1       1       0       0       1
     101       1       0       0       1       1       0       0       1
     111       1       0       0       1       1       0       0       1
     121       1       0       0       1       1       0       0       1
     131       1       0       0       1       1       0       0       1
     141       1       0       0       1       1       0       0       1
     151       1       0       0       1       1       0       0       1
     161       1       0       0       1       1       0       0       1
     171       1       0       0       1       1       0       0       1
     181       1       0       0       1       1       0       0       1
     191       1       0       0       1       1       0       0       1
     201       1       0       0       1       1       0       0       1
     211       1       0       0       1       1       0       0       1
     221       1       0       0       1       1       0       0       1
     231       1       0       0       1       1       0       0       1
     241       1       0       0       1       1       0       0       1
     251       1       0       0       1       1       0       0       1
     261       1       0       0       1       1       0       0       1
     271       1       0       0       1       1       0       0       1
     281       1       0       0       1       1       0       0       1
     291       1       0       0       1       1       0       0       1
     301       1       0       0       1       1       0       0       1
     311       1       0       0       1       1       0       0       1
     321       1       0       0       1       1       0       0       1
     331       1       0       0       1       1       0       0       1
     341       1       0       0       1       1       0       0       1
     351       1       0       0       1       1       0       0       1
     361       1       0       0       1       1       0       0       1
     371       1       0       0       1       1       0       0       1
     381       1       0       0       1       1       0       0       1
     391       1       0       0       1       1       0       0       1
     401       1       0       0       1       1       0       0       1
     411       1       0       0       1       1       0       0       1
     421       1       0       0       1       1       0       0       1
     431       1       0       0       1       1       0       0       1
     441       1       0       0       1       1       0       0       1
     451       1       0       0       1       1       0       0       1
     461       1       0       0       1       1       0       0       1
     471       1       0       0       1       1       0       0       1
     481       1       0       0       1       1       0       0       1
     491       1       0       0       1       1       0       0       1
     501       1       0       0       1       1       0       0       1
     511       1       0       0       1       1       0       0       1
     521       1       0       0       1       1       0       0       1
     531       1       0       0       1       1       0       0       1
     541       1       0       0       1       1       0       0       1
     551       1       0       0       1       1       0       0       1
     561       1       0       0       1       1       0       0       1
     571       1       0       0       1       1       0       0       1
     581       1       0       0       1       1       0       0       1
     591       1       0       0       1       1       0       0       1
     601       1       0       0       1       1       0       0       1
     611       1       0       0       1       1       0       0       1
     621       1       0       0       1       1       0       0       1
     631       1       0       0       1       1       0       0       1
     641       1       0       0       1       1       0       0       1
     651       1       0       0       1       1       0       0       1
     661       1       0       0       1       1       0       0       1
     671       1       0       0       1       1       0       0       1
     681       1       0       0       1       1       0       0       1
     691       1       0       0       1       1       0       0       1
     701       1       0       0       1       1       0       0       1
     711       1       0       0       1       1       0       0       1
     721       1       0       0       1       1       0       0       1
     731       1       0       0       1       1       0       0       1
     741       1       0       0       1       1       0       0       1
     751       1       0       0       1       1       0       0       1
     761       1       0       0       1       1       0       0       1
     771       1       0       0       1       1       0       0       1
     781       1       0       0       1       1       0       0       1
     791       1       0       0       1       1       0       0       1
     801       1       0       0       1       1       0       0       1
     811       1       0       0       1       1       0       0       1
     821       1       0       0       1       1       0       0       1
     831       1       0       0       1       1       0       0       1
     841       1       0       0       1       1       0       0       1
     851       1       0       0       1       1       0       0       1
     861       1       0       0       1       1       0       0       1
     871       1       0       0       1       1       0       0       1
     881       1       0       0       1       1       0       0       1
     891       1       0       0       1       1       0       0       1
     901       1       0       0       1       1       0       0       1
     911       1       0       0       1       1       0       0       1
     921       1       0       0       1       1       0       0       1
     931       1       0       0       1       1       0       0       1
     941       1       0       0       1       1       0       0       1
     951       1       0       0       1       1       0       0       1
     961       1       0       0       1       1       0       0       1
     971       1       0       0       1       1       0       0       1
     981       1       0       0       1       1       0       0       1
     991       1       0       0       1       1       0       0       1
     191       0       0       1       1       0       0       1       1
     192       0       0       1       1       0       0       1       1
     193       0       0       1       1       0       0       1       1
     194       0       0       1       1       0       0       1       1
     195       0       0       1       1       0       0       1       1
     196       0       0       1       1       0       0       1       1
     197       0       0       1       1       0       0       1       1
     198       0       0       1       1       0       0       1       1
     199       0       0       1       1       0       0       1       1
     200       0       0       1       1       0       0       1       1
     391       0       0       1       1       0       0       1       1
     392       0       0       1       1       0       0       1       1
     393       0       0       1       1       0       0       1       1
     394       0       0       1       1       0       0       1       1
     395       0       0       1       1       0       0       1       1
     396       0       0       1       1       0       0       1       1
     397       0       0       1       1       0       0       1       1
     398       0       0       1       1       0       0       1       1
     399       0       0       1       1       0       0       1       1
     400       0       0       1       1       0       0       1       1
     591       0       0       1       1       0       0       1       1
     592       0       0       1       1       0       0       1       1
     593       0       0       1       1       0       0       1       1
     594       0       0       1       1       0       0       1       1
     595       0       0       1       1       0       0       1       1
     596       0       0       1       1       0       0       1       1
     597       0       0       1       1       0       0       1       1
     598       0       0       1       1       0       0       1       1
     599       0       0       1       1       0       0       1       1
     600       0       0       1       1       0       0       1       1
     791       0       0       1       1       0       0       1       1
     792       0       0       1       1       0       0       1       1
     793       0       0       1       1       0       0       1       1
     794       0       0       1       1       0       0       1       1
     795       0       0       1       1       0       0       1       1
     796       0       0       1       1       0       0       1       1
     797       0       0       1       1       0       0       1       1
     798       0       0       1       1       0       0       1       1
     799       0       0       1       1       0       0       1       1
     800       0       0       1       1       0       0       1       1
     991       0       0       1       1       0       0       1       1
     992       0       0       1       1       0       0       1       1
     993       0       0       1       1       0       0       1       1
     994       0       0       1       1       0       0       1       1
     995       0       0       1       1       0       0       1       1
     996       0       0       1       1       0       0       1       1
     997       0       0       1       1       0       0       1       1
     998       0       0       1       1       0       0       1       1
     999       0       0       1       1       0       0       1       1
    1000       0       0       1       1       0       0       1       1
     801       1       1       1       1       0       0       0       0
     802       1       1       1       1       0       0       0       0
     803       1       1       1       1       0       0       0       0
     804       1       1       1       1       0       0       0       0
     805       1       1       1       1       0       0       0       0
     806       1       1       1       1       0       0       0       0
     807       1       1       1       1       0       0       0       0
     808       1       1       1       1       0       0       0       0
     809       1       1       1       1       0       0       0       0
     810       1       1       1       1       0       0       0       0
     811       1       1       1       1       0       0       0       0
     812       1       1       1       1       0       0       0       0
     813       1       1       1       1       0       0       0       0
     814       1       1       1       1       0       0       0       0
     815       1       1       1       1       0       0       0       0
     816       1       1       1       1       0       0       0       0
     817       1       1       1       1       0       0       0       0
     818       1       1       1       1       0       0       0       0
     819       1       1       1       1       0       0       0       0
     820       1       1       1       1       0       0       0       0
     821       1       1       1       1       0       0       0       0
     822       1       1       1       1       0       0       0       0
     823       1       1       1       1       0       0       0       0
     824       1       1       1       1       0       0       0       0
     825       1       1       1       1       0       0       0       0
     826       1       1       1       1       0       0       0       0
     827       1       1       1       1       0       0       0       0
     828       1       1       1       1       0       0       0       0
     829       1       1       1       1       0       0       0       0
     830       1       1       1       1       0       0       0       0
     831       1       1       1       1       0       0       0       0
     832       1       1       1       1       0       0       0       0
     833       1       1       1       1       0       0       0       0
     834       1       1       1       1       0       0       0       0
     835       1       1       1       1       0       0       0       0
     836       1       1       1       1       0       0       0       0
     837       1       1       1       1       0       0       0       0
     838       1       1       1       1       0       0       0       0
     839       1       1       1       1       0       0       0       0
     840       1       1       1       1       0       0       0       0
     841       1       1       1       1       0       0       0       0
     842       1       1       1       1       0       0       0       0
     843       1       1       1       1       0       0       0       0
     844       1       1       1       1       0       0       0       0
     845       1       1       1       1       0       0       0       0
     846       1       1       1       1       0       0       0       0
     847       1       1       1       1       0       0       0       0
     848       1       1       1       1       0       0       0       0
     849       1       1       1       1       0       0       0       0
     850       1       1       1       1       0       0       0       0
     851       1       1       1       1       0       0       0       0
     852       1       1       1       1       0       0       0       0
     853       1       1       1       1       0       0       0       0
     854       1       1       1       1       0       0       0       0
     855       1       1       1       1       0       0       0       0
     856       1       1       1       1       0       0       0       0
     857       1       1       1       1       0       0       0       0
     858       1       1       1       1       0       0       0       0
     859       1       1       1       1       0       0       0       0
     860       1       1       1       1       0       0       0       0
     861       1       1       1       1       0       0       0       0
     862       1       1       1       1       0       0       0       0
     863       1       1       1       1       0       0       0       0
     864       1       1       1       1       0       0       0       0
     865       1       1       1       1       0       0       0       0
     866       1       1       1       1       0       0       0       0
     867       1       1       1       1       0       0       0       0
     868       1       1       1       1       0       0       0       0
     869       1       1       1       1       0       0       0       0
     870       1       1       1       1       0       0       0       0
     871       1       1       1       1       0       0       0       0
     872       1       1       1       1       0       0       0       0
     873       1       1       1       1       0       0       0       0
     874       1       1       1       1       0       0       0       0
     875       1       1       1       1       0       0       0       0
     876       1       1       1       1       0       0       0       0
     877       1       1       1       1       0       0       0       0
     878       1       1       1       1       0       0       0       0
     879       1       1       1       1       0       0       0       0
     880       1       1       1       1       0       0       0       0
     881       1       1       1       1       0       0       0       0
     882       1       1       1       1       0       0       0       0
     883       1       1       1       1       0       0       0       0
     884       1       1       1       1       0       0       0       0
     885       1       1       1       1       0       0       0       0
     886       1       1       1       1       0       0       0       0
     887       1       1       1       1       0       0       0       0
     888       1       1       1       1       0       0       0       0
     889       1       1       1       1       0       0       0       0
     890       1       1       1       1       0       0       0       0
     891       1       1       1       1       0       0       0       0
     892       1       1       1       1       0       0       0       0
     893       1       1       1       1       0       0       0       0
     894       1       1       1       1       0       0       0       0
     895       1       1       1       1       0       0       0       0
     896       1       1       1       1       0       0       0       0
     897       1       1       1       1       0       0       0       0
     898       1       1       1       1       0       0       0       0
     899       1       1       1       1       0       0       0       0
     900       1       1       1       1       0       0       0       0
     901       1       1       1       1       0       0       0       0
     902       1       1       1       1       0       0       0       0
     903       1       1       1       1       0       0       0       0
     904       1       1       1       1       0       0       0       0
     905       1       1       1       1       0       0       0       0
     906       1       1       1       1       0       0       0       0
     907       1       1       1       1       0       0       0       0
     908       1       1       1       1       0       0       0       0
     909       1       1       1       1       0       0       0       0
     910       1       1       1       1       0       0       0       0
     911       1       1       1       1       0       0       0       0
     912       1       1       1       1       0       0       0       0
     913       1       1       1       1       0       0       0       0
     914       1       1       1       1       0       0       0       0
     915       1       1       1       1       0       0       0       0
     916       1       1       1       1       0       0       0       0
     917       1       1       1       1       0       0       0       0
     918       1       1       1       1       0       0       0       0
     919       1       1       1       1       0       0       0       0
     920       1       1       1       1       0       0       0       0
     921       1       1       1       1       0       0       0       0
     922       1       1       1       1       0       0       0       0
     923       1       1       1       1       0       0       0       0
     924       1       1       1       1       0       0       0       0
     925       1       1       1       1       0       0       0       0
     926       1       1       1       1       0       0       0       0
     927       1       1       1       1       0       0       0       0
     928       1       1       1       1       0       0       0       0
     929       1       1       1       1       0       0       0       0
     930       1       1       1       1       0       0       0       0
     931       1       1       1       1       0       0       0       0
     932       1       1       1       1       0       0       0       0
     933       1       1       1       1       0       0       0       0
     934       1       1       1       1       0       0       0       0
     935       1       1       1       1       0       0       0       0
     936       1       1       1       1       0       0       0       0
     937       1       1       1       1       0       0       0       0
     938       1       1       1       1       0       0       0       0
     939       1       1       1       1       0       0       0       0
     940       1       1       1       1       0       0       0       0
     941       1       1       1       1       0       0       0       0
     942       1       1       1       1       0       0       0       0
     943       1       1       1       1       0       0       0       0
     944       1       1       1       1       0       0       0       0
     945       1       1       1       1       0       0       0       0
     946       1       1       1       1       0       0       0       0
     947       1       1       1       1       0       0       0       0
     948       1       1       1       1       0       0       0       0
     949       1       1       1       1       0       0       0       0
     950       1       1       1       1       0       0       0       0
     951       1       1       1       1       0       0       0       0
     952       1       1       1       1       0       0       0       0
     953       1       1       1       1       0       0       0       0
     954       1       1       1       1       0       0       0       0
     955       1       1       1       1       0       0       0       0
     956       1       1       1       1       0       0       0       0
     957       1       1       1       1       0       0       0       0
     958       1       1       1       1       0       0       0       0
     959       1       1       1       1       0       0       0       0
     960       1       1       1       1       0       0       0       0
     961       1       1       1       1       0       0       0       0
     962       1       1       1       1       0       0       0       0
     963       1       1       1       1       0       0       0       0
     964       1       1       1       1       0       0       0       0
     965       1       1       1       1       0       0       0       0
     966       1       1       1       1       0       0       0       0
     967       1       1       1       1       0       0       0       0
     968       1       1       1       1       0       0       0       0
     969       1       1       1       1       0       0       0       0
     970       1       1       1       1       0       0       0       0
     971       1       1       1       1       0       0       0       0
     972       1       1       1       1       0       0       0       0
     973       1       1       1       1       0       0       0       0
     974       1       1       1       1       0       0       0       0
     975       1       1       1       1       0       0       0       0
     976       1       1       1       1       0       0       0       0
     977       1       1       1       1       0       0       0       0
     978       1       1       1       1       0       0       0       0
     979       1       1       1       1       0       0       0       0
     980       1       1       1       1       0       0       0       0
     981       1       1       1       1       0       0       0       0
     982       1       1       1       1       0       0       0       0
     983       1       1       1       1       0       0       0       0
     984       1       1       1       1       0       0       0       0
     985       1       1       1       1       0       0       0       0
     986       1       1       1       1       0       0       0       0
     987       1       1       1       1       0       0       0       0
     988       1       1       1       1       0       0       0       0
     989       1       1       1       1       0       0       0       0
     990       1       1       1       1       0       0       0       0
     991       1       1       1       1       0       0       0       0
     992       1       1       1       1       0       0       0       0
     993       1       1       1       1       0       0       0       0
     994       1       1       1       1       0       0       0       0
     995       1       1       1       1       0       0       0       0
     996       1       1       1       1       0       0       0       0
     997       1       1       1       1       0       0       0       0
     998       1       1       1       1       0       0       0       0
     999       1       1       1       1       0       0       0       0
    1000       1       1       1       1       0       0       0       0
      10       0       1       1       0       0       1       1       0
      20       0       1       1       0       0       1       1       0
      30       0       1       1       0       0       1       1       0
      40       0       1       1       0       0       1       1       0
      50       0       1       1       0       0       1       1       0
      60       0       1       1       0       0       1       1       0
      70       0       1       1       0       0       1       1       0
      80       0       1       1       0       0       1       1       0
      90       0       1       1       0       0       1       1       0
     100       0       1       1       0       0       1       1       0
     110       0       1       1       0       0       1       1       0
     120       0       1       1       0       0       1       1       0
     130       0       1       1       0       0       1       1       0
     140       0       1       1       0       0       1       1       0
     150       0       1       1       0       0       1       1       0
     160       0       1       1       0       0       1       1       0
     170       0       1       1       0       0       1       1       0
     180       0       1       1       0       0       1       1       0
     190       0       1       1       0       0       1       1       0
     200       0       1       1       0       0       1       1       0
     210       0       1       1       0       0       1       1       0
     220       0       1       1       0       0       1       1       0
     230       0       1       1       0       0       1       1       0
     240       0       1       1       0       0       1       1       0
     250       0       1       1       0       0       1       1       0
     260       0       1       1       0       0       1       1       0
     270       0       1       1       0       0       1       1       0
     280       0       1       1       0       0       1       1       0
     290       0       1       1       0       0       1       1       0
     300       0       1       1       0       0       1       1       0
     310       0       1       1       0       0       1       1       0
     320       0       1       1       0       0       1       1       0
     330       0       1       1       0       0       1       1       0
     340       0       1       1       0       0       1       1       0
     350       0       1       1       0       0       1       1       0
     360       0       1       1       0       0       1       1       0
     370       0       1       1       0       0       1       1       0
     380       0       1       1       0       0       1       1       0
     390       0       1       1       0       0       1       1       0
     400       0       1       1       0       0       1       1       0
     410       0       1       1       0       0       1       1       0
     420       0       1       1       0       0       1       1       0
     430       0       1       1       0       0       1       1       0
     440       0       1       1       0       0       1       1       0
     450       0       1       1       0       0       1       1       0
     460       0       1       1       0       0       1       1       0
     470       0       1       1       0       0       1       1       0
     480       0       1       1       0       0       1       1       0
     490       0       1       1       0       0       1       1       0
     500       0       1       1       0       0       1       1       0
     510       0       1       1       0       0       1       1       0
     520       0       1       1       0       0       1       1       0
     530       0       1       1       0       0       1       1       0
     540       0       1       1       0       0       1       1       0
     550       0       1       1       0       0       1       1       0
     560       0       1       1       0       0       1       1       0
     570       0       1       1       0       0       1       1       0
     580       0       1       1       0       0       1       1       0
     590       0       1       1       0       0       1       1       0
     600       0       1       1       0       0       1       1       0
     610       0       1       1       0       0       1       1       0
     620       0       1       1       0       0       1       1       0
     630       0       1       1       0       0       1       1       0
     640       0       1       1       0       0       1       1       0
     650       0       1       1       0       0       1       1       0
     660       0       1       1       0       0       1       1       0
     670       0       1       1       0       0       1       1       0
     680       0       1       1       0       0       1       1       0
     690       0       1       1       0       0       1       1       0
     700       0       1       1       0       0       1       1       0
     710       0       1       1       0       0       1       1       0
     720       0       1       1       0       0       1       1       0
     730       0       1       1       0       0       1       1       0
     740       0       1       1       0       0       1       1       0
     750       0       1       1       0       0       1       1       0
     760       0       1       1       0       0       1       1       0
     770       0       1       1       0       0       1       1       0
     780       0       1       1       0       0       1       1       0
     790       0       1       1       0       0       1       1       0
     800       0       1       1       0       0       1       1       0
     810       0       1       1       0       0       1       1       0
     820       0       1       1       0       0       1       1       0
     830       0       1       1       0       0       1       1       0
     840       0       1       1       0       0       1       1       0
     850       0       1       1       0       0       1       1       0
     860       0       1       1       0       0       1       1       0
     870       0       1       1       0       0       1       1       0
     880       0       1       1       0       0       1       1       0
     890       0       1       1       0       0       1       1       0
     900       0       1       1       0       0       1       1       0
     910       0       1       1       0       0       1       1       0
     920       0       1       1       0       0       1       1       0
     930       0       1       1       0       0       1       1       0
     940       0       1       1       0       0       1       1       0
     950       0       1       1       0       0       1       1       0
     960       0       1       1       0       0       1       1       0
     970       0       1       1       0       0       1       1       0
     980       0       1       1       0       0       1       1       0
     990       0       1       1       0       0       1       1       0
    1000       0       1       1       0       0       1       1       0
