4.216233	 6.397733	 0.000000
5.913666	 3.700000	 0.000000
5.363094	 2.500000	 0.997943
5.363094	 2.500000	 -0.997943
5.667202	 2.300000	 0.000000
5.901242	 0.000000	 0.000000
3.901242	 -4.899759	 0.000000
5.728965	 3.691763	 0.000000
4.228965	 6.191763	 0.000000
5.455644	 2.300000	 -0.218947
5.455644	 2.300000	 0.218947
4.628264	 2.300000	 1.391237
4.628264	 2.300000	 -1.391237
5.472391	 2.293459	 0.000000
5.701242	 0.000000	 0.000000
3.901242	 -4.700000	 0.000000
5.903750	 3.991175	 0.000000
5.873836	 4.280976	 0.000000
5.823421	 4.567917	 0.000000
5.751636	 4.850261	 0.000000
5.657204	 5.125844	 0.000000
5.538401	 5.391805	 0.000000
5.393023	 5.644180	 0.000000
5.218485	 5.877267	 0.000000
5.012252	 6.082698	 0.000000
4.773129	 6.248413	 0.000000
4.504125	 6.358649	 0.000000
5.890515	 3.700000	 0.279388
5.821694	 3.700000	 0.551155
5.709081	 3.700000	 0.807889
5.555746	 3.700000	 1.042585
5.365873	 3.700000	 1.248842
5.144641	 3.700000	 1.421034
4.898084	 3.700000	 1.554463
4.632928	 3.700000	 1.645491
4.356406	 3.700000	 1.691635
4.076060	 3.700000	 1.691635
3.799538	 3.700000	 1.645491
3.534383	 3.700000	 1.554463
3.287826	 3.700000	 1.421034
3.066594	 3.700000	 1.248842
2.876721	 3.700000	 1.042585
2.723386	 3.700000	 0.807889
2.610772	 3.700000	 0.551155
2.541952	 3.700000	 0.279388
2.518801	 3.700000	 0.000000
2.541952	 3.700000	 -0.279388
2.610772	 3.700000	 -0.551155
2.723386	 3.700000	 -0.807889
2.876721	 3.700000	 -1.042585
3.066594	 3.700000	 -1.248842
3.287826	 3.700000	 -1.421034
3.534383	 3.700000	 -1.554463
3.799538	 3.700000	 -1.645491
4.076060	 3.700000	 -1.691635
4.356406	 3.700000	 -1.691635
4.632928	 3.700000	 -1.645491
4.898084	 3.700000	 -1.554463
5.144641	 3.700000	 -1.421034
5.365873	 3.700000	 -1.248842
5.555746	 3.700000	 -1.042585
5.709081	 3.700000	 -0.807889
5.821694	 3.700000	 -0.551155
5.890515	 3.700000	 -0.279388
5.158074	 2.500000	 1.193363
4.920362	 2.500000	 1.347361
4.658210	 2.500000	 1.454591
4.380716	 2.500000	 1.511332
4.097514	 2.500000	 1.515614
3.818432	 2.500000	 1.467288
3.553158	 2.500000	 1.368031
3.310899	 2.500000	 1.221290
3.100065	 2.500000	 1.032157
2.927974	 2.500000	 0.807197
2.800599	 2.500000	 0.554219
2.722362	 2.500000	 0.282004
2.695977	 2.500000	 0.000000
2.722362	 2.500000	 -0.282004
2.800599	 2.500000	 -0.554219
2.927974	 2.500000	 -0.807197
3.100065	 2.500000	 -1.032157
3.310899	 2.500000	 -1.221290
3.553157	 2.500000	 -1.368031
3.818432	 2.500000	 -1.467288
4.097514	 2.500000	 -1.515614
4.380717	 2.500000	 -1.511332
4.658210	 2.500000	 -1.454591
4.920362	 2.500000	 -1.347361
5.158074	 2.500000	 -1.193363
5.186756	 2.500000	 -1.216699
4.978022	 2.500000	 -1.404794
4.742154	 2.500000	 -1.557488
4.485094	 2.500000	 -1.670933
4.213321	 2.500000	 -1.742271
3.933684	 2.500000	 -1.769703
3.653229	 2.500000	 -1.752538
3.379025	 2.500000	 -1.691209
3.117980	 2.500000	 -1.587262
2.876673	 2.500000	 -1.443315
2.661186	 2.500000	 -1.262997
2.476949	 2.500000	 -1.050851
2.328603	 2.500000	 -0.812223
2.219889	 2.500000	 -0.553128
2.153544	 2.500000	 -0.280093
2.131242	 2.500000	 0.000000
2.153544	 2.500000	 0.280093
2.219889	 2.500000	 0.553128
2.328603	 2.500000	 0.812223
2.476949	 2.500000	 1.050851
2.661186	 2.500000	 1.262997
2.876673	 2.500000	 1.443315
3.117980	 2.500000	 1.587262
3.379025	 2.500000	 1.691209
3.653229	 2.500000	 1.752538
3.933684	 2.500000	 1.769703
4.213321	 2.500000	 1.742271
4.485094	 2.500000	 1.670933
4.742154	 2.500000	 1.557488
4.978022	 2.500000	 1.404794
5.186756	 2.500000	 1.216699
5.490234	 2.412311	 0.775718
5.586634	 2.349889	 0.530689
5.646768	 2.312471	 0.269527
5.904124	 3.414355	 0.000000
5.875345	 3.130005	 0.000000
5.826862	 2.848349	 0.000000
5.757874	 2.571011	 0.000000
5.646768	 2.312471	 -0.269526
5.586634	 2.349888	 -0.530688
5.490234	 2.412311	 -0.775718
5.645460	 2.300000	 0.276257
5.580770	 2.300000	 0.545712
5.474724	 2.300000	 0.801729
5.329934	 2.300000	 1.038005
5.149964	 2.300000	 1.248722
4.939248	 2.300000	 1.428691
4.702971	 2.300000	 1.573482
4.446954	 2.300000	 1.679528
4.177499	 2.300000	 1.744218
3.901242	 2.300000	 1.765960
3.624985	 2.300000	 1.744218
3.355531	 2.300000	 1.679528
3.099513	 2.300000	 1.573482
2.863237	 2.300000	 1.428691
2.652520	 2.300000	 1.248722
2.472551	 2.300000	 1.038005
2.327761	 2.300000	 0.801729
2.221715	 2.300000	 0.545712
2.157025	 2.300000	 0.276257
2.135283	 2.300000	 0.000000
2.157025	 2.300000	 -0.276257
2.221715	 2.300000	 -0.545712
2.327761	 2.300000	 -0.801729
2.472551	 2.300000	 -1.038005
2.652520	 2.300000	 -1.248722
2.863237	 2.300000	 -1.428691
3.099513	 2.300000	 -1.573482
3.355531	 2.300000	 -1.679528
3.624985	 2.300000	 -1.744218
3.901242	 2.300000	 -1.765960
4.177499	 2.300000	 -1.744218
4.446954	 2.300000	 -1.679528
4.702971	 2.300000	 -1.573482
4.939248	 2.300000	 -1.428691
5.149964	 2.300000	 -1.248722
5.329934	 2.300000	 -1.038005
5.474724	 2.300000	 -0.801729
5.580770	 2.300000	 -0.545712
5.645460	 2.300000	 -0.276257
5.897748	 0.289494	 0.000000
5.887238	 0.578819	 0.000000
5.869625	 0.867797	 0.000000
5.844759	 1.156242	 0.000000
5.812424	 1.443945	 0.000000
5.772327	 1.730668	 0.000000
5.724084	 2.016132	 0.000000
5.881779	 0.000000	 0.278346
5.823766	 0.000000	 0.551275
5.728333	 0.000000	 0.813473
5.597339	 0.000000	 1.059839
5.433331	 0.000000	 1.285575
5.239503	 0.000000	 1.486290
5.019628	 0.000000	 1.658075
4.777985	 0.000000	 1.797588
4.519276	 0.000000	 1.902113
4.248538	 0.000000	 1.969615
3.971041	 0.000000	 1.998782
3.692185	 0.000000	 1.989044
3.417398	 0.000000	 1.940591
3.152029	 0.000000	 1.854368
2.901242	 0.000000	 1.732051
2.669919	 0.000000	 1.576022
2.462563	 0.000000	 1.389317
2.283208	 0.000000	 1.175570
2.135347	 0.000000	 0.938943
2.021857	 0.000000	 0.684040
1.944947	 0.000000	 0.415823
1.906114	 0.000000	 0.139513
1.906114	 0.000000	 -0.139513
1.944947	 0.000000	 -0.415823
2.021857	 0.000000	 -0.684040
2.135347	 0.000000	 -0.938943
2.283208	 0.000000	 -1.175570
2.462563	 0.000000	 -1.389317
2.669919	 0.000000	 -1.576022
2.901242	 0.000000	 -1.732051
3.152029	 0.000000	 -1.854368
3.417398	 0.000000	 -1.940591
3.692185	 0.000000	 -1.989044
3.971041	 0.000000	 -1.998782
4.248538	 0.000000	 -1.969615
4.519276	 0.000000	 -1.902113
4.777985	 0.000000	 -1.797588
5.019628	 0.000000	 -1.658075
5.239503	 0.000000	 -1.486290
5.433331	 0.000000	 -1.285575
5.597339	 0.000000	 -1.059839
5.728333	 0.000000	 -0.813473
5.823766	 0.000000	 -0.551275
5.881779	 0.000000	 -0.278346
4.178970	 -4.852287	 0.000000
4.430821	 -4.724868	 0.000000
4.648652	 -4.544760	 0.000000
4.835452	 -4.332377	 0.000000
4.996494	 -4.099742	 0.000000
5.136377	 -3.853749	 0.000000
5.258622	 -3.598505	 0.000000
5.365865	 -3.336588	 0.000000
5.460085	 -3.069700	 0.000000
5.542787	 -2.799015	 0.000000
5.615132	 -2.525377	 0.000000
5.678026	 -2.249410	 0.000000
5.732183	 -1.971595	 0.000000
5.778164	 -1.692309	 0.000000
5.816414	 -1.411858	 0.000000
5.847280	 -1.130498	 0.000000
5.871029	 -0.848448	 0.000000
5.887858	 -0.565900	 0.000000
5.897903	 -0.283029	 0.000000
4.514235	 6.146136	 0.000000
4.774716	 6.020422	 0.000000
4.998968	 5.837233	 0.000000
5.186403	 5.616249	 0.000000
5.340395	 5.370653	 0.000000
5.464759	 5.108737	 0.000000
5.562692	 4.835797	 0.000000
5.636622	 4.555381	 0.000000
5.688289	 4.270010	 0.000000
5.718850	 3.981607	 0.000000
5.703424	 3.691763	 0.275624
5.627673	 3.691763	 0.541862
5.504291	 3.691763	 0.789648
5.337478	 3.691763	 1.010543
5.132917	 3.691763	 1.197026
4.897573	 3.691763	 1.342745
4.639460	 3.691763	 1.442738
4.367368	 3.691763	 1.493601
4.090562	 3.691763	 1.493601
3.818470	 3.691763	 1.442738
3.560358	 3.691763	 1.342745
3.325013	 3.691763	 1.197026
3.120452	 3.691763	 1.010543
2.953639	 3.691763	 0.789648
2.830257	 3.691763	 0.541862
2.754505	 3.691763	 0.275624
2.728965	 3.691763	 0.000000
2.754505	 3.691763	 -0.275624
2.830257	 3.691763	 -0.541862
2.953639	 3.691763	 -0.789648
3.120452	 3.691763	 -1.010543
3.325013	 3.691763	 -1.197026
3.560358	 3.691763	 -1.342745
3.818470	 3.691763	 -1.442738
4.090562	 3.691763	 -1.493601
4.367368	 3.691763	 -1.493601
4.639460	 3.691763	 -1.442738
4.897573	 3.691763	 -1.342745
5.132917	 3.691763	 -1.197026
5.337478	 3.691763	 -1.010543
5.504291	 3.691763	 -0.789648
5.627673	 3.691763	 -0.541862
5.703424	 3.691763	 -0.275624
5.374387	 2.299953	 -0.490551
5.233826	 2.299870	 -0.736750
5.041242	 2.299753	 -0.944795
4.806606	 2.299606	 -1.103909
4.542070	 2.299433	 -1.205851
4.261335	 2.299242	 -1.245339
3.978943	 2.299037	 -1.220329
3.709518	 2.298831	 -1.132114
3.467018	 2.298632	 -0.985264
3.264002	 2.298455	 -0.787385
3.110983	 2.298314	 -0.548730
3.015884	 2.298222	 -0.281657
2.983628	 2.298191	 0.000000
3.015884	 2.298222	 0.281658
3.110983	 2.298314	 0.548730
3.264002	 2.298455	 0.787385
3.467018	 2.298632	 0.985264
3.709518	 2.298831	 1.132114
3.978943	 2.299037	 1.220329
4.261335	 2.299242	 1.245339
4.542070	 2.299433	 1.205851
4.806606	 2.299606	 1.103909
5.041242	 2.299753	 0.944795
5.233827	 2.299870	 0.736750
5.374387	 2.299953	 0.490551
5.386390	 2.300000	 0.508367
5.263761	 2.300000	 0.779517
5.092162	 2.300000	 1.022650
4.877761	 2.300000	 1.229029
4.369747	 2.300000	 1.498201
4.096348	 2.300000	 1.557574
3.816751	 2.300000	 1.567470
3.539838	 2.300000	 1.527576
3.274405	 2.300000	 1.439158
3.028884	 2.300000	 1.305026
2.811073	 2.300000	 1.129439
2.627892	 2.300000	 0.917976
2.485158	 2.300000	 0.677353
2.387407	 2.300000	 0.415214
2.337742	 2.300000	 0.139886
2.337742	 2.300000	 -0.139886
2.387407	 2.300000	 -0.415214
2.485158	 2.300000	 -0.677353
2.627892	 2.300000	 -0.917976
2.811073	 2.300000	 -1.129439
3.028884	 2.300000	 -1.305026
3.274405	 2.300000	 -1.439158
3.539838	 2.300000	 -1.527576
3.816751	 2.300000	 -1.567470
4.096348	 2.300000	 -1.557574
4.369747	 2.300000	 -1.498201
4.877761	 2.300000	 -1.229029
5.092162	 2.300000	 -1.022650
5.263761	 2.300000	 -0.779517
5.386390	 2.300000	 -0.508367
5.719130	 3.405943	 0.000000
5.689420	 3.121504	 0.000000
5.639213	 2.839966	 0.000000
5.567416	 2.563158	 0.000000
5.697846	 0.288600	 0.000000
5.687624	 0.577039	 0.000000
5.670485	 0.865149	 0.000000
5.646263	 1.152750	 0.000000
5.614722	 1.439640	 0.000000
5.575536	 1.725586	 0.000000
5.528278	 2.010307	 0.000000
5.679081	 0.000000	 0.281582
5.613144	 0.000000	 0.556231
5.505054	 0.000000	 0.817183
5.357473	 0.000000	 1.058013
5.174035	 0.000000	 1.272792
4.959256	 0.000000	 1.456231
4.718425	 0.000000	 1.603812
4.457473	 0.000000	 1.711902
4.182825	 0.000000	 1.777839
3.901242	 0.000000	 1.800000
3.619660	 0.000000	 1.777839
3.345012	 0.000000	 1.711902
3.084059	 0.000000	 1.603812
2.843229	 0.000000	 1.456231
2.628450	 0.000000	 1.272792
2.445012	 0.000000	 1.058013
2.297431	 0.000000	 0.817183
2.189341	 0.000000	 0.556231
2.123403	 0.000000	 0.281582
2.101242	 0.000000	 0.000000
2.123403	 0.000000	 -0.281582
2.189341	 0.000000	 -0.556231
2.297431	 0.000000	 -0.817183
2.445012	 0.000000	 -1.058013
2.628450	 0.000000	 -1.272792
2.843229	 0.000000	 -1.456231
3.084059	 0.000000	 -1.603812
3.345012	 0.000000	 -1.711902
3.619660	 0.000000	 -1.777839
3.901242	 0.000000	 -1.800000
4.182825	 0.000000	 -1.777839
4.457473	 0.000000	 -1.711902
4.718425	 0.000000	 -1.603812
4.959256	 0.000000	 -1.456231
5.174035	 0.000000	 -1.272792
5.357473	 0.000000	 -1.058013
5.505054	 0.000000	 -0.817183
5.613144	 0.000000	 -0.556231
5.679081	 0.000000	 -0.281582
5.697995	 -0.282210	 0.000000
5.688223	 -0.564270	 0.000000
5.671841	 -0.846022	 0.000000
5.648700	 -1.127300	 0.000000
5.618584	 -1.407916	 0.000000
5.581198	 -1.687655	 0.000000
5.536154	 -1.966263	 0.000000
5.482951	 -2.243427	 0.000000
5.420943	 -2.518753	 0.000000
5.349300	 -2.791727	 0.000000
5.266940	 -3.061656	 0.000000
5.172437	 -3.327569	 0.000000
5.063879	 -3.588048	 0.000000
4.938643	 -3.840908	 0.000000
4.793062	 -4.082578	 0.000000
4.621966	 -4.306796	 0.000000
4.418475	 -4.501779	 0.000000
4.176249	 -4.644822	 0.000000
5.502290	 4.042181	 1.086729
4.517605	 4.121703	 1.649257
3.936008	 3.960357	 1.666107
2.805801	 4.030926	 0.921195
2.574062	 4.086545	 0.354113
2.943647	 3.943288	 -1.112820
3.890941	 4.068726	 -1.649738
4.514432	 4.045504	 -1.656833
5.671183	 4.036933	 -0.848207
5.798743	 4.036994	 -0.576178
5.726784	 4.424931	 -0.625666
5.655475	 4.838190	 -0.544960
5.554996	 5.156448	 -0.499188
5.436929	 5.394005	 -0.505054
5.368276	 5.567062	 -0.417125
5.358577	 5.670310	 -0.198471
5.534881	 5.341900	 -0.274154
5.676203	 5.006482	 -0.272039
5.770685	 4.677209	 -0.294782
5.837783	 4.336972	 -0.302032
5.877547	 4.009394	 -0.288819
5.594110	 4.316667	 -0.912239
5.544178	 4.688551	 -0.854958
5.524048	 5.005553	 -0.704341
5.410756	 5.263753	 -0.697342
5.263774	 5.550770	 -0.654091
5.297364	 4.056761	 -1.289203
5.171558	 4.461146	 -1.318813
5.125921	 4.820758	 -1.247580
5.160208	 5.103298	 -1.100256
5.076935	 5.341533	 -1.036176
4.990459	 5.538830	 -0.971180
4.520115	 6.326079	 -0.242242
4.739359	 6.223025	 -0.295710
4.901684	 6.049625	 -0.475149
5.001925	 5.774211	 -0.748772
5.126062	 5.564757	 -0.822686
5.215731	 5.352435	 -0.895129
5.380630	 5.035617	 -0.905107
5.319781	 4.755688	 -1.105548
5.424066	 4.389412	 -1.110968
5.501001	 4.034976	 -1.089139
5.045899	 4.057611	 -1.463661
4.888586	 4.381799	 -1.498394
4.939147	 4.742251	 -1.388744
4.986802	 5.014773	 -1.266150
4.930475	 5.293642	 -1.168618
4.794601	 5.520216	 -1.111338
4.753030	 5.730073	 -0.980581
4.673198	 5.983370	 -0.779948
4.535570	 6.210864	 -0.532321
4.266063	 6.384331	 -0.161470
4.780914	 4.033798	 -1.586916
4.655542	 4.310972	 -1.593895
4.656155	 4.668039	 -1.522086
4.749753	 5.062259	 -1.364529
4.709329	 5.362680	 -1.242442
4.581303	 5.574191	 -1.165058
4.206027	 4.110630	 -1.677622
4.203322	 4.401012	 -1.639072
4.205976	 4.640675	 -1.590865
4.216199	 5.030237	 -1.476725
4.207204	 5.368925	 -1.333599
4.272338	 6.319940	 -0.400783
4.248099	 6.222690	 -0.600632
4.346775	 6.085380	 -0.782012
4.429217	 5.837745	 -1.013244
4.311106	 5.585473	 -1.210307
4.472915	 5.289989	 -1.347044
4.503036	 4.965523	 -1.471383
4.400416	 4.748219	 -1.553175
4.408290	 4.421298	 -1.624320
3.998667	 4.454017	 -1.615195
4.022337	 4.788445	 -1.540991
3.914756	 5.049159	 -1.438665
4.028376	 5.282634	 -1.361749
4.021623	 5.556927	 -1.215839
3.340030	 4.032410	 -1.438679
3.423393	 4.380765	 -1.438473
3.535582	 4.725425	 -1.414815
3.420404	 5.029045	 -1.244439
3.563789	 5.279247	 -1.211696
3.612619	 5.552900	 -1.075966
4.081759	 6.264569	 -0.509258
4.026218	 6.121268	 -0.724005
3.858712	 5.824340	 -0.983272
3.817402	 5.580907	 -1.149602
3.796256	 5.344277	 -1.278483
3.663451	 5.035513	 -1.367326
3.799883	 4.747904	 -1.507710
3.701126	 4.408429	 -1.554751
3.606438	 4.050313	 -1.568707
3.112986	 3.995721	 -1.276519
3.171225	 4.338297	 -1.275905
3.277737	 4.694687	 -1.268383
3.187681	 4.993332	 -1.077558
3.358802	 5.327835	 -1.047383
3.428997	 5.556844	 -0.946847
3.502932	 5.743849	 -0.847744
3.645886	 6.037487	 -0.626767
3.878867	 6.224521	 -0.494266
4.012570	 6.341736	 -0.277298
2.959514	 4.240055	 -1.089250
3.020864	 4.641201	 -1.049598
3.016018	 4.952132	 -0.905568
3.123120	 5.215799	 -0.881328
3.252666	 5.523120	 -0.798081
2.607119	 3.963956	 -0.514240
2.683742	 4.411690	 -0.576388
2.731200	 4.773464	 -0.468772
2.856352	 5.098480	 -0.507659
2.980130	 5.422776	 -0.422265
3.104144	 5.647176	 -0.378782
4.091331	 6.390398	 -0.006894
3.685248	 6.229645	 -0.256742
3.427840	 6.028023	 -0.337712
3.295748	 5.793190	 -0.547142
3.121339	 5.553768	 -0.567438
3.033909	 5.325323	 -0.661471
2.962914	 5.080029	 -0.745976
2.849688	 4.777496	 -0.744440
2.838658	 4.430776	 -0.878714
2.779606	 4.058156	 -0.875553
2.536663	 3.920333	 -0.202729
2.568620	 4.220833	 -0.243421
2.634775	 4.595717	 -0.250262
2.729230	 4.936972	 -0.253635
2.841388	 5.239037	 -0.230939
2.975934	 5.520909	 -0.173899
3.181626	 5.822303	 -0.166300
3.425876	 6.086907	 -0.032120
3.879671	 6.343573	 -0.035421
2.530349	 4.006781	 0.042544
2.578483	 4.401562	 0.064751
2.660933	 4.780557	 -0.007865
2.749903	 5.056756	 -0.048803
2.846624	 5.292820	 0.031849
2.665826	 4.034296	 0.658232
2.647207	 4.315705	 0.518990
2.705478	 4.656198	 0.486741
2.860682	 5.075918	 0.542454
3.002460	 5.448299	 0.444902
3.129379	 5.687151	 0.369730
3.678021	 6.253042	 0.105400
3.484066	 6.095599	 0.270501
3.245547	 5.886796	 0.214041
3.009262	 5.582555	 0.146347
2.872427	 5.286650	 0.280710
2.738287	 4.980578	 0.218454
2.643650	 4.652995	 0.220686
2.615353	 4.425187	 0.332048
2.752070	 4.363065	 0.750628
2.858445	 4.730019	 0.785914
2.969686	 5.020045	 0.798455
3.066398	 5.317249	 0.723655
3.175347	 5.619605	 0.582223
3.160255	 4.087767	 1.306391
3.166086	 4.393117	 1.260267
3.230113	 4.705682	 1.228182
3.226964	 5.067867	 1.077899
3.373705	 5.296082	 1.078366
3.445092	 5.559591	 0.957893
3.980470	 6.337583	 0.267335
3.709994	 6.197095	 0.395426
3.535467	 6.045867	 0.489032
3.419774	 5.828176	 0.673675
3.253802	 5.538876	 0.785033
3.231928	 5.322154	 0.933088
3.097046	 5.117749	 0.912650
3.042552	 4.845452	 0.992120
2.972308	 4.398019	 1.068191
2.962353	 3.984599	 1.130042
3.428887	 4.047177	 1.487832
3.341733	 4.392429	 1.388059
3.520725	 4.731043	 1.405945
3.467217	 5.102989	 1.241358
3.530640	 5.395551	 1.128301
3.653407	 5.581084	 1.078710
3.730116	 5.831570	 0.919866
3.718638	 6.064396	 0.648415
3.916065	 6.217239	 0.531554
3.701762	 4.021116	 1.604922
3.613702	 4.377877	 1.528499
3.808749	 4.717671	 1.518294
3.735807	 5.052939	 1.387729
3.737415	 5.389432	 1.233708
3.838485	 5.652287	 1.108889
4.208638	 6.384233	 0.169433
4.184222	 4.047831	 1.682960
4.292583	 4.463780	 1.626190
4.316546	 4.791039	 1.549176
4.239503	 5.026891	 1.477733
4.161689	 5.290392	 1.370011
4.110640	 6.264147	 0.516850
4.070060	 6.093519	 0.769297
4.037124	 5.821679	 1.032975
4.047410	 5.543319	 1.227832
3.931087	 5.269087	 1.351017
3.991932	 5.021999	 1.462551
4.096508	 4.731296	 1.563929
3.942923	 4.335770	 1.626823
4.544048	 4.488492	 1.589866
4.464126	 4.696517	 1.557780
4.490286	 4.978783	 1.469272
4.375125	 5.226917	 1.390322
4.380582	 5.498136	 1.254672
4.268189	 6.329297	 0.376339
5.053469	 3.968180	 1.466915
5.072292	 4.331383	 1.410892
4.947201	 4.769643	 1.376226
4.917765	 5.055610	 1.289027
4.844864	 5.293242	 1.217019
4.836569	 5.588561	 1.041352
4.292981	 6.226956	 0.589369
4.487798	 6.075069	 0.757804
4.550910	 5.769266	 1.036375
4.647077	 5.495843	 1.191154
4.586896	 5.261440	 1.333657
4.748242	 5.021362	 1.380942
4.665409	 4.732406	 1.502512
4.771320	 4.417867	 1.539199
4.833074	 4.041784	 1.566696
5.274342	 4.070364	 1.306667
5.263351	 4.365112	 1.268733
5.249307	 4.679091	 1.197714
5.082149	 5.098466	 1.164989
4.999339	 5.394486	 1.063615
5.018512	 5.574909	 0.919739
4.890705	 5.847282	 0.775199
4.743905	 6.109482	 0.551719
4.514468	 6.248020	 0.471147
5.412240	 4.376381	 1.126821
5.479934	 4.706531	 0.939813
5.328583	 5.050411	 0.960202
5.168695	 5.359408	 0.940173
5.156963	 5.596850	 0.756198
5.813866	 3.937341	 0.553666
5.770435	 4.375895	 0.533735
5.718183	 4.690848	 0.486557
5.649569	 4.960340	 0.444919
5.509347	 5.251572	 0.506014
5.378727	 5.555513	 0.408441
4.473327	 6.349188	 0.191484
4.769364	 6.211562	 0.279286
4.992156	 6.010072	 0.408068
5.170581	 5.758997	 0.540450
5.273207	 5.576530	 0.608251
5.352089	 5.355610	 0.711284
5.514221	 5.011888	 0.717732
5.642707	 4.691883	 0.675981
5.604518	 4.373606	 0.879945
5.682521	 4.023530	 0.830565
5.871473	 4.118889	 0.268311
5.838831	 4.412767	 0.217534
5.769529	 4.698839	 0.271229
5.694503	 4.990994	 0.190154
5.570755	 5.285877	 0.225512
5.220354	 5.843555	 0.232207
4.154529	 5.766639	 -1.089300
5.191560	 5.781253	 -0.463812
4.283660	 5.920237	 0.961849
3.378282	 5.946289	 0.425994
4.922730	 6.131665	 -0.202920
5.121746	 5.952686	 -0.228661
4.161923	 5.946189	 -0.938541
4.260678	 5.723891	 1.121444
3.257871	 5.803854	 0.458779
3.289058	 2.500000	 1.433164
3.085696	 2.500000	 1.302808
2.824369	 2.500000	 1.102586
2.646879	 2.500000	 0.815055
2.521404	 2.500000	 0.562928
2.423263	 2.500000	 0.131756
2.421757	 2.500000	 -0.132932
2.407537	 2.500000	 -0.361626
2.518916	 2.500000	 -0.560029
2.640112	 2.500000	 -0.800662
2.785966	 2.500000	 -1.027785
2.905169	 2.500000	 -1.217640
3.292603	 2.500000	 -1.437948
2.408092	 2.500000	 0.361982
3.100565	 2.500000	 -1.323269
5.626289	 3.432000	 0.929830
4.689493	 3.419345	 1.620530
3.502639	 3.481903	 1.534024
2.670441	 3.474468	 0.686779
2.602751	 3.406499	 -0.493809
3.403198	 3.390558	 -1.477275
4.473594	 3.417068	 -1.668338
5.516306	 3.472823	 -1.081968
5.581038	 2.929992	 0.885354
5.675685	 3.165853	 0.798951
5.465893	 3.479374	 1.140332
5.441144	 3.132030	 1.119444
5.397533	 2.750696	 1.062558
5.678182	 2.581674	 0.498847
5.726365	 2.937480	 0.608760
5.770410	 3.176755	 0.597846
5.782986	 3.412235	 0.627518
5.749087	 2.575174	 0.175293
5.808501	 2.874085	 0.275506
5.847777	 3.206085	 0.350371
5.882163	 3.521176	 0.305446
5.268990	 3.413501	 1.319274
5.125302	 3.092691	 1.381613
5.174887	 2.789989	 1.278440
4.973190	 3.363521	 1.504483
4.880011	 3.052273	 1.508170
4.907891	 2.792485	 1.441121
4.723342	 3.158694	 1.583703
4.629361	 2.843604	 1.555713
4.163880	 3.382093	 1.684792
4.101413	 3.081202	 1.648180
4.165770	 2.798497	 1.599056
4.399722	 2.812270	 1.592361
4.418706	 3.116509	 1.644838
4.454633	 3.462663	 1.673960
3.846096	 3.437989	 1.648362
3.919305	 3.199640	 1.641339
3.846647	 2.932024	 1.584672
3.643244	 3.187085	 1.564866
3.516904	 2.921097	 1.466979
3.018869	 3.435084	 1.191558
2.960910	 3.166146	 1.092066
3.079601	 2.919835	 1.161196
3.287186	 2.876291	 1.322698
3.260129	 3.181447	 1.364069
3.216789	 3.498857	 1.366152
2.806093	 3.396902	 0.925425
2.819552	 3.163737	 0.903717
2.857844	 2.948028	 0.901214
2.695264	 3.154183	 0.670808
2.746890	 2.863151	 0.667122
2.535260	 3.404660	 0.145172
2.561997	 3.095394	 0.007650
2.621338	 2.809393	 0.153504
2.667298	 2.851624	 0.443992
2.588725	 3.120788	 0.315712
2.587860	 3.424396	 0.446773
2.542583	 3.360054	 -0.185524
2.586075	 3.049561	 -0.237415
2.623041	 2.794234	 -0.134959
2.607989	 3.144977	 -0.415776
2.671036	 2.826078	 -0.437353
2.886413	 3.526659	 -1.049266
2.927914	 3.172161	 -1.054138
2.910525	 2.797262	 -0.923997
2.789839	 2.736750	 -0.692344
2.720938	 3.069678	 -0.698625
2.722526	 3.427517	 -0.787859
3.114454	 3.433724	 -1.280347
3.216426	 3.111790	 -1.320865
3.122613	 2.808598	 -1.170764
3.456074	 3.070026	 -1.465031
3.376480	 2.800122	 -1.362167
3.881734	 3.432400	 -1.655608
3.972381	 3.077895	 -1.633583
3.948956	 2.739306	 -1.563473
3.674773	 2.838092	 -1.514592
3.665747	 3.213950	 -1.576297
3.652147	 3.486667	 -1.595326
4.177914	 3.408267	 -1.687043
4.322888	 3.119809	 -1.654277
4.208642	 2.793664	 -1.598752
4.582784	 3.166806	 -1.623072
4.537273	 2.845756	 -1.577754
5.070570	 3.455900	 -1.458696
4.996107	 3.214911	 -1.476453
5.034143	 2.940379	 -1.408494
4.791031	 2.804099	 -1.494362
4.793232	 3.057434	 -1.544307
4.785249	 3.385902	 -1.586959
5.283262	 3.511206	 -1.314768
5.267529	 3.225767	 -1.298853
5.300190	 2.898468	 -1.204976
5.539310	 3.097475	 -0.993488
5.464840	 2.773303	 -0.991095
5.854660	 3.452510	 -0.415437
5.808392	 3.168566	 -0.484250
5.738975	 2.851331	 -0.526681
5.693275	 2.548272	 -0.417698
5.586098	 2.610634	 -0.731385
5.620997	 2.878286	 -0.800374
5.703937	 3.072187	 -0.715521
5.733395	 3.378346	 -0.733851
5.899156	 3.507478	 -0.185408
5.877519	 3.276286	 -0.224344
5.778572	 2.712030	 -0.232252
4.908851	 2.685212	 -1.412041
2.742398	 2.678379	 0.543949
5.558692	 2.679555	 0.816594
5.835832	 2.994619	 -0.247371
2.831326	 2.694770	 0.750502
5.720399	 2.485028	 -0.185332
5.110186	 2.695735	 -1.297243
2.984501	 2.704401	 0.985742
5.287762	 2.670273	 -1.145999
3.187026	 2.694501	 1.192368
3.414166	 2.694267	 1.355548
3.672409	 2.700540	 1.479884
3.917422	 2.682529	 1.543416
5.868355	 0.343191	 0.332935
5.667958	 0.294029	 0.929684
5.660465	 2.018528	 0.475686
5.261966	 2.125504	 1.181401
4.617294	 0.350546	 1.861933
4.590927	 2.041711	 1.682199
3.460654	 0.262944	 1.947912
3.723206	 2.067727	 1.804424
2.805824	 0.261932	 1.669919
2.940988	 1.995934	 1.553758
1.970346	 0.357526	 0.500342
2.243557	 2.057460	 0.739446
2.098880	 2.103884	 -0.118340
2.046429	 0.233195	 -0.742028
2.351848	 2.127838	 -0.919239
2.330763	 0.280719	 -1.233072
2.975563	 2.058540	 -1.561114
3.537473	 0.300312	 -1.962816
3.204946	 2.114736	 -1.664349
3.990653	 2.099273	 -1.804923
4.726029	 0.221297	 -1.819771
4.669364	 2.040650	 -1.648080
5.281947	 0.318015	 -1.441112
5.327050	 2.018611	 -1.134970
5.676806	 2.104824	 -0.330496
5.773107	 0.309317	 -0.692953
5.805036	 0.641018	 -0.554172
5.729126	 0.905745	 -0.722605
5.734795	 1.211328	 -0.627383
5.726888	 1.489926	 -0.545121
5.659283	 1.824481	 -0.595552
5.590963	 2.120016	 -0.629288
5.735541	 1.859048	 -0.243969
5.768342	 1.612140	 -0.284450
5.803520	 1.315328	 -0.305097
5.829161	 0.970080	 -0.355437
5.865909	 0.680409	 -0.250898
5.867427	 0.357603	 -0.335874
5.661525	 0.255641	 -0.943671
5.655934	 0.618109	 -0.925959
5.642250	 0.883686	 -0.915852
5.625936	 1.103372	 -0.906968
5.582128	 1.492028	 -0.896502
5.508461	 1.829579	 -0.926893
5.496139	 2.068560	 -0.862192
5.503976	 0.352194	 -1.187677
5.473916	 0.681490	 -1.203877
5.535215	 0.906945	 -1.092285
5.453927	 1.212850	 -1.159345
5.358996	 1.512028	 -1.222308
5.403309	 1.728825	 -1.116161
5.032162	 0.299204	 -1.645024
5.093678	 0.663182	 -1.582662
5.058089	 0.940476	 -1.585666
5.015752	 1.197775	 -1.587083
5.063479	 1.515468	 -1.505507
4.882779	 1.777456	 -1.584360
4.923816	 2.052020	 -1.500923
5.112324	 2.092600	 -1.343013
5.173989	 1.781044	 -1.360734
5.218372	 1.527616	 -1.369802
5.240817	 1.316144	 -1.384531
5.290715	 0.940272	 -1.386384
5.333478	 0.589692	 -1.375050
4.774531	 0.577544	 -1.783758
4.827295	 0.961303	 -1.728716
4.797333	 1.226435	 -1.716511
4.784451	 1.477534	 -1.690032
4.615610	 1.777112	 -1.721479
4.200418	 0.268828	 -1.974450
4.176392	 0.590013	 -1.966289
4.133487	 0.865238	 -1.954822
4.155235	 1.167208	 -1.925746
4.247898	 1.561461	 -1.863759
4.237122	 1.838825	 -1.823134
4.157545	 2.017971	 -1.804390
4.390617	 2.010719	 -1.756956
4.397477	 1.753183	 -1.800455
4.519164	 1.569023	 -1.791088
4.547174	 1.261392	 -1.821448
4.447347	 0.842166	 -1.893040
4.465354	 0.449687	 -1.909996
4.434906	 0.188138	 -1.925956
3.875331	 0.361031	 -1.994395
3.916770	 0.729365	 -1.977656
3.957553	 0.975524	 -1.959151
3.863078	 1.167872	 -1.941982
3.882825	 1.475169	 -1.907115
3.997481	 1.825526	 -1.853508
3.635246	 0.639925	 -1.964947
3.737945	 0.948448	 -1.955366
3.591782	 1.266051	 -1.907137
3.614629	 1.565523	 -1.873367
3.745662	 1.739635	 -1.863214
3.740813	 2.021288	 -1.814813
3.064184	 0.286210	 -1.812646
2.957795	 0.611495	 -1.745739
3.118686	 0.919351	 -1.801883
2.977291	 1.202287	 -1.704545
3.067407	 1.492370	 -1.712788
3.190374	 1.832422	 -1.713247
3.433782	 2.063871	 -1.752649
3.512560	 1.795257	 -1.819873
3.367058	 1.535754	 -1.822548
3.255136	 1.226325	 -1.825371
3.434977	 0.928447	 -1.907609
3.285703	 0.560356	 -1.889125
3.292446	 0.230552	 -1.902764
2.795234	 0.312458	 -1.661469
2.688666	 0.624137	 -1.569954
2.812361	 0.946932	 -1.632464
2.815187	 1.184076	 -1.608380
2.820694	 1.381508	 -1.585693
2.834972	 1.725053	 -1.538589
2.539350	 0.350563	 -1.457660
2.532815	 0.610003	 -1.437153
2.533417	 0.862980	 -1.415970
2.661620	 1.175812	 -1.494319
2.604325	 1.462914	 -1.400511
2.555145	 1.761746	 -1.292631
2.715364	 2.033589	 -1.380095
2.186581	 0.207836	 -1.026031
2.186699	 0.515744	 -1.007979
2.134708	 0.833454	 -0.873852
2.195284	 1.223013	 -0.916784
2.243258	 1.615564	 -0.903447
2.293321	 1.903184	 -0.900610
2.476568	 2.031669	 -1.132509
2.382518	 1.767179	 -1.083122
2.388065	 1.506682	 -1.154152
2.431271	 1.186679	 -1.266711
2.296470	 0.870142	 -1.139541
2.392452	 0.582386	 -1.291139
2.029151	 0.583530	 -0.662225
2.029881	 0.959825	 -0.586949
2.070888	 1.275615	 -0.615378
2.131847	 1.475302	 -0.711760
2.146344	 1.758555	 -0.636456
2.230641	 2.070960	 -0.703210
1.906917	 0.338214	 -0.060061
1.917119	 0.587215	 -0.076168
1.929180	 0.795964	 -0.073545
1.954605	 1.094842	 -0.104345
1.996586	 1.442843	 -0.159467
2.044346	 1.813687	 -0.062183
2.119202	 2.012073	 -0.387049
2.058472	 1.704424	 -0.346663
2.055344	 1.477996	 -0.478222
2.000100	 1.201608	 -0.380907
1.961833	 0.942201	 -0.301302
1.943161	 0.645282	 -0.310710
1.943910	 0.300520	 -0.392176
1.917021	 0.253167	 0.228445
1.921524	 0.566119	 0.165284
1.948722	 0.941549	 0.199895
1.969240	 1.245630	 0.094070
2.006867	 1.518343	 0.165038
2.060801	 1.794592	 0.276016
2.091357	 2.057463	 0.137897
1.967951	 0.698594	 0.425526
2.010550	 0.957427	 0.522069
1.998985	 1.238456	 0.354782
2.066130	 1.539865	 0.487124
2.100600	 1.778679	 0.480180
2.134726	 2.009440	 0.454599
2.234015	 0.266288	 1.099336
2.198810	 0.570615	 1.023462
2.172666	 0.844377	 0.945110
2.207120	 1.156618	 0.952396
2.305026	 1.554120	 1.024536
2.304124	 1.867450	 0.931757
2.380785	 2.087750	 0.980811
2.171341	 1.753049	 0.703852
2.150795	 1.446504	 0.766365
2.075413	 1.217121	 0.647711
2.094379	 0.967892	 0.761026
2.056443	 0.674320	 0.721771
2.088453	 0.315733	 0.834976
2.377784	 0.213177	 1.292867
2.368122	 0.475704	 1.269582
2.345786	 0.840724	 1.209459
2.425504	 1.227347	 1.253480
2.538556	 1.543701	 1.321380
2.479178	 1.865747	 1.182265
2.530779	 2.126619	 1.169752
2.567258	 0.319683	 1.484405
2.534035	 0.648835	 1.435480
2.622352	 0.970313	 1.485790
2.629590	 1.291971	 1.450790
2.765026	 1.505465	 1.526891
2.709009	 1.784195	 1.431150
2.686172	 2.064852	 1.346561
3.086892	 0.355729	 1.820920
3.117149	 0.700687	 1.817525
3.010637	 0.944376	 1.748779
3.162142	 1.241473	 1.787998
3.176663	 1.480295	 1.763488
3.160460	 1.718281	 1.720266
3.251310	 2.044971	 1.697299
2.909156	 1.699611	 1.592002
3.000083	 1.475330	 1.680851
2.852075	 1.196310	 1.631195
2.821761	 0.938289	 1.639523
2.809412	 0.643593	 1.654960
3.362444	 0.625862	 1.909040
3.268809	 0.930447	 1.858974
3.409356	 1.151639	 1.880711
3.398577	 1.455804	 1.842339
3.507780	 1.826607	 1.813638
3.485187	 2.110377	 1.756375
4.082149	 0.221874	 1.989741
4.056156	 0.544446	 1.981569
3.866349	 0.910031	 1.964892
4.020312	 1.291928	 1.925547
3.997982	 1.640700	 1.882056
4.000276	 1.830061	 1.852615
4.011322	 2.030074	 1.816930
3.823956	 1.823834	 1.854672
3.735505	 1.544219	 1.890826
3.661958	 1.211838	 1.923035
3.540125	 0.904222	 1.932193
3.682600	 0.587366	 1.973503
3.822063	 0.271233	 1.995363
4.315847	 0.289631	 1.952979
4.401478	 0.609244	 1.920396
4.222910	 0.923176	 1.937662
4.380235	 1.251737	 1.873368
4.264795	 1.557210	 1.861131
4.166809	 1.822448	 1.837416
4.310573	 2.054205	 1.769005
4.601150	 0.626761	 1.855985
4.602398	 0.927427	 1.834414
4.622622	 1.270609	 1.791821
4.537067	 1.511486	 1.793065
4.440526	 1.789580	 1.782015
5.155135	 0.295533	 1.553448
5.055621	 0.596949	 1.614942
5.159718	 0.852891	 1.514939
5.116831	 1.160911	 1.515848
4.962609	 1.468805	 1.585576
5.046054	 1.778132	 1.470583
5.101407	 2.070461	 1.358442
4.862918	 2.040707	 1.543152
4.747977	 1.728026	 1.668988
4.744619	 1.437219	 1.715971
4.836394	 1.194883	 1.699297
4.934158	 0.893249	 1.673363
4.791924	 0.618365	 1.772844
4.905111	 0.311116	 1.725144
5.340826	 0.237673	 1.384987
5.346385	 0.600545	 1.360688
5.316525	 0.998528	 1.353090
5.280030	 1.216122	 1.361078
5.244166	 1.470539	 1.355085
5.302217	 1.856757	 1.209489
5.504761	 0.291742	 1.189347
5.588393	 0.594784	 1.046222
5.506124	 0.920742	 1.132743
5.417178	 1.231364	 1.203873
5.490832	 1.561477	 1.032940
5.479269	 1.874186	 0.961556
5.408389	 2.089369	 1.000582
5.785968	 0.292473	 0.658450
5.817566	 0.543281	 0.527757
5.792243	 0.807625	 0.561641
5.752119	 1.159928	 0.591683
5.753692	 1.442659	 0.470810
5.712543	 1.695797	 0.489952
5.547128	 2.063954	 0.762431
5.607512	 1.784568	 0.747015
5.668272	 1.477795	 0.716758
5.601977	 1.207441	 0.929836
5.677756	 0.878419	 0.845836
5.732793	 0.572342	 0.768664
5.860336	 0.688753	 0.287945
5.838048	 0.997383	 0.288173
5.810870	 1.298049	 0.269428
5.777566	 1.578328	 0.253683
5.735618	 1.859179	 0.243229
5.696960	 2.100794	 0.200193
1.902787	 -0.191493	 -0.008210
4.110160	 -0.191398	 -1.987524
5.187423	 -3.727992	 -0.173650
5.281609	 -3.509218	 -0.206893
5.387689	 -3.228931	 -0.231007
5.507163	 -2.863735	 -0.233719
5.594505	 -2.479287	 -0.329713
5.673721	 -2.104761	 -0.346726
5.749651	 -1.704330	 -0.315300
5.794624	 -1.311093	 -0.358751
5.829520	 -0.951724	 -0.361706
5.863518	 -0.548449	 -0.315209
5.859292	 -0.500713	 0.352519
5.833381	 -0.970607	 0.331477
5.800054	 -1.293746	 0.340060
5.733820	 -1.789281	 0.328998
5.672348	 -2.111751	 0.346662
5.612513	 -2.428194	 0.298627
5.512897	 -2.810500	 0.294117
5.392756	 -3.203528	 0.255928
5.301695	 -3.463447	 0.200309
5.177590	 -3.715510	 0.266143
5.053888	 -3.968987	 0.216258
5.775265	 -0.191148	 0.694227
5.768887	 -0.465599	 0.689773
5.764391	 -0.932203	 0.619589
5.695498	 -1.325423	 0.698534
5.663729	 -1.744422	 0.621800
5.575377	 -2.114834	 0.672376
5.498634	 -2.552718	 0.602182
5.420561	 -2.801822	 0.619451
5.356859	 -3.072219	 0.555511
5.244013	 -3.438347	 0.476679
5.101830	 -3.710065	 0.514997
5.016647	 -3.922851	 0.438057
4.868846	 -4.193418	 0.365899
4.666426	 -4.475215	 0.278621
4.510079	 -4.642466	 0.195906
5.592822	 -0.561277	 1.042146
5.581755	 -0.846772	 1.027818
5.534660	 -1.329757	 1.018495
5.482741	 -1.726047	 1.001240
5.409439	 -2.158415	 0.974234
5.340172	 -2.515369	 0.935576
5.262013	 -2.887129	 0.871489
5.169940	 -3.267762	 0.781832
5.056230	 -3.588335	 0.721569
4.959315	 -3.839548	 0.651339
4.879066	 -4.022153	 0.590282
4.315954	 -4.761262	 0.225713
5.333096	 -0.525370	 1.379785
5.289790	 -0.856844	 1.396285
5.318324	 -1.340464	 1.300961
5.230386	 -1.712428	 1.320908
5.193110	 -2.105349	 1.261968
5.122701	 -2.501233	 1.210651
5.040457	 -2.894826	 1.142788
5.057898	 -3.128447	 1.015614
4.922130	 -3.441087	 0.992422
4.858917	 -3.751521	 0.859042
4.812896	 -3.946185	 0.757837
4.707177	 -4.128793	 0.714295
4.576321	 -4.373371	 0.597959
4.410344	 -4.611636	 0.444311
5.048817	 -0.524410	 1.623962
5.102798	 -0.919045	 1.554199
5.038302	 -1.392970	 1.543957
5.044693	 -1.670442	 1.492516
4.943914	 -2.098653	 1.476148
4.911026	 -2.503290	 1.391495
4.866752	 -2.846959	 1.310480
4.822384	 -3.131325	 1.231998
4.662530	 -3.466157	 1.191093
4.727276	 -3.670445	 1.035867
4.638814	 -3.916705	 0.948703
4.198383	 -4.739053	 0.412062
4.067142	 -4.844285	 0.250078
4.732923	 -0.560754	 1.804416
4.671872	 -0.877395	 1.810488
4.707756	 -1.361483	 1.743759
4.604294	 -1.741591	 1.732154
4.659461	 -2.115058	 1.636998
4.670370	 -2.558198	 1.522518
4.623165	 -2.878173	 1.448661
4.492358	 -3.251437	 1.374470
4.452949	 -3.518943	 1.277673
4.529622	 -3.704808	 1.148158
4.398077	 -3.903508	 1.101998
4.374408	 -4.185862	 0.925637
4.283704	 -4.480165	 0.713775
4.181791	 -4.644006	 0.572687
4.394027	 -0.196153	 1.936686
4.378972	 -0.456715	 1.933138
4.367919	 -0.931208	 1.907285
4.382125	 -1.359260	 1.860354
4.350893	 -1.748357	 1.813427
4.352413	 -2.142554	 1.741149
4.335967	 -2.672533	 1.618947
4.311880	 -3.024771	 1.518877
4.258234	 -3.261980	 1.449035
4.311109	 -3.433160	 1.366822
4.275850	 -3.676195	 1.268063
4.162812	 -3.954277	 1.151677
3.959885	 -4.739753	 0.503530
4.028415	 -0.485928	 1.986073
4.045881	 -0.945112	 1.957103
4.050933	 -1.361532	 1.915393
4.042433	 -1.752921	 1.862285
4.033760	 -2.154311	 1.791417
3.976744	 -2.630708	 1.685594
4.062194	 -2.924213	 1.596677
4.117960	 -3.163181	 1.511934
4.086855	 -3.421144	 1.419671
3.981832	 -3.723278	 1.297603
3.394172	 -0.501831	 1.923778
3.406819	 -0.933022	 1.900132
3.382276	 -1.350742	 1.851131
3.386955	 -1.751776	 1.795611
3.396882	 -2.144628	 1.726063
3.377988	 -2.541189	 1.627966
3.456971	 -2.796453	 1.581037
3.502159	 -3.197817	 1.461826
3.548443	 -3.559504	 1.328355
3.470165	 -3.783988	 1.195200
3.598240	 -4.007362	 1.110202
3.765446	 -4.607159	 0.667108
3.840395	 -4.463624	 0.822616
3.770342	 -4.255363	 0.982755
3.877406	 -3.989918	 1.160618
3.706254	 -3.764095	 1.265436
3.782265	 -3.480070	 1.402856
3.884803	 -3.182372	 1.520642
3.756772	 -2.890922	 1.608312
3.659870	 -2.599725	 1.677996
3.710862	 -2.154004	 1.786257
3.715327	 -1.754495	 1.858106
3.714562	 -1.360075	 1.912315
3.718068	 -0.945425	 1.953848
3.706818	 -0.494496	 1.980267
3.019821	 -0.204855	 1.793350
3.048219	 -0.530356	 1.795964
3.131847	 -0.867033	 1.811844
3.064328	 -1.321106	 1.734584
3.072335	 -1.746046	 1.674802
3.093890	 -2.135891	 1.608753
3.114562	 -2.518817	 1.524488
3.212443	 -2.926009	 1.448823
3.137218	 -3.224015	 1.297859
3.299170	 -3.550115	 1.240010
3.295359	 -3.800623	 1.107346
3.384654	 -3.956499	 1.060654
3.401840	 -4.196663	 0.903438
3.589646	 -4.449181	 0.777660
3.542403	 -4.599929	 0.588046
3.677071	 -4.732461	 0.467158
3.798782	 -4.845787	 0.277738
2.684472	 -0.589589	 1.568933
2.701569	 -0.942233	 1.553340
2.740020	 -1.269090	 1.543767
2.790080	 -1.737829	 1.504040
2.819950	 -2.118406	 1.443296
2.867395	 -2.514816	 1.370199
2.954010	 -2.955006	 1.283695
2.881168	 -3.213503	 1.113057
3.038529	 -3.495250	 1.104647
3.155397	 -3.712691	 1.071028
3.181101	 -3.939348	 0.946472
2.390824	 -0.492876	 1.295438
2.365845	 -0.947934	 1.221818
2.457705	 -1.372299	 1.265872
2.500746	 -1.734195	 1.239972
2.556772	 -2.075031	 1.214497
2.646938	 -2.513868	 1.172092
2.727169	 -2.941287	 1.086347
2.671725	 -3.178265	 0.897363
2.821980	 -3.475045	 0.907291
2.989131	 -3.729112	 0.922538
2.992605	 -3.931375	 0.774110
3.112253	 -4.151551	 0.711229
3.285470	 -4.455445	 0.559801
3.456313	 -4.679044	 0.392798
3.595726	 -4.790813	 0.287334
2.172958	 -0.573095	 0.978934
2.192449	 -0.946042	 0.964835
2.223473	 -1.289058	 0.953013
2.273650	 -1.741163	 0.919689
2.355611	 -2.183917	 0.903526
2.433871	 -2.526179	 0.885190
2.521685	 -2.885854	 0.842162
2.533609	 -3.139783	 0.697899
2.627928	 -3.417300	 0.658001
2.807397	 -3.756491	 0.672591
2.926092	 -4.024724	 0.591782
2.024190	 -0.516952	 0.657381
2.042039	 -0.951093	 0.626616
2.082959	 -1.340057	 0.628211
2.139179	 -1.746545	 0.622005
2.204870	 -2.153541	 0.591278
2.289211	 -2.546659	 0.566379
2.407068	 -2.980638	 0.535924
2.494970	 -3.239965	 0.522868
2.533245	 -3.421119	 0.422524
2.640440	 -3.657772	 0.425679
2.783343	 -3.964990	 0.361861
2.997812	 -4.256157	 0.406974
3.130730	 -4.452686	 0.320873
3.264606	 -4.616402	 0.209674
3.461697	 -4.757783	 0.187750
1.941050	 -0.489376	 0.343140
1.964173	 -0.951364	 0.311385
2.004343	 -1.356484	 0.308535
2.058213	 -1.751258	 0.303734
2.127020	 -2.149103	 0.287412
2.223961	 -2.594764	 0.254854
2.307498	 -2.896198	 0.249860
2.420109	 -3.221985	 0.276762
2.532059	 -3.533745	 0.211598
2.642807	 -3.776393	 0.200600
3.628599	 -4.849384	 0.086548
1.909512	 -0.443686	 -0.014533
1.939340	 -0.950414	 -0.021000
1.980152	 -1.361232	 -0.026165
2.034032	 -1.754328	 -0.027281
2.104038	 -2.148748	 -0.027976
2.188240	 -2.527930	 -0.029843
2.251022	 -2.767171	 -0.031181
2.341671	 -3.067251	 -0.015211
2.450070	 -3.371397	 -0.017769
2.587493	 -3.691958	 -0.055009
2.731938	 -3.973588	 0.044691
2.037436	 -0.515029	 -0.694285
2.035090	 -0.946034	 -0.606925
2.106291	 -1.336183	 -0.693311
2.164780	 -1.750372	 -0.688643
2.229861	 -2.143265	 -0.664176
2.315568	 -2.539094	 -0.641466
2.406574	 -2.898893	 -0.604826
2.498537	 -3.210818	 -0.561016
2.636207	 -3.576689	 -0.517925
2.752074	 -3.845892	 -0.463734
2.856456	 -4.060900	 -0.401012
3.423012	 -4.756034	 -0.050183
3.222282	 -4.605941	 -0.066002
3.119891	 -4.467021	 -0.254628
2.889875	 -4.206972	 -0.168243
2.725777	 -3.924398	 -0.228648
2.631182	 -3.706496	 -0.313032
2.517473	 -3.466618	 -0.287945
2.410621	 -3.211315	 -0.244619
2.333140	 -2.929411	 -0.333569
2.237580	 -2.601310	 -0.323703
2.138063	 -2.149221	 -0.348693
2.069099	 -1.754174	 -0.361328
2.013618	 -1.354875	 -0.361972
1.969081	 -0.947906	 -0.342118
1.946377	 -0.487466	 -0.372704
2.206259	 -0.204713	 -1.058323
2.207437	 -0.542107	 -1.040221
2.207975	 -0.856726	 -1.005264
2.257040	 -1.302895	 -1.006859
2.318554	 -1.742905	 -0.994471
2.378992	 -2.134361	 -0.961116
2.454509	 -2.527264	 -0.918037
2.539865	 -2.959143	 -0.829273
2.675702	 -3.208475	 -0.884804
2.684215	 -3.440663	 -0.739220
2.826486	 -3.727997	 -0.727536
2.899553	 -3.985805	 -0.591343
3.068494	 -4.252505	 -0.541777
3.266607	 -4.499434	 -0.473455
3.354105	 -4.657701	 -0.293416
3.490471	 -4.762429	 -0.228798
2.465138	 -0.605023	 -1.369896
2.468964	 -0.939112	 -1.342250
2.480619	 -1.249338	 -1.312163
2.519756	 -1.730145	 -1.262044
2.574086	 -2.114820	 -1.222081
2.646378	 -2.518224	 -1.169933
2.756312	 -2.994540	 -1.093190
2.817964	 -3.216220	 -1.050259
2.859214	 -3.442913	 -0.969122
3.027505	 -3.720551	 -0.964487
3.048073	 -3.981562	 -0.794231
3.656292	 -4.840847	 -0.188703
2.793890	 -0.545814	 -1.650495
2.861163	 -0.943631	 -1.664294
2.813792	 -1.317959	 -1.589981
2.816071	 -1.721479	 -1.525990
2.830907	 -2.066507	 -1.463854
2.876408	 -2.504457	 -1.380095
2.955223	 -2.920918	 -1.297513
3.010172	 -3.214581	 -1.218312
3.064633	 -3.503868	 -1.120069
3.198948	 -3.671467	 -1.122892
3.238619	 -3.904192	 -1.010587
3.324824	 -4.199007	 -0.854439
3.338531	 -4.418888	 -0.655715
3.507188	 -4.617748	 -0.540295
3.542007	 -4.745081	 -0.345703
3.127639	 -0.506266	 -1.832712
3.152293	 -0.946601	 -1.813775
3.147938	 -1.343566	 -1.769680
3.154592	 -1.738563	 -1.714324
3.157981	 -2.170773	 -1.631698
3.157747	 -2.473519	 -1.558147
3.193430	 -2.959915	 -1.428035
3.228050	 -3.185681	 -1.362322
3.270267	 -3.421284	 -1.285157
3.437296	 -3.739949	 -1.205940
3.462872	 -4.016846	 -1.058070
3.430510	 -0.496661	 -1.933213
3.447202	 -0.949513	 -1.908830
3.451794	 -1.353847	 -1.868853
3.459129	 -1.747508	 -1.815416
3.479473	 -2.148866	 -1.747212
3.478231	 -2.579027	 -1.647073
3.418436	 -2.839607	 -1.556737
3.446212	 -3.125721	 -1.471431
3.568355	 -3.441358	 -1.384193
3.685569	 -3.677023	 -1.304142
3.716023	 -3.949445	 -1.169117
3.645209	 -4.216252	 -0.986201
3.580387	 -4.438009	 -0.784501
3.799565	 -4.624426	 -0.653128
3.727643	 -4.765800	 -0.430804
3.750715	 -0.482695	 -1.984571
3.772717	 -0.949311	 -1.957889
3.776954	 -1.359445	 -1.917455
3.778556	 -1.751780	 -1.863775
3.783727	 -2.148806	 -1.793565
3.762598	 -2.546387	 -1.703068
3.699361	 -2.836970	 -1.618107
3.767318	 -3.178962	 -1.516014
3.840083	 -3.472481	 -1.409685
3.907309	 -3.732352	 -1.295747
4.107974	 -0.443540	 -1.981031
4.105141	 -0.944124	 -1.951899
4.110546	 -1.359696	 -1.910016
4.102076	 -1.752540	 -1.856860
4.095287	 -2.151017	 -1.786462
4.040519	 -2.651104	 -1.676181
3.969223	 -2.960460	 -1.592207
4.082375	 -3.234838	 -1.491213
4.056911	 -3.528297	 -1.378990
4.156417	 -3.717971	 -1.277394
4.033378	 -3.961130	 -1.169735
3.932898	 -4.856229	 -0.264112
4.767894	 -0.581127	 -1.786798
4.691062	 -0.881460	 -1.801869
4.750090	 -1.331951	 -1.727388
4.670819	 -1.738160	 -1.704224
4.711961	 -2.113540	 -1.611975
4.699622	 -2.548855	 -1.510019
4.583286	 -2.861538	 -1.473267
4.614673	 -3.231607	 -1.323263
4.500505	 -3.525133	 -1.253175
4.513082	 -3.731658	 -1.142590
4.504799	 -3.963151	 -1.009352
3.949580	 -4.748029	 -0.491489
4.111026	 -4.604021	 -0.651368
4.166538	 -4.429710	 -0.812570
4.231233	 -4.199830	 -0.975848
4.302677	 -3.884009	 -1.151258
4.359402	 -3.663971	 -1.246336
4.311689	 -3.438346	 -1.364474
4.373836	 -3.136705	 -1.461970
4.245872	 -2.912114	 -1.571076
4.400278	 -2.618549	 -1.615094
4.408113	 -2.143189	 -1.725625
4.411500	 -1.747992	 -1.797374
4.435060	 -1.351146	 -1.846854
4.414143	 -0.929371	 -1.895527
4.450218	 -0.498237	 -1.912398
5.131280	 -0.224260	 -1.574366
5.117327	 -0.572208	 -1.570536
5.085773	 -0.938408	 -1.565301
5.062298	 -1.257188	 -1.545514
5.040594	 -1.714139	 -1.487388
4.999278	 -2.090410	 -1.437445
4.949962	 -2.513666	 -1.359204
4.848940	 -2.940674	 -1.288824
4.900494	 -3.211633	 -1.132672
4.711315	 -3.499375	 -1.141707
4.711799	 -3.747436	 -1.001597
4.688498	 -3.939695	 -0.891170
4.570804	 -4.148398	 -0.827284
4.398582	 -4.425283	 -0.699882
4.331823	 -4.627538	 -0.496707
4.160584	 -4.769138	 -0.378376
5.411764	 -0.613177	 -1.286733
5.395823	 -0.953137	 -1.270774
5.327477	 -1.236438	 -1.308105
5.359315	 -1.692184	 -1.181917
5.247543	 -2.093210	 -1.207249
5.165421	 -2.520103	 -1.159182
5.070914	 -2.940605	 -1.091390
5.094203	 -3.160989	 -0.955022
4.965283	 -3.495986	 -0.911854
4.836406	 -3.794522	 -0.852349
4.803136	 -3.993658	 -0.727473
5.618428	 -0.531383	 -1.002111
5.647883	 -0.956557	 -0.892634
5.608227	 -1.310592	 -0.894437
5.518631	 -1.694538	 -0.951646
5.440054	 -2.105238	 -0.945316
5.348009	 -2.568703	 -0.898616
5.280434	 -2.907427	 -0.830316
5.182923	 -3.240855	 -0.779312
5.165401	 -3.467881	 -0.631011
4.991966	 -3.750953	 -0.682734
4.957089	 -3.986687	 -0.486912
4.384337	 -4.712714	 -0.257265
5.764708	 -0.472764	 -0.700183
5.742604	 -0.941544	 -0.679472
5.706213	 -1.319397	 -0.672337
5.649755	 -1.705661	 -0.676740
5.576423	 -2.107732	 -0.673487
5.490470	 -2.522146	 -0.643808
5.454892	 -2.770936	 -0.553986
5.342689	 -3.136494	 -0.532123
5.276608	 -3.414493	 -0.407262
5.149927	 -3.694138	 -0.408740
5.071542	 -3.934772	 -0.225420
4.905957	 -4.189735	 -0.256579
4.721706	 -4.429113	 -0.241604
4.558691	 -4.604540	 -0.187758
5.871164	 -0.228491	 -0.332733
5.791607	 -0.732879	 -0.580545
5.759468	 -1.132830	 -0.577219
5.717243	 -1.511135	 -0.567164
5.652998	 -1.907392	 -0.570251
5.573838	 -2.308040	 -0.561128
1.919665	 -0.232988	 -0.253586
2.088428	 -0.250821	 -0.838584
2.355659	 -0.270428	 -1.264510
4.724708	 -4.265116	 -0.539445
1.917521	 -0.234622	 0.235962
2.081357	 -0.269731	 0.822129
2.230100	 -0.259171	 1.093660
2.555286	 -0.257111	 1.475597
2.802343	 -0.262703	 1.667609
5.844570	 -0.238422	 0.462607
5.506849	 -0.257886	 1.187832
5.340164	 -0.208693	 1.386452
4.904215	 -0.268143	 1.726866
5.158924	 -0.253816	 1.551613
4.625364	 -0.250463	 1.861504
4.146727	 -0.232565	 1.982606
3.549621	 -0.251029	 1.966180
2.781096	 -0.214124	 -1.654579
3.277576	 -0.253271	 -1.897460
2.999547	 -0.253528	 -1.782200
3.866536	 -0.233298	 -1.997430
4.349422	 -0.233143	 -1.946812
4.636109	 -0.264436	 -1.856965
5.678191	 -0.249178	 -0.912199
5.521085	 -0.275838	 -1.167660
4.537900	 -4.531977	 -0.415475
3.909130	 -4.162212	 -1.055235
5.762152	 -1.117936	 0.573397
5.783842	 -1.547753	 0.238099
5.650789	 -1.928237	 0.565332
5.581769	 -2.308498	 0.536580
5.673671	 -0.250085	 0.920911
4.051900	 -4.164929	 1.042649
4.018003	 -4.569515	 0.712317
4.060480	 -4.371636	 0.889076
3.848793	 -0.244268	 1.996824
3.259323	 -0.248284	 1.891473
2.378928	 -0.199842	 1.294567
2.868031	 -4.179355	 0.149105
3.043472	 -4.420967	 0.088167
1.980126	 -0.247997	 -0.546869
2.576334	 -0.271835	 -1.494090
3.568950	 -0.248662	 -1.969589
3.921098	 -4.406333	 -0.874456
4.920613	 -0.272233	 -1.717130
5.320491	 -0.278503	 -1.404567
1.975489	 -0.252064	 0.529990
5.772584	 -0.206169	 -0.700712
2.637801	 -0.820715	 -1.513767
1.931608	 -0.717701	 -0.186329
2.485802	 -0.803604	 1.374385
5.458272	 -0.769713	 1.215297
5.810961	 -0.731561	 0.513621
5.889625	 -0.268241	 0.185327
4.941788	 -0.785184	 1.677660
3.293426	 -0.729622	 -1.881984
3.602855	 -0.723012	 -1.955471
5.468345	 -2.323205	 -0.803074
5.549941	 -1.904765	 -0.822981
5.828410	 -0.293137	 -0.521257
5.695438	 -0.743724	 -0.829881
5.672390	 -1.135751	 -0.805056
5.620895	 -1.504165	 -0.815983
5.657257	 -1.055689	 0.854826
5.726932	 -1.550609	 0.515998
5.546882	 -1.878032	 0.839180
5.708745	 -0.766416	 0.796910
5.492346	 -2.332719	 0.749497
4.474731	 -0.710706	 1.893925
4.197568	 -0.710855	 1.956527
3.563935	 -0.722245	 1.949182
3.876601	 -0.718215	 1.978244
3.305578	 -0.711578	 1.887014
2.896185	 -0.800231	 1.697989
2.071039	 -0.746433	 0.746675
1.981842	 -0.731032	 0.476301
1.928549	 -0.714897	 0.152736
2.322722	 -0.799889	 -1.183922
2.090998	 -0.781393	 -0.788216
1.988530	 -0.733434	 -0.501902
3.934517	 -0.711643	 -1.978513
4.521265	 -0.722982	 -1.878426
4.258027	 -0.709139	 -1.946514
5.256296	 -0.827423	 -1.431699
4.911882	 -0.809571	 -1.693932
5.561213	 -0.822614	 -1.063839
5.863958	 -0.728044	 0.243791
1.963175	 -1.157959	 0.143136
2.013253	 -1.151110	 0.463385
2.311782	 -0.753484	 1.174318
5.149739	 -0.722796	 1.534344
4.547793	 -1.131716	 1.835368
4.215683	 -1.149934	 1.918543
3.553720	 -1.148342	 1.912986
3.242922	 -1.116023	 1.832784
2.955495	 -1.053978	 1.708940
3.040177	 -0.735170	 -1.780033
5.401053	 -2.694579	 -0.735409
5.231875	 -1.043347	 -1.431099
5.537110	 -1.125742	 -1.054888
5.352251	 -1.868218	 1.145885
5.594052	 -1.594399	 0.843117
5.448575	 -1.046732	 1.192984
5.231173	 -2.318905	 1.155573
5.388808	 -2.691811	 0.761506
4.896532	 -1.085239	 1.677251
3.882997	 -1.153255	 1.943726
2.506602	 -1.079307	 1.364144
2.098815	 -1.136735	 0.732094
1.966759	 -1.154726	 -0.188711
2.132819	 -1.061872	 -0.827532
2.022946	 -1.135042	 -0.507299
2.299987	 -1.036234	 -1.121193
2.643987	 -1.055337	 -1.494572
3.303571	 -1.150909	 -1.849890
3.613680	 -1.155618	 -1.922187
3.942640	 -1.155320	 -1.943167
4.577122	 -1.121244	 -1.825848
4.266865	 -1.144922	 -1.909952
4.853006	 -1.057866	 -1.705196
5.467624	 -1.447477	 -1.094240
5.392933	 -1.892309	 -1.085469
5.306279	 -2.321649	 -1.061987
2.383075	 -1.516728	 -1.145372
3.050227	 -1.141768	 -1.748877
3.305973	 -1.547195	 -1.801891
2.203304	 -1.536028	 -0.850823
2.079519	 -1.550463	 -0.529900
2.062770	 -1.549840	 0.468843
2.169068	 -1.536072	 0.778745
2.339370	 -1.128113	 1.161256
5.194020	 -1.108544	 1.457388
4.796009	 -1.601219	 1.664996
5.401589	 -1.590045	 1.152268
4.513174	 -1.563640	 1.793927
2.917459	 -1.528705	 1.625670
2.671021	 -1.530534	 1.447846
3.616838	 -1.554740	 -1.875199
3.943073	 -1.557915	 -1.895749
4.267515	 -1.556834	 -1.860650
4.577292	 -1.554034	 -1.772169
4.891356	 -1.575607	 -1.614327
5.201655	 -1.541436	 -1.383130
5.040697	 -2.309257	 1.346532
5.107881	 -1.889236	 1.396190
5.161273	 -2.699408	 1.094643
4.206122	 -1.559441	 1.871328
3.547294	 -1.556380	 1.863097
3.879266	 -1.559589	 1.895853
3.222666	 -1.544650	 1.772570
2.010108	 -1.557283	 0.139826
2.015157	 -1.557585	 -0.196127
2.590827	 -1.509402	 -1.379571
5.171065	 -1.843894	 -1.349471
5.095170	 -2.311465	 -1.297822
5.186411	 -2.732085	 -1.051042
2.141633	 -1.951269	 -0.519040
2.123790	 -1.951644	 0.453922
4.817575	 -1.865707	 1.606355
4.502258	 -1.928347	 1.737591
3.876412	 -1.953278	 1.834040
4.195390	 -1.949236	 1.811194
3.550698	 -1.953308	 1.800394
3.234621	 -1.947657	 1.709851
2.945754	 -1.937212	 1.569005
2.713650	 -1.922966	 1.404821
2.312117	 -1.536622	 1.039841
2.230803	 -1.954486	 0.757077
4.992601	 -2.690110	 1.266177
5.214408	 -1.544120	 1.370525
4.795582	 -2.325088	 1.516389
2.071964	 -1.953306	 0.134320
2.077493	 -1.954635	 -0.193325
2.264707	 -1.945892	 -0.831186
3.041111	 -1.535704	 -1.693291
2.436186	 -1.933479	 -1.109392
2.625476	 -1.915769	 -1.326996
3.315513	 -1.948815	 -1.739006
3.623829	 -1.951175	 -1.813486
3.940279	 -1.952313	 -1.833964
4.560520	 -1.927458	 -1.716498
4.255793	 -1.948343	 -1.800506
4.872617	 -1.860461	 -1.574716
4.843418	 -2.323525	 -1.487547
5.015982	 -2.727564	 -1.231996
3.927591	 -2.371094	 -1.750026
2.719558	 -2.306771	 -1.310358
2.505337	 -2.325306	 -1.072642
2.336118	 -2.339445	 -0.799068
2.157500	 -2.356572	 -0.184623
2.152122	 -2.357198	 0.121694
2.199793	 -2.360330	 0.420523
2.370937	 -1.940416	 1.015298
4.241095	 -2.383507	 -1.714045
4.817776	 -2.697795	 1.395470
4.505381	 -2.367870	 1.643425
4.179899	 -2.392878	 1.722888
3.850791	 -2.383880	 1.746599
3.243950	 -2.338409	 1.629999
3.536981	 -2.363631	 1.713617
2.968209	 -2.325222	 1.492858
2.721499	 -2.313321	 1.310184
2.284470	 -2.357089	 0.678500
2.220436	 -2.358405	 -0.498170
3.048171	 -1.931809	 -1.628031
3.378723	 -2.346268	 -1.676237
3.633100	 -2.359612	 -1.732176
4.556821	 -2.358835	 -1.625780
4.825993	 -2.721614	 -1.382280
3.252931	 -2.715118	 -1.533440
2.941118	 -2.307369	 -1.480243
2.799696	 -2.733901	 -1.241487
2.426736	 -2.733399	 -0.762222
2.333478	 -2.743466	 -0.536732
2.531788	 -2.325618	 1.106104
3.233091	 -2.701036	 1.529061
3.022568	 -2.725067	 1.410908
2.796242	 -2.729572	 1.240003
2.380962	 -2.739203	 0.662275
2.311512	 -2.754445	 0.456798
2.591132	 -2.748881	 -1.012235
3.032193	 -2.721648	 -1.417951
2.614918	 -2.722972	 1.053565
5.540092	 3.944864	 0.712661
4.772228	 4.042989	 1.382192
3.595022	 4.032361	 1.344007
3.056125	 4.005924	 0.915924
2.772882	 3.997464	 -0.310127
2.982913	 4.042953	 -0.808057
3.678993	 4.065895	 -1.377367
4.859980	 3.995250	 -1.348578
5.230101	 4.000560	 -1.101544
5.686980	 4.134974	 0.231245
5.652500	 4.419225	 0.181758
5.576124	 4.710556	 0.248001
5.479150	 5.044548	 0.168015
5.631830	 4.031967	 0.490209
5.609977	 4.390571	 0.408665
5.496412	 4.689186	 0.534258
5.469939	 4.942768	 0.382855
5.366828	 5.216959	 0.343258
5.190836	 5.551160	 0.283116
4.986281	 5.767344	 0.354372
4.825332	 5.939261	 0.275494
5.492953	 4.313763	 0.716279
5.351099	 4.708390	 0.786603
5.370656	 4.988788	 0.583885
5.225031	 5.285452	 0.586096
4.618213	 6.067399	 0.258406
5.063545	 4.115131	 1.220225
5.041184	 4.556716	 1.149334
5.008779	 4.803971	 1.093878
4.974092	 5.069132	 1.005889
4.907824	 5.388082	 0.867900
4.680407	 5.956534	 0.446869
4.820689	 5.809412	 0.534290
5.013280	 5.553566	 0.622075
5.079438	 5.274142	 0.790748
5.210476	 5.023639	 0.805006
5.155654	 4.767678	 0.987175
5.266298	 4.412903	 0.993340
5.359401	 3.982637	 0.970389
4.830890	 4.423532	 1.301888
4.844335	 4.813201	 1.191040
4.792532	 5.067180	 1.118639
4.713870	 5.310030	 1.035425
4.366208	 6.140083	 0.270605
4.263370	 4.051073	 1.484028
4.404222	 4.365323	 1.433862
4.278132	 4.691472	 1.373969
4.369358	 4.987373	 1.275144
4.494813	 6.007301	 0.499106
4.405631	 5.815815	 0.771113
4.493615	 5.542500	 0.973077
4.426579	 5.286410	 1.138202
4.627053	 5.031535	 1.202219
4.575663	 4.667010	 1.336938
4.624683	 4.307647	 1.398876
4.515692	 4.026692	 1.458562
4.051045	 4.121565	 1.466916
4.155596	 4.394079	 1.437723
4.040058	 4.696449	 1.360490
4.160360	 4.920930	 1.304372
4.165960	 5.182193	 1.202636
4.176650	 5.531025	 1.014606
4.053394	 5.825317	 0.761863
4.219921	 6.026599	 0.536090
3.852852	 4.056271	 1.435516
3.926351	 4.398546	 1.406623
3.811157	 4.704179	 1.306308
3.965743	 4.974071	 1.260461
3.909644	 5.268424	 1.119431
3.305988	 3.979276	 1.169767
3.433011	 4.364118	 1.205701
3.341757	 4.683243	 1.053077
3.505259	 4.999548	 1.053822
3.497551	 5.285743	 0.894626
4.076523	 6.140639	 0.260468
3.896689	 5.977842	 0.508110
3.836511	 5.805624	 0.698106
3.771637	 5.558290	 0.886927
3.673515	 5.232994	 1.042273
3.731299	 4.988307	 1.182015
3.573623	 4.693171	 1.208103
3.690501	 4.378525	 1.338008
3.192461	 4.341188	 1.011844
3.158345	 4.625455	 0.888780
3.271008	 4.963411	 0.866121
3.307756	 5.284127	 0.698963
3.682219	 5.938047	 0.366857
2.823082	 4.015277	 0.485607
2.842758	 4.330294	 0.426204
2.946293	 4.711873	 0.479715
3.043484	 5.098157	 0.364109
3.166739	 5.363100	 0.340681
3.605454	 5.948385	 0.167302
3.795814	 6.061420	 0.202191
3.475339	 5.791164	 0.308794
3.338127	 5.530915	 0.488586
3.182522	 5.268897	 0.509422
3.119330	 5.020890	 0.618662
3.076941	 4.740054	 0.726108
2.973135	 4.345755	 0.720358
2.911086	 3.951242	 0.699255
2.756999	 4.064651	 0.182374
2.821936	 4.492209	 0.199029
2.917468	 4.857496	 0.201893
2.991135	 5.067990	 0.189568
3.063839	 5.243393	 0.160506
3.233594	 5.545618	 0.148311
3.435123	 5.812527	 0.025786
2.739493	 3.943221	 -0.093322
2.769556	 4.257783	 -0.069204
2.850221	 4.669028	 -0.072441
2.957541	 5.017380	 0.029468
2.854351	 4.026729	 -0.565723
2.911061	 4.374547	 -0.587620
3.004472	 4.716047	 -0.610673
3.017730	 5.011800	 -0.394474
3.171206	 5.317310	 -0.424122
3.954643	 6.148583	 -0.042425
3.646836	 5.987350	 -0.118438
3.458266	 5.817052	 -0.173076
3.288110	 5.607681	 -0.208149
3.066299	 5.256982	 -0.127438
2.941287	 4.935634	 -0.186785
2.901714	 4.681540	 -0.368411
2.819199	 4.338495	 -0.334642
3.050826	 4.395382	 -0.826898
3.149663	 4.730710	 -0.834578
3.133310	 5.029350	 -0.636749
3.293970	 5.303868	 -0.663465
3.704457	 5.938539	 -0.397003
3.397983	 4.121812	 -1.221838
3.392523	 4.491352	 -1.149001
3.510755	 4.738525	 -1.157462
3.456945	 5.030438	 -1.004413
3.593914	 5.309950	 -0.950810
3.854920	 5.927418	 -0.557454
3.891816	 6.064016	 -0.332266
3.665069	 5.807085	 -0.566720
3.522664	 5.555103	 -0.707960
3.417070	 5.253754	 -0.844093
3.280299	 5.022226	 -0.844266
3.323281	 4.744330	 -1.015329
3.230351	 4.428126	 -1.028381
3.165532	 4.064371	 -1.033987
3.574558	 4.425710	 -1.275863
3.687096	 4.682913	 -1.265987
3.711416	 5.019551	 -1.160800
3.794743	 5.348870	 -1.035804
4.192435	 3.987254	 -1.489037
4.151931	 4.368625	 -1.441920
4.023716	 4.718681	 -1.352121
4.131665	 5.010104	 -1.270765
4.145290	 6.144727	 -0.277247
4.107357	 6.021306	 -0.530636
3.993803	 5.847178	 -0.722638
4.006498	 5.584834	 -0.954133
3.962807	 5.217398	 -1.158118
3.929463	 4.951035	 -1.260723
3.833749	 4.765087	 -1.295791
3.837104	 4.442003	 -1.376160
3.957259	 4.043231	 -1.460036
4.389807	 4.170969	 -1.463373
4.383531	 4.493029	 -1.412437
4.263306	 4.737635	 -1.361997
4.380208	 5.036746	 -1.255346
4.374275	 5.596371	 -0.960715
4.232366	 5.840747	 -0.766460
4.619801	 4.057477	 -1.431467
4.584416	 4.426535	 -1.388990
4.500838	 4.743498	 -1.333369
4.628732	 5.004148	 -1.212493
4.519358	 5.298479	 -1.111899
5.044837	 3.923336	 -1.251019
5.057965	 4.224797	 -1.208501
5.031208	 4.682926	 -1.119259
4.952152	 5.050488	 -1.030724
4.938761	 5.295771	 -0.905521
4.374657	 6.004152	 -0.551182
4.535424	 5.804158	 -0.741408
4.711316	 5.511911	 -0.908118
4.772051	 5.193725	 -1.069082
4.833100	 4.933064	 -1.153396
4.743055	 4.696967	 -1.273560
4.826358	 4.351415	 -1.317752
5.258128	 4.366420	 -1.013392
5.254770	 4.683767	 -0.918400
5.158237	 5.030192	 -0.861133
5.074224	 5.337444	 -0.748707
4.651529	 5.952699	 -0.480812
4.426736	 6.122986	 -0.288066
5.587013	 3.974085	 -0.614012
5.574280	 4.354942	 -0.530846
5.465379	 4.741941	 -0.569425
5.444570	 5.002674	 -0.391983
5.305220	 5.264596	 -0.448448
4.735788	 6.021936	 -0.196051
4.925820	 5.823462	 -0.358470
5.101806	 5.528069	 -0.523662
5.208139	 5.245341	 -0.649861
5.336942	 5.020674	 -0.621791
5.338568	 4.800739	 -0.758975
5.408335	 4.510170	 -0.786105
5.439710	 4.087239	 -0.853108
5.678473	 4.053087	 -0.319260
5.650643	 4.391943	 -0.228782
5.572571	 4.702887	 -0.276891
5.502350	 4.979019	 -0.178774
5.402915	 5.206826	 -0.213284
5.115382	 5.671669	 -0.230334
3.623239	 5.757305	 0.589211
4.264228	 6.090878	 -0.420341
4.727339	 5.635139	 0.801254
3.785386	 5.726408	 -0.750278
4.828858	 5.711997	 -0.648725
4.229139	 5.304633	 -1.146086
4.634712	 5.862048	 0.624276
3.490794	 5.498137	 0.728305
3.336272	 5.528739	 -0.488146
3.494873	 5.771752	 -0.391945
5.263809	 5.456386	 -0.241030
4.943372	 5.488245	 -0.760117
3.731541	 5.517055	 -0.896193
2.784132	 2.298744	 -0.001114
2.593812	 2.299272	 0.000000
2.810204	 2.299203	 -0.674046
3.778758	 2.299500	 -1.384301
3.778758	 2.299500	 1.384301
2.876389	 2.299445	 0.909014
3.511330	 2.299357	 -1.279834
3.279438	 2.299406	 -1.204729
3.115551	 2.299205	 -1.014362
2.885439	 2.299410	 -0.900093
3.037236	 2.298883	 -0.784923
2.872569	 2.298749	 -0.440304
2.652136	 2.299323	 -0.443995
2.785576	 2.298794	 -0.208554
2.551335	 2.299449	 -0.241530
2.773509	 2.298824	 0.204099
2.546533	 2.299467	 0.249546
2.868151	 2.298752	 0.432131
2.644566	 2.299341	 0.442276
2.806639	 2.299213	 0.675312
3.033442	 2.298897	 0.788105
3.109198	 2.299228	 1.020086
3.282131	 2.299416	 1.210055
3.508611	 2.299359	 1.279745
5.539871	 2.509516	 0.168373
5.409441	 3.401377	 0.908912
4.729456	 3.483052	 1.408484
4.224994	 3.435943	 1.492121
2.987690	 3.389788	 0.822441
2.743716	 3.394938	 0.110990
2.814437	 3.397955	 -0.466940
3.748819	 3.410514	 -1.411022
4.287699	 3.417543	 -1.489792
5.448739	 3.454640	 -0.861342
5.621713	 2.817107	 0.186670
5.675672	 3.192190	 0.259218
5.711193	 3.483378	 0.193309
5.361096	 2.542412	 0.701937
5.465992	 2.883695	 0.696199
5.479395	 3.187530	 0.771293
5.560527	 3.429417	 0.672432
5.660966	 3.442389	 0.420698
5.589894	 3.174716	 0.549209
5.591875	 2.930543	 0.428803
5.512229	 2.604261	 0.421277
5.202127	 2.475409	 0.877685
5.262183	 2.714027	 0.915594
5.300321	 3.053087	 0.977420
5.058570	 2.538369	 1.040597
5.098887	 2.815520	 1.103099
5.096931	 3.045891	 1.160371
5.178033	 3.344579	 1.142749
4.892125	 2.660200	 1.194628
4.958910	 2.900955	 1.221493
4.938633	 3.123923	 1.276829
4.933602	 3.417604	 1.313936
4.650302	 2.565808	 1.271250
4.766741	 2.868303	 1.310224
4.673234	 3.180640	 1.399491
4.422005	 2.498761	 1.303980
4.454031	 2.808943	 1.385197
4.341761	 3.158195	 1.461091
4.499367	 3.439108	 1.467618
4.185944	 2.556658	 1.335778
4.087443	 2.905800	 1.416893
4.094875	 3.219056	 1.466825
3.891741	 2.597841	 1.305941
3.771061	 2.901936	 1.347496
3.866661	 3.171738	 1.421753
3.963466	 3.438355	 1.468466
3.633445	 2.683495	 1.236680
3.562697	 2.927193	 1.263188
3.612920	 3.149268	 1.328360
3.704922	 3.422631	 1.396174
3.457816	 2.575447	 1.098504
3.456828	 2.815505	 1.173621
3.379494	 3.067692	 1.178216
3.450051	 3.392684	 1.269288
3.267586	 2.555448	 0.927854
3.299871	 2.808105	 1.051513
3.193257	 3.022663	 1.008037
3.194614	 3.333028	 1.064795
3.102867	 2.550885	 0.716468
3.132574	 2.804035	 0.874200
3.046373	 3.077039	 0.845836
2.983305	 2.550982	 0.479411
2.985833	 2.813453	 0.653383
2.899642	 3.112940	 0.601904
2.854350	 3.422739	 0.578255
2.924515	 2.565574	 0.303021
2.870627	 2.823309	 0.365241
2.794226	 3.191743	 0.318616
2.780692	 3.477806	 0.368818
2.878021	 2.616558	 0.093636
2.797309	 2.966461	 0.104782
2.765777	 3.175272	 0.114215
2.912025	 2.550072	 -0.215464
2.823891	 2.855927	 -0.155766
2.765969	 3.149370	 -0.061115
2.749366	 3.404284	 -0.176168
2.990368	 2.486347	 -0.439076
2.916084	 2.766751	 -0.467238
2.810536	 3.105959	 -0.338407
3.067661	 2.543509	 -0.653236
3.031116	 2.798362	 -0.726511
2.930424	 3.088986	 -0.658019
2.926325	 3.417200	 -0.725252
3.183047	 2.667819	 -0.882388
3.105574	 2.965241	 -0.893293
3.038245	 3.213204	 -0.865875
3.072695	 3.433527	 -0.942885
3.385680	 2.564690	 -1.039983
3.300227	 2.877244	 -1.071731
3.189902	 3.171493	 -1.035810
3.259462	 3.420358	 -1.132937
3.580522	 2.494600	 -1.146111
3.565421	 2.790975	 -1.231908
3.403442	 3.128624	 -1.205963
3.485779	 3.408989	 -1.291855
3.795458	 2.550017	 -1.262055
3.860847	 2.850653	 -1.363745
3.659822	 3.118650	 -1.344556
4.102509	 2.618001	 -1.348681
4.084646	 2.923937	 -1.420187
3.925306	 3.142449	 -1.431490
4.008447	 3.416049	 -1.474451
4.408789	 2.588169	 -1.333871
4.307923	 2.875335	 -1.415559
4.180110	 3.150090	 -1.463552
4.623161	 2.611547	 -1.294039
4.569039	 2.850095	 -1.370884
4.457744	 3.137100	 -1.444613
4.563952	 3.420838	 -1.453052
4.792473	 2.539052	 -1.205866
4.764762	 2.777098	 -1.289086
4.800510	 3.116268	 -1.343170
4.790524	 3.465694	 -1.384288
4.970063	 2.488442	 -1.086048
5.002368	 2.774958	 -1.161575
5.129892	 3.111500	 -1.147657
5.017285	 3.407285	 -1.264681
5.168226	 2.551539	 -0.948551
5.281580	 2.876891	 -0.950239
5.294748	 3.120737	 -0.998359
5.275312	 3.370096	 -1.057312
5.376758	 2.609035	 -0.714523
5.415233	 2.861488	 -0.771104
5.447281	 3.121215	 -0.805305
5.500859	 2.570198	 -0.423603
5.510389	 2.842232	 -0.590033
5.589920	 3.080950	 -0.513312
5.595079	 3.394867	 -0.593295
5.548444	 2.564952	 -0.227779
5.616280	 2.844913	 -0.259193
5.675664	 3.224373	 -0.280033
5.697615	 3.515769	 -0.286212
5.473317	 2.044902	 0.394018
5.000809	 2.024371	 1.195774
5.313457	 0.259497	 1.111653
4.525011	 2.086600	 1.487385
4.863997	 0.197441	 1.519009
3.572923	 1.939065	 1.606462
3.535001	 0.264230	 1.759439
2.846045	 2.031991	 1.233268
2.992609	 0.277460	 1.550191
2.406960	 2.046810	 0.626615
2.313757	 2.017074	 0.350915
2.145467	 0.229148	 0.386720
2.359381	 2.011994	 -0.518570
2.164216	 0.209525	 -0.465079
2.972842	 1.980676	 -1.342633
2.451866	 0.285465	 -1.061771
3.668320	 2.041481	 -1.604515
3.710942	 0.272016	 -1.786878
3.972590	 1.984302	 -1.630151
4.286819	 0.281581	 -1.754908
4.742325	 2.028629	 -1.388874
5.423860	 0.313938	 -0.952460
5.479661	 2.093097	 -0.325595
5.660295	 0.214978	 -0.372770
5.530683	 1.842763	 -0.294711
5.579205	 1.503888	 -0.304493
5.635314	 1.165733	 -0.183520
5.649688	 0.859859	 -0.272936
5.649485	 0.521189	 -0.379219
5.302351	 1.978687	 -0.838237
5.390955	 1.731275	 -0.762319
5.350162	 1.459059	 -0.910157
5.469735	 1.164375	 -0.762219
5.433578	 0.874861	 -0.882998
5.385763	 0.626724	 -0.989237
5.579249	 0.271126	 -0.643048
5.523516	 0.578500	 -0.747759
5.568662	 0.862612	 -0.592092
5.581942	 1.170818	 -0.462806
5.493269	 1.458452	 -0.627269
5.495865	 1.708615	 -0.518640
5.423427	 1.996633	 -0.581581
5.184820	 2.070574	 -0.981632
5.217711	 1.771415	 -1.023065
5.162570	 1.457913	 -1.156416
5.300175	 1.161698	 -1.041655
5.255508	 0.849433	 -1.140235
5.223719	 0.510171	 -1.205355
5.264840	 0.214596	 -1.172113
5.013419	 1.989035	 -1.192807
5.050807	 1.692908	 -1.223987
4.981021	 1.496286	 -1.321248
5.028334	 1.138651	 -1.333979
5.078765	 0.768990	 -1.329175
4.987647	 0.531993	 -1.420639
5.082672	 0.260604	 -1.354350
4.513854	 2.081940	 -1.492970
4.534783	 1.736374	 -1.548034
4.553697	 1.375675	 -1.592711
4.422376	 1.134969	 -1.667178
4.552292	 0.837070	 -1.647229
4.674284	 0.555072	 -1.611588
4.566686	 0.284970	 -1.668914
4.839067	 0.311996	 -1.531734
4.834413	 0.548888	 -1.524796
4.845202	 0.787576	 -1.502652
4.705082	 1.120956	 -1.552270
4.784489	 1.436067	 -1.468807
4.860655	 1.732403	 -1.370887
4.281760	 2.025327	 -1.579102
4.177646	 1.729055	 -1.650789
4.305527	 1.432396	 -1.666018
4.148261	 1.154614	 -1.727266
4.269472	 0.861254	 -1.730783
4.415060	 0.565828	 -1.711442
3.782465	 1.749429	 -1.666433
3.622768	 1.481765	 -1.685353
3.756033	 1.173130	 -1.736968
3.631583	 0.858139	 -1.749078
3.821683	 0.570746	 -1.784907
4.004113	 0.282894	 -1.793789
4.128036	 0.578479	 -1.771858
3.960440	 0.910529	 -1.764906
3.964279	 1.168930	 -1.742301
3.967490	 1.454330	 -1.710376
3.977685	 1.728392	 -1.672123
3.223975	 2.041240	 -1.473151
3.197452	 1.752390	 -1.514684
3.162775	 1.473030	 -1.541562
3.083451	 1.237252	 -1.531891
3.071264	 0.902270	 -1.559401
3.199265	 0.500699	 -1.646346
3.203032	 0.201657	 -1.657268
3.425872	 0.251831	 -1.733413
3.522794	 0.541132	 -1.747520
3.357788	 0.796183	 -1.688692
3.375424	 1.183563	 -1.660739
3.362301	 1.541482	 -1.612769
3.465675	 1.817847	 -1.601746
3.433460	 2.098158	 -1.541262
3.007776	 1.688641	 -1.422491
2.930225	 1.466550	 -1.407717
2.854045	 1.176354	 -1.392986
2.765603	 0.875318	 -1.355708
2.881116	 0.572717	 -1.466708
2.981390	 0.260082	 -1.544005
2.672587	 2.016619	 -1.064859
2.589099	 1.718149	 -1.041776
2.514381	 1.421708	 -1.010027
2.448186	 1.175156	 -0.962327
2.450668	 0.854073	 -1.014320
2.455616	 0.576957	 -1.049447
2.720970	 0.289142	 -1.354509
2.607390	 0.618117	 -1.228783
2.603104	 0.867839	 -1.201820
2.608401	 1.118795	 -1.176848
2.704318	 1.446654	 -1.224914
2.801655	 1.764578	 -1.254674
2.803965	 2.018459	 -1.199338
2.486335	 1.961800	 -0.820697
2.447409	 1.641316	 -0.855129
2.357667	 1.377931	 -0.760848
2.348036	 1.084664	 -0.809314
2.275042	 0.838974	 -0.701593
2.330666	 0.555794	 -0.853218
2.253982	 0.261520	 -0.718680
2.294044	 2.022850	 -0.238206
2.267906	 1.745718	 -0.353870
2.211304	 1.512822	 -0.220064
2.180380	 1.203673	 -0.257158
2.142810	 0.923146	 -0.151396
2.122880	 0.615532	 -0.147839
2.117957	 0.276852	 -0.220569
2.185682	 0.519884	 -0.507157
2.176739	 0.875438	 -0.392020
2.250011	 1.141169	 -0.567827
2.254081	 1.450104	 -0.467371
2.348033	 1.700408	 -0.635179
2.275447	 2.012565	 0.051993
2.229612	 1.731220	 -0.077815
2.181948	 1.389620	 0.028226
2.151395	 1.100602	 -0.019143
2.132366	 0.831119	 0.098799
2.118226	 0.582461	 0.105327
2.109004	 0.324366	 0.111570
2.333459	 1.740879	 0.580983
2.267808	 1.422477	 0.524508
2.213578	 1.137109	 0.449599
2.231984	 0.853950	 0.588742
2.268727	 0.546918	 0.728711
2.217672	 0.267990	 0.628535
2.154935	 0.568805	 0.378094
2.168774	 0.907193	 0.343282
2.166112	 1.128877	 0.205930
2.202898	 1.352182	 0.295722
2.237866	 1.669515	 0.253695
2.650803	 2.050346	 1.029466
2.693276	 1.763324	 1.150985
2.562783	 1.471774	 1.063399
2.459414	 1.166661	 0.980559
2.543882	 0.934362	 1.126731
2.564999	 0.630216	 1.181608
2.505178	 0.290064	 1.130780
2.343019	 0.268931	 0.895171
2.401481	 0.512295	 0.975819
2.380914	 0.828352	 0.909923
2.308864	 1.145658	 0.715415
2.387651	 1.460341	 0.797651
2.490817	 1.807895	 0.878239
2.522942	 2.103110	 0.831592
2.916470	 1.761582	 1.347247
2.780065	 1.473368	 1.290179
2.646914	 1.184271	 1.208699
2.721489	 0.896427	 1.315416
2.775824	 0.641666	 1.383128
2.735976	 0.337635	 1.365809
3.324871	 1.956799	 1.531724
3.252155	 1.670227	 1.552263
3.318277	 1.435746	 1.611771
3.159819	 1.161777	 1.578710
3.293685	 0.857229	 1.662255
3.138348	 0.552582	 1.616542
3.251930	 0.274548	 1.675511
2.919008	 0.520747	 1.495139
2.974294	 0.829215	 1.509939
2.878201	 1.174580	 1.411039
3.051320	 1.496346	 1.479603
3.111478	 1.782367	 1.466396
3.076444	 2.024733	 1.399434
3.480008	 1.661073	 1.630297
3.486353	 1.432915	 1.663343
3.473350	 1.188134	 1.688152
3.600492	 0.854360	 1.744273
3.429307	 0.559659	 1.723756
4.026238	 2.045193	 1.615819
3.946513	 1.818133	 1.659249
3.975205	 1.502686	 1.703917
4.145605	 1.153930	 1.727711
3.998977	 0.838670	 1.768413
4.139786	 0.559915	 1.771190
4.021844	 0.273030	 1.792909
3.772280	 0.212348	 1.793531
3.786229	 0.551431	 1.783864
3.801772	 0.842468	 1.768051
3.808424	 1.119300	 1.745746
3.659728	 1.441558	 1.696134
3.734592	 1.733163	 1.664825
3.771824	 2.024853	 1.619225
4.295619	 2.045822	 1.571810
4.185310	 1.773635	 1.642530
4.308233	 1.462820	 1.661476
4.438027	 1.175459	 1.658072
4.331885	 0.835883	 1.718158
4.353703	 0.575647	 1.728201
4.346025	 0.322332	 1.739807
4.751214	 2.037323	 1.381578
4.880559	 1.735453	 1.356167
4.756134	 1.448516	 1.483716
4.844311	 1.154341	 1.468053
4.899252	 0.804174	 1.465989
4.868186	 0.453380	 1.508268
4.646701	 0.261074	 1.635327
4.590130	 0.603108	 1.646840
4.631995	 0.968824	 1.602601
4.647391	 1.232010	 1.568641
4.543763	 1.411005	 1.592216
4.539470	 1.753669	 1.543242
5.130825	 1.725771	 1.136352
5.034061	 1.385984	 1.294207
5.039614	 1.059367	 1.333981
5.149748	 0.826741	 1.257372
5.060391	 0.585625	 1.358702
5.081858	 0.292871	 1.354093
5.380124	 1.979629	 0.691454
5.414346	 1.726835	 0.716343
5.441502	 1.475261	 0.740529
5.403069	 1.146580	 0.889772
5.507480	 0.847581	 0.744737
5.458419	 0.508735	 0.881612
5.460409	 0.205242	 0.896002
5.248505	 0.552578	 1.174776
5.345230	 0.835077	 1.025972
5.218651	 1.116852	 1.149557
5.272212	 1.432703	 1.029261
5.320184	 1.728102	 0.888027
5.212264	 2.012863	 0.962788
5.498222	 1.721517	 0.504948
5.551705	 1.409294	 0.473988
5.541117	 1.146508	 0.598343
5.613458	 0.842154	 0.451988
5.584630	 0.593927	 0.595372
5.603341	 0.254474	 0.577375
5.684243	 0.210989	 0.233192
5.665668	 0.509457	 0.297885
5.663373	 0.793718	 0.206137
5.628372	 1.151244	 0.250255
5.582462	 1.552759	 0.244667
5.539218	 1.861586	 0.220772
5.502126	 2.101882	 0.170841
5.328845	 -0.369099	 1.087184
4.913351	 -0.330029	 1.483125
3.467041	 -0.293679	 1.743221
2.954262	 -0.287212	 1.526803
2.153894	 -0.488270	 0.389623
2.172628	 -0.325019	 -0.486208
2.438653	 -0.319296	 -1.042055
3.677845	 -0.349899	 -1.781049
4.230036	 -0.443473	 -1.761547
5.486898	 -0.368166	 -0.840128
5.588082	 -0.336755	 -0.614768
5.568625	 -0.805507	 -0.603878
5.542046	 -1.155832	 -0.593142
5.487327	 -1.603302	 -0.589325
5.438758	 -2.017308	 -0.528352
5.406328	 -2.303129	 -0.443515
5.317431	 -2.640142	 -0.460489
5.168241	 -3.018919	 -0.545855
5.122853	 -3.298135	 -0.390136
4.902166	 -3.863811	 -0.220156
5.029786	 -3.603760	 -0.248070
5.168363	 -3.314810	 -0.150897
5.271116	 -2.977080	 -0.251961
5.369835	 -2.671185	 -0.191550
5.427208	 -2.421883	 -0.226092
5.533381	 -1.856097	 -0.266127
5.567816	 -1.561607	 -0.323809
5.609495	 -1.228615	 -0.316971
5.648414	 -0.733145	 -0.329475
5.662115	 -0.381864	 -0.343422
5.467110	 -0.770636	 -0.837230
5.417656	 -1.226786	 -0.848378
5.385755	 -1.542531	 -0.828992
5.337066	 -1.986064	 -0.774512
5.291770	 -2.310336	 -0.723565
5.134460	 -2.756591	 -0.777586
5.051095	 -3.080807	 -0.725062
5.032834	 -3.291819	 -0.608395
5.068189	 -0.303458	 -1.365551
5.065291	 -0.768027	 -1.341071
5.063233	 -1.246631	 -1.289122
5.060380	 -1.592877	 -1.234607
4.983270	 -1.997908	 -1.218093
4.826420	 -2.377799	 -1.246904
4.868557	 -2.649712	 -1.128946
4.778265	 -2.965151	 -1.086861
4.759214	 -3.333402	 -0.934944
4.334099	 -4.484933	 -0.319951
4.450378	 -4.310258	 -0.462079
4.583175	 -4.087377	 -0.569701
4.728102	 -3.828746	 -0.637326
4.873082	 -3.526229	 -0.686845
4.942276	 -3.256999	 -0.774815
4.950595	 -3.029299	 -0.890446
4.967530	 -2.764511	 -0.991000
5.055580	 -2.418931	 -1.024348
5.200197	 -2.053168	 -0.966653
5.237685	 -1.624448	 -1.032897
5.263345	 -1.165462	 -1.088784
5.290356	 -0.716885	 -1.111298
5.300342	 -0.382352	 -1.122977
4.837406	 -0.302720	 -1.533022
4.852513	 -0.770950	 -1.499302
4.808494	 -1.187877	 -1.486584
4.778588	 -1.715686	 -1.427768
4.689921	 -2.086861	 -1.406850
4.631560	 -2.405926	 -1.362947
4.659387	 -2.710114	 -1.260138
4.603065	 -2.974466	 -1.204062
4.563684	 -3.204854	 -1.137841
4.462554	 -3.568893	 -1.027988
4.500592	 -3.883098	 -0.818036
4.293868	 -4.172195	 -0.729851
4.213212	 -4.401192	 -0.549139
4.115505	 -4.541343	 -0.411271
4.535368	 -0.382665	 -1.678215
4.626693	 -0.757138	 -1.621616
4.540162	 -1.079883	 -1.631178
4.526379	 -1.674447	 -1.561399
4.448926	 -1.980234	 -1.537820
4.503102	 -2.267855	 -1.457190
4.452243	 -2.557027	 -1.406199
4.388389	 -2.966193	 -1.308517
4.339470	 -3.321990	 -1.195547
3.982958	 -0.459955	 -1.789495
4.048687	 -0.796298	 -1.767839
4.007055	 -1.173708	 -1.739755
4.090003	 -1.619523	 -1.679187
3.937750	 -1.906256	 -1.644897
3.966049	 -2.335708	 -1.560648
3.961980	 -2.779138	 -1.450334
3.954917	 -3.047090	 -1.369415
3.955557	 -4.461375	 -0.563645
4.044643	 -4.314080	 -0.699763
3.978880	 -4.141159	 -0.847734
4.172033	 -3.880896	 -0.978561
4.150531	 -3.550137	 -1.152939
4.097272	 -3.232362	 -1.291941
4.123007	 -2.940771	 -1.386497
4.201076	 -2.649418	 -1.456208
4.294927	 -2.295751	 -1.520519
4.177604	 -1.978056	 -1.609266
4.319367	 -1.729848	 -1.620578
4.273851	 -1.073529	 -1.712346
4.323100	 -0.763804	 -1.725244
3.718504	 -0.793778	 -1.764707
3.666635	 -1.198126	 -1.724648
3.747437	 -1.583063	 -1.687830
3.692084	 -2.039537	 -1.608147
3.727283	 -2.348372	 -1.549471
3.720985	 -2.637639	 -1.478880
3.795259	 -2.940381	 -1.400235
3.790449	 -3.214687	 -1.308426
3.853106	 -4.611818	 -0.343687
3.112570	 -0.323865	 -1.613261
3.154192	 -0.832833	 -1.606294
3.171404	 -1.305279	 -1.567623
3.140183	 -1.650602	 -1.503722
3.135393	 -1.934999	 -1.450621
3.193001	 -2.268059	 -1.408509
3.348713	 -2.651017	 -1.379823
3.260284	 -2.955334	 -1.244240
3.411617	 -3.253931	 -1.203032
3.712087	 -4.466436	 -0.527484
3.755946	 -4.296956	 -0.714667
3.720427	 -4.085626	 -0.871203
3.584578	 -3.841133	 -0.987760
3.635560	 -3.487578	 -1.177031
3.595127	 -3.235363	 -1.269246
3.553067	 -2.949696	 -1.357431
3.533250	 -2.654188	 -1.439206
3.511024	 -2.366186	 -1.505501
3.377427	 -1.943763	 -1.552886
3.428585	 -1.557609	 -1.631179
3.436344	 -1.249636	 -1.671774
3.382385	 -0.800031	 -1.696145
3.364901	 -0.280617	 -1.714872
2.879485	 -0.415979	 -1.473306
2.896334	 -0.743661	 -1.465962
2.895970	 -1.223605	 -1.417684
2.888875	 -1.607715	 -1.354991
2.964775	 -2.042648	 -1.323272
2.959591	 -2.315460	 -1.251770
3.070331	 -2.640379	 -1.235735
3.073659	 -2.947520	 -1.131738
3.168200	 -3.199229	 -1.096105
3.306580	 -3.529750	 -1.029059
3.301168	 -3.812145	 -0.865099
3.435349	 -4.083498	 -0.759725
3.475551	 -4.337354	 -0.547253
2.650891	 -0.331039	 -1.288623
2.662342	 -0.800883	 -1.269271
2.675105	 -1.196831	 -1.235513
2.707736	 -1.568954	 -1.206022
2.776348	 -2.160205	 -1.135855
2.830845	 -2.503855	 -1.083843
2.915390	 -2.832541	 -1.044652
2.999319	 -3.083760	 -1.015746
3.018267	 -3.346908	 -0.904078
3.594640	 -4.619412	 -0.127085
2.264333	 -0.233321	 -0.743332
2.310131	 -0.780883	 -0.786719
2.348395	 -1.194359	 -0.787044
2.391298	 -1.560050	 -0.776597
2.483932	 -2.087009	 -0.769663
2.477029	 -2.289930	 -0.665203
2.545494	 -2.615608	 -0.631268
2.690627	 -3.037806	 -0.648750
2.774338	 -3.340073	 -0.577749
3.394837	 -4.490313	 -0.161881
3.298680	 -4.358331	 -0.301437
3.213746	 -4.156954	 -0.482499
3.112129	 -3.873907	 -0.645105
2.923013	 -3.546614	 -0.661928
2.841910	 -3.270942	 -0.740645
2.854386	 -3.055201	 -0.880348
2.726920	 -2.733739	 -0.874548
2.616781	 -2.339371	 -0.887395
2.588689	 -1.975948	 -0.971874
2.545309	 -1.645845	 -1.002066
2.491465	 -1.189317	 -1.022283
2.458761	 -0.707000	 -1.042082
2.197911	 -0.696382	 -0.517236
2.254521	 -1.247873	 -0.547642
2.288121	 -1.594362	 -0.514779
2.369652	 -2.047695	 -0.528418
2.427624	 -2.375943	 -0.490375
2.451414	 -2.590055	 -0.392505
2.541303	 -2.884478	 -0.412573
2.654816	 -3.248604	 -0.372185
2.111216	 -0.308531	 0.147799
2.132561	 -0.872716	 0.007578
2.165798	 -1.226625	 -0.086883
2.202412	 -1.553333	 -0.008857
2.275262	 -2.009328	 0.063323
2.333482	 -2.308537	 0.021421
2.392298	 -2.561889	 0.020842
2.495962	 -2.935157	 0.039754
3.401732	 -4.512948	 0.057023
3.230659	 -4.361143	 -0.025821
3.074291	 -4.151495	 -0.168107
2.901492	 -3.881146	 -0.176422
2.746942	 -3.569911	 -0.195842
2.605667	 -3.257051	 -0.074328
2.536085	 -3.016224	 -0.204881
2.446785	 -2.720957	 -0.196586
2.349285	 -2.310452	 -0.220142
2.263453	 -1.843988	 -0.242729
2.219021	 -1.544833	 -0.245142
2.204828	 -1.338465	 -0.315302
2.140286	 -0.728251	 -0.247477
2.112464	 -0.285095	 -0.168379
2.166378	 -0.801601	 0.368778
2.184926	 -1.218520	 0.276551
2.251511	 -1.673133	 0.328323
2.324668	 -2.056167	 0.366479
2.352826	 -2.336344	 0.204432
2.450037	 -2.691372	 0.267545
2.520211	 -2.948984	 0.239188
2.600321	 -3.197600	 0.218919
2.323924	 -0.436648	 0.850942
2.346213	 -0.747063	 0.860247
2.378760	 -1.202889	 0.842509
2.423163	 -1.636900	 0.813807
2.479561	 -2.021452	 0.787069
2.539724	 -2.328279	 0.768877
2.559147	 -2.680528	 0.620405
2.686192	 -3.018043	 0.653967
2.815291	 -3.364019	 0.633142
3.452822	 -4.496433	 0.271117
3.614054	 -4.622902	 0.151484
3.278262	 -4.360110	 0.252122
3.085923	 -4.166986	 0.168707
2.944146	 -3.875807	 0.347372
2.757844	 -3.516666	 0.344599
2.670125	 -3.211209	 0.460307
2.555192	 -2.921346	 0.420005
2.491112	 -2.672785	 0.451370
2.429570	 -2.407654	 0.473232
2.404865	 -2.082091	 0.604163
2.322194	 -1.635700	 0.595130
2.268105	 -1.209100	 0.598696
2.242117	 -0.831871	 0.621131
2.212854	 -0.394944	 0.605365
2.464453	 -0.341747	 1.076339
2.505397	 -0.801950	 1.094205
2.537155	 -1.204811	 1.079982
2.598748	 -1.719517	 1.053487
2.615656	 -2.087258	 0.973790
2.664722	 -2.368301	 0.942525
2.733502	 -2.703943	 0.896667
2.848237	 -3.138449	 0.828537
2.919317	 -3.353340	 0.791520
2.974992	 -3.531341	 0.743639
3.065409	 -3.796534	 0.653675
3.206950	 -4.121437	 0.516275
3.442579	 -4.372211	 0.475183
2.668937	 -0.330126	 1.305925
2.694478	 -0.712573	 1.307381
2.738793	 -1.202934	 1.294785
2.813179	 -1.663986	 1.284525
2.826776	 -2.000927	 1.224046
2.796171	 -2.368079	 1.093758
2.966584	 -2.700990	 1.138589
2.940702	 -2.995036	 1.000836
3.051036	 -3.331383	 0.943058
3.649627	 -4.534491	 0.401077
3.208774	 -0.280812	 1.657987
3.214303	 -0.777786	 1.636883
3.223550	 -1.203239	 1.602617
3.248966	 -1.633682	 1.556624
3.268636	 -2.140245	 1.472397
3.287261	 -2.469198	 1.403130
3.423282	 -2.705465	 1.392112
3.390146	 -2.994292	 1.289862
3.364816	 -3.286321	 1.169699
3.808127	 -4.476087	 0.541009
3.652544	 -4.397462	 0.584671
3.544455	 -4.199477	 0.725286
3.332919	 -3.882211	 0.840489
3.304770	 -3.538158	 1.023763
3.213479	 -3.307861	 1.078006
3.152033	 -3.052443	 1.145459
3.203143	 -2.713416	 1.293353
3.044959	 -2.347525	 1.303259
3.043417	 -2.030000	 1.378301
3.020470	 -1.630383	 1.440264
2.972812	 -1.202446	 1.471716
2.958677	 -0.759925	 1.505612
3.466826	 -0.779919	 1.721065
3.463047	 -1.196932	 1.684593
3.521627	 -1.672907	 1.638722
3.538774	 -2.048469	 1.578969
3.510418	 -2.434363	 1.489314
3.558756	 -2.677354	 1.439208
3.587909	 -2.879663	 1.387640
3.630778	 -3.220348	 1.282871
4.050677	 -0.406437	 1.787020
4.134738	 -0.795379	 1.758605
4.050426	 -1.195455	 1.734397
4.084370	 -1.674892	 1.671828
4.020455	 -2.044628	 1.616361
4.108614	 -2.336709	 1.547945
3.965017	 -2.647129	 1.485986
4.093171	 -2.939695	 1.391275
3.964026	 -3.257124	 1.296159
3.861517	 -4.574663	 0.411003
3.862974	 -4.326838	 0.701853
3.804106	 -4.125708	 0.856726
3.892273	 -3.883251	 1.013976
3.793546	 -3.546497	 1.176267
3.824471	 -2.939822	 1.402312
3.707291	 -2.649307	 1.474080
3.805475	 -2.294053	 1.568100
3.793287	 -1.874379	 1.647131
3.789630	 -1.499980	 1.702216
3.704321	 -1.179017	 1.731281
3.782323	 -0.783558	 1.770821
3.729320	 -0.341024	 1.787004
4.346532	 -0.308647	 1.740041
4.381697	 -0.785709	 1.708396
4.362513	 -1.207134	 1.677350
4.372465	 -1.671671	 1.614953
4.298064	 -2.042450	 1.571837
4.276759	 -2.338573	 1.515535
4.238894	 -2.598017	 1.461504
4.310193	 -2.874695	 1.364066
4.257344	 -3.162214	 1.283169
4.200861	 -3.573870	 1.129975
4.160845	 -3.880816	 0.981635
4.123142	 -4.130904	 0.829387
4.086128	 -4.329589	 0.675564
4.036201	 -4.485835	 0.519936
4.610985	 -0.289631	 1.650443
4.624603	 -0.762109	 1.622209
4.617293	 -1.207117	 1.585418
4.600794	 -1.652915	 1.532938
4.558714	 -2.085526	 1.473021
4.420092	 -2.349994	 1.469966
4.470389	 -2.648310	 1.373818
4.488151	 -2.959126	 1.269334
4.485271	 -3.267676	 1.154462
5.159957	 -0.363987	 1.279142
5.147684	 -0.747285	 1.266680
5.125829	 -1.248342	 1.229561
5.112912	 -1.585409	 1.184564
5.048571	 -1.967041	 1.164527
4.905117	 -2.416521	 1.172915
4.844484	 -2.782745	 1.102049
4.869032	 -2.984609	 0.998418
4.799142	 -3.248100	 0.941465
4.015228	 -4.639372	 0.264684
4.299092	 -4.329431	 0.576616
4.403027	 -4.121535	 0.704752
4.416371	 -3.871478	 0.881057
4.597880	 -3.507544	 0.974782
4.648985	 -3.270951	 1.054330
4.696971	 -3.035621	 1.120369
4.684175	 -2.705566	 1.246338
4.645109	 -2.379094	 1.362528
4.785807	 -2.069179	 1.352615
4.848721	 -1.714911	 1.382365
4.871801	 -1.212969	 1.442989
4.901524	 -0.698182	 1.472392
5.313902	 -0.717622	 1.081138
5.295951	 -1.193487	 1.042048
5.275515	 -1.613530	 0.984640
5.220716	 -1.971066	 0.963925
5.170549	 -2.284726	 0.929103
5.031188	 -2.726505	 0.934282
4.968233	 -3.043621	 0.861864
4.977161	 -3.256707	 0.725787
4.271726	 -4.533253	 0.297593
5.608951	 -0.219833	 0.562711
5.585992	 -0.751575	 0.564596
5.559220	 -1.152773	 0.544241
5.512316	 -1.596229	 0.520316
5.429497	 -2.110098	 0.501372
5.350233	 -2.409816	 0.537278
5.299592	 -2.684643	 0.476971
5.228564	 -2.998384	 0.399481
5.152755	 -3.282167	 0.306049
4.532098	 -4.332487	 0.298177
4.685367	 -4.102110	 0.396286
4.817726	 -3.860462	 0.462785
4.978277	 -3.522711	 0.509767
5.106328	 -3.207153	 0.528317
5.137502	 -2.930955	 0.672065
5.231589	 -2.556429	 0.715278
5.313894	 -2.277524	 0.695417
5.326061	 -2.042362	 0.773359
5.417036	 -1.530952	 0.773691
5.447724	 -1.163982	 0.806023
5.475599	 -0.755506	 0.823214
5.484436	 -0.375783	 0.844267
5.671298	 -0.393388	 0.290177
5.648739	 -0.743017	 0.324469
5.624747	 -1.136473	 0.283007
5.583466	 -1.496432	 0.285795
5.512383	 -2.035044	 0.191822
5.424111	 -2.397261	 0.279220
5.345914	 -2.743514	 0.221219
5.265648	 -3.038415	 0.155944
4.829492	 -3.461905	 0.787725
3.331546	 -0.540054	 1.694895
4.708983	 -4.171953	 0.186250
4.122201	 -0.222369	 -1.784356
3.461481	 -0.559014	 -1.732275
4.648321	 -4.212955	 -0.280323
4.900278	 -3.729204	 -0.449618
5.485283	 -2.137552	 -0.246267
5.647628	 -0.978385	 -0.223018
4.513211	 -4.382843	 -0.219117
5.084406	 -3.497669	 0.213950
4.836230	 -3.975638	 0.218020
4.973003	 -3.724336	 0.238495
5.594816	 -0.540583	 0.573538
3.912267	 -3.449940	 -1.222361
2.687334	 -3.464764	 0.075364
2.897206	 -3.624461	 0.552369
3.135096	 -3.623368	 0.852868
3.527700	 -3.474712	 1.153081
5.566761	 -0.566951	 -0.647226
5.516908	 -1.388365	 -0.588986
4.782594	 -3.982962	 -0.369331
5.627275	 -0.183006	 -0.505863
5.143147	 -0.545973	 -1.286061
4.959896	 -0.542993	 -1.440836
4.677636	 -3.636956	 -0.834930
4.767407	 -0.551763	 -1.563683
3.867842	 -3.947598	 -0.976323
3.119751	 -3.630368	 -0.834379
3.538046	 -4.511164	 -0.351013
2.787093	 -3.497870	 -0.451793
3.022698	 -3.975535	 -0.387319
2.943298	 -3.976903	 0.051007
3.803971	 -4.644839	 0.257184
2.865696	 -0.527573	 1.458362
3.083456	 -0.529408	 1.590634
3.622337	 -3.981063	 0.915214
3.553398	 -0.548112	 1.753551
4.282218	 -0.571343	 1.745560
4.518394	 -4.190532	 0.532418
4.495630	 -0.543123	 1.686250
5.571767	 -0.951788	 0.562563
5.538778	 -1.347914	 0.540361
4.609921	 -3.993484	 0.631389
4.714473	 -0.525112	 1.593177
2.835880	 -0.976913	 1.401793
2.487247	 -0.562462	 1.092801
3.550231	 -0.988007	 1.724417
4.729446	 -3.716865	 0.726486
4.144384	 -0.617089	 -1.767775
5.434052	 -0.561630	 -0.918820
3.171396	 -0.565981	 -1.631055
4.506278	 -0.990904	 1.652246
4.764232	 -0.976008	 1.534773
5.378352	 -0.551899	 1.006714
5.525812	 -1.791737	 0.360424
4.150291	 -4.627599	 -0.192424
2.806692	 -3.725925	 0.075976
5.504251	 -0.985730	 -0.726530
5.250498	 -1.401692	 -1.063642
5.416579	 -1.784429	 -0.690451
5.498055	 -1.766054	 -0.482417
5.597981	 -0.982157	 -0.468606
5.003839	 -3.495443	 -0.481889
5.176920	 -0.978427	 -1.213356
4.760738	 -0.958577	 -1.538341
4.961915	 -0.986088	 -1.404405
3.886811	 -3.705096	 -1.107388
3.495428	 -1.015290	 -1.710007
2.895890	 -3.734882	 -0.428111
3.085507	 -0.987247	 1.559365
3.330581	 -0.989702	 1.664535
3.571413	 -3.730109	 1.044247
4.289303	 -0.995734	 1.715804
5.276940	 -0.973632	 1.099280
5.077025	 -0.544765	 1.346851
5.291125	 -1.391040	 1.012134
5.434168	 -1.808489	 0.640644
5.548296	 -0.177869	 -0.722891
4.308810	 -0.207661	 -1.751446
2.510399	 -0.175236	 1.140636
2.614043	 -0.981978	 1.200702
2.436621	 -0.989665	 0.975309
2.228274	 -0.617416	 0.620697
3.274554	 -1.037964	 -1.639891
4.156897	 -0.952731	 -1.743992
5.364989	 -0.975132	 -0.978763
5.298031	 -1.799760	 -0.902158
5.409085	 -0.154938	 -0.981269
3.022032	 -1.024244	 -1.520894
3.176620	 -0.160454	 -1.646556
4.272490	 -1.435180	 1.673340
4.495073	 -1.434823	 1.607920
4.734564	 -1.443286	 1.496678
5.164105	 -1.815360	 -1.077874
4.651439	 -1.413300	 -1.544098
4.880053	 -1.432912	 -1.407401
3.568344	 -1.397975	 -1.685981
2.650896	 -0.553854	 -1.277357
2.878184	 -1.424856	 1.376798
3.354610	 -1.419515	 1.626544
3.564850	 -1.394763	 1.685677
3.110951	 -1.420465	 1.522989
5.025972	 -0.977510	 1.354560
4.946504	 -1.442550	 1.357280
5.238153	 -0.554205	 1.186432
5.101052	 -0.177723	 1.340084
5.201945	 -1.786311	 1.039305
5.320855	 -1.793653	 0.867656
3.143954	 -1.852981	 1.470683
2.373949	 -0.190941	 0.949751
2.964674	 -1.837061	 1.366693
2.662221	 -1.441742	 1.183195
3.559282	 -1.782600	 -1.630027
2.777582	 -0.996422	 -1.353426
2.969168	 -0.181365	 -1.538315
4.348916	 -1.397125	 -1.659304
4.614250	 -1.865572	 -1.490351
2.970351	 -1.437539	 -1.438867
2.289865	 -0.511117	 -0.777911
2.565927	 -0.978982	 -1.147328
2.478375	 -1.438067	 0.955051
2.222879	 -1.011682	 0.522471
2.306216	 -0.999591	 0.741173
3.340893	 -1.871370	 1.553176
4.501098	 -1.863014	 1.539837
5.260254	 -0.183100	 1.178206
4.662924	 -1.878519	 1.463645
2.247652	 -0.206194	 0.706684
2.781696	 -1.405530	 -1.302636
2.751522	 -0.186967	 -1.383118
5.398768	 -0.186975	 0.996137
2.974345	 -1.811780	 -1.378187
2.394938	 -0.973464	 -0.912172
2.266673	 -0.984715	 -0.652655
2.596889	 -1.400324	 -1.118504
2.262824	 -1.431083	 0.505172
2.345978	 -1.426914	 0.722852
2.494666	 -1.859447	 0.868571
2.159984	 -0.230747	 0.447448
2.766603	 -1.833146	 -1.208185
2.576221	 -0.170907	 -1.216566
2.441062	 -1.397692	 -0.906279
2.336560	 -1.399933	 -0.710153
2.177038	 -1.015096	 -0.340568
2.401441	 -1.847372	 0.700025
2.332689	 -1.860327	 0.521566
2.138587	 -0.521300	 -0.305269
2.430266	 -1.821069	 -0.767998
2.115039	 -0.552672	 -0.068400
2.124364	 -0.605330	 0.170173
2.192836	 -1.416444	 -0.164545
5.466178	 2.443026	 0.469859
4.083344	 6.275291	 -0.121730
5.482699	 2.314643	 0.370853
5.484926	 2.321595	 -0.392648
5.414235	 -0.103814	 -1.192390
