0.925000	 0.000000	 
0.850000	 0.000000	 
0.775000	 0.000000	 
0.725000	 0.000000	 
0.650000	 0.000000	 
0.575000	 0.000000	 
0.500000	 0.000000	 
0.425000	 0.000000	 
0.350000	 0.000000	 
0.275000	 0.000000	 
0.225000	 0.000000	 
0.150000	 0.000000	 
0.075000	 0.000000	 
1.000000	 0.000000	 
0.000000	 0.000000	 
1.000000	 0.925000	 
1.000000	 0.850000	 
1.000000	 0.775000	 
1.000000	 0.725000	 
1.000000	 0.650000	 
1.000000	 0.575000	 
1.000000	 0.500000	 
1.000000	 0.425000	 
1.000000	 0.350000	 
1.000000	 0.275000	 
1.000000	 0.225000	 
1.000000	 0.150000	 
1.000000	 0.075000	 
1.000000	 1.000000	 
0.075000	 1.000000	 
0.150000	 1.000000	 
0.225000	 1.000000	 
0.275000	 1.000000	 
0.350000	 1.000000	 
0.425000	 1.000000	 
0.500000	 1.000000	 
0.575000	 1.000000	 
0.650000	 1.000000	 
0.725000	 1.000000	 
0.775000	 1.000000	 
0.850000	 1.000000	 
0.925000	 1.000000	 
0.000000	 1.000000	 
0.000000	 0.075000	 
0.000000	 0.150000	 
0.000000	 0.225000	 
0.000000	 0.275000	 
0.000000	 0.350000	 
0.000000	 0.425000	 
0.000000	 0.500000	 
0.000000	 0.575000	 
0.000000	 0.650000	 
0.000000	 0.725000	 
0.000000	 0.775000	 
0.000000	 0.850000	 
0.000000	 0.925000	 
0.049797	 0.154879	 
0.952409	 0.151950	 
0.049152	 0.425386	 
0.952020	 0.372142	 
0.047976	 0.627886	 
0.950830	 0.574639	 
0.049868	 0.844697	 
0.950158	 0.845226	 
0.950241	 0.054301	 
0.897391	 0.049558	 
0.844845	 0.049849	 
0.797062	 0.050232	 
0.738652	 0.053342	 
0.676462	 0.048831	 
0.625836	 0.049320	 
0.574818	 0.048433	 
0.524188	 0.048971	 
0.475023	 0.050445	 
0.420395	 0.049797	 
0.372193	 0.047982	 
0.324763	 0.047536	 
0.261927	 0.055248	 
0.202029	 0.050064	 
0.152538	 0.047855	 
0.103979	 0.048911	 
0.055692	 0.056493	 
0.952068	 0.101735	 
0.889709	 0.101880	 
0.842872	 0.103535	 
0.791777	 0.101915	 
0.730563	 0.100807	 
0.685942	 0.101095	 
0.624474	 0.105076	 
0.576059	 0.105374	 
0.525669	 0.106612	 
0.473484	 0.109910	 
0.420392	 0.104639	 
0.370659	 0.104415	 
0.322131	 0.101697	 
0.263121	 0.101645	 
0.207927	 0.102040	 
0.155168	 0.108535	 
0.105217	 0.108070	 
0.045951	 0.100815	 
0.894536	 0.155533	 
0.837587	 0.161842	 
0.794502	 0.156177	 
0.737873	 0.162732	 
0.678383	 0.152386	 
0.629083	 0.156012	 
0.579205	 0.157754	 
0.530610	 0.159932	 
0.471574	 0.155920	 
0.420851	 0.157182	 
0.370666	 0.156887	 
0.319505	 0.155396	 
0.268813	 0.153388	 
0.208452	 0.160201	 
0.160385	 0.156743	 
0.104439	 0.157753	 
0.944580	 0.261908	 
0.897016	 0.263866	 
0.848577	 0.266340	 
0.792198	 0.269993	 
0.738822	 0.267371	 
0.686258	 0.266327	 
0.632735	 0.262491	 
0.579459	 0.261676	 
0.525528	 0.256421	 
0.471876	 0.260373	 
0.421720	 0.261034	 
0.370843	 0.261274	 
0.319961	 0.262030	 
0.263743	 0.264437	 
0.207630	 0.263230	 
0.159296	 0.266300	 
0.099681	 0.269167	 
0.053105	 0.261543	 
0.050191	 0.202975	 
0.101645	 0.208489	 
0.155825	 0.206332	 
0.208040	 0.210165	 
0.265147	 0.210099	 
0.319238	 0.208728	 
0.370782	 0.209059	 
0.421239	 0.209215	 
0.469289	 0.208770	 
0.529105	 0.212392	 
0.581361	 0.209470	 
0.632172	 0.208423	 
0.686020	 0.207448	 
0.740788	 0.207827	 
0.786035	 0.213059	 
0.838828	 0.207816	 
0.897772	 0.207354	 
0.949977	 0.201881	 
0.952459	 0.324738	 
0.898347	 0.321969	 
0.844877	 0.319305	 
0.791667	 0.319556	 
0.738872	 0.319259	 
0.682202	 0.317134	 
0.633549	 0.318480	 
0.574552	 0.312810	 
0.523602	 0.312922	 
0.472394	 0.312989	 
0.421992	 0.313242	 
0.370705	 0.314261	 
0.317598	 0.317361	 
0.256696	 0.317991	 
0.210578	 0.307962	 
0.162196	 0.314428	 
0.104143	 0.322756	 
0.047156	 0.324574	 
0.895618	 0.370111	 
0.843203	 0.370074	 
0.791067	 0.370667	 
0.738932	 0.370875	 
0.686075	 0.371260	 
0.627351	 0.370149	 
0.574459	 0.366381	 
0.523244	 0.365546	 
0.472255	 0.365360	 
0.421514	 0.366659	 
0.367815	 0.367832	 
0.317857	 0.362398	 
0.261309	 0.369913	 
0.207480	 0.374504	 
0.155914	 0.375287	 
0.103381	 0.371772	 
0.048499	 0.373718	 
0.949575	 0.475029	 
0.890936	 0.473653	 
0.846374	 0.473344	 
0.792291	 0.471333	 
0.739885	 0.474088	 
0.687541	 0.475800	 
0.635266	 0.476924	 
0.581006	 0.478864	 
0.520778	 0.475289	 
0.476884	 0.470873	 
0.416649	 0.475304	 
0.366728	 0.472507	 
0.314385	 0.475873	 
0.260377	 0.479558	 
0.209369	 0.473583	 
0.157987	 0.473525	 
0.105808	 0.474679	 
0.049016	 0.475872	 
0.104168	 0.426586	 
0.156597	 0.423904	 
0.210065	 0.422578	 
0.266478	 0.420910	 
0.312100	 0.419764	 
0.372639	 0.421070	 
0.422865	 0.420823	 
0.471479	 0.417792	 
0.522174	 0.418997	 
0.576135	 0.424283	 
0.633896	 0.425110	 
0.687074	 0.423833	 
0.739257	 0.422854	 
0.791254	 0.421793	 
0.843246	 0.420645	 
0.895451	 0.419955	 
0.950204	 0.420368	 
0.950990	 0.524139	 
0.894276	 0.525483	 
0.842240	 0.527187	 
0.791017	 0.527998	 
0.740333	 0.523707	 
0.687934	 0.526176	 
0.635476	 0.527244	 
0.582453	 0.528594	 
0.525264	 0.525760	 
0.476489	 0.529954	 
0.419994	 0.529556	 
0.366972	 0.530817	 
0.314201	 0.531058	 
0.261171	 0.530867	 
0.208168	 0.531112	 
0.153731	 0.527292	 
0.109077	 0.526418	 
0.050426	 0.524972	 
0.895982	 0.573513	 
0.844372	 0.577795	 
0.790657	 0.580573	 
0.734838	 0.581739	 
0.688977	 0.577418	 
0.635797	 0.574443	 
0.581618	 0.580109	 
0.523990	 0.578337	 
0.473071	 0.577135	 
0.423834	 0.580386	 
0.368187	 0.581483	 
0.314295	 0.583206	 
0.261493	 0.582445	 
0.209090	 0.581068	 
0.156898	 0.580358	 
0.104561	 0.580158	 
0.049796	 0.579633	 
0.952808	 0.675452	 
0.896856	 0.678817	 
0.844803	 0.681921	 
0.793473	 0.684651	 
0.736916	 0.684389	 
0.678823	 0.684639	 
0.627027	 0.687130	 
0.576545	 0.686985	 
0.525997	 0.686903	 
0.476039	 0.687585	 
0.422957	 0.689975	 
0.368215	 0.680381	 
0.317633	 0.683541	 
0.258839	 0.682601	 
0.211432	 0.686188	 
0.157198	 0.683143	 
0.101863	 0.679108	 
0.047528	 0.675329	 
0.104395	 0.630478	 
0.157863	 0.631411	 
0.208427	 0.629695	 
0.260683	 0.632174	 
0.314408	 0.632965	 
0.373805	 0.631807	 
0.425953	 0.634077	 
0.475496	 0.633844	 
0.527863	 0.627873	 
0.578890	 0.633347	 
0.630707	 0.632969	 
0.683399	 0.635579	 
0.738098	 0.634240	 
0.792581	 0.633245	 
0.849217	 0.630176	 
0.892773	 0.629475	 
0.951313	 0.626312	 
0.946901	 0.738470	 
0.900577	 0.731005	 
0.841422	 0.733552	 
0.791794	 0.735188	 
0.737812	 0.731226	 
0.686083	 0.733973	 
0.626967	 0.738672	 
0.577332	 0.738851	 
0.527031	 0.739576	 
0.477683	 0.740034	 
0.419455	 0.734509	 
0.367569	 0.737188	 
0.315199	 0.734137	 
0.265186	 0.739389	 
0.206837	 0.737616	 
0.158905	 0.728817	 
0.104054	 0.738717	 
0.055523	 0.738316	 
0.949791	 0.797066	 
0.898344	 0.791611	 
0.844472	 0.794589	 
0.785601	 0.788981	 
0.738355	 0.797440	 
0.681109	 0.794138	 
0.628434	 0.787944	 
0.578330	 0.790394	 
0.529149	 0.791956	 
0.472435	 0.790661	 
0.419918	 0.789663	 
0.368198	 0.791028	 
0.318092	 0.791367	 
0.264826	 0.790878	 
0.213232	 0.787065	 
0.156228	 0.795385	 
0.101985	 0.793462	 
0.050456	 0.797250	 
0.954097	 0.899249	 
0.895154	 0.891970	 
0.845053	 0.891092	 
0.791640	 0.897833	 
0.731937	 0.900510	 
0.680633	 0.895925	 
0.629992	 0.894423	 
0.579641	 0.895357	 
0.526121	 0.890888	 
0.473936	 0.894105	 
0.422947	 0.894804	 
0.371617	 0.895497	 
0.322367	 0.898207	 
0.263028	 0.897734	 
0.208059	 0.897570	 
0.156692	 0.894547	 
0.101740	 0.889552	 
0.049207	 0.896973	 
0.103901	 0.842641	 
0.162108	 0.837589	 
0.206932	 0.841827	 
0.266011	 0.840839	 
0.318532	 0.844150	 
0.369332	 0.843192	 
0.420957	 0.842593	 
0.472484	 0.841829	 
0.526416	 0.846171	 
0.578899	 0.842548	 
0.632047	 0.839037	 
0.686119	 0.845196	 
0.734847	 0.841832	 
0.792641	 0.842932	 
0.840156	 0.841772	 
0.895589	 0.842338	 
0.944399	 0.943541	 
0.896450	 0.951020	 
0.847864	 0.951955	 
0.797849	 0.949914	 
0.738714	 0.947023	 
0.676328	 0.952838	 
0.628261	 0.952124	 
0.579689	 0.950215	 
0.524960	 0.949573	 
0.475778	 0.951034	 
0.425056	 0.951644	 
0.374164	 0.952014	 
0.325276	 0.952329	 
0.262248	 0.944465	 
0.202933	 0.949599	 
0.154947	 0.950168	 
0.100203	 0.949568	 
0.053778	 0.949536	 
0.975000	 0.000000	 
0.950000	 0.000000	 
0.900000	 0.000000	 
0.875000	 0.000000	 
0.825000	 0.000000	 
0.800000	 0.000000	 
0.750000	 0.000000	 
0.700000	 0.000000	 
0.675000	 0.000000	 
0.625000	 0.000000	 
0.600000	 0.000000	 
0.550000	 0.000000	 
0.525000	 0.000000	 
0.475000	 0.000000	 
0.450000	 0.000000	 
0.400000	 0.000000	 
0.375000	 0.000000	 
0.325000	 0.000000	 
0.300000	 0.000000	 
0.250000	 0.000000	 
0.200000	 0.000000	 
0.175000	 0.000000	 
0.125000	 0.000000	 
0.100000	 0.000000	 
0.050000	 0.000000	 
0.025000	 0.000000	 
1.000000	 0.975000	 
1.000000	 0.950000	 
1.000000	 0.900000	 
1.000000	 0.875000	 
1.000000	 0.825000	 
1.000000	 0.800000	 
1.000000	 0.750000	 
1.000000	 0.700000	 
1.000000	 0.675000	 
1.000000	 0.625000	 
1.000000	 0.600000	 
1.000000	 0.550000	 
1.000000	 0.525000	 
1.000000	 0.475000	 
1.000000	 0.450000	 
1.000000	 0.400000	 
1.000000	 0.375000	 
1.000000	 0.325000	 
1.000000	 0.300000	 
1.000000	 0.250000	 
1.000000	 0.200000	 
1.000000	 0.175000	 
1.000000	 0.125000	 
1.000000	 0.100000	 
1.000000	 0.050000	 
1.000000	 0.025000	 
0.025000	 1.000000	 
0.050000	 1.000000	 
0.100000	 1.000000	 
0.125000	 1.000000	 
0.175000	 1.000000	 
0.200000	 1.000000	 
0.250000	 1.000000	 
0.300000	 1.000000	 
0.325000	 1.000000	 
0.375000	 1.000000	 
0.400000	 1.000000	 
0.450000	 1.000000	 
0.475000	 1.000000	 
0.525000	 1.000000	 
0.550000	 1.000000	 
0.600000	 1.000000	 
0.625000	 1.000000	 
0.675000	 1.000000	 
0.700000	 1.000000	 
0.750000	 1.000000	 
0.800000	 1.000000	 
0.825000	 1.000000	 
0.875000	 1.000000	 
0.900000	 1.000000	 
0.950000	 1.000000	 
0.975000	 1.000000	 
0.000000	 0.025000	 
0.000000	 0.050000	 
0.000000	 0.100000	 
0.000000	 0.125000	 
0.000000	 0.175000	 
0.000000	 0.200000	 
0.000000	 0.250000	 
0.000000	 0.300000	 
0.000000	 0.325000	 
0.000000	 0.375000	 
0.000000	 0.400000	 
0.000000	 0.450000	 
0.000000	 0.475000	 
0.000000	 0.525000	 
0.000000	 0.550000	 
0.000000	 0.600000	 
0.000000	 0.625000	 
0.000000	 0.675000	 
0.000000	 0.700000	 
0.000000	 0.750000	 
0.000000	 0.800000	 
0.000000	 0.825000	 
0.000000	 0.875000	 
0.000000	 0.900000	 
0.000000	 0.950000	 
0.000000	 0.975000	 
0.031344	 0.031506	 
0.977202	 0.088304	 
0.977541	 0.163537	 
0.215187	 0.976629	 
0.139325	 0.975660	 
0.237460	 0.019469	 
0.288949	 0.023262	 
0.361344	 0.022448	 
0.435891	 0.024281	 
0.163670	 0.022514	 
0.511964	 0.023126	 
0.587461	 0.022705	 
0.663077	 0.022822	 
0.738553	 0.027003	 
0.784828	 0.023219	 
0.860547	 0.024291	 
0.938416	 0.026987	 
0.969903	 0.031303	 
0.980511	 0.237446	 
0.564123	 0.975721	 
0.977089	 0.587535	 
0.977768	 0.662869	 
0.711372	 0.977239	 
0.638882	 0.977627	 
0.976865	 0.511956	 
0.973076	 0.738476	 
0.762482	 0.980729	 
0.976795	 0.784827	 
0.974478	 0.936602	 
0.968667	 0.968467	 
0.975941	 0.860827	 
0.910969	 0.976314	 
0.836461	 0.977397	 
0.488030	 0.976875	 
0.412526	 0.977360	 
0.261817	 0.972290	 
0.337390	 0.977599	 
0.062327	 0.975346	 
0.031121	 0.969728	 
0.025162	 0.911490	 
0.023280	 0.835388	 
0.019521	 0.762488	 
0.023281	 0.711078	 
0.022446	 0.638673	 
0.024281	 0.564113	 
0.023136	 0.488046	 
0.022904	 0.412470	 
0.022221	 0.337135	 
0.026926	 0.261527	 
0.023202	 0.215181	 
0.024056	 0.139202	 
0.976725	 0.288947	 
0.089150	 0.023668	 
0.025568	 0.063451	 
0.977553	 0.361333	 
0.975719	 0.435887	 
0.911734	 0.025393	 
0.886117	 0.024566	 
0.835428	 0.023287	 
0.810636	 0.023181	 
0.762445	 0.019317	 
0.711397	 0.022929	 
0.687450	 0.022627	 
0.638003	 0.022947	 
0.612728	 0.022816	 
0.562186	 0.022730	 
0.537053	 0.022826	 
0.487100	 0.023531	 
0.461776	 0.024364	 
0.410594	 0.023147	 
0.385942	 0.022591	 
0.336992	 0.022300	 
0.312923	 0.022418	 
0.261681	 0.027552	 
0.214853	 0.023204	 
0.188771	 0.022912	 
0.138763	 0.022435	 
0.114080	 0.022735	 
0.063352	 0.026008	 
0.976972	 0.911336	 
0.976552	 0.886583	 
0.976756	 0.835540	 
0.976834	 0.810657	 
0.980711	 0.762428	 
0.977206	 0.711275	 
0.977811	 0.687196	 
0.977533	 0.638035	 
0.977245	 0.612902	 
0.977091	 0.562171	 
0.977117	 0.537044	 
0.976471	 0.487100	 
0.975640	 0.461777	 
0.976853	 0.410587	 
0.977409	 0.385930	 
0.977699	 0.336985	 
0.977578	 0.312917	 
0.972398	 0.261666	 
0.976786	 0.214813	 
0.977108	 0.188700	 
0.977696	 0.138434	 
0.977638	 0.113367	 
0.975910	 0.062630	 
0.087855	 0.976159	 
0.113378	 0.975548	 
0.164515	 0.976697	 
0.189355	 0.976754	 
0.237641	 0.980387	 
0.289065	 0.976611	 
0.313117	 0.977493	 
0.362196	 0.977569	 
0.387306	 0.977533	 
0.437790	 0.977294	 
0.462935	 0.977178	 
0.512896	 0.976472	 
0.538223	 0.975640	 
0.589454	 0.976863	 
0.614196	 0.977445	 
0.663366	 0.977833	 
0.687471	 0.977849	 
0.738568	 0.973208	 
0.785080	 0.976907	 
0.811254	 0.977051	 
0.861467	 0.977482	 
0.886164	 0.977206	 
0.936705	 0.973991	 
0.023052	 0.088700	 
0.023463	 0.113444	 
0.023234	 0.164487	 
0.023158	 0.189360	 
0.019288	 0.237575	 
0.022794	 0.288727	 
0.022181	 0.312810	 
0.022429	 0.361971	 
0.022714	 0.387105	 
0.022905	 0.437834	 
0.022884	 0.462960	 
0.023529	 0.512901	 
0.024361	 0.538224	 
0.023147	 0.589413	 
0.022590	 0.614076	 
0.022298	 0.663029	 
0.022420	 0.687103	 
0.027640	 0.738352	 
0.023344	 0.784931	 
0.023249	 0.810684	 
0.024272	 0.860503	 
0.024457	 0.886009	 
0.026783	 0.938110	 
0.958216	 0.076797	 
0.958628	 0.176624	 
0.076017	 0.956958	 
0.348510	 0.040920	 
0.176895	 0.041505	 
0.447790	 0.047325	 
0.499468	 0.042514	 
0.600257	 0.041698	 
0.651279	 0.042849	 
0.821736	 0.042245	 
0.872138	 0.048158	 
0.923674	 0.051505	 
0.500518	 0.957489	 
0.957500	 0.600450	 
0.652145	 0.959279	 
0.957478	 0.499460	 
0.823223	 0.958366	 
0.921207	 0.955534	 
0.552223	 0.952681	 
0.399644	 0.958727	 
0.349506	 0.959005	 
0.050983	 0.922973	 
0.048003	 0.871841	 
0.042362	 0.821715	 
0.047322	 0.552214	 
0.042523	 0.500543	 
0.042415	 0.399571	 
0.040834	 0.349091	 
0.047469	 0.126298	 
0.043036	 0.078781	 
0.079011	 0.044455	 
0.959080	 0.348479	 
0.040913	 0.651556	 
0.957020	 0.921264	 
0.952679	 0.447786	 
0.698827	 0.040878	 
0.549506	 0.041681	 
0.396904	 0.041713	 
0.127728	 0.041301	 
0.957775	 0.821840	 
0.959740	 0.698234	 
0.958083	 0.549398	 
0.958288	 0.396872	 
0.959133	 0.126573	 
0.178225	 0.957702	 
0.302608	 0.958779	 
0.450440	 0.958340	 
0.603311	 0.958329	 
0.872713	 0.958580	 
0.042193	 0.178229	 
0.041918	 0.450618	 
0.041711	 0.603135	 
0.127535	 0.952624	 
0.959072	 0.650923	 
0.952536	 0.873816	 
0.302345	 0.041053	 
0.958925	 0.302335	 
0.698684	 0.959794	 
0.040252	 0.301774	 
0.041074	 0.697735	 
0.129190	 0.064435	 
0.395762	 0.064558	 
0.437955	 0.066586	 
0.499633	 0.065828	 
0.549730	 0.064883	 
0.600350	 0.064919	 
0.652612	 0.070245	 
0.861156	 0.067652	 
0.935748	 0.077058	 
0.063613	 0.348286	 
0.064568	 0.084221	 
0.604571	 0.935474	 
0.562089	 0.933433	 
0.934251	 0.499645	 
0.934918	 0.549233	 
0.932006	 0.863112	 
0.935629	 0.915838	 
0.871324	 0.935425	 
0.908438	 0.075788	 
0.935924	 0.127469	 
0.076075	 0.934505	 
0.071993	 0.881751	 
0.064556	 0.604438	 
0.066569	 0.562102	 
0.065757	 0.500371	 
0.065111	 0.450832	 
0.068552	 0.399352	 
0.068002	 0.137053	 
0.137667	 0.933389	 
0.933431	 0.437901	 
0.935441	 0.395610	 
0.931174	 0.600740	 
0.936057	 0.651940	 
0.450037	 0.935165	 
0.398942	 0.935723	 
0.500265	 0.934258	 
0.348942	 0.936284	 
0.936232	 0.176790	 
0.347818	 0.063628	 
0.177165	 0.064154	 
0.456460	 0.066781	 
0.821041	 0.064566	 
0.882155	 0.072115	 
0.653358	 0.936379	 
0.822950	 0.935642	 
0.917608	 0.932892	 
0.543524	 0.933268	 
0.075069	 0.907700	 
0.067582	 0.860749	 
0.064759	 0.821028	 
0.066728	 0.543572	 
0.072764	 0.111578	 
0.082743	 0.067109	 
0.936374	 0.347686	 
0.063602	 0.652519	 
0.933273	 0.456431	 
0.700404	 0.062740	 
0.935378	 0.821146	 
0.938262	 0.698936	 
0.178805	 0.935318	 
0.303335	 0.936824	 
0.064568	 0.178956	 
0.119081	 0.933202	 
0.927416	 0.888528	 
0.302949	 0.062985	 
0.936955	 0.302923	 
0.699782	 0.938302	 
0.061743	 0.301142	 
0.063059	 0.697368	 
0.153952	 0.078015	 
0.680745	 0.078360	 
0.801284	 0.076449	 
0.923581	 0.801253	 
0.802082	 0.923387	 
0.924408	 0.324588	 
0.075595	 0.675899	 
0.077658	 0.371799	 
0.075999	 0.323762	 
0.076389	 0.198828	 
0.922728	 0.153268	 
0.923672	 0.197365	 
0.921313	 0.628662	 
0.923999	 0.676747	 
0.678082	 0.923887	 
0.921885	 0.842828	 
0.524859	 0.078768	 
0.624599	 0.079323	 
0.474863	 0.921436	 
0.921442	 0.524662	 
0.914001	 0.910141	 
0.373082	 0.922809	 
0.078603	 0.475419	 
0.086352	 0.089890	 
0.922833	 0.371078	 
0.077153	 0.629203	 
0.575312	 0.078027	 
0.419398	 0.077825	 
0.921503	 0.573220	 
0.922203	 0.419187	 
0.423970	 0.922206	 
0.580741	 0.922187	 
0.846355	 0.921760	 
0.078501	 0.426874	 
0.077798	 0.580862	 
0.921553	 0.102133	 
0.089359	 0.863528	 
0.325288	 0.924310	 
0.371370	 0.077172	 
0.324725	 0.075582	 
0.197698	 0.076517	 
0.446839	 0.089163	 
0.842250	 0.077612	 
0.863841	 0.089188	 
0.629375	 0.922534	 
0.894140	 0.921541	 
0.553097	 0.911010	 
0.077722	 0.842041	 
0.076751	 0.801837	 
0.088962	 0.553326	 
0.091096	 0.134394	 
0.106297	 0.078416	 
0.911042	 0.446720	 
0.156384	 0.922114	 
0.198628	 0.923253	 
0.078065	 0.157299	 
0.129180	 0.910286	 
0.909057	 0.865768	 
0.179167	 0.091175	 
0.704082	 0.088361	 
0.777274	 0.074843	 
0.819740	 0.090289	 
0.090536	 0.820026	 
0.074616	 0.222779	 
0.222304	 0.924464	 
0.909581	 0.819550	 
0.820798	 0.908561	 
0.347789	 0.909987	 
0.910069	 0.346711	 
0.089957	 0.653945	 
0.090388	 0.347773	 
0.088252	 0.298416	 
0.090396	 0.180551	 
0.909520	 0.178716	 
0.908970	 0.653589	 
0.912134	 0.702098	 
0.925377	 0.777267	 
0.395527	 0.091127	 
0.500014	 0.093688	 
0.550452	 0.092143	 
0.600428	 0.091840	 
0.643030	 0.093709	 
0.604780	 0.908601	 
0.906969	 0.500055	 
0.908320	 0.549441	 
0.870306	 0.907755	 
0.907211	 0.128681	 
0.100225	 0.920802	 
0.091095	 0.605127	 
0.093061	 0.500009	 
0.091766	 0.450703	 
0.091196	 0.408445	 
0.908914	 0.395097	 
0.908609	 0.591542	 
0.448996	 0.908154	 
0.397836	 0.908786	 
0.499670	 0.906923	 
0.347013	 0.089947	 
0.654636	 0.908601	 
0.180138	 0.909088	 
0.304828	 0.914212	 
0.130065	 0.092107	 
0.777661	 0.925274	 
0.914386	 0.304522	 
0.085888	 0.696329	 
0.924466	 0.221488	 
0.703359	 0.911957	 
0.112176	 0.864297	 
0.304503	 0.085592	 
0.221770	 0.075240	 
0.445013	 0.118570	 
0.864497	 0.111888	 
0.554676	 0.881842	 
0.075662	 0.778660	 
0.118081	 0.555294	 
0.117679	 0.134422	 
0.881945	 0.444924	 
0.882513	 0.865505	 
0.070585	 0.277194	 
0.279983	 0.922577	 
0.869003	 0.841939	 
0.133142	 0.846626	 
0.723530	 0.071106	 
0.131179	 0.536336	 
0.130314	 0.115380	 
0.131266	 0.157731	 
0.868871	 0.464020	 
0.869176	 0.420059	 
0.130892	 0.580459	 
0.929526	 0.722939	 
0.869951	 0.884427	 
0.535660	 0.868747	 
0.131908	 0.878512	 
0.236079	 0.953044	 
0.763971	 0.046088	 
0.954058	 0.763928	 
0.045940	 0.236090	 
0.090859	 0.390135	 
0.908060	 0.610107	 
0.475242	 0.079302	 
0.524606	 0.920987	 
0.079002	 0.524778	 
0.921008	 0.475256	 
0.664513	 0.097178	 
0.761135	 0.099237	 
0.901610	 0.761340	 
0.764235	 0.954122	 
0.816875	 0.881364	 
0.098440	 0.238740	 
0.953142	 0.235588	 
0.881428	 0.181735	 
0.235673	 0.046716	 
0.183081	 0.118099	 
0.047006	 0.764377	 
0.236809	 0.900052	 
0.703354	 0.114558	 
0.819142	 0.117425	 
0.117551	 0.819450	 
0.882972	 0.818011	 
0.345862	 0.883459	 
0.883599	 0.345404	 
0.116712	 0.655848	 
0.117638	 0.348263	 
0.116940	 0.296278	 
0.117194	 0.181988	 
0.883054	 0.656394	 
0.884686	 0.704656	 
0.395595	 0.117756	 
0.501926	 0.121360	 
0.551642	 0.119159	 
0.601469	 0.118084	 
0.647973	 0.115258	 
0.604542	 0.881537	 
0.880771	 0.501883	 
0.882256	 0.550494	 
0.878224	 0.131517	 
0.117694	 0.605546	 
0.119285	 0.498292	 
0.117972	 0.449843	 
0.113115	 0.399248	 
0.882366	 0.395004	 
0.886621	 0.600278	 
0.447963	 0.881491	 
0.396606	 0.882050	 
0.497788	 0.880643	 
0.345824	 0.116476	 
0.656494	 0.878262	 
0.182060	 0.881365	 
0.292974	 0.890372	 
0.761713	 0.901369	 
0.890968	 0.293828	 
0.922710	 0.279947	 
0.110550	 0.708129	 
0.077746	 0.720995	 
0.899122	 0.236637	 
0.706567	 0.884314	 
0.723580	 0.929541	 
0.293202	 0.109090	 
0.279765	 0.076993	 
0.236907	 0.099329	 
0.463524	 0.132463	 
0.420462	 0.131077	 
0.846691	 0.132686	 
0.579430	 0.868749	 
0.100744	 0.765602	 
0.874146	 0.273644	 
0.872409	 0.319880	 
0.870801	 0.680910	 
0.869481	 0.794772	 
0.856906	 0.865333	 
0.370464	 0.869440	 
0.856183	 0.395188	 
0.865294	 0.157833	 
0.128874	 0.681899	 
0.130835	 0.631101	 
0.129786	 0.424639	 
0.129417	 0.374110	 
0.135298	 0.322969	 
0.229063	 0.122135	 
0.144312	 0.181983	 
0.877957	 0.226956	 
0.444559	 0.144221	 
0.143354	 0.134121	 
0.130696	 0.205485	 
0.866763	 0.206872	 
0.856759	 0.444934	 
0.869627	 0.370076	 
0.131630	 0.473861	 
0.868542	 0.526571	 
0.870713	 0.575946	 
0.143341	 0.555740	 
0.870981	 0.638708	 
0.144074	 0.605740	 
0.771020	 0.877604	 
0.132045	 0.731858	 
0.120200	 0.777055	 
0.684303	 0.869564	 
0.554687	 0.856445	 
0.472786	 0.868130	 
0.421806	 0.868663	 
0.144439	 0.818243	 
0.856716	 0.817826	 
0.718561	 0.046333	 
0.954118	 0.718055	 
0.283176	 0.951924	 
0.045901	 0.281984	 
0.282936	 0.047849	 
0.952049	 0.282954	 
0.718450	 0.954184	 
0.048054	 0.717307	 
0.749188	 0.074237	 
0.073728	 0.250919	 
0.250075	 0.923723	 
0.926342	 0.749158	 
0.527652	 0.133848	 
0.868504	 0.483050	 
0.131554	 0.517257	 
0.516687	 0.868370	 
0.749640	 0.926306	 
0.923506	 0.249906	 
0.158216	 0.865350	 
0.249860	 0.075862	 
0.076789	 0.751111	 
0.675823	 0.122905	 
0.770955	 0.123043	 
0.878152	 0.771077	 
0.793836	 0.868498	 
0.121896	 0.229108	 
0.206551	 0.131564	 
0.227869	 0.876800	 
0.795116	 0.131132	 
0.130427	 0.796347	 
0.319474	 0.871792	 
0.370652	 0.130506	 
0.577535	 0.131659	 
0.626524	 0.129995	 
0.629452	 0.867212	 
0.319991	 0.127792	 
0.205319	 0.867738	 
0.268032	 0.871135	 
0.269312	 0.126938	 
0.482652	 0.134038	 
0.395751	 0.143934	 
0.817962	 0.144277	 
0.604711	 0.854556	 
0.860563	 0.294446	 
0.293082	 0.858159	 
0.857371	 0.344924	 
0.815527	 0.854952	 
0.344499	 0.857106	 
0.852604	 0.183572	 
0.748428	 0.119978	 
0.144601	 0.498396	 
0.142568	 0.224263	 
0.652154	 0.140758	 
0.603166	 0.143909	 
0.249138	 0.117689	 
0.184573	 0.143992	 
0.117859	 0.250779	 
0.145808	 0.293734	 
0.143990	 0.351382	 
0.144027	 0.448988	 
0.142372	 0.399398	 
0.856400	 0.551869	 
0.855521	 0.502073	 
0.859168	 0.601450	 
0.882342	 0.749389	 
0.857441	 0.776246	 
0.857268	 0.706199	 
0.858599	 0.657587	 
0.144234	 0.656915	 
0.749982	 0.882086	 
0.142852	 0.706897	 
0.708596	 0.857216	 
0.497600	 0.855272	 
0.447080	 0.855380	 
0.395633	 0.855968	 
0.248061	 0.881028	 
0.169255	 0.554831	 
0.830943	 0.446485	 
0.553361	 0.830490	 
0.698012	 0.137632	 
0.502832	 0.150666	 
0.553665	 0.145653	 
0.871752	 0.620017	 
0.345325	 0.142780	 
0.667608	 0.856698	 
0.874685	 0.250187	 
0.294082	 0.140095	 
0.445472	 0.170221	 
0.124978	 0.756621	 
0.834903	 0.866903	 
0.830121	 0.395677	 
0.170193	 0.184101	 
0.165312	 0.132298	 
0.170286	 0.605610	 
0.775619	 0.856702	 
0.141717	 0.774977	 
0.166619	 0.814891	 
0.834397	 0.815704	 
0.183347	 0.853387	 
0.776451	 0.143798	 
0.223716	 0.855791	 
0.395979	 0.170090	 
0.814266	 0.166408	 
0.604205	 0.827912	 
0.817188	 0.370436	 
0.627928	 0.812834	 
0.578581	 0.816264	 
0.817335	 0.421306	 
0.184802	 0.796918	 
0.150360	 0.752049	 
0.182935	 0.580538	 
0.182730	 0.530060	 
0.491983	 0.175867	 
0.129844	 0.270402	 
0.183818	 0.166139	 
0.725640	 0.134428	 
0.851427	 0.233828	 
0.181404	 0.209095	 
0.817521	 0.471419	 
0.871145	 0.729818	 
0.183844	 0.629806	 
0.815480	 0.796575	 
0.185584	 0.826554	 
0.649489	 0.855289	 
0.157635	 0.334921	 
0.731070	 0.871035	 
0.247242	 0.138070	 
0.832888	 0.657229	 
0.174308	 0.657452	 
0.169208	 0.399279	 
0.168460	 0.353714	 
0.226413	 0.143379	 
0.825129	 0.185340	 
0.708817	 0.831934	 
0.654868	 0.167522	 
0.814772	 0.827969	 
0.244597	 0.859794	 
0.343671	 0.830642	 
0.293913	 0.830411	 
0.832744	 0.293971	 
0.830833	 0.344847	 
0.173577	 0.500733	 
0.164867	 0.234351	 
0.604917	 0.169922	 
0.172088	 0.291399	 
0.170395	 0.448301	 
0.830152	 0.553122	 
0.826628	 0.500214	 
0.832642	 0.604526	 
0.834491	 0.766727	 
0.831108	 0.706467	 
0.169838	 0.706675	 
0.499733	 0.826346	 
0.446438	 0.829245	 
0.394800	 0.829900	 
0.528723	 0.817182	 
0.707037	 0.162996	 
0.555328	 0.171606	 
0.345134	 0.169357	 
0.662103	 0.835808	 
0.293722	 0.167797	 
0.468502	 0.184024	 
0.420940	 0.183231	 
0.765776	 0.834820	 
0.167400	 0.772395	 
0.767630	 0.166932	 
0.234433	 0.833303	 
0.370706	 0.182912	 
0.795234	 0.184521	 
0.818289	 0.319531	 
0.804164	 0.396066	 
0.817746	 0.725748	 
0.804567	 0.490170	 
0.420380	 0.816360	 
0.647944	 0.820333	 
0.603506	 0.802012	 
0.553574	 0.804086	 
0.510144	 0.804273	 
0.471453	 0.815804	 
0.804660	 0.446612	 
0.823357	 0.229218	 
0.184054	 0.684935	 
0.183131	 0.423390	 
0.181641	 0.375681	 
0.183273	 0.272948	 
0.194022	 0.234266	 
0.819279	 0.270382	 
0.195646	 0.186137	 
0.513141	 0.173100	 
0.811619	 0.208011	 
0.186961	 0.311090	 
0.804547	 0.344991	 
0.184076	 0.472687	 
0.816273	 0.528569	 
0.195760	 0.511451	 
0.817805	 0.579408	 
0.195708	 0.555686	 
0.819806	 0.631733	 
0.819120	 0.682804	 
0.196316	 0.648046	 
0.196105	 0.605519	 
0.803521	 0.766233	 
0.789947	 0.816306	 
0.181406	 0.725969	 
0.194447	 0.767525	 
0.240909	 0.164777	 
0.754496	 0.141819	 
0.754719	 0.860680	 
0.445254	 0.196265	 
0.210060	 0.814798	 
0.396005	 0.196107	 
0.486989	 0.196235	 
0.139388	 0.245867	 
0.860832	 0.754468	 
0.685612	 0.821353	 
0.727718	 0.819603	 
0.681072	 0.178942	 
0.630803	 0.182053	 
0.318497	 0.817592	 
0.368829	 0.817168	 
0.274640	 0.816741	 
0.580543	 0.183714	 
0.725001	 0.185549	 
0.532082	 0.184770	 
0.319311	 0.182059	 
0.267902	 0.180341	 
0.345037	 0.195677	 
0.766797	 0.195926	 
0.394239	 0.803641	 
0.446294	 0.802580	 
0.491096	 0.803835	 
0.805484	 0.294640	 
0.293932	 0.804252	 
0.829938	 0.249577	 
0.181818	 0.254219	 
0.702571	 0.188415	 
0.196178	 0.289134	 
0.197212	 0.448148	 
0.195554	 0.398757	 
0.803354	 0.553858	 
0.805399	 0.606208	 
0.806229	 0.658369	 
0.806299	 0.707170	 
0.817795	 0.745490	 
0.195032	 0.708761	 
0.665694	 0.814359	 
0.176559	 0.747395	 
0.221831	 0.556153	 
0.222261	 0.187199	 
0.778721	 0.447252	 
0.178546	 0.332924	 
0.196862	 0.666583	 
0.192943	 0.353035	 
0.709048	 0.807432	 
0.657238	 0.194310	 
0.343332	 0.804345	 
0.196179	 0.492319	 
0.606129	 0.195879	 
0.804168	 0.509178	 
0.553202	 0.778221	 
0.293163	 0.195181	 
0.445866	 0.221939	 
0.746422	 0.820051	 
0.764724	 0.807013	 
0.747618	 0.183793	 
0.778114	 0.396409	 
0.782477	 0.499296	 
0.603195	 0.776541	 
0.501342	 0.782170	 
0.801037	 0.228214	 
0.221273	 0.234772	 
0.508357	 0.193477	 
0.778268	 0.345035	 
0.218013	 0.503033	 
0.218227	 0.656215	 
0.221863	 0.606131	 
0.774953	 0.763918	 
0.217613	 0.763968	 
0.235734	 0.803301	 
0.396146	 0.222133	 
0.496911	 0.217941	 
0.255129	 0.817013	 
0.555882	 0.197465	 
0.246189	 0.190715	 
0.345034	 0.221996	 
0.763116	 0.219480	 
0.765059	 0.370822	 
0.765305	 0.422268	 
0.761425	 0.784435	 
0.766540	 0.473247	 
0.762557	 0.742895	 
0.476506	 0.765222	 
0.236476	 0.751167	 
0.233983	 0.631242	 
0.235129	 0.581659	 
0.234153	 0.530425	 
0.234985	 0.478067	 
0.202632	 0.330347	 
0.235231	 0.211330	 
0.765296	 0.319547	 
0.235219	 0.254969	 
0.713651	 0.206552	 
0.765565	 0.524409	 
0.234187	 0.675842	 
0.237251	 0.776852	 
0.651190	 0.800422	 
0.807155	 0.248342	 
0.784334	 0.707164	 
0.226684	 0.448875	 
0.222155	 0.397379	 
0.216603	 0.287921	 
0.658598	 0.221638	 
0.342768	 0.777841	 
0.293543	 0.778093	 
0.393560	 0.777095	 
0.447253	 0.773325	 
0.778802	 0.294670	 
0.773905	 0.553473	 
0.778271	 0.607465	 
0.779284	 0.660032	 
0.217127	 0.711096	 
0.218376	 0.350626	 
0.711842	 0.779716	 
0.606756	 0.222025	 
0.527536	 0.766192	 
0.577851	 0.764563	 
0.293934	 0.222388	 
0.471167	 0.233894	 
0.421357	 0.235078	 
0.627298	 0.762968	 
0.777120	 0.242733	 
0.370757	 0.235152	 
0.516957	 0.233581	 
0.556585	 0.222766	 
0.319585	 0.235444	 
0.744777	 0.237756	 
0.752127	 0.396719	 
0.752700	 0.448135	 
0.458179	 0.751670	 
0.753625	 0.499095	 
0.501995	 0.753308	 
0.765974	 0.270552	 
0.704210	 0.224455	 
0.236657	 0.724613	 
0.536645	 0.234522	 
0.233959	 0.372493	 
0.752036	 0.345037	 
0.496694	 0.245851	 
0.248880	 0.235257	 
0.752270	 0.294259	 
0.233358	 0.301515	 
0.248581	 0.459753	 
0.237385	 0.420869	 
0.752084	 0.542953	 
0.247164	 0.504490	 
0.763304	 0.582310	 
0.248097	 0.556489	 
0.765215	 0.688924	 
0.765277	 0.633937	 
0.246572	 0.655870	 
0.247933	 0.606989	 
0.655207	 0.772828	 
0.552443	 0.752268	 
0.446497	 0.247703	 
0.602499	 0.751241	 
0.742831	 0.764319	 
0.255619	 0.764727	 
0.396233	 0.248117	 
0.345235	 0.248409	 
0.764551	 0.718664	 
0.234962	 0.277272	 
0.684590	 0.236008	 
0.632668	 0.235352	 
0.317373	 0.764072	 
0.367815	 0.764081	 
0.418644	 0.762569	 
0.236112	 0.698400	 
0.685487	 0.763537	 
0.581002	 0.235329	 
0.273173	 0.236288	 
0.294343	 0.249510	 
0.645930	 0.750529	 
0.712609	 0.749858	 
0.723386	 0.224764	 
0.555125	 0.247338	 
0.249697	 0.395721	 
0.750588	 0.608149	 
0.751612	 0.660118	 
0.745564	 0.706054	 
0.501793	 0.726795	 
0.274375	 0.607739	 
0.274612	 0.556875	 
0.273915	 0.504785	 
0.227821	 0.325920	 
0.252959	 0.291260	 
0.727098	 0.499727	 
0.258440	 0.710318	 
0.250041	 0.440532	 
0.658808	 0.249551	 
0.342291	 0.750149	 
0.274370	 0.765031	 
0.292582	 0.751828	 
0.393189	 0.749832	 
0.438829	 0.750286	 
0.750770	 0.562272	 
0.245242	 0.346892	 
0.606421	 0.249158	 
0.551817	 0.726175	 
0.446923	 0.273827	 
0.756673	 0.254603	 
0.498027	 0.272563	 
0.726027	 0.397024	 
0.726498	 0.448884	 
0.450521	 0.729302	 
0.725545	 0.344846	 
0.725682	 0.294275	 
0.271128	 0.452899	 
0.729598	 0.550882	 
0.273680	 0.657114	 
0.602228	 0.725825	 
0.396401	 0.274213	 
0.345335	 0.274930	 
0.295616	 0.276502	 
0.713171	 0.423333	 
0.713671	 0.474910	 
0.714514	 0.525315	 
0.711728	 0.318836	 
0.712731	 0.273614	 
0.287536	 0.632740	 
0.287809	 0.582738	 
0.287649	 0.530886	 
0.285977	 0.479073	 
0.291558	 0.434652	 
0.712522	 0.371028	 
0.275941	 0.294878	 
0.723285	 0.706595	 
0.476471	 0.714239	 
0.287597	 0.681457	 
0.277540	 0.717543	 
0.713539	 0.247185	 
0.277618	 0.392725	 
0.665416	 0.749818	 
0.657682	 0.276709	 
0.343279	 0.722973	 
0.711492	 0.725899	 
0.654120	 0.728119	 
0.551687	 0.273188	 
0.723168	 0.609456	 
0.724021	 0.659317	 
0.526453	 0.713314	 
0.273554	 0.344014	 
0.392237	 0.723437	 
0.605386	 0.278911	 
0.576798	 0.712968	 
0.472343	 0.286607	 
0.421842	 0.287122	 
0.524360	 0.285822	 
0.431307	 0.713338	 
0.713183	 0.569937	 
0.627473	 0.713224	 
0.370833	 0.287821	 
0.320453	 0.288694	 
0.700398	 0.449525	 
0.451277	 0.701502	 
0.700909	 0.500641	 
0.701496	 0.550183	 
0.698408	 0.344807	 
0.699231	 0.293423	 
0.287411	 0.319350	 
0.699762	 0.397365	 
0.498056	 0.299509	 
0.290002	 0.367089	 
0.295387	 0.457668	 
0.300563	 0.504416	 
0.301015	 0.557094	 
0.709854	 0.634458	 
0.301460	 0.657409	 
0.300976	 0.608063	 
0.501256	 0.700490	 
0.289730	 0.730188	 
0.551393	 0.700037	 
0.447137	 0.299959	 
0.602006	 0.700069	 
0.396392	 0.300556	 
0.345002	 0.301940	 
0.291213	 0.411826	 
0.276112	 0.699992	 
0.676578	 0.291204	 
0.633509	 0.290134	 
0.323522	 0.709132	 
0.368008	 0.709751	 
0.697320	 0.707624	 
0.575919	 0.287860	 
0.549878	 0.299786	 
0.709510	 0.683623	 
0.411869	 0.711765	 
0.710781	 0.589506	 
0.652079	 0.699678	 
0.308926	 0.391227	 
0.393473	 0.697773	 
0.301889	 0.341884	 
0.695879	 0.659129	 
0.314204	 0.446063	 
0.327953	 0.607913	 
0.327494	 0.557164	 
0.327202	 0.504943	 
0.501027	 0.673680	 
0.298190	 0.707998	 
0.657029	 0.303189	 
0.343775	 0.696745	 
0.673685	 0.710807	 
0.693603	 0.608970	 
0.594471	 0.301001	 
0.447180	 0.326183	 
0.497862	 0.326044	 
0.450209	 0.674651	 
0.674752	 0.551047	 
0.674252	 0.450125	 
0.674645	 0.501442	 
0.671706	 0.345825	 
0.673167	 0.397606	 
0.328680	 0.656115	 
0.551580	 0.673395	 
0.602086	 0.674016	 
0.396126	 0.326962	 
0.345379	 0.328079	 
0.549277	 0.326051	 
0.650330	 0.673770	 
0.661366	 0.476293	 
0.661566	 0.526609	 
0.658370	 0.371318	 
0.658060	 0.325957	 
0.342539	 0.631928	 
0.341240	 0.582413	 
0.340580	 0.530951	 
0.339882	 0.483069	 
0.660432	 0.424254	 
0.613845	 0.302432	 
0.337779	 0.458032	 
0.335077	 0.406051	 
0.668602	 0.597437	 
0.669104	 0.656793	 
0.626779	 0.661285	 
0.397975	 0.671828	 
0.342640	 0.674439	 
0.299404	 0.299357	 
0.325341	 0.340592	 
0.334770	 0.431367	 
0.475770	 0.660626	 
0.526702	 0.659044	 
0.602067	 0.324128	 
0.472382	 0.339225	 
0.421594	 0.339863	 
0.523402	 0.339244	 
0.424686	 0.660645	 
0.660664	 0.573974	 
0.577477	 0.660202	 
0.369929	 0.340686	 
0.574964	 0.339221	 
0.648479	 0.501911	 
0.648493	 0.550862	 
0.645347	 0.398158	 
0.645233	 0.345585	 
0.647872	 0.450661	 
0.450516	 0.647550	 
0.549066	 0.352563	 
0.497759	 0.352285	 
0.344250	 0.353150	 
0.353500	 0.504479	 
0.670914	 0.618071	 
0.354196	 0.556624	 
0.658622	 0.634805	 
0.603158	 0.646975	 
0.355723	 0.655239	 
0.356156	 0.606580	 
0.379197	 0.657005	 
0.501074	 0.645776	 
0.447010	 0.352640	 
0.553265	 0.645394	 
0.395229	 0.354207	 
0.357616	 0.440775	 
0.621724	 0.342357	 
0.599895	 0.353893	 
0.339603	 0.379588	 
0.383639	 0.603266	 
0.380860	 0.555841	 
0.379654	 0.504484	 
0.352759	 0.419227	 
0.648147	 0.591963	 
0.400705	 0.646017	 
0.499278	 0.618549	 
0.447141	 0.378862	 
0.497588	 0.378516	 
0.450487	 0.620947	 
0.622593	 0.551599	 
0.548881	 0.379334	 
0.622267	 0.502463	 
0.618028	 0.400860	 
0.621283	 0.451261	 
0.647109	 0.651924	 
0.650412	 0.612689	 
0.603189	 0.619722	 
0.557291	 0.618531	 
0.394431	 0.384029	 
0.381961	 0.444334	 
0.598219	 0.381555	 
0.609111	 0.527725	 
0.606496	 0.426313	 
0.594616	 0.405266	 
0.395068	 0.579206	 
0.393425	 0.530146	 
0.392189	 0.484147	 
0.395743	 0.423617	 
0.608334	 0.477430	 
0.625563	 0.600676	 
0.610299	 0.576113	 
0.402827	 0.620445	 
0.364033	 0.397604	 
0.474353	 0.606262	 
0.517969	 0.603602	 
0.472122	 0.391613	 
0.422881	 0.393234	 
0.522998	 0.392243	 
0.426475	 0.608213	 
0.573566	 0.393866	 
0.580652	 0.607517	 
0.595737	 0.552970	 
0.593192	 0.452055	 
0.449371	 0.594136	 
0.595424	 0.503277	 
0.404365	 0.405426	 
0.497071	 0.405122	 
0.548415	 0.407095	 
0.405774	 0.504576	 
0.600264	 0.596827	 
0.407856	 0.554739	 
0.497978	 0.591813	 
0.447494	 0.404950	 
0.562615	 0.596819	 
0.392907	 0.464355	 
0.407553	 0.446189	 
0.386242	 0.406349	 
0.540465	 0.600400	 
0.406369	 0.598303	 
0.434429	 0.553145	 
0.433710	 0.503572	 
0.499143	 0.566154	 
0.449015	 0.427903	 
0.496013	 0.432274	 
0.448136	 0.571543	 
0.545830	 0.434678	 
0.568229	 0.553487	 
0.564860	 0.454953	 
0.568843	 0.504937	 
0.552954	 0.577039	 
0.435968	 0.449081	 
0.550729	 0.482594	 
0.447641	 0.529119	 
0.452371	 0.477128	 
0.555421	 0.528969	 
0.540623	 0.458640	 
0.460246	 0.552487	 
0.481816	 0.553550	 
0.517867	 0.553071	 
0.468304	 0.447693	 
0.520302	 0.446446	 
0.546301	 0.508119	 
0.496080	 0.459272	 
0.461688	 0.505482	 
0.500035	 0.541558	 
0.540621	 0.552777	 
0.474193	 0.488283	 
0.530553	 0.498614	 
0.499460	 0.520692	 
0.493908	 0.483317	 
0.509297	 0.501425	 
0.485839	 0.504859	 
