485	 406	 405	
745	 703	 82	
693	 81	 671	
820	 762	 732	
871	 802	 79	
960	 757	 870	
731	 77	 636	
694	 76	 670	
695	 75	 638	
696	 74	 639	
697	 73	 669	
698	 72	 640	
699	 71	 641	
821	 763	 749	
822	 68	 764	
823	 734	 804	
700	 67	 643	
701	 633	 83	
633	 586	 486	
585	 430	 429	
584	 487	 58	
487	 27	 428	
634	 487	 583	
867	 151	 773	
1047	 967	 952	
1195	 1173	 1144	
1340	 1290	 1269	
1466	 1427	 1416	
1563	 1532	 1522	
1630	 1598	 1619	
1646	 1606	 284	
1580	 1553	 1510	
1467	 1461	 268	
1406	 303	 1379	
1259	 1223	 1141	
1048	 1041	 350	
826	 816	 343	
590	 438	 437	
590	 377	 488	
489	 31	 436	
589	 489	 378	
635	 522	 380	
740	 654	 346	
741	 655	 63	
824	 809	 742	
875	 810	 328	
866	 761	 768	
747	 665	 61	
715	 684	 257	
743	 657	 240	
717	 658	 205	
718	 683	 59	
719	 659	 187	
702	 660	 170	
880	 833	 760	
825	 135	 771	
834	 136	 771	
744	 661	 100	
703	 100	 662	
558	 400	 10	
490	 11	 400	
491	 10	 399	
913	 558	 78	
636	 492	 76	
636	 556	 492	
553	 395	 394	
555	 76	 492	
560	 402	 401	
637	 494	 560	
638	 493	 553	
639	 552	 495	
639	 495	 73	
640	 496	 549	
641	 548	 497	
549	 391	 390	
547	 389	 388	
1004	 498	 69	
1004	 668	 546	
544	 386	 385	
896	 498	 545	
642	 543	 67	
500	 2	 384	
643	 500	 542	
644	 541	 501	
502	 432	 431	
581	 426	 25	
953	 758	 865	
1049	 922	 988	
1174	 1108	 1094	
1341	 1291	 1253	
1468	 1428	 1399	
1564	 1520	 1559	
1638	 1629	 247	
1582	 285	 1560	
1482	 1453	 1393	
1342	 1295	 1319	
1232	 321	 1177	
1051	 1034	 351	
881	 862	 753	
895	 520	 591	
826	 377	 816	
597	 372	 518	
645	 598	 518	
599	 447	 446	
704	 369	 680	
948	 334	 860	
1137	 359	 1075	
1292	 314	 1267	
1175	 1154	 295	
969	 927	 259	
724	 646	 292	
646	 505	 572	
572	 417	 416	
506	 20	 415	
570	 415	 414	
1005	 510	 293	
838	 765	 312	
1003	 970	 920	
1050	 1028	 360	
864	 332	 766	
507	 39	 451	
908	 604	 367	
647	 508	 369	
508	 38	 449	
601	 369	 508	
728	 645	 372	
739	 651	 371	
704	 680	 370	
705	 370	 651	
574	 419	 418	
574	 223	 509	
707	 674	 62	
936	 224	 846	
1150	 225	 1065	
1321	 1306	 226	
1421	 227	 1357	
1520	 228	 1469	
1469	 1421	 1462	
1468	 193	 1428	
1343	 1270	 1306	
1176	 1122	 1151	
935	 845	 224	
706	 188	 648	
648	 575	 509	
706	 648	 223	
707	 223	 674	
510	 19	 413	
897	 510	 568	
827	 750	 777	
971	 879	 892	
828	 766	 332	
604	 511	 452	
511	 40	 452	
567	 412	 411	
708	 64	 687	
710	 681	 365	
649	 517	 606	
766	 737	 366	
514	 408	 407	
514	 458	 457	
650	 609	 516	
709	 329	 666	
756	 687	 329	
515	 17	 410	
567	 311	 512	
516	 42	 456	
607	 517	 365	
710	 364	 681	
517	 41	 454	
651	 504	 599	
518	 36	 445	
652	 519	 595	
595	 443	 442	
727	 652	 374	
1078	 945	 972	
1232	 1177	 1158	
1233	 1182	 1157	
1319	 1295	 320	
1344	 1295	 302	
1366	 1329	 1263	
1368	 299	 1333	
1385	 1333	 299	
1386	 1381	 298	
1369	 1280	 1292	
1326	 315	 1257	
1257	 1219	 1137	
1178	 357	 1109	
1179	 1109	 1107	
1180	 1082	 1159	
1181	 1159	 1156	
1233	 1157	 1177	
1234	 1156	 1182	
1295	 1272	 320	
653	 594	 521	
829	 729	 799	
1051	 921	 1034	
591	 520	 439	
1006	 520	 376	
593	 441	 440	
522	 30	 434	
523	 484	 483	
654	 524	 346	
655	 630	 63	
627	 478	 53	
656	 525	 629	
526	 54	 478	
527	 53	 477	
915	 627	 310	
665	 625	 528	
622	 473	 472	
624	 61	 528	
657	 529	 622	
658	 621	 530	
658	 530	 205	
659	 531	 618	
660	 617	 532	
618	 469	 468	
616	 467	 466	
1007	 533	 134	
1007	 691	 615	
613	 464	 463	
898	 533	 614	
613	 135	 534	
535	 45	 462	
661	 535	 611	
662	 538	 82	
536	 25	 425	
830	 746	 786	
973	 889	 220	
1183	 1081	 1122	
1341	 218	 1291	
644	 501	 65	
551	 73	 495	
537	 13	 404	
663	 563	 537	
538	 460	 485	
711	 644	 701	
712	 83	 676	
1052	 912	 986	
1184	 150	 1120	
1353	 1345	 1320	
1470	 1430	 1418	
1565	 1534	 1524	
1631	 1611	 1602	
1670	 1660	 1657	
1673	 1667	 1650	
1632	 1627	 250	
1547	 1503	 269	
1513	 1494	 1447	
1405	 1404	 306	
1282	 1170	 1213	
1102	 349	 1040	
755	 685	 379	
713	 635	 380	
735	 643	 66	
873	 85	 805	
1106	 103	 1045	
1289	 148	 1231	
1471	 1431	 1419	
1566	 1535	 1523	
1612	 1609	 1601	
1654	 214	 1636	
1679	 1678	 196	
1661	 1648	 233	
1613	 1588	 251	
1536	 1525	 280	
1511	 1493	 305	
1296	 1281	 307	
1112	 1100	 326	
883	 869	 347	
714	 346	 655	
823	 86	 764	
918	 86	 823	
1210	 1169	 104	
1346	 147	 1305	
1446	 123	 1402	
1554	 160	 1516	
1599	 178	 1569	
1652	 213	 1635	
1662	 1649	 198	
1614	 1589	 234	
1537	 1507	 252	
1432	 1422	 279	
1347	 307	 1324	
1250	 1113	 308	
919	 883	 347	
824	 742	 810	
822	 764	 86	
1053	 906	 1026	
1160	 105	 1083	
1315	 146	 1258	
1456	 124	 1410	
1530	 161	 1497	
1596	 179	 1570	
1651	 212	 1641	
1615	 1590	 199	
1538	 1508	 235	
1433	 1394	 253	
1297	 1278	 278	
1185	 1155	 273	
1113	 1099	 1092	
875	 327	 810	
884	 821	 749	
917	 88	 821	
1138	 106	 1056	
1327	 145	 1261	
1450	 125	 1388	
1518	 162	 1474	
1595	 180	 1581	
1616	 1608	 211	
1539	 1509	 200	
1434	 1395	 236	
1298	 1279	 254	
1132	 277	 1124	
975	 954	 274	
955	 761	 866	
905	 699	 763	
1025	 905	 88	
1147	 107	 1057	
1348	 144	 1337	
1414	 126	 1351	
1517	 163	 1485	
1607	 181	 1583	
1542	 199	 1539	
1435	 1396	 201	
1299	 1251	 237	
1114	 1097	 255	
976	 923	 276	
831	 747	 787	
698	 640	 71	
932	 90	 842	
1161	 108	 1085	
1284	 143	 1215	
1412	 127	 1367	
1528	 164	 1487	
1587	 1502	 182	
1436	 1420	 209	
1300	 1277	 202	
1115	 1080	 238	
938	 850	 256	
715	 61	 684	
697	 669	 72	
931	 91	 841	
1116	 109	 1084	
1265	 142	 1212	
1424	 128	 1371	
1529	 165	 1488	
1502	 1489	 1444	
1312	 1300	 202	
1145	 1115	 238	
885	 876	 239	
716	 257	 657	
696	 639	 73	
930	 92	 840	
1091	 110	 983	
1283	 141	 1214	
1425	 129	 1372	
1472	 1454	 166	
1349	 1313	 184	
1186	 1149	 207	
1054	 939	 989	
717	 240	 658	
733	 638	 74	
872	 93	 803	
1105	 111	 1044	
1288	 140	 1230	
1549	 1426	 1465	
1409	 1397	 166	
1187	 1133	 185	
977	 940	 206	
718	 205	 683	
694	 670	 75	
929	 94	 839	
1162	 112	 1087	
1330	 139	 1264	
1374	 1314	 131	
1301	 1254	 1194	
978	 941	 186	
719	 59	 659	
859	 801	 731	
947	 95	 859	
1164	 113	 1090	
1302	 138	 1252	
1188	 1148	 132	
979	 924	 169	
832	 769	 702	
870	 757	 801	
960	 959	 96	
1209	 114	 1135	
1189	 1121	 138	
1117	 133	 1060	
833	 770	 760	
871	 97	 802	
980	 97	 961	
1118	 115	 1059	
1055	 985	 137	
825	 771	 136	
820	 802	 97	
914	 98	 820	
981	 887	 115	
834	 754	 817	
693	 671	 80	
886	 99	 863	
720	 57	 661	
712	 676	 58	
835	 772	 730	
982	 151	 956	
1235	 1190	 1143	
1350	 1303	 1276	
1473	 1437	 1415	
1567	 1540	 1521	
1633	 1617	 1600	
1674	 1655	 1658	
1640	 1623	 1594	
1568	 1558	 282	
1503	 1499	 1455	
1403	 1378	 1316	
1236	 1224	 324	
1031	 916	 343	
861	 343	 816	
721	 378	 685	
974	 964	 937	
1045	 103	 1032	
1026	 906	 86	
1119	 1083	 917	
1056	 1025	 105	
1057	 932	 1037	
1085	 931	 1036	
930	 840	 91	
983	 962	 109	
1044	 929	 963	
1087	 1039	 947	
1090	 113	 1042	
1058	 961	 96	
1059	 1030	 114	
984	 877	 886	
867	 773	 152	
1120	 1089	 119	
1237	 1120	 119	
1334	 1289	 149	
1387	 1305	 148	
1402	 1376	 1315	
1410	 124	 1382	
1388	 1348	 1337	
1351	 1336	 125	
1367	 1332	 1265	
1371	 128	 1335	
1372	 129	 1338	
1384	 130	 1383	
1352	 1274	 1302	
1238	 1189	 131	
1060	 910	 1029	
985	 926	 981	
1191	 1095	 1118	
1302	 1252	 1287	
1264	 139	 1229	
1230	 140	 1228	
1214	 141	 1171	
1212	 1166	 1091	
1192	 1084	 108	
1286	 144	 1227	
1261	 145	 1225	
1258	 1221	 1138	
1305	 1226	 148	
1231	 1169	 1172	
1193	 1172	 1136	
986	 151	 982	
773	 730	 152	
767	 758	 153	
968	 952	 154	
1173	 1143	 155	
1353	 1303	 157	
1430	 1419	 157	
1512	 1492	 1446	
1541	 1456	 1492	
1497	 1496	 160	
1474	 1460	 161	
1485	 1459	 1412	
1487	 164	 1464	
1488	 165	 1465	
1438	 1398	 130	
1374	 1354	 1314	
1240	 1148	 1188	
1061	 979	 925	
746	 664	 60	
723	 675	 222	
748	 667	 188	
722	 222	 667	
888	 878	 189	
987	 889	 878	
942	 854	 221	
723	 60	 675	
988	 922	 171	
1195	 1108	 173	
1290	 1276	 173	
1437	 1418	 174	
1534	 1523	 175	
1586	 1585	 176	
1569	 1562	 177	
1570	 1557	 178	
1581	 1556	 1517	
1583	 181	 1561	
1571	 1550	 1529	
1504	 1454	 1472	
1397	 1301	 167	
1254	 1128	 168	
1062	 978	 924	
911	 581	 117	
664	 539	 60	
664	 579	 539	
576	 421	 420	
578	 60	 539	
1122	 1081	 190	
1428	 1416	 192	
1532	 1521	 193	
1617	 1602	 194	
1664	 1656	 1660	
1671	 1669	 196	
1668	 1662	 1659	
1643	 1615	 199	
1542	 1539	 200	
1476	 1435	 1420	
1355	 1300	 1312	
1241	 1149	 1186	
1063	 989	 940	
1064	 977	 941	
1242	 1186	 1133	
1389	 1313	 1349	
1502	 1444	 1475	
1543	 210	 1502	
1634	 1625	 212	
1641	 1625	 1595	
1635	 1626	 214	
1636	 1628	 215	
1611	 1601	 216	
1540	 1524	 217	
1427	 1415	 218	
1291	 1269	 219	
1111	 1094	 220	
620	 205	 530	
1065	 990	 936	
1066	 935	 990	
1243	 1150	 1199	
1151	 1122	 190	
1357	 1306	 1321	
1306	 1270	 226	
1533	 1522	 228	
1610	 1600	 229	
1663	 1657	 230	
1678	 1675	 197	
1672	 1661	 1649	
1637	 1614	 1590	
1572	 1538	 1509	
1477	 1434	 1396	
1358	 1299	 1277	
1198	 1115	 1145	
939	 851	 204	
724	 62	 646	
943	 241	 855	
1152	 242	 1067	
1322	 243	 1244	
1451	 244	 1390	
1573	 1515	 287	
1638	 1605	 1629	
1544	 245	 1515	
1067	 991	 943	
1244	 1199	 1152	
1390	 1359	 1322	
1500	 1462	 244	
1619	 1598	 246	
1658	 247	 1642	
1650	 248	 1640	
1665	 1648	 1661	
1639	 1613	 1589	
1574	 1537	 1508	
1478	 1433	 1395	
1360	 1298	 1251	
1200	 1114	 1080	
992	 890	 876	
836	 774	 725	
725	 686	 258	
891	 837	 751	
837	 775	 751	
1123	 294	 1068	
1068	 907	 1027	
1069	 970	 313	
1245	 1201	 1131	
1373	 1361	 1311	
1439	 1392	 297	
1439	 262	 1392	
1449	 298	 1445	
1501	 1449	 1463	
1575	 1573	 287	
1603	 1575	 1545	
1505	 1452	 1498	
1505	 287	 1479	
1391	 1362	 1323	
1361	 1323	 261	
1070	 969	 928	
1373	 1311	 296	
1246	 1154	 1175	
1202	 1131	 260	
1071	 927	 969	
1576	 286	 1546	
1484	 265	 1457	
1440	 1393	 302	
1526	 265	 1484	
1423	 299	 1368	
1486	 264	 1463	
1576	 1546	 1527	
1510	 266	 1482	
1519	 267	 1467	
1547	 268	 1503	
1577	 1525	 1536	
1480	 1422	 1432	
1363	 1278	 1297	
1203	 1124	 278	
1072	 975	 923	
994	 890	 255	
1204	 1097	 1114	
1364	 1297	 1279	
1481	 1432	 1394	
1578	 1536	 1507	
1620	 1593	 281	
1597	 283	 1568	
1594	 284	 1580	
1606	 285	 1582	
665	 528	 61	
1247	 1205	 296	
1205	 1125	 314	
1206	 1125	 1139	
1139	 1125	 1101	
1167	 360	 1098	
1073	 951	 333	
995	 332	 951	
1411	 300	 1366	
1417	 302	 1342	
1455	 303	 1406	
1447	 304	 1403	
1442	 306	 1400	
1380	 1347	 1324	
1248	 1155	 1185	
1074	 954	 975	
838	 311	 765	
1267	 1206	 1167	
1178	 1163	 357	
1365	 1309	 317	
1179	 317	 1109	
1271	 317	 1179	
1180	 1159	 319	
1263	 318	 1180	
1318	 321	 1232	
1316	 322	 1259	
1317	 323	 1236	
1308	 1282	 325	
1208	 1112	 1168	
997	 327	 966	
892	 330	 847	
909	 331	 828	
1075	 998	 358	
998	 957	 334	
776	 759	 368	
868	 759	 776	
736	 368	 647	
860	 736	 806	
1046	 934	 965	
893	 874	 337	
999	 893	 355	
946	 858	 338	
1076	 946	 1000	
1077	 1000	 944	
1078	 1001	 945	
1077	 944	 1001	
726	 372	 679	
726	 679	 373	
727	 373	 652	
950	 341	 862	
1079	 916	 1031	
949	 343	 861	
894	 869	 883	
1002	 883	 919	
1126	 1102	 348	
1170	 350	 1140	
1142	 351	 1048	
1141	 352	 1051	
965	 934	 336	
1127	 948	 1038	
1003	 882	 361	
777	 64	 708	
630	 525	 63	
666	 513	 363	
566	 515	 64	
864	 766	 366	
728	 371	 645	
729	 374	 653	
753	 375	 678	
752	 377	 677	
654	 632	 524	
709	 666	 363	
561	 494	 80	
503	 26	 426	
667	 540	 576	
381	 14	 432	
502	 501	 382	
541	 1	 501	
542	 541	 66	
543	 2	 500	
544	 385	 543	
896	 499	 68	
546	 4	 498	
668	 547	 546	
548	 5	 497	
549	 548	 71	
550	 6	 496	
669	 551	 550	
552	 7	 495	
553	 552	 74	
554	 8	 493	
670	 554	 75	
556	 9	 492	
557	 556	 77	
1008	 558	 491	
559	 11	 490	
560	 559	 79	
561	 12	 494	
671	 562	 561	
563	 13	 537	
563	 485	 405	
407	 29	 458	
514	 513	 408	
564	 16	 513	
565	 564	 329	
566	 17	 515	
672	 566	 64	
897	 512	 311	
569	 19	 510	
673	 570	 569	
571	 20	 506	
572	 571	 292	
573	 21	 505	
674	 574	 573	
575	 22	 509	
576	 575	 188	
577	 23	 540	
675	 577	 222	
579	 24	 539	
580	 579	 153	
1009	 581	 536	
582	 26	 503	
583	 582	 152	
584	 27	 487	
676	 585	 584	
586	 28	 486	
586	 502	 431	
433	 43	 484	
523	 522	 434	
587	 30	 522	
588	 587	 379	
589	 31	 489	
677	 589	 378	
591	 32	 488	
592	 33	 520	
678	 593	 592	
594	 34	 521	
595	 594	 374	
596	 35	 519	
679	 597	 596	
598	 36	 518	
599	 598	 371	
600	 37	 504	
680	 600	 370	
602	 38	 508	
603	 602	 368	
604	 39	 507	
605	 40	 511	
606	 605	 366	
607	 41	 517	
681	 608	 607	
609	 42	 516	
609	 514	 457	
459	 15	 406	
485	 460	 459	
610	 44	 538	
611	 610	 100	
612	 45	 535	
682	 612	 57	
898	 534	 135	
615	 47	 533	
616	 466	 615	
617	 48	 532	
618	 617	 187	
619	 49	 531	
683	 620	 619	
621	 50	 530	
622	 621	 240	
623	 51	 529	
684	 623	 257	
625	 52	 528	
626	 625	 275	
1011	 627	 527	
628	 54	 526	
629	 628	 328	
630	 55	 525	
655	 631	 630	
632	 56	 524	
632	 523	 483	
538	 485	 82	
485	 459	 406	
633	 486	 83	
486	 28	 430	
583	 428	 427	
676	 584	 58	
895	 377	 826	
488	 32	 438	
588	 436	 435	
685	 489	 588	
913	 871	 79	
913	 559	 490	
557	 399	 398	
688	 491	 557	
492	 9	 397	
555	 397	 396	
554	 493	 75	
493	 8	 395	
671	 561	 80	
494	 12	 402	
495	 7	 393	
551	 393	 392	
550	 496	 72	
496	 6	 391	
497	 5	 389	
641	 497	 70	
498	 4	 387	
545	 387	 3	
896	 68	 822	
499	 3	 386	
543	 500	 67	
542	 384	 383	
501	 1	 382	
502	 382	 381	
502	 65	 501	
502	 381	 432	
911	 867	 152	
911	 582	 503	
600	 504	 370	
504	 37	 447	
573	 505	 62	
505	 21	 417	
686	 506	 258	
686	 571	 506	
603	 451	 450	
690	 507	 603	
601	 449	 448	
647	 602	 508	
648	 509	 223	
509	 22	 419	
568	 413	 18	
1005	 673	 569	
908	 864	 366	
908	 605	 511	
897	 311	 838	
512	 18	 412	
666	 564	 513	
513	 16	 408	
514	 363	 513	
514	 407	 458	
565	 410	 409	
687	 515	 565	
608	 456	 455	
650	 516	 364	
606	 454	 453	
681	 607	 365	
597	 445	 444	
645	 518	 372	
596	 519	 373	
519	 35	 443	
1006	 678	 592	
520	 33	 439	
521	 34	 441	
653	 521	 375	
523	 434	 433	
635	 587	 522	
523	 380	 522	
523	 433	 484	
524	 56	 482	
631	 482	 481	
525	 55	 480	
629	 480	 479	
915	 875	 328	
915	 628	 526	
626	 477	 476	
692	 527	 626	
528	 52	 475	
624	 475	 474	
623	 529	 257	
529	 51	 473	
530	 50	 471	
620	 471	 470	
619	 531	 59	
531	 49	 469	
532	 48	 467	
660	 532	 170	
533	 47	 465	
614	 465	 46	
898	 135	 825	
534	 46	 464	
612	 535	 57	
611	 462	 461	
580	 425	 424	
689	 536	 580	
562	 404	 403	
663	 537	 81	
662	 610	 538	
538	 44	 460	
539	 24	 423	
578	 423	 422	
577	 540	 222	
540	 23	 421	
643	 542	 66	
541	 383	 1	
542	 500	 384	
542	 383	 541	
642	 544	 543	
543	 385	 2	
544	 68	 499	
544	 499	 386	
545	 498	 387	
545	 3	 499	
547	 70	 497	
546	 388	 4	
547	 497	 389	
547	 388	 546	
640	 549	 71	
548	 390	 5	
549	 496	 391	
549	 390	 548	
669	 550	 72	
550	 392	 6	
551	 495	 393	
551	 392	 550	
638	 553	 74	
552	 394	 7	
553	 493	 395	
553	 394	 552	
670	 555	 554	
554	 396	 8	
555	 492	 397	
555	 396	 554	
688	 557	 77	
556	 398	 9	
557	 491	 399	
557	 398	 556	
558	 490	 400	
558	 10	 491	
637	 560	 79	
559	 401	 11	
560	 494	 402	
560	 401	 559	
562	 81	 537	
561	 403	 12	
562	 537	 404	
562	 403	 561	
563	 82	 485	
563	 405	 13	
687	 565	 329	
564	 409	 16	
565	 515	 410	
565	 409	 564	
672	 567	 566	
566	 411	 17	
567	 512	 412	
567	 411	 566	
568	 510	 413	
568	 18	 512	
570	 258	 506	
569	 414	 19	
570	 506	 415	
570	 414	 569	
646	 572	 292	
571	 416	 20	
572	 505	 417	
572	 416	 571	
674	 573	 62	
573	 418	 21	
574	 509	 419	
574	 418	 573	
667	 576	 188	
575	 420	 22	
576	 540	 421	
576	 420	 575	
675	 578	 577	
577	 422	 23	
578	 539	 423	
578	 422	 577	
689	 580	 153	
579	 424	 24	
580	 536	 425	
580	 424	 579	
581	 503	 426	
581	 25	 536	
634	 583	 152	
582	 427	 26	
583	 487	 428	
583	 427	 582	
585	 83	 486	
584	 429	 27	
585	 486	 430	
585	 429	 584	
586	 65	 502	
586	 431	 28	
685	 588	 379	
587	 435	 30	
588	 489	 436	
588	 435	 587	
677	 590	 589	
589	 437	 31	
590	 488	 438	
590	 437	 589	
591	 439	 32	
895	 488	 377	
593	 375	 521	
592	 440	 33	
593	 521	 441	
593	 440	 592	
652	 595	 374	
594	 442	 34	
595	 519	 443	
595	 442	 594	
679	 596	 373	
596	 444	 35	
597	 518	 445	
597	 444	 596	
651	 599	 371	
598	 446	 36	
599	 504	 447	
599	 446	 598	
680	 601	 600	
600	 448	 37	
601	 508	 449	
601	 448	 600	
690	 603	 368	
602	 450	 38	
603	 507	 451	
603	 450	 602	
604	 452	 39	
1010	 604	 507	
649	 606	 366	
605	 453	 40	
606	 517	 454	
606	 453	 605	
608	 364	 516	
607	 455	 41	
608	 516	 456	
608	 455	 607	
609	 363	 514	
609	 457	 42	
661	 611	 100	
610	 461	 44	
611	 535	 462	
611	 461	 610	
682	 613	 612	
612	 463	 45	
613	 534	 464	
613	 463	 612	
614	 533	 465	
614	 46	 534	
691	 616	 615	
615	 466	 47	
616	 170	 532	
616	 532	 467	
659	 618	 187	
617	 468	 48	
618	 531	 469	
618	 468	 617	
683	 619	 59	
619	 470	 49	
620	 530	 471	
620	 470	 619	
657	 622	 240	
621	 472	 50	
622	 529	 473	
622	 472	 621	
684	 624	 623	
623	 474	 51	
624	 528	 475	
624	 474	 623	
692	 626	 275	
625	 476	 52	
626	 527	 477	
626	 476	 625	
627	 526	 478	
627	 53	 527	
656	 629	 328	
628	 479	 54	
629	 525	 480	
629	 479	 628	
631	 346	 524	
630	 481	 55	
631	 524	 482	
631	 481	 630	
632	 380	 523	
632	 483	 56	
701	 644	 65	
633	 65	 586	
730	 634	 152	
634	 58	 487	
713	 380	 654	
635	 379	 587	
731	 636	 76	
636	 77	 556	
732	 637	 79	
637	 80	 494	
733	 695	 638	
638	 75	 493	
778	 696	 73	
639	 74	 552	
779	 698	 71	
640	 72	 496	
699	 641	 70	
641	 71	 548	
734	 642	 67	
642	 68	 544	
735	 66	 711	
643	 67	 500	
701	 65	 633	
644	 66	 541	
780	 728	 372	
645	 371	 598	
774	 724	 292	
646	 62	 505	
736	 647	 369	
647	 368	 602	
781	 706	 223	
648	 188	 575	
737	 649	 366	
649	 365	 517	
807	 782	 738	
650	 363	 609	
739	 705	 651	
651	 370	 504	
783	 727	 374	
652	 373	 519	
729	 653	 375	
653	 374	 594	
740	 714	 345	
654	 380	 632	
741	 714	 655	
655	 346	 631	
742	 656	 328	
656	 63	 525	
743	 716	 657	
657	 257	 529	
784	 717	 205	
658	 240	 621	
769	 719	 187	
659	 59	 531	
770	 702	 170	
660	 187	 617	
744	 720	 661	
661	 57	 535	
745	 82	 663	
662	 100	 610	
813	 785	 745	
663	 82	 563	
786	 60	 723	
664	 153	 579	
787	 61	 715	
665	 275	 625	
738	 363	 650	
666	 329	 564	
748	 722	 667	
667	 222	 540	
1004	 749	 668	
668	 70	 547	
788	 697	 72	
669	 73	 551	
789	 75	 695	
670	 76	 555	
762	 693	 80	
671	 81	 562	
750	 672	 64	
672	 311	 567	
1005	 751	 673	
673	 258	 570	
790	 707	 62	
674	 223	 574	
791	 222	 722	
675	 60	 578	
772	 712	 58	
676	 83	 585	
752	 677	 378	
677	 377	 590	
1006	 753	 678	
678	 375	 593	
792	 726	 373	
679	 372	 597	
793	 370	 705	
680	 369	 601	
794	 710	 365	
681	 364	 608	
754	 682	 57	
682	 135	 613	
795	 718	 59	
683	 205	 620	
796	 257	 716	
684	 61	 624	
755	 721	 685	
685	 378	 489	
775	 725	 258	
686	 292	 571	
756	 708	 687	
687	 64	 515	
757	 688	 77	
1008	 688	 757	
758	 689	 153	
1009	 689	 758	
759	 690	 368	
1010	 690	 759	
1007	 760	 691	
691	 170	 616	
761	 692	 275	
1011	 692	 761	
863	 693	 762	
813	 99	 785	
839	 694	 789	
800	 731	 76	
803	 695	 733	
803	 789	 695	
840	 696	 778	
901	 733	 74	
841	 697	 788	
841	 778	 697	
842	 698	 779	
842	 788	 698	
763	 699	 70	
843	 779	 699	
805	 700	 735	
804	 734	 67	
797	 83	 712	
797	 711	 701	
832	 702	 770	
702	 187	 660	
785	 744	 703	
703	 662	 82	
844	 704	 793	
806	 736	 369	
808	 705	 739	
808	 793	 705	
845	 706	 781	
904	 748	 188	
846	 707	 790	
846	 781	 707	
819	 708	 756	
777	 750	 64	
738	 709	 363	
782	 756	 709	
847	 710	 794	
807	 330	 782	
735	 711	 84	
711	 66	 644	
848	 712	 772	
848	 797	 712	
849	 755	 379	
713	 379	 635	
798	 714	 741	
849	 740	 345	
850	 715	 796	
787	 747	 61	
811	 716	 743	
811	 796	 716	
851	 717	 784	
903	 743	 240	
852	 718	 795	
852	 784	 718	
899	 719	 769	
853	 795	 719	
812	 720	 744	
817	 754	 57	
818	 721	 755	
815	 752	 378	
814	 722	 748	
791	 723	 222	
854	 723	 791	
786	 746	 60	
900	 724	 774	
855	 790	 724	
836	 725	 775	
725	 292	 686	
856	 726	 792	
856	 780	 726	
857	 727	 783	
857	 792	 727	
858	 728	 780	
902	 739	 371	
799	 729	 375	
829	 783	 729	
835	 773	 151	
730	 58	 634	
800	 76	 694	
859	 731	 800	
732	 80	 637	
802	 732	 79	
901	 74	 696	
901	 803	 733	
734	 68	 642	
804	 67	 700	
805	 735	 84	
735	 700	 643	
806	 369	 704	
860	 776	 736	
828	 794	 737	
737	 365	 649	
738	 650	 364	
807	 364	 710	
902	 371	 728	
902	 808	 739	
740	 713	 654	
740	 346	 714	
809	 63	 742	
809	 798	 741	
742	 63	 656	
810	 742	 328	
903	 240	 717	
903	 811	 743	
744	 100	 703	
812	 744	 99	
745	 663	 81	
813	 81	 693	
830	 767	 746	
746	 153	 664	
831	 768	 747	
747	 275	 665	
904	 188	 706	
904	 814	 748	
749	 70	 668	
1004	 884	 749	
827	 312	 765	
750	 311	 672	
751	 258	 673	
1005	 891	 751	
815	 378	 721	
861	 752	 815	
1006	 881	 753	
862	 799	 753	
754	 135	 682	
817	 57	 720	
849	 379	 713	
849	 818	 755	
756	 329	 709	
819	 756	 330	
1008	 757	 960	
801	 757	 77	
865	 758	 767	
1009	 758	 953	
958	 759	 868	
1010	 759	 958	
760	 170	 691	
1007	 880	 760	
1011	 761	 955	
768	 761	 275	
762	 80	 732	
863	 762	 98	
763	 70	 749	
905	 843	 699	
906	 822	 86	
764	 68	 734	
907	 838	 312	
765	 311	 750	
908	 366	 605	
909	 828	 332	
865	 767	 154	
767	 153	 746	
866	 768	 274	
768	 275	 747	
769	 187	 702	
899	 853	 719	
770	 170	 760	
832	 770	 169	
910	 825	 136	
771	 135	 754	
772	 58	 730	
848	 772	 101	
911	 152	 582	
912	 835	 151	
774	 292	 725	
900	 855	 724	
775	 258	 751	
836	 775	 259	
868	 776	 334	
776	 368	 736	
819	 777	 708	
827	 777	 362	
778	 73	 697	
840	 778	 91	
779	 71	 699	
842	 779	 89	
780	 372	 726	
858	 780	 338	
781	 223	 707	
845	 781	 224	
782	 330	 756	
782	 709	 738	
783	 374	 729	
857	 783	 340	
784	 205	 718	
851	 784	 204	
785	 99	 744	
785	 703	 745	
854	 786	 723	
830	 786	 171	
850	 787	 715	
831	 787	 276	
788	 72	 698	
841	 788	 90	
839	 789	 93	
789	 694	 75	
790	 62	 724	
846	 790	 241	
814	 791	 722	
854	 791	 221	
792	 373	 727	
856	 792	 339	
844	 793	 336	
793	 704	 370	
794	 365	 737	
847	 794	 331	
795	 59	 719	
852	 795	 206	
850	 796	 256	
796	 715	 257	
797	 84	 711	
797	 701	 83	
869	 798	 347	
798	 345	 714	
799	 375	 753	
829	 799	 341	
839	 800	 694	
859	 800	 94	
870	 801	 95	
801	 77	 731	
913	 79	 559	
914	 820	 97	
872	 803	 92	
803	 93	 789	
805	 804	 700	
823	 804	 85	
873	 805	 84	
805	 85	 804	
844	 806	 704	
860	 806	 335	
807	 738	 364	
847	 807	 710	
874	 808	 337	
808	 336	 793	
809	 347	 798	
809	 741	 63	
915	 328	 628	
824	 810	 327	
876	 811	 239	
811	 256	 796	
877	 812	 99	
817	 812	 116	
813	 745	 81	
863	 813	 693	
878	 814	 189	
814	 221	 791	
818	 815	 721	
861	 816	 752	
916	 826	 343	
816	 377	 752	
817	 720	 812	
834	 817	 116	
894	 345	 869	
818	 344	 815	
879	 819	 330	
819	 362	 777	
820	 98	 762	
820	 732	 802	
917	 821	 87	
821	 88	 763	
1012	 906	 87	
1012	 896	 822	
918	 823	 85	
823	 764	 734	
919	 824	 327	
824	 347	 809	
1013	 910	 133	
1013	 898	 825	
1014	 916	 342	
1014	 895	 826	
920	 362	 882	
827	 765	 750	
828	 331	 794	
828	 737	 766	
921	 829	 341	
829	 340	 783	
922	 830	 171	
830	 154	 767	
923	 831	 276	
831	 274	 768	
924	 832	 169	
832	 186	 769	
925	 833	 133	
833	 169	 770	
926	 116	 887	
834	 771	 754	
835	 101	 772	
835	 730	 773	
927	 836	 259	
836	 291	 774	
928	 837	 294	
837	 259	 775	
1015	 907	 294	
1015	 897	 838	
929	 839	 93	
839	 94	 800	
1016	 930	 91	
901	 840	 92	
931	 841	 90	
841	 91	 778	
932	 842	 89	
842	 90	 788	
933	 843	 905	
843	 89	 779	
934	 844	 336	
844	 335	 806	
1017	 189	 935	
904	 845	 189	
936	 846	 241	
846	 224	 781	
892	 879	 330	
847	 330	 807	
937	 873	 84	
848	 84	 797	
849	 713	 740	
849	 345	 818	
938	 256	 890	
850	 276	 787	
1018	 239	 939	
903	 851	 239	
940	 852	 206	
852	 204	 784	
941	 853	 899	
853	 206	 795	
942	 221	 889	
854	 171	 786	
943	 855	 900	
855	 241	 790	
944	 856	 339	
856	 338	 780	
945	 857	 340	
857	 339	 792	
1019	 337	 946	
902	 858	 337	
947	 859	 94	
859	 95	 801	
948	 860	 335	
860	 334	 776	
861	 815	 344	
949	 861	 344	
950	 862	 881	
862	 341	 799	
886	 877	 99	
863	 99	 813	
1020	 958	 333	
1020	 367	 958	
952	 865	 154	
953	 865	 952	
954	 866	 274	
955	 866	 954	
1021	 953	 118	
1021	 956	 867	
957	 868	 334	
958	 868	 333	
1022	 894	 883	
869	 345	 798	
959	 870	 95	
960	 870	 959	
1023	 960	 96	
1023	 961	 871	
962	 872	 92	
983	 963	 872	
937	 84	 848	
964	 873	 937	
999	 965	 874	
874	 336	 808	
1024	 955	 309	
1024	 966	 875	
992	 885	 238	
876	 256	 811	
984	 887	 877	
877	 116	 812	
987	 888	 190	
878	 221	 814	
971	 882	 879	
879	 362	 819	
1013	 134	 898	
880	 133	 833	
1014	 881	 376	
950	 881	 342	
1003	 313	 970	
882	 362	 879	
919	 347	 824	
1022	 883	 348	
1012	 69	 896	
884	 87	 821	
939	 239	 851	
1080	 992	 238	
886	 863	 98	
984	 886	 98	
981	 926	 887	
887	 116	 877	
935	 189	 845	
1081	 987	 190	
973	 942	 889	
889	 221	 878	
994	 938	 890	
890	 256	 876	
1015	 293	 897	
891	 294	 837	
892	 847	 331	
971	 892	 331	
946	 337	 858	
1082	 999	 355	
894	 344	 818	
894	 818	 345	
895	 376	 520	
895	 591	 488	
896	 69	 498	
896	 545	 499	
897	 293	 510	
897	 568	 512	
898	 134	 533	
898	 614	 534	
899	 769	 186	
941	 899	 186	
900	 774	 291	
943	 900	 291	
901	 696	 840	
901	 92	 803	
902	 728	 858	
902	 337	 808	
903	 717	 851	
903	 239	 811	
904	 706	 845	
904	 189	 814	
905	 763	 88	
1025	 933	 905	
1032	 86	 918	
1012	 87	 884	
1027	 312	 970	
1015	 294	 891	
908	 511	 604	
1020	 908	 367	
1028	 332	 995	
1093	 1050	 361	
1029	 136	 985	
1013	 133	 880	
911	 503	 581	
1021	 911	 117	
1052	 986	 150	
912	 101	 835	
913	 490	 558	
1023	 913	 78	
1030	 97	 980	
1096	 1059	 115	
915	 526	 627	
1024	 915	 310	
1040	 343	 949	
1014	 342	 881	
1119	 87	 1053	
1083	 1025	 917	
964	 918	 85	
1032	 1026	 86	
1033	 327	 997	
1033	 1002	 919	
920	 312	 827	
920	 827	 362	
921	 340	 829	
1034	 921	 341	
1049	 155	 968	
922	 154	 830	
1072	 976	 277	
923	 274	 831	
1128	 979	 168	
924	 186	 832	
1117	 1061	 925	
925	 169	 833	
926	 136	 834	
926	 834	 116	
1071	 993	 927	
927	 291	 836	
1123	 1070	 928	
928	 259	 837	
963	 929	 93	
1044	 1035	 929	
1084	 1043	 930	
1043	 962	 92	
1036	 931	 90	
1085	 1016	 931	
1037	 932	 89	
1057	 1036	 932	
1056	 1037	 933	
933	 89	 843	
1046	 1038	 934	
934	 335	 844	
990	 935	 224	
1066	 1017	 935	
991	 936	 241	
1065	 936	 991	
937	 848	 101	
974	 937	 101	
994	 976	 938	
938	 276	 850	
989	 939	 204	
1054	 1018	 939	
1063	 940	 977	
940	 204	 852	
1064	 978	 185	
941	 206	 853	
988	 942	 973	
942	 171	 854	
1086	 291	 993	
1086	 1067	 943	
944	 338	 856	
1001	 944	 339	
945	 339	 857	
972	 945	 340	
1000	 946	 338	
1076	 1019	 946	
1035	 947	 94	
1087	 947	 1035	
1038	 948	 335	
1088	 998	 948	
1022	 949	 344	
1040	 1031	 343	
1041	 950	 342	
1048	 1034	 950	
1073	 995	 951	
951	 332	 864	
1047	 119	 967	
953	 952	 118	
1021	 118	 956	
1009	 953	 117	
1074	 996	 954	
955	 954	 309	
1024	 309	 966	
1011	 955	 310	
1089	 982	 956	
956	 151	 867	
1129	 1075	 359	
957	 333	 868	
1020	 333	 951	
1010	 958	 367	
1039	 959	 95	
1090	 1042	 959	
1023	 96	 961	
1008	 960	 78	
1130	 1042	 113	
961	 97	 871	
1043	 92	 930	
1091	 983	 109	
1044	 963	 110	
963	 93	 872	
1045	 964	 102	
964	 85	 873	
1046	 965	 356	
965	 336	 874	
1092	 997	 966	
966	 327	 875	
1120	 982	 1089	
967	 118	 952	
1047	 968	 155	
968	 154	 922	
969	 259	 928	
1131	 1071	 260	
1069	 1027	 970	
970	 312	 920	
1093	 331	 909	
971	 361	 882	
1078	 972	 352	
972	 340	 921	
1094	 973	 220	
988	 973	 172	
974	 102	 964	
974	 101	 912	
975	 274	 923	
1074	 308	 996	
976	 276	 938	
1132	 1072	 277	
977	 206	 941	
1063	 977	 207	
978	 186	 924	
1133	 1064	 185	
979	 169	 925	
1128	 1062	 979	
1209	 1130	 113	
1135	 1030	 980	
1095	 981	 115	
985	 981	 137	
1120	 986	 982	
1089	 956	 118	
983	 110	 963	
983	 872	 962	
1096	 98	 914	
984	 115	 887	
1055	 1029	 985	
985	 136	 926	
1136	 1106	 102	
986	 912	 151	
987	 220	 889	
987	 878	 888	
988	 171	 942	
1049	 988	 172	
1054	 989	 203	
989	 204	 940	
1066	 990	 225	
990	 224	 936	
991	 241	 943	
1065	 991	 242	
992	 255	 890	
992	 876	 885	
1086	 290	 1067	
993	 291	 927	
1097	 994	 255	
994	 277	 976	
1211	 995	 1073	
1098	 1028	 995	
1099	 997	 1092	
996	 309	 954	
1099	 1033	 997	
1092	 966	 309	
998	 334	 948	
1137	 1075	 358	
999	 356	 965	
999	 874	 893	
1076	 1000	 354	
1000	 338	 944	
1077	 1001	 353	
1001	 339	 945	
1100	 1002	 326	
1002	 348	 883	
1003	 920	 882	
1101	 1003	 361	
1004	 546	 498	
1004	 69	 884	
1005	 569	 510	
1005	 293	 891	
1006	 592	 520	
1006	 376	 881	
1007	 615	 533	
1007	 134	 880	
1008	 78	 558	
1008	 491	 688	
1009	 117	 581	
1009	 536	 689	
1010	 367	 604	
1010	 507	 690	
1011	 310	 627	
1011	 527	 692	
1012	 884	 69	
1012	 822	 906	
1013	 880	 134	
1013	 825	 910	
1014	 376	 895	
1014	 826	 916	
1015	 891	 293	
1015	 838	 907	
1084	 1016	 108	
1016	 91	 931	
1017	 190	 888	
1017	 888	 189	
1018	 238	 885	
1018	 885	 239	
1019	 355	 893	
1019	 893	 337	
1020	 951	 864	
1020	 864	 908	
1021	 867	 911	
1021	 117	 953	
1022	 344	 894	
1102	 1040	 949	
1023	 871	 913	
1023	 78	 960	
1024	 875	 915	
1024	 310	 955	
1025	 88	 917	
1138	 1056	 105	
1103	 1026	 1032	
1210	 1026	 1103	
1217	 1027	 1069	
1027	 907	 312	
1139	 1101	 361	
1028	 909	 332	
1216	 1029	 1055	
1029	 910	 136	
1118	 1095	 115	
1030	 914	 97	
1104	 1031	 1040	
1140	 1041	 1079	
1045	 1032	 918	
1103	 1032	 103	
1033	 326	 1002	
1033	 919	 327	
1034	 341	 950	
1141	 1051	 351	
1087	 1035	 111	
1035	 94	 929	
1036	 90	 932	
1085	 1036	 107	
1037	 89	 933	
1057	 1037	 106	
1127	 1088	 948	
1038	 335	 934	
1090	 1039	 112	
1039	 95	 947	
1102	 949	 1022	
1104	 1040	 349	
1079	 1041	 342	
1142	 1048	 350	
1130	 1058	 1042	
1042	 96	 959	
1084	 930	 1016	
1043	 109	 962	
1105	 1044	 110	
1044	 111	 1035	
1045	 918	 964	
1106	 1045	 102	
1107	 1046	 356	
1046	 357	 1038	
1047	 952	 968	
1143	 1047	 155	
1048	 351	 1034	
1048	 950	 1041	
1144	 1049	 172	
1049	 968	 922	
1093	 361	 971	
1050	 909	 1028	
1051	 352	 972	
1051	 972	 921	
1052	 102	 974	
1052	 974	 912	
1210	 1119	 1053	
1053	 87	 906	
1145	 1054	 203	
1054	 238	 1018	
1146	 1055	 137	
1216	 1060	 1029	
1056	 106	 1037	
1056	 933	 1025	
1147	 1057	 106	
1057	 107	 1036	
1058	 980	 961	
1058	 96	 1042	
1096	 115	 984	
1059	 914	 1030	
1117	 132	 1061	
1060	 133	 910	
1148	 1061	 132	
1061	 168	 979	
1062	 185	 978	
1062	 924	 979	
1149	 1063	 207	
1063	 203	 989	
1064	 207	 977	
1064	 941	 978	
1150	 1065	 242	
1065	 225	 990	
1151	 1066	 225	
1066	 190	 1017	
1152	 1067	 290	
1067	 242	 991	
1123	 295	 1070	
1068	 294	 907	
1153	 1069	 313	
1217	 1069	 1153	
1154	 1070	 295	
1070	 260	 969	
1071	 969	 260	
1071	 290	 993	
1072	 273	 975	
1072	 923	 976	
1129	 957	 1075	
1211	 1098	 995	
1074	 975	 273	
1155	 1074	 273	
1211	 1129	 359	
1075	 957	 998	
1156	 1076	 354	
1076	 355	 1019	
1157	 1077	 353	
1077	 354	 1000	
1158	 1078	 352	
1078	 353	 1001	
1079	 342	 916	
1140	 1031	 1104	
1200	 1115	 237	
1080	 255	 992	
1183	 1122	 191	
1081	 220	 987	
1082	 356	 999	
1159	 1082	 355	
1160	 1083	 1119	
1083	 105	 1025	
1192	 1116	 1084	
1084	 109	 1043	
1161	 1085	 107	
1085	 108	 1016	
1086	 943	 291	
1086	 993	 290	
1162	 1087	 111	
1087	 112	 1039	
1163	 1088	 1127	
1088	 358	 998	
1089	 118	 967	
1089	 967	 119	
1090	 959	 1039	
1164	 1090	 112	
1165	 109	 1116	
1212	 1091	 1165	
1092	 309	 996	
1113	 996	 308	
1093	 971	 331	
1093	 909	 1050	
1174	 173	 1108	
1094	 172	 973	
1191	 1121	 1095	
1095	 137	 981	
1096	 984	 98	
1096	 914	 1059	
1204	 1124	 1097	
1097	 277	 994	
1211	 1167	 1098	
1098	 360	 1028	
1168	 1099	 1113	
1099	 326	 1033	
1213	 1112	 325	
1100	 348	 1002	
1101	 313	 1003	
1139	 361	 1050	
1102	 1022	 348	
1126	 348	 1100	
1169	 1103	 103	
1210	 1103	 1169	
1170	 1104	 349	
1170	 1140	 1104	
1166	 1105	 110	
1214	 1171	 1105	
1136	 102	 1052	
1172	 1106	 1136	
1107	 357	 1046	
1110	 1107	 356	
1195	 156	 1173	
1108	 172	 1094	
1309	 1178	 1109	
1109	 357	 1107	
1179	 1110	 318	
1110	 356	 1082	
1174	 1111	 219	
1111	 220	 1081	
1168	 326	 1099	
1213	 1170	 349	
1113	 1092	 996	
1250	 308	 1207	
1114	 255	 1080	
1204	 278	 1124	
1145	 238	 1054	
1251	 1200	 237	
1275	 1116	 1192	
1215	 1165	 1116	
1117	 925	 133	
1216	 1117	 1060	
1118	 1059	 114	
1252	 114	 1209	
1160	 1119	 104	
1119	 917	 87	
1310	 1190	 120	
1120	 150	 986	
1189	 1146	 1121	
1121	 137	 1095	
1151	 190	 1066	
1253	 1183	 191	
1123	 928	 294	
1217	 1123	 1068	
1203	 1132	 1124	
1124	 277	 1097	
1205	 1153	 1125	
1125	 313	 1101	
1126	 1100	 1112	
1126	 349	 1102	
1127	 1038	 357	
1163	 1127	 357	
1254	 168	 1194	
1134	 1062	 1128	
1129	 1073	 333	
1129	 333	 957	
1209	 1135	 1130	
1130	 980	 1058	
1245	 289	 1201	
1131	 290	 1071	
1255	 1132	 1203	
1132	 273	 1072	
1242	 1187	 184	
1133	 207	 1064	
1256	 1187	 1134	
1134	 185	 1062	
1135	 114	 1030	
1135	 980	 1130	
1136	 1052	 150	
1193	 150	 1184	
1218	 1137	 358	
1257	 1137	 1218	
1220	 1138	 105	
1258	 1138	 1220	
1139	 1050	 360	
1206	 360	 1167	
1140	 350	 1041	
1140	 1079	 1031	
1222	 1141	 351	
1259	 1141	 1222	
1224	 1142	 350	
1236	 1222	 1142	
1235	 120	 1190	
1143	 119	 1047	
1144	 155	 1049	
1144	 172	 1108	
1196	 1145	 203	
1260	 1145	 1196	
1216	 1146	 132	
1146	 137	 1121	
1221	 1147	 106	
1261	 1225	 1147	
1240	 1194	 1148	
1148	 168	 1061	
1241	 1196	 1149	
1149	 203	 1063	
1199	 1150	 242	
1243	 1197	 1150	
1197	 1151	 225	
1262	 1151	 1197	
1201	 1152	 290	
1244	 243	 1199	
1217	 1153	 295	
1153	 313	 1125	
1246	 1202	 1154	
1154	 260	 1070	
1248	 1207	 1155	
1155	 308	 1074	
1156	 355	 1076	
1182	 1156	 354	
1157	 354	 1077	
1177	 1157	 353	
1158	 353	 1078	
1223	 1158	 352	
1159	 355	 1156	
1263	 1180	 319	
1226	 1160	 104	
1239	 1220	 1160	
1225	 1161	 107	
1227	 1192	 108	
1171	 1162	 111	
1230	 1228	 1162	
1249	 1218	 1163	
1163	 358	 1088	
1228	 1164	 112	
1264	 1229	 1164	
1265	 1212	 143	
1165	 1091	 109	
1214	 1166	 142	
1166	 110	 1091	
1266	 359	 1219	
1267	 1167	 1266	
1250	 1208	 1168	
1168	 1112	 326	
1172	 1169	 103	
1268	 1231	 148	
1213	 349	 1126	
1285	 1282	 324	
1230	 1171	 141	
1171	 111	 1105	
1231	 1172	 149	
1172	 103	 1106	
1235	 1173	 156	
1173	 155	 1144	
1174	 1094	 1111	
1269	 1174	 219	
1247	 295	 1153	
1311	 1246	 296	
1270	 1176	 1262	
1176	 191	 1122	
1233	 1177	 321	
1177	 353	 1158	
1309	 1109	 317	
1309	 1249	 1178	
1179	 1107	 1110	
1271	 1179	 318	
1180	 318	 1110	
1180	 1110	 1082	
1272	 1181	 1234	
1181	 319	 1159	
1234	 1182	 320	
1182	 354	 1157	
1183	 219	 1111	
1183	 1111	 1081	
1310	 1184	 1237	
1273	 1193	 1184	
1185	 273	 1132	
1248	 307	 1207	
1186	 207	 1133	
1312	 1241	 208	
1187	 185	 1134	
1313	 1242	 184	
1238	 132	 1146	
1314	 1240	 131	
1274	 1189	 138	
1238	 131	 1188	
1310	 1273	 1184	
1190	 119	 1143	
1191	 1118	 114	
1191	 138	 1121	
1227	 108	 1161	
1275	 1192	 1227	
1193	 149	 1172	
1193	 1136	 150	
1301	 1194	 167	
1194	 168	 1148	
1195	 1144	 1108	
1276	 1195	 173	
1260	 1198	 1145	
1196	 203	 1149	
1262	 1197	 226	
1197	 225	 1150	
1277	 1198	 1260	
1198	 237	 1115	
1243	 1199	 243	
1199	 242	 1152	
1200	 254	 1114	
1200	 1080	 1115	
1244	 1201	 289	
1201	 290	 1131	
1245	 1202	 261	
1202	 260	 1154	
1278	 1203	 278	
1278	 1255	 1203	
1204	 1114	 254	
1279	 1204	 254	
1280	 1205	 314	
1247	 296	 1175	
1206	 314	 1125	
1206	 1139	 360	
1250	 307	 1208	
1207	 308	 1155	
1281	 1208	 307	
1208	 325	 1112	
1229	 1209	 113	
1287	 1209	 1229	
1210	 104	 1119	
1210	 1053	 1026	
1211	 1073	 1129	
1211	 359	 1167	
1212	 1165	 143	
1212	 142	 1166	
1213	 1126	 1112	
1282	 1213	 325	
1214	 1105	 1166	
1283	 1214	 142	
1284	 1215	 1275	
1215	 143	 1165	
1216	 1055	 1146	
1216	 132	 1117	
1217	 295	 1123	
1217	 1068	 1027	
1218	 358	 1163	
1257	 315	 1219	
1266	 1219	 315	
1219	 359	 1137	
1220	 105	 1160	
1315	 1258	 147	
1261	 1221	 146	
1221	 106	 1138	
1222	 351	 1142	
1316	 1259	 323	
1232	 1223	 322	
1223	 352	 1141	
1285	 350	 1170	
1317	 1236	 324	
1286	 1225	 145	
1225	 107	 1147	
1268	 104	 1169	
1305	 1239	 1226	
1286	 1227	 1161	
1275	 1227	 144	
1264	 1228	 140	
1228	 112	 1162	
1287	 1252	 1209	
1229	 113	 1164	
1230	 1162	 1171	
1288	 1230	 141	
1289	 1231	 149	
1268	 148	 1226	
1232	 1158	 1223	
1318	 1232	 322	
1319	 1233	 321	
1233	 320	 1182	
1272	 1234	 320	
1234	 1181	 1156	
1235	 1143	 1173	
1320	 1235	 156	
1236	 323	 1222	
1236	 1142	 1224	
1237	 1184	 1120	
1237	 119	 1190	
1238	 1188	 132	
1238	 1146	 1189	
1239	 147	 1220	
1239	 1160	 1226	
1240	 1188	 131	
1240	 167	 1194	
1241	 1186	 208	
1241	 202	 1196	
1242	 208	 1186	
1242	 1133	 1187	
1321	 1243	 243	
1243	 226	 1197	
1244	 1152	 1201	
1322	 1244	 289	
1245	 1131	 1202	
1323	 1245	 261	
1246	 1175	 296	
1246	 261	 1202	
1247	 1175	 295	
1247	 1153	 1205	
1248	 1185	 272	
1324	 1248	 272	
1249	 316	 1218	
1249	 1163	 1178	
1250	 1168	 1113	
1250	 1207	 307	
1360	 1299	 236	
1251	 254	 1200	
1252	 138	 1191	
1252	 1191	 114	
1253	 219	 1183	
1293	 1253	 191	
1301	 1256	 1254	
1254	 1134	 1128	
1255	 272	 1185	
1255	 1185	 1132	
1256	 184	 1187	
1256	 1134	 1254	
1257	 1218	 316	
1326	 1257	 316	
1258	 1220	 147	
1258	 146	 1221	
1259	 1222	 323	
1259	 322	 1223	
1260	 1196	 202	
1277	 1260	 202	
1261	 1147	 1221	
1327	 1261	 146	
1270	 1262	 226	
1262	 1176	 1151	
1328	 1263	 319	
1366	 1263	 1328	
1264	 1164	 1228	
1330	 1264	 140	
1331	 1265	 143	
1367	 1265	 1331	
1267	 1266	 315	
1266	 1167	 359	
1292	 1280	 314	
1267	 314	 1206	
1268	 1226	 104	
1268	 1169	 1231	
1340	 174	 1290	
1269	 173	 1174	
1343	 1306	 227	
1270	 191	 1176	
1329	 1271	 318	
1368	 1333	 1271	
1344	 1328	 1272	
1272	 319	 1181	
1334	 1273	 1310	
1273	 149	 1193	
1352	 1304	 1274	
1274	 131	 1189	
1284	 1275	 144	
1275	 1215	 1116	
1350	 157	 1303	
1276	 156	 1195	
1358	 1300	 201	
1277	 237	 1198	
1363	 1307	 1278	
1278	 272	 1255	
1364	 1298	 253	
1279	 278	 1204	
1369	 1292	 315	
1280	 296	 1205	
1370	 1296	 306	
1281	 325	 1208	
1308	 325	 1281	
1285	 324	 1224	
1332	 1283	 142	
1371	 1335	 1283	
1336	 1284	 144	
1351	 1331	 1284	
1285	 1224	 350	
1285	 1170	 1282	
1286	 1161	 1225	
1337	 1286	 145	
1287	 1229	 139	
1302	 1287	 139	
1335	 1288	 141	
1372	 1338	 1288	
1334	 149	 1273	
1339	 1289	 1334	
1350	 1290	 174	
1290	 173	 1269	
1340	 1291	 218	
1291	 219	 1253	
1292	 1267	 315	
1369	 1294	 1280	
1341	 1293	 192	
1293	 191	 1270	
1392	 1361	 1373	
1294	 296	 1280	
1319	 320	 1233	
1393	 1344	 302	
1380	 1324	 272	
1370	 1308	 1296	
1297	 278	 1279	
1363	 271	 1307	
1298	 254	 1251	
1394	 1364	 253	
1299	 237	 1277	
1395	 1360	 236	
1312	 202	 1241	
1396	 1358	 201	
1397	 167	 1354	
1325	 1256	 1301	
1352	 130	 1304	
1302	 1274	 138	
1353	 121	 1345	
1303	 156	 1276	
1398	 1354	 1374	
1304	 131	 1274	
1387	 1346	 1305	
1305	 147	 1239	
1321	 226	 1243	
1399	 1343	 227	
1400	 1347	 1380	
1307	 272	 1278	
1308	 1281	 1296	
1308	 324	 1282	
1365	 317	 1333	
1309	 316	 1249	
1310	 1237	 1190	
1334	 1310	 120	
1311	 261	 1246	
1373	 296	 1294	
1356	 1312	 208	
1401	 1312	 1356	
1389	 1356	 1313	
1313	 208	 1242	
1314	 167	 1240	
1374	 131	 1304	
1375	 147	 1346	
1402	 1315	 1375	
1377	 1316	 323	
1403	 1316	 1377	
1404	 324	 1370	
1405	 1317	 1404	
1378	 1318	 322	
1406	 1379	 1318	
1379	 1319	 321	
1407	 1319	 1379	
1320	 120	 1235	
1320	 156	 1303	
1359	 1321	 243	
1408	 1321	 1359	
1362	 1322	 289	
1390	 244	 1359	
1391	 288	 1362	
1323	 289	 1245	
1324	 307	 1248	
1380	 272	 1307	
1409	 1325	 1397	
1325	 184	 1256	
1381	 1326	 316	
1386	 1369	 1326	
1376	 1327	 146	
1410	 1382	 1327	
1328	 319	 1272	
1411	 1366	 301	
1368	 1329	 300	
1329	 318	 1263	
1338	 1330	 140	
1383	 1352	 139	
1331	 143	 1284	
1412	 1367	 126	
1371	 1332	 127	
1332	 142	 1265	
1385	 1365	 1333	
1333	 317	 1271	
1345	 1334	 120	
1413	 1334	 1345	
1372	 1335	 128	
1335	 141	 1283	
1337	 144	 1286	
1414	 1351	 125	
1382	 1337	 145	
1388	 125	 1348	
1384	 1338	 129	
1338	 140	 1288	
1443	 121	 1431	
1339	 148	 1289	
1340	 1269	 1291	
1415	 1340	 218	
1341	 1253	 1293	
1416	 1341	 192	
1417	 1342	 1407	
1342	 302	 1295	
1343	 192	 1293	
1343	 1293	 1270	
1344	 301	 1328	
1344	 1272	 1295	
1413	 1345	 121	
1345	 120	 1320	
1443	 1431	 122	
1443	 1375	 1346	
1347	 306	 1296	
1347	 1296	 307	
1348	 125	 1336	
1348	 1336	 144	
1349	 184	 1325	
1444	 1389	 183	
1350	 1276	 1290	
1418	 1350	 174	
1351	 126	 1331	
1351	 1284	 1336	
1352	 1302	 139	
1383	 139	 1330	
1353	 1320	 1303	
1419	 1353	 157	
1397	 1354	 166	
1354	 167	 1314	
1420	 1355	 1401	
1355	 201	 1300	
1401	 1356	 209	
1356	 208	 1313	
1421	 1357	 1408	
1357	 227	 1306	
1358	 236	 1299	
1358	 1277	 1300	
1408	 1359	 244	
1359	 243	 1322	
1360	 253	 1298	
1360	 1251	 1299	
1391	 1361	 262	
1361	 261	 1311	
1390	 1362	 288	
1362	 289	 1323	
1363	 1297	 279	
1422	 1363	 279	
1364	 279	 1297	
1364	 1279	 1298	
1445	 1381	 1365	
1365	 316	 1309	
1366	 1328	 301	
1366	 300	 1329	
1367	 1331	 126	
1367	 127	 1332	
1368	 1271	 1329	
1423	 1368	 300	
1369	 315	 1326	
1369	 297	 1294	
1404	 1370	 306	
1370	 324	 1308	
1371	 1283	 1332	
1424	 1371	 127	
1372	 1288	 1335	
1425	 1372	 128	
1373	 1294	 297	
1392	 1373	 297	
1374	 1304	 130	
1398	 1374	 130	
1446	 1402	 122	
1375	 1315	 147	
1410	 1376	 123	
1376	 146	 1315	
1377	 323	 1317	
1447	 1403	 305	
1406	 1378	 304	
1378	 322	 1316	
1407	 1379	 303	
1379	 321	 1318	
1380	 1307	 271	
1400	 1380	 271	
1381	 316	 1365	
1448	 1386	 298	
1388	 1382	 124	
1382	 145	 1327	
1384	 1383	 1330	
1383	 130	 1352	
1384	 1330	 1338	
1426	 1384	 129	
1449	 1385	 299	
1449	 1445	 1385	
1386	 297	 1369	
1386	 1326	 1381	
1387	 148	 1339	
1443	 1339	 121	
1388	 1337	 1382	
1450	 1388	 124	
1389	 1349	 183	
1389	 209	 1356	
1390	 1322	 1362	
1451	 1390	 288	
1391	 1323	 1361	
1452	 1391	 262	
1448	 1439	 297	
1392	 262	 1361	
1482	 1393	 1440	
1393	 301	 1344	
1481	 1433	 252	
1394	 279	 1364	
1478	 1434	 235	
1395	 253	 1360	
1477	 1435	 200	
1396	 236	 1358	
1454	 1409	 166	
1397	 1325	 1301	
1438	 130	 1426	
1398	 166	 1354	
1399	 192	 1343	
1429	 1399	 227	
1490	 1442	 1400	
1400	 306	 1347	
1420	 1401	 209	
1401	 1355	 1312	
1402	 1375	 122	
1402	 123	 1376	
1403	 1377	 305	
1403	 304	 1378	
1483	 306	 1442	
1404	 1317	 324	
1405	 305	 1377	
1405	 1377	 1317	
1406	 1318	 1378	
1455	 1406	 304	
1417	 1407	 303	
1407	 1342	 1319	
1421	 1408	 244	
1408	 1357	 1321	
1409	 183	 1349	
1409	 1349	 1325	
1410	 1327	 1376	
1456	 1410	 123	
1453	 1411	 301	
1484	 1457	 1411	
1458	 1412	 126	
1485	 1412	 1458	
1413	 121	 1339	
1413	 1339	 1334	
1460	 1414	 125	
1474	 1458	 1414	
1473	 175	 1437	
1415	 174	 1340	
1466	 217	 1427	
1416	 218	 1341	
1461	 1417	 303	
1467	 1440	 1417	
1470	 158	 1430	
1418	 157	 1350	
1471	 122	 1431	
1419	 121	 1353	
1506	 1436	 210	
1420	 201	 1355	
1462	 1421	 244	
1469	 1462	 245	
1480	 1441	 1422	
1422	 271	 1363	
1457	 1423	 300	
1486	 1463	 1423	
1459	 1424	 127	
1487	 1464	 1424	
1464	 1425	 128	
1488	 1465	 1425	
1426	 130	 1384	
1465	 1426	 129	
1473	 1427	 217	
1427	 218	 1416	
1466	 1428	 193	
1428	 192	 1399	
1468	 1429	 228	
1429	 227	 1421	
1471	 1430	 158	
1430	 157	 1418	
1443	 122	 1375	
1431	 121	 1419	
1432	 279	 1394	
1480	 270	 1441	
1433	 253	 1395	
1507	 1481	 252	
1434	 236	 1396	
1508	 1478	 235	
1435	 201	 1420	
1509	 1477	 200	
1489	 209	 1444	
1506	 1476	 1436	
1470	 1437	 175	
1437	 174	 1415	
1549	 1472	 1438	
1438	 166	 1398	
1495	 1439	 1448	
1498	 1452	 262	
1440	 302	 1417	
1510	 1482	 267	
1511	 1442	 1490	
1441	 271	 1422	
1511	 1483	 1442	
1490	 1400	 271	
1443	 1346	 1387	
1443	 1387	 1339	
1444	 209	 1389	
1475	 1444	 183	
1445	 298	 1381	
1445	 1365	 1385	
1491	 122	 1471	
1512	 1446	 1491	
1493	 1447	 305	
1513	 1447	 1493	
1448	 297	 1386	
1495	 1448	 298	
1463	 1449	 299	
1514	 1501	 263	
1496	 1450	 124	
1497	 1460	 1450	
1479	 1451	 288	
1515	 1500	 1451	
1452	 288	 1391	
1498	 262	 1439	
1484	 1453	 266	
1453	 301	 1393	
1504	 1475	 1454	
1454	 183	 1409	
1494	 1455	 304	
1499	 1461	 303	
1492	 1456	 123	
1516	 1496	 1456	
1486	 1457	 265	
1457	 300	 1411	
1458	 126	 1414	
1517	 1485	 162	
1487	 1459	 163	
1459	 127	 1412	
1460	 125	 1450	
1518	 1474	 161	
1499	 303	 1455	
1519	 1467	 268	
1500	 244	 1451	
1520	 1469	 245	
1501	 1463	 264	
1463	 299	 1423	
1488	 1464	 164	
1464	 128	 1424	
1549	 1465	 165	
1465	 129	 1425	
1466	 1416	 1428	
1521	 1466	 193	
1467	 267	 1440	
1467	 1417	 1461	
1468	 1399	 1429	
1522	 1468	 228	
1469	 228	 1429	
1469	 1429	 1421	
1470	 1418	 1437	
1523	 1470	 175	
1471	 1419	 1430	
1491	 1471	 158	
1472	 166	 1438	
1550	 165	 1529	
1473	 1415	 1427	
1524	 1473	 217	
1474	 162	 1458	
1474	 1414	 1460	
1502	 1475	 182	
1475	 183	 1454	
1476	 200	 1435	
1476	 1420	 1436	
1477	 235	 1434	
1477	 1396	 1435	
1478	 252	 1433	
1478	 1395	 1434	
1515	 1479	 287	
1479	 288	 1452	
1480	 1432	 280	
1525	 1480	 280	
1481	 280	 1432	
1481	 1394	 1433	
1482	 1440	 267	
1482	 266	 1453	
1483	 305	 1405	
1483	 1405	 306	
1484	 1411	 1453	
1526	 1484	 266	
1485	 1458	 162	
1485	 163	 1459	
1486	 1423	 1457	
1527	 1486	 265	
1487	 1424	 1459	
1528	 1487	 163	
1488	 1425	 1464	
1529	 1488	 164	
1489	 210	 1436	
1489	 1436	 209	
1490	 271	 1441	
1511	 1441	 270	
1535	 158	 1523	
1491	 1446	 122	
1541	 1516	 1456	
1492	 123	 1446	
1511	 305	 1483	
1548	 270	 1525	
1503	 1494	 269	
1494	 304	 1447	
1514	 298	 1449	
1498	 1495	 263	
1496	 124	 1456	
1530	 1497	 160	
1497	 161	 1460	
1497	 1450	 1496	
1498	 1439	 1495	
1505	 1498	 263	
1503	 1455	 1494	
1499	 268	 1461	
1515	 1451	 1479	
1500	 245	 1462	
1531	 1501	 264	
1514	 263	 1495	
1587	 182	 1571	
1502	 210	 1489	
1579	 269	 1577	
1503	 268	 1499	
1504	 1472	 165	
1504	 182	 1475	
1545	 263	 1531	
1505	 1479	 1452	
1551	 1542	 1506	
1506	 200	 1476	
1578	 1537	 251	
1507	 280	 1481	
1574	 1538	 234	
1508	 252	 1478	
1572	 1539	 199	
1509	 235	 1477	
1552	 1510	 267	
1580	 1510	 1552	
1511	 1490	 1441	
1511	 270	 1493	
1512	 1491	 158	
1512	 159	 1492	
1513	 1493	 270	
1513	 269	 1494	
1514	 1495	 298	
1514	 1449	 1501	
1573	 1544	 1515	
1515	 245	 1500	
1554	 1516	 1541	
1516	 160	 1496	
1555	 1517	 162	
1581	 1517	 1555	
1557	 1518	 161	
1570	 1555	 1518	
1558	 1519	 268	
1568	 1552	 1519	
1559	 245	 1544	
1564	 1559	 246	
1567	 216	 1540	
1521	 217	 1466	
1563	 194	 1532	
1522	 193	 1468	
1566	 159	 1535	
1523	 158	 1470	
1565	 176	 1534	
1524	 175	 1473	
1577	 1548	 1525	
1525	 270	 1480	
1553	 1526	 266	
1582	 1560	 1526	
1527	 264	 1486	
1560	 1527	 265	
1556	 1528	 163	
1583	 1561	 1528	
1561	 1529	 164	
1571	 1529	 1561	
1562	 1530	 160	
1569	 1557	 1530	
1531	 263	 1501	
1546	 1531	 264	
1567	 1532	 194	
1532	 193	 1522	
1563	 1533	 229	
1533	 228	 1520	
1566	 1534	 176	
1534	 175	 1524	
1535	 159	 1512	
1535	 1512	 158	
1536	 280	 1507	
1577	 269	 1548	
1537	 252	 1508	
1588	 1578	 251	
1538	 235	 1509	
1589	 1574	 234	
1542	 200	 1506	
1590	 1572	 199	
1565	 1540	 216	
1540	 217	 1521	
1541	 1492	 159	
1554	 1541	 159	
1551	 1506	 210	
1584	 1542	 1551	
1621	 1587	 181	
1591	 1551	 1543	
1604	 1544	 1573	
1592	 1559	 1544	
1545	 287	 1505	
1545	 1505	 263	
1603	 286	 1575	
1546	 264	 1527	
1593	 1547	 1579	
1593	 1558	 1547	
1548	 269	 1513	
1548	 1513	 270	
1549	 165	 1472	
1549	 1438	 1426	
1550	 182	 1504	
1550	 1504	 165	
1551	 210	 1543	
1591	 1584	 1551	
1552	 267	 1519	
1594	 1580	 283	
1582	 1553	 284	
1553	 266	 1510	
1585	 159	 1566	
1586	 1562	 1554	
1555	 162	 1518	
1595	 1581	 179	
1583	 1556	 180	
1556	 163	 1517	
1557	 161	 1530	
1596	 1570	 178	
1558	 268	 1547	
1597	 1568	 282	
1598	 1564	 246	
1559	 1520	 245	
1576	 1560	 285	
1560	 265	 1526	
1571	 1561	 181	
1561	 164	 1528	
1562	 160	 1554	
1599	 1569	 177	
1563	 1522	 1533	
1600	 1563	 229	
1564	 229	 1533	
1564	 1533	 1520	
1565	 1524	 1540	
1601	 1565	 216	
1566	 1523	 1534	
1585	 1566	 176	
1567	 1521	 1532	
1602	 1567	 194	
1568	 283	 1552	
1568	 1519	 1558	
1569	 178	 1557	
1569	 1530	 1562	
1570	 179	 1555	
1570	 1518	 1557	
1587	 1571	 181	
1571	 182	 1550	
1572	 234	 1538	
1572	 1509	 1539	
1575	 287	 1545	
1604	 1592	 1544	
1574	 251	 1537	
1574	 1508	 1538	
1603	 1545	 1531	
1604	 1575	 286	
1576	 1527	 1560	
1605	 1576	 285	
1577	 1536	 281	
1579	 1577	 281	
1578	 281	 1536	
1578	 1507	 1537	
1593	 1579	 281	
1579	 1547	 269	
1580	 1552	 283	
1580	 284	 1553	
1581	 1555	 179	
1581	 180	 1556	
1582	 1526	 1553	
1606	 1582	 284	
1583	 1528	 1556	
1607	 1583	 180	
1608	 1584	 211	
1584	 199	 1542	
1609	 176	 1601	
1585	 1554	 159	
1586	 177	 1562	
1586	 1554	 1585	
1621	 1591	 1543	
1587	 1543	 1502	
1647	 250	 1627	
1588	 281	 1578	
1639	 1614	 233	
1589	 251	 1574	
1637	 1615	 198	
1590	 234	 1572	
1621	 1543	 1587	
1591	 211	 1584	
1618	 1604	 286	
1592	 246	 1559	
1620	 281	 1588	
1593	 282	 1558	
1622	 1594	 283	
1640	 1594	 1622	
1624	 1595	 179	
1641	 1595	 1624	
1626	 1596	 178	
1635	 1624	 1596	
1627	 1597	 282	
1632	 1622	 1597	
1630	 230	 1610	
1598	 229	 1564	
1628	 177	 1609	
1636	 1626	 1599	
1633	 195	 1617	
1600	 194	 1563	
1628	 1609	 1612	
1601	 176	 1565	
1631	 215	 1611	
1602	 216	 1567	
1603	 1531	 1546	
1603	 1546	 286	
1604	 1573	 1575	
1618	 286	 1605	
1605	 286	 1576	
1629	 1605	 285	
1646	 284	 1623	
1642	 1629	 1606	
1625	 1607	 180	
1645	 1607	 1634	
1644	 1643	 1608	
1608	 199	 1584	
1609	 177	 1586	
1609	 1586	 176	
1633	 1610	 230	
1610	 229	 1598	
1612	 1611	 215	
1611	 216	 1602	
1612	 1601	 1611	
1628	 1612	 215	
1613	 251	 1589	
1647	 1627	 1620	
1614	 234	 1590	
1648	 1639	 233	
1643	 199	 1608	
1649	 1637	 198	
1644	 1616	 212	
1645	 211	 1621	
1631	 1617	 195	
1617	 194	 1600	
1618	 246	 1592	
1618	 1592	 1604	
1619	 246	 1618	
1630	 1619	 247	
1620	 282	 1593	
1647	 1588	 1613	
1621	 181	 1607	
1621	 211	 1591	
1622	 283	 1597	
1650	 1640	 249	
1646	 1642	 1606	
1623	 284	 1594	
1624	 179	 1596	
1651	 1641	 213	
1634	 212	 1616	
1625	 180	 1595	
1626	 178	 1599	
1652	 1635	 214	
1627	 282	 1620	
1653	 250	 1648	
1654	 1636	 215	
1628	 1599	 177	
1629	 285	 1606	
1638	 247	 1619	
1655	 1630	 247	
1630	 1610	 1598	
1631	 1602	 1617	
1656	 1654	 215	
1632	 249	 1622	
1632	 1597	 1627	
1633	 1600	 1610	
1657	 1633	 230	
1645	 1634	 1616	
1634	 1607	 1625	
1635	 213	 1624	
1635	 1596	 1626	
1636	 214	 1626	
1636	 1599	 1628	
1637	 233	 1614	
1637	 1590	 1615	
1638	 1619	 1618	
1638	 1618	 1605	
1639	 250	 1613	
1639	 1589	 1614	
1640	 1622	 249	
1640	 248	 1623	
1641	 1624	 213	
1641	 212	 1625	
1658	 1655	 247	
1642	 247	 1629	
1644	 1608	 1616	
1643	 198	 1615	
1659	 212	 1651	
1644	 198	 1643	
1645	 1616	 211	
1645	 1621	 1607	
1646	 1623	 248	
1658	 1646	 248	
1647	 1620	 1588	
1647	 1613	 250	
1665	 249	 1653	
1648	 250	 1639	
1675	 1662	 197	
1649	 233	 1637	
1666	 249	 1665	
1673	 1650	 1666	
1668	 1651	 213	
1668	 1659	 1651	
1669	 1652	 214	
1671	 1668	 1652	
1653	 249	 1632	
1653	 1632	 250	
1656	 215	 1631	
1669	 1654	 1664	
1674	 1667	 231	
1655	 230	 1630	
1656	 1631	 195	
1660	 1656	 195	
1676	 1660	 1670	
1657	 195	 1633	
1658	 1642	 1646	
1674	 248	 1667	
1659	 198	 1644	
1659	 1644	 212	
1664	 1660	 196	
1660	 195	 1657	
1661	 233	 1649	
1665	 1661	 232	
1662	 198	 1659	
1675	 1672	 1662	
1670	 1663	 231	
1663	 230	 1655	
1669	 1664	 196	
1664	 1654	 1656	
1666	 1665	 232	
1665	 1653	 1648	
1677	 1673	 232	
1666	 1650	 249	
1674	 231	 1663	
1667	 248	 1650	
1668	 213	 1652	
1668	 197	 1662	
1669	 214	 1654	
1678	 1671	 196	
1670	 1657	 1663	
1676	 1670	 231	
1671	 197	 1668	
1671	 1652	 1669	
1672	 232	 1661	
1672	 1649	 1662	
1673	 1666	 232	
1673	 231	 1667	
1674	 1663	 1655	
1674	 1658	 248	
1680	 1678	 1679	
1680	 1672	 1675	
1679	 231	 1677	
1676	 196	 1660	
1677	 231	 1673	
1680	 232	 1672	
1678	 197	 1671	
1679	 196	 1676	
1679	 1676	 231	
1680	 1679	 1677	
1680	 1677	 232	
1680	 1675	 1678	
