0.435		0.685	   
0.4415	0.685	   
0.448		0.685	   
0.4545	0.685	   
0.461		0.685	   
0.4675	0.685	   
0.474		0.685	   
0.4805	0.685	   
0.487		0.685	   
0.4935	0.685	   
0.5		0.685	   
0.5065	0.685	   
0.513		0.685	   
0.5195	0.685	   
0.526		0.685	   
0.5325	0.685	   
0.539		0.685	   
0.5455	0.685	   
0.552		0.685	   
0.5585	0.685	   
0.565		0.685	   
0.435		0.6915	   
0.4415	0.6915	   
0.448		0.6915	   
0.4545	0.6915	   
0.461		0.6915	   
0.4675	0.6915	   
0.474		0.6915	   
0.4805	0.6915	   
0.487		0.6915	   
0.4935	0.6915	   
0.5		0.6915	   
0.5065	0.6915	   
0.513		0.6915	   
0.5195	0.6915	   
0.526		0.6915	   
0.5325	0.6915	   
0.539		0.6915	   
0.5455	0.6915	   
0.552		0.6915	   
0.5585	0.6915	   
0.565		0.6915	   
0.435		0.698	   
0.4415	0.698	   
0.448		0.698	   
0.4545	0.698	   
0.461		0.698	   
0.4675	0.698	   
0.474		0.698	   
0.4805	0.698	   
0.487		0.698	   
0.4935	0.698	   
0.5		0.698	   
0.5065	0.698	   
0.513		0.698	   
0.5195	0.698	   
0.526		0.698	   
0.5325	0.698	   
0.539		0.698	   
0.5455	0.698	   
0.552		0.698	   
0.5585	0.698	   
0.565		0.698	   
0.435		0.7045	   
0.4415	0.7045	   
0.448		0.7045	   
0.4545	0.7045	   
0.461		0.7045	   
0.4675	0.7045	   
0.474		0.7045	   
0.4805	0.7045	   
0.487		0.7045	   
0.4935	0.7045	   
0.5		0.7045	   
0.5065	0.7045	   
0.513		0.7045	   
0.5195	0.7045	   
0.526		0.7045	   
0.5325	0.7045	   
0.539		0.7045	   
0.5455	0.7045	   
0.552		0.7045	   
0.5585	0.7045	   
0.565		0.7045	   
0.435		0.711	   
0.4415	0.711	   
0.448		0.711	   
0.4545	0.711	   
0.461		0.711	   
0.4675	0.711	   
0.474		0.711	   
0.4805	0.711	   
0.487		0.711	   
0.4935	0.711	   
0.5		0.711	   
0.5065	0.711	   
0.513		0.711	   
0.5195	0.711	   
0.526		0.711	   
0.5325	0.711	   
0.539		0.711	   
0.5455	0.711	   
0.552		0.711	   
0.5585	0.711	   
0.565		0.711	   
0.435		0.7175	   
0.4415	0.7175	   
0.448		0.7175	   
0.4545	0.7175	   
0.461		0.7175	   
0.4675	0.7175	   
0.474		0.7175	   
0.4805	0.7175	   
0.487		0.7175	   
0.4935	0.7175	   
0.5		0.7175	   
0.5065	0.7175	   
0.513		0.7175	   
0.5195	0.7175	   
0.526		0.7175	   
0.5325	0.7175	   
0.539		0.7175	   
0.5455	0.7175	   
0.552		0.7175	   
0.5585	0.7175	   
0.565		0.7175	   
0.435		0.724	   
0.4415	0.724	   
0.448		0.724	   
0.4545	0.724	   
0.461		0.724	   
0.4675	0.724	   
0.474		0.724	   
0.4805	0.724	   
0.487		0.724	   
0.4935	0.724	   
0.5		0.724	   
0.5065	0.724	   
0.513		0.724	   
0.5195	0.724	   
0.526		0.724	   
0.5325	0.724	   
0.539		0.724	   
0.5455	0.724	   
0.552		0.724	   
0.5585	0.724	   
0.565		0.724	   
0.435		0.7305	   
0.4415	0.7305	   
0.448		0.7305	   
0.4545	0.7305	   
0.461		0.7305	   
0.4675	0.7305	   
0.474		0.7305	   
0.4805	0.7305	   
0.487		0.7305	   
0.4935	0.7305	   
0.5		0.7305	   
0.5065	0.7305	   
0.513		0.7305	   
0.5195	0.7305	   
0.526		0.7305	   
0.5325	0.7305	   
0.539		0.7305	   
0.5455	0.7305	   
0.552		0.7305	   
0.5585	0.7305	   
0.565		0.7305	   
0.435		0.737	   
0.4415	0.737	   
0.448		0.737	   
0.4545	0.737	   
0.461		0.737	   
0.4675	0.737	   
0.474		0.737	   
0.4805	0.737	   
0.487		0.737	   
0.4935	0.737	   
0.5		0.737	   
0.5065	0.737	   
0.513		0.737	   
0.5195	0.737	   
0.526		0.737	   
0.5325	0.737	   
0.539		0.737	   
0.5455	0.737	   
0.552		0.737	   
0.5585	0.737	   
0.565		0.737	   
0.435		0.7435	   
0.4415	0.7435	   
0.448		0.7435	   
0.4545	0.7435	   
0.461		0.7435	   
0.4675	0.7435	   
0.474		0.7435	   
0.4805	0.7435	   
0.487		0.7435	   
0.4935	0.7435	   
0.5		0.7435	   
0.5065	0.7435	   
0.513		0.7435	   
0.5195	0.7435	   
0.526		0.7435	   
0.5325	0.7435	   
0.539		0.7435	   
0.5455	0.7435	   
0.552		0.7435	   
0.5585	0.7435	   
0.565		0.7435	   
0.435		0.75	   
0.4415	0.75	   
0.448		0.75	   
0.4545	0.75	   
0.461		0.75	   
0.4675	0.75	   
0.474		0.75	   
0.4805	0.75	   
0.487		0.75	   
0.4935	0.75	   
0.5		0.75	   
0.5065	0.75	   
0.513		0.75	   
0.5195	0.75	   
0.526		0.75	   
0.5325	0.75	   
0.539		0.75	   
0.5455	0.75	   
0.552		0.75	   
0.5585	0.75	   
0.565		0.75	   
0.435		0.7565	   
0.4415	0.7565	   
0.448		0.7565	   
0.4545	0.7565	   
0.461		0.7565	   
0.4675	0.7565	   
0.474		0.7565	   
0.4805	0.7565	   
0.487		0.7565	   
0.4935	0.7565	   
0.5		0.7565	   
0.5065	0.7565	   
0.513		0.7565	   
0.5195	0.7565	   
0.526		0.7565	   
0.5325	0.7565	   
0.539		0.7565	   
0.5455	0.7565	   
0.552		0.7565	   
0.5585	0.7565	   
0.565		0.7565	   
0.435		0.763	   
0.4415	0.763	   
0.448		0.763	   
0.4545	0.763	   
0.461		0.763	   
0.4675	0.763	   
0.474		0.763	   
0.4805	0.763	   
0.487		0.763	   
0.4935	0.763	   
0.5		0.763	   
0.5065	0.763	   
0.513		0.763	   
0.5195	0.763	   
0.526		0.763	   
0.5325	0.763	   
0.539		0.763	   
0.5455	0.763	   
0.552		0.763	   
0.5585	0.763	   
0.565		0.763	   
0.435		0.7695	   
0.4415	0.7695	   
0.448		0.7695	   
0.4545	0.7695	   
0.461		0.7695	   
0.4675	0.7695	   
0.474		0.7695	   
0.4805	0.7695	   
0.487		0.7695	   
0.4935	0.7695	   
0.5		0.7695	   
0.5065	0.7695	   
0.513		0.7695	   
0.5195	0.7695	   
0.526		0.7695	   
0.5325	0.7695	   
0.539		0.7695	   
0.5455	0.7695	   
0.552		0.7695	   
0.5585	0.7695	   
0.565		0.7695	   
0.435		0.776	   
0.4415	0.776	   
0.448		0.776	   
0.4545	0.776	   
0.461		0.776	   
0.4675	0.776	   
0.474		0.776	   
0.4805	0.776	   
0.487		0.776	   
0.4935	0.776	   
0.5		0.776	   
0.5065	0.776	   
0.513		0.776	   
0.5195	0.776	   
0.526		0.776	   
0.5325	0.776	   
0.539		0.776	   
0.5455	0.776	   
0.552		0.776	   
0.5585	0.776	   
0.565		0.776	   
0.435		0.7825	   
0.4415	0.7825	   
0.448		0.7825	   
0.4545	0.7825	   
0.461		0.7825	   
0.4675	0.7825	   
0.474		0.7825	   
0.4805	0.7825	   
0.487		0.7825	   
0.4935	0.7825	   
0.5		0.7825	   
0.5065	0.7825	   
0.513		0.7825	   
0.5195	0.7825	   
0.526		0.7825	   
0.5325	0.7825	   
0.539		0.7825	   
0.5455	0.7825	   
0.552		0.7825	   
0.5585	0.7825	   
0.565		0.7825	   
0.435		0.789	   
0.4415	0.789	   
0.448		0.789	   
0.4545	0.789	   
0.461		0.789	   
0.4675	0.789	   
0.474		0.789	   
0.4805	0.789	   
0.487		0.789	   
0.4935	0.789	   
0.5		0.789	   
0.5065	0.789	   
0.513		0.789	   
0.5195	0.789	   
0.526		0.789	   
0.5325	0.789	   
0.539		0.789	   
0.5455	0.789	   
0.552		0.789	   
0.5585	0.789	   
0.565		0.789	   
0.435		0.7955	   
0.4415	0.7955	   
0.448		0.7955	   
0.4545	0.7955	   
0.461		0.7955	   
0.4675	0.7955	   
0.474		0.7955	   
0.4805	0.7955	   
0.487		0.7955	   
0.4935	0.7955	   
0.5		0.7955	   
0.5065	0.7955	   
0.513		0.7955	   
0.5195	0.7955	   
0.526		0.7955	   
0.5325	0.7955	   
0.539		0.7955	   
0.5455	0.7955	   
0.552		0.7955	   
0.5585	0.7955	   
0.565		0.7955	   
0.435		0.802	   
0.4415	0.802	   
0.448		0.802	   
0.4545	0.802	   
0.461		0.802	   
0.4675	0.802	   
0.474		0.802	   
0.4805	0.802	   
0.487		0.802	   
0.4935	0.802	   
0.5		0.802	   
0.5065	0.802	   
0.513		0.802	   
0.5195	0.802	   
0.526		0.802	   
0.5325	0.802	   
0.539		0.802	   
0.5455	0.802	   
0.552		0.802	   
0.5585	0.802	   
0.565		0.802	   
0.435		0.8085	   
0.4415	0.8085	   
0.448		0.8085	   
0.4545	0.8085	   
0.461		0.8085	   
0.4675	0.8085	   
0.474		0.8085	   
0.4805	0.8085	   
0.487		0.8085	   
0.4935	0.8085	   
0.5		0.8085	   
0.5065	0.8085	   
0.513		0.8085	   
0.5195	0.8085	   
0.526		0.8085	   
0.5325	0.8085	   
0.539		0.8085	   
0.5455	0.8085	   
0.552		0.8085	   
0.5585	0.8085	   
0.565		0.8085	   
0.435		0.815	   
0.4415	0.815	   
0.448		0.815	   
0.4545	0.815	   
0.461		0.815	   
0.4675	0.815	   
0.474		0.815	   
0.4805	0.815	   
0.487		0.815	   
0.4935	0.815	   
0.5		0.815	   
0.5065	0.815	   
0.513		0.815	   
0.5195	0.815	   
0.526		0.815	   
0.5325	0.815	   
0.539		0.815	   
0.5455	0.815	   
0.552		0.815	   
0.5585	0.815	   
0.565		0.815	 
 