1	 1	 9	 537	 146	 0
2	 9	 10	 538	 537	 0
3	 10	 11	 539	 538	 0
4	 11	 12	 540	 539	 0
5	 12	 13	 541	 540	 0
6	 13	 14	 542	 541	 0
7	 14	 2	 15	 542	 0
8	 146	 537	 543	 145	 0
9	 537	 538	 544	 543	 0
10	 538	 539	 545	 544	 0
11	 539	 540	 546	 545	 0
12	 540	 541	 547	 546	 0
13	 541	 542	 548	 547	 0
14	 542	 15	 16	 548	 0
15	 145	 543	 549	 144	 0
16	 543	 544	 550	 549	 0
17	 544	 545	 551	 550	 0
18	 545	 546	 552	 551	 0
19	 546	 547	 553	 552	 0
20	 547	 548	 554	 553	 0
21	 548	 16	 17	 554	 0
22	 144	 549	 555	 143	 0
23	 549	 550	 556	 555	 0
24	 550	 551	 557	 556	 0
25	 551	 552	 558	 557	 0
26	 552	 553	 559	 558	 0
27	 553	 554	 560	 559	 0
28	 554	 17	 18	 560	 0
29	 143	 555	 561	 142	 0
30	 555	 556	 562	 561	 0
31	 556	 557	 563	 562	 0
32	 557	 558	 564	 563	 0
33	 558	 559	 565	 564	 0
34	 559	 560	 566	 565	 0
35	 560	 18	 19	 566	 0
36	 142	 561	 567	 141	 0
37	 561	 562	 568	 567	 0
38	 562	 563	 569	 568	 0
39	 563	 564	 570	 569	 0
40	 564	 565	 571	 570	 0
41	 565	 566	 572	 571	 0
42	 566	 19	 20	 572	 0
43	 141	 567	 573	 140	 0
44	 567	 568	 574	 573	 0
45	 568	 569	 575	 574	 0
46	 569	 570	 576	 575	 0
47	 570	 571	 577	 576	 0
48	 571	 572	 578	 577	 0
49	 572	 20	 21	 578	 0
50	 140	 573	 579	 139	 0
51	 573	 574	 580	 579	 0
52	 574	 575	 581	 580	 0
53	 575	 576	 582	 581	 0
54	 576	 577	 583	 582	 0
55	 577	 578	 584	 583	 0
56	 578	 21	 22	 584	 0
57	 139	 579	 585	 138	 0
58	 579	 580	 586	 585	 0
59	 580	 581	 587	 586	 0
60	 581	 582	 588	 587	 0
61	 582	 583	 589	 588	 0
62	 583	 584	 590	 589	 0
63	 584	 22	 23	 590	 0
64	 138	 585	 591	 137	 0
65	 585	 586	 592	 591	 0
66	 586	 587	 593	 592	 0
67	 587	 588	 594	 593	 0
68	 588	 589	 595	 594	 0
69	 589	 590	 596	 595	 0
70	 590	 23	 24	 596	 0
71	 137	 591	 597	 136	 0
72	 591	 592	 598	 597	 0
73	 592	 593	 599	 598	 0
74	 593	 594	 600	 599	 0
75	 594	 595	 601	 600	 0
76	 595	 596	 602	 601	 0
77	 596	 24	 25	 602	 0
78	 136	 597	 603	 135	 0
79	 597	 598	 604	 603	 0
80	 598	 599	 605	 604	 0
81	 599	 600	 606	 605	 0
82	 600	 601	 607	 606	 0
83	 601	 602	 608	 607	 0
84	 602	 25	 26	 608	 0
85	 135	 603	 609	 134	 0
86	 603	 604	 610	 609	 0
87	 604	 605	 611	 610	 0
88	 605	 606	 612	 611	 0
89	 606	 607	 613	 612	 0
90	 607	 608	 614	 613	 0
91	 608	 26	 27	 614	 0
92	 134	 609	 615	 133	 0
93	 609	 610	 616	 615	 0
94	 610	 611	 617	 616	 0
95	 611	 612	 618	 617	 0
96	 612	 613	 619	 618	 0
97	 613	 614	 620	 619	 0
98	 614	 27	 28	 620	 0
99	 133	 615	 621	 132	 0
100	 615	 616	 622	 621	 0
101	 616	 617	 623	 622	 0
102	 617	 618	 624	 623	 0
103	 618	 619	 625	 624	 0
104	 619	 620	 626	 625	 0
105	 620	 28	 29	 626	 0
106	 132	 621	 627	 131	 0
107	 621	 622	 628	 627	 0
108	 622	 623	 629	 628	 0
109	 623	 624	 630	 629	 0
110	 624	 625	 631	 630	 0
111	 625	 626	 632	 631	 0
112	 626	 29	 30	 632	 0
113	 131	 627	 633	 130	 0
114	 627	 628	 634	 633	 0
115	 628	 629	 635	 634	 0
116	 629	 630	 636	 635	 0
117	 630	 631	 637	 636	 0
118	 631	 632	 638	 637	 0
119	 632	 30	 31	 638	 0
120	 130	 633	 639	 129	 0
121	 633	 634	 640	 639	 0
122	 634	 635	 641	 640	 0
123	 635	 636	 642	 641	 0
124	 636	 637	 643	 642	 0
125	 637	 638	 644	 643	 0
126	 638	 31	 32	 644	 0
127	 129	 639	 645	 128	 0
128	 639	 640	 646	 645	 0
129	 640	 641	 647	 646	 0
130	 641	 642	 648	 647	 0
131	 642	 643	 649	 648	 0
132	 643	 644	 650	 649	 0
133	 644	 32	 33	 650	 0
134	 128	 645	 651	 127	 0
135	 645	 646	 652	 651	 0
136	 646	 647	 653	 652	 0
137	 647	 648	 654	 653	 0
138	 648	 649	 655	 654	 0
139	 649	 650	 656	 655	 0
140	 650	 33	 34	 656	 0
141	 127	 651	 657	 126	 0
142	 651	 652	 658	 657	 0
143	 652	 653	 659	 658	 0
144	 653	 654	 660	 659	 0
145	 654	 655	 661	 660	 0
146	 655	 656	 662	 661	 0
147	 656	 34	 35	 662	 0
148	 126	 657	 663	 125	 0
149	 657	 658	 664	 663	 0
150	 658	 659	 665	 664	 0
151	 659	 660	 666	 665	 0
152	 660	 661	 667	 666	 0
153	 661	 662	 668	 667	 0
154	 662	 35	 36	 668	 0
155	 125	 663	 669	 124	 0
156	 663	 664	 670	 669	 0
157	 664	 665	 671	 670	 0
158	 665	 666	 672	 671	 0
159	 666	 667	 673	 672	 0
160	 667	 668	 674	 673	 0
161	 668	 36	 37	 674	 0
162	 124	 669	 675	 123	 0
163	 669	 670	 676	 675	 0
164	 670	 671	 677	 676	 0
165	 671	 672	 678	 677	 0
166	 672	 673	 679	 678	 0
167	 673	 674	 680	 679	 0
168	 674	 37	 38	 680	 0
169	 123	 675	 681	 122	 0
170	 675	 676	 682	 681	 0
171	 676	 677	 683	 682	 0
172	 677	 678	 684	 683	 0
173	 678	 679	 685	 684	 0
174	 679	 680	 686	 685	 0
175	 680	 38	 39	 686	 0
176	 122	 681	 687	 121	 0
177	 681	 682	 688	 687	 0
178	 682	 683	 689	 688	 0
179	 683	 684	 690	 689	 0
180	 684	 685	 691	 690	 0
181	 685	 686	 692	 691	 0
182	 686	 39	 40	 692	 0
183	 121	 687	 693	 120	 0
184	 687	 688	 694	 693	 0
185	 688	 689	 695	 694	 0
186	 689	 690	 696	 695	 0
187	 690	 691	 697	 696	 0
188	 691	 692	 698	 697	 0
189	 692	 40	 41	 698	 0
190	 120	 693	 699	 119	 0
191	 693	 694	 700	 699	 0
192	 694	 695	 701	 700	 0
193	 695	 696	 702	 701	 0
194	 696	 697	 703	 702	 0
195	 697	 698	 704	 703	 0
196	 698	 41	 42	 704	 0
197	 119	 699	 705	 118	 0
198	 699	 700	 706	 705	 0
199	 700	 701	 707	 706	 0
200	 701	 702	 708	 707	 0
201	 702	 703	 709	 708	 0
202	 703	 704	 710	 709	 0
203	 704	 42	 43	 710	 0
204	 118	 705	 711	 117	 0
205	 705	 706	 712	 711	 0
206	 706	 707	 713	 712	 0
207	 707	 708	 714	 713	 0
208	 708	 709	 715	 714	 0
209	 709	 710	 716	 715	 0
210	 710	 43	 44	 716	 0
211	 117	 711	 717	 116	 0
212	 711	 712	 718	 717	 0
213	 712	 713	 719	 718	 0
214	 713	 714	 720	 719	 0
215	 714	 715	 721	 720	 0
216	 715	 716	 722	 721	 0
217	 716	 44	 45	 722	 0
218	 116	 717	 723	 115	 0
219	 717	 718	 724	 723	 0
220	 718	 719	 725	 724	 0
221	 719	 720	 726	 725	 0
222	 720	 721	 727	 726	 0
223	 721	 722	 728	 727	 0
224	 722	 45	 46	 728	 0
225	 115	 723	 729	 114	 0
226	 723	 724	 730	 729	 0
227	 724	 725	 731	 730	 0
228	 725	 726	 732	 731	 0
229	 726	 727	 733	 732	 0
230	 727	 728	 734	 733	 0
231	 728	 46	 47	 734	 0
232	 114	 729	 735	 113	 0
233	 729	 730	 736	 735	 0
234	 730	 731	 737	 736	 0
235	 731	 732	 738	 737	 0
236	 732	 733	 739	 738	 0
237	 733	 734	 740	 739	 0
238	 734	 47	 48	 740	 0
239	 113	 735	 741	 112	 0
240	 735	 736	 742	 741	 0
241	 736	 737	 743	 742	 0
242	 737	 738	 744	 743	 0
243	 738	 739	 745	 744	 0
244	 739	 740	 746	 745	 0
245	 740	 48	 49	 746	 0
246	 112	 741	 747	 111	 0
247	 741	 742	 748	 747	 0
248	 742	 743	 749	 748	 0
249	 743	 744	 750	 749	 0
250	 744	 745	 751	 750	 0
251	 745	 746	 752	 751	 0
252	 746	 49	 50	 752	 0
253	 111	 747	 753	 110	 0
254	 747	 748	 754	 753	 0
255	 748	 749	 755	 754	 0
256	 749	 750	 756	 755	 0
257	 750	 751	 757	 756	 0
258	 751	 752	 758	 757	 0
259	 752	 50	 51	 758	 0
260	 110	 753	 759	 109	 0
261	 753	 754	 760	 759	 0
262	 754	 755	 761	 760	 0
263	 755	 756	 762	 761	 0
264	 756	 757	 763	 762	 0
265	 757	 758	 764	 763	 0
266	 758	 51	 52	 764	 0
267	 109	 759	 765	 108	 0
268	 759	 760	 766	 765	 0
269	 760	 761	 767	 766	 0
270	 761	 762	 768	 767	 0
271	 762	 763	 769	 768	 0
272	 763	 764	 770	 769	 0
273	 764	 52	 53	 770	 0
274	 108	 765	 771	 107	 0
275	 765	 766	 772	 771	 0
276	 766	 767	 773	 772	 0
277	 767	 768	 774	 773	 0
278	 768	 769	 775	 774	 0
279	 769	 770	 776	 775	 0
280	 770	 53	 54	 776	 0
281	 107	 771	 777	 106	 0
282	 771	 772	 778	 777	 0
283	 772	 773	 779	 778	 0
284	 773	 774	 780	 779	 0
285	 774	 775	 781	 780	 0
286	 775	 776	 782	 781	 0
287	 776	 54	 55	 782	 0
288	 106	 777	 783	 105	 0
289	 777	 778	 784	 783	 0
290	 778	 779	 785	 784	 0
291	 779	 780	 786	 785	 0
292	 780	 781	 787	 786	 0
293	 781	 782	 788	 787	 0
294	 782	 55	 56	 788	 0
295	 105	 783	 789	 104	 0
296	 783	 784	 790	 789	 0
297	 784	 785	 791	 790	 0
298	 785	 786	 792	 791	 0
299	 786	 787	 793	 792	 0
300	 787	 788	 794	 793	 0
301	 788	 56	 57	 794	 0
302	 104	 789	 795	 103	 0
303	 789	 790	 796	 795	 0
304	 790	 791	 797	 796	 0
305	 791	 792	 798	 797	 0
306	 792	 793	 799	 798	 0
307	 793	 794	 800	 799	 0
308	 794	 57	 58	 800	 0
309	 103	 795	 801	 102	 0
310	 795	 796	 802	 801	 0
311	 796	 797	 803	 802	 0
312	 797	 798	 804	 803	 0
313	 798	 799	 805	 804	 0
314	 799	 800	 806	 805	 0
315	 800	 58	 59	 806	 0
316	 102	 801	 807	 101	 0
317	 801	 802	 808	 807	 0
318	 802	 803	 809	 808	 0
319	 803	 804	 810	 809	 0
320	 804	 805	 811	 810	 0
321	 805	 806	 812	 811	 0
322	 806	 59	 60	 812	 0
323	 101	 807	 813	 100	 0
324	 807	 808	 814	 813	 0
325	 808	 809	 815	 814	 0
326	 809	 810	 816	 815	 0
327	 810	 811	 817	 816	 0
328	 811	 812	 818	 817	 0
329	 812	 60	 61	 818	 0
330	 100	 813	 819	 99	 0
331	 813	 814	 820	 819	 0
332	 814	 815	 821	 820	 0
333	 815	 816	 822	 821	 0
334	 816	 817	 823	 822	 0
335	 817	 818	 824	 823	 0
336	 818	 61	 62	 824	 0
337	 99	 819	 825	 98	 0
338	 819	 820	 826	 825	 0
339	 820	 821	 827	 826	 0
340	 821	 822	 828	 827	 0
341	 822	 823	 829	 828	 0
342	 823	 824	 830	 829	 0
343	 824	 62	 63	 830	 0
344	 98	 825	 831	 97	 0
345	 825	 826	 832	 831	 0
346	 826	 827	 833	 832	 0
347	 827	 828	 834	 833	 0
348	 828	 829	 835	 834	 0
349	 829	 830	 836	 835	 0
350	 830	 63	 64	 836	 0
351	 97	 831	 837	 96	 0
352	 831	 832	 838	 837	 0
353	 832	 833	 839	 838	 0
354	 833	 834	 840	 839	 0
355	 834	 835	 841	 840	 0
356	 835	 836	 842	 841	 0
357	 836	 64	 65	 842	 0
358	 96	 837	 843	 95	 0
359	 837	 838	 844	 843	 0
360	 838	 839	 845	 844	 0
361	 839	 840	 846	 845	 0
362	 840	 841	 847	 846	 0
363	 841	 842	 848	 847	 0
364	 842	 65	 66	 848	 0
365	 95	 843	 849	 94	 0
366	 843	 844	 850	 849	 0
367	 844	 845	 851	 850	 0
368	 845	 846	 852	 851	 0
369	 846	 847	 853	 852	 0
370	 847	 848	 854	 853	 0
371	 848	 66	 67	 854	 0
372	 94	 849	 855	 93	 0
373	 849	 850	 856	 855	 0
374	 850	 851	 857	 856	 0
375	 851	 852	 858	 857	 0
376	 852	 853	 859	 858	 0
377	 853	 854	 860	 859	 0
378	 854	 67	 68	 860	 0
379	 93	 855	 861	 92	 0
380	 855	 856	 862	 861	 0
381	 856	 857	 863	 862	 0
382	 857	 858	 864	 863	 0
383	 858	 859	 865	 864	 0
384	 859	 860	 866	 865	 0
385	 860	 68	 69	 866	 0
386	 92	 861	 867	 91	 0
387	 861	 862	 868	 867	 0
388	 862	 863	 869	 868	 0
389	 863	 864	 870	 869	 0
390	 864	 865	 871	 870	 0
391	 865	 866	 872	 871	 0
392	 866	 69	 70	 872	 0
393	 91	 867	 873	 90	 0
394	 867	 868	 874	 873	 0
395	 868	 869	 875	 874	 0
396	 869	 870	 876	 875	 0
397	 870	 871	 877	 876	 0
398	 871	 872	 878	 877	 0
399	 872	 70	 71	 878	 0
400	 90	 873	 879	 89	 0
401	 873	 874	 880	 879	 0
402	 874	 875	 881	 880	 0
403	 875	 876	 882	 881	 0
404	 876	 877	 883	 882	 0
405	 877	 878	 884	 883	 0
406	 878	 71	 72	 884	 0
407	 89	 879	 885	 88	 0
408	 879	 880	 886	 885	 0
409	 880	 881	 887	 886	 0
410	 881	 882	 888	 887	 0
411	 882	 883	 889	 888	 0
412	 883	 884	 890	 889	 0
413	 884	 72	 73	 890	 0
414	 88	 885	 891	 87	 0
415	 885	 886	 892	 891	 0
416	 886	 887	 893	 892	 0
417	 887	 888	 894	 893	 0
418	 888	 889	 895	 894	 0
419	 889	 890	 896	 895	 0
420	 890	 73	 74	 896	 0
421	 87	 891	 897	 86	 0
422	 891	 892	 898	 897	 0
423	 892	 893	 899	 898	 0
424	 893	 894	 900	 899	 0
425	 894	 895	 901	 900	 0
426	 895	 896	 902	 901	 0
427	 896	 74	 75	 902	 0
428	 86	 897	 903	 85	 0
429	 897	 898	 904	 903	 0
430	 898	 899	 905	 904	 0
431	 899	 900	 906	 905	 0
432	 900	 901	 907	 906	 0
433	 901	 902	 908	 907	 0
434	 902	 75	 76	 908	 0
435	 85	 903	 909	 84	 0
436	 903	 904	 910	 909	 0
437	 904	 905	 911	 910	 0
438	 905	 906	 912	 911	 0
439	 906	 907	 913	 912	 0
440	 907	 908	 914	 913	 0
441	 908	 76	 77	 914	 0
442	 84	 909	 83	 4	 0
443	 909	 910	 82	 83	 0
444	 910	 911	 81	 82	 0
445	 911	 912	 80	 81	 0
446	 912	 913	 79	 80	 0
447	 913	 914	 78	 79	 0
448	 914	 77	 3	 78	 0
449	 5	 147	 915	 278	 0
450	 147	 148	 916	 915	 0
451	 148	 149	 917	 916	 0
452	 149	 150	 918	 917	 0
453	 150	 151	 919	 918	 0
454	 151	 152	 920	 919	 0
455	 152	 6	 153	 920	 0
456	 278	 915	 921	 277	 0
457	 915	 916	 922	 921	 0
458	 916	 917	 923	 922	 0
459	 917	 918	 924	 923	 0
460	 918	 919	 925	 924	 0
461	 919	 920	 926	 925	 0
462	 920	 153	 154	 926	 0
463	 277	 921	 927	 276	 0
464	 921	 922	 928	 927	 0
465	 922	 923	 929	 928	 0
466	 923	 924	 930	 929	 0
467	 924	 925	 931	 930	 0
468	 925	 926	 932	 931	 0
469	 926	 154	 155	 932	 0
470	 276	 927	 933	 275	 0
471	 927	 928	 934	 933	 0
472	 928	 929	 935	 934	 0
473	 929	 930	 936	 935	 0
474	 930	 931	 937	 936	 0
475	 931	 932	 938	 937	 0
476	 932	 155	 156	 938	 0
477	 275	 933	 939	 274	 0
478	 933	 934	 940	 939	 0
479	 934	 935	 941	 940	 0
480	 935	 936	 942	 941	 0
481	 936	 937	 943	 942	 0
482	 937	 938	 944	 943	 0
483	 938	 156	 157	 944	 0
484	 274	 939	 945	 273	 0
485	 939	 940	 946	 945	 0
486	 940	 941	 947	 946	 0
487	 941	 942	 948	 947	 0
488	 942	 943	 949	 948	 0
489	 943	 944	 950	 949	 0
490	 944	 157	 158	 950	 0
491	 273	 945	 951	 272	 0
492	 945	 946	 952	 951	 0
493	 946	 947	 953	 952	 0
494	 947	 948	 954	 953	 0
495	 948	 949	 955	 954	 0
496	 949	 950	 956	 955	 0
497	 950	 158	 159	 956	 0
498	 272	 951	 957	 271	 0
499	 951	 952	 958	 957	 0
500	 952	 953	 959	 958	 0
501	 953	 954	 960	 959	 0
502	 954	 955	 961	 960	 0
503	 955	 956	 962	 961	 0
504	 956	 159	 160	 962	 0
505	 271	 957	 963	 270	 0
506	 957	 958	 964	 963	 0
507	 958	 959	 965	 964	 0
508	 959	 960	 966	 965	 0
509	 960	 961	 967	 966	 0
510	 961	 962	 968	 967	 0
511	 962	 160	 161	 968	 0
512	 270	 963	 969	 269	 0
513	 963	 964	 970	 969	 0
514	 964	 965	 971	 970	 0
515	 965	 966	 972	 971	 0
516	 966	 967	 973	 972	 0
517	 967	 968	 974	 973	 0
518	 968	 161	 162	 974	 0
519	 269	 969	 975	 268	 0
520	 969	 970	 976	 975	 0
521	 970	 971	 977	 976	 0
522	 971	 972	 978	 977	 0
523	 972	 973	 979	 978	 0
524	 973	 974	 980	 979	 0
525	 974	 162	 163	 980	 0
526	 268	 975	 981	 267	 0
527	 975	 976	 982	 981	 0
528	 976	 977	 983	 982	 0
529	 977	 978	 984	 983	 0
530	 978	 979	 985	 984	 0
531	 979	 980	 986	 985	 0
532	 980	 163	 164	 986	 0
533	 267	 981	 987	 266	 0
534	 981	 982	 988	 987	 0
535	 982	 983	 989	 988	 0
536	 983	 984	 990	 989	 0
537	 984	 985	 991	 990	 0
538	 985	 986	 992	 991	 0
539	 986	 164	 165	 992	 0
540	 266	 987	 993	 265	 0
541	 987	 988	 994	 993	 0
542	 988	 989	 995	 994	 0
543	 989	 990	 996	 995	 0
544	 990	 991	 997	 996	 0
545	 991	 992	 998	 997	 0
546	 992	 165	 166	 998	 0
547	 265	 993	 999	 264	 0
548	 993	 994	 1000	 999	 0
549	 994	 995	 1001	 1000	 0
550	 995	 996	 1002	 1001	 0
551	 996	 997	 1003	 1002	 0
552	 997	 998	 1004	 1003	 0
553	 998	 166	 167	 1004	 0
554	 264	 999	 1005	 263	 0
555	 999	 1000	 1006	 1005	 0
556	 1000	 1001	 1007	 1006	 0
557	 1001	 1002	 1008	 1007	 0
558	 1002	 1003	 1009	 1008	 0
559	 1003	 1004	 1010	 1009	 0
560	 1004	 167	 168	 1010	 0
561	 263	 1005	 1011	 262	 0
562	 1005	 1006	 1012	 1011	 0
563	 1006	 1007	 1013	 1012	 0
564	 1007	 1008	 1014	 1013	 0
565	 1008	 1009	 1015	 1014	 0
566	 1009	 1010	 1016	 1015	 0
567	 1010	 168	 169	 1016	 0
568	 262	 1011	 1017	 261	 0
569	 1011	 1012	 1018	 1017	 0
570	 1012	 1013	 1019	 1018	 0
571	 1013	 1014	 1020	 1019	 0
572	 1014	 1015	 1021	 1020	 0
573	 1015	 1016	 1022	 1021	 0
574	 1016	 169	 170	 1022	 0
575	 261	 1017	 1023	 260	 0
576	 1017	 1018	 1024	 1023	 0
577	 1018	 1019	 1025	 1024	 0
578	 1019	 1020	 1026	 1025	 0
579	 1020	 1021	 1027	 1026	 0
580	 1021	 1022	 1028	 1027	 0
581	 1022	 170	 171	 1028	 0
582	 260	 1023	 1029	 259	 0
583	 1023	 1024	 1030	 1029	 0
584	 1024	 1025	 1031	 1030	 0
585	 1025	 1026	 1032	 1031	 0
586	 1026	 1027	 1033	 1032	 0
587	 1027	 1028	 1034	 1033	 0
588	 1028	 171	 172	 1034	 0
589	 259	 1029	 1035	 258	 0
590	 1029	 1030	 1036	 1035	 0
591	 1030	 1031	 1037	 1036	 0
592	 1031	 1032	 1038	 1037	 0
593	 1032	 1033	 1039	 1038	 0
594	 1033	 1034	 1040	 1039	 0
595	 1034	 172	 173	 1040	 0
596	 258	 1035	 1041	 257	 0
597	 1035	 1036	 1042	 1041	 0
598	 1036	 1037	 1043	 1042	 0
599	 1037	 1038	 1044	 1043	 0
600	 1038	 1039	 1045	 1044	 0
601	 1039	 1040	 1046	 1045	 0
602	 1040	 173	 174	 1046	 0
603	 257	 1041	 1047	 256	 0
604	 1041	 1042	 1048	 1047	 0
605	 1042	 1043	 1049	 1048	 0
606	 1043	 1044	 1050	 1049	 0
607	 1044	 1045	 1051	 1050	 0
608	 1045	 1046	 1052	 1051	 0
609	 1046	 174	 175	 1052	 0
610	 256	 1047	 1053	 255	 0
611	 1047	 1048	 1054	 1053	 0
612	 1048	 1049	 1055	 1054	 0
613	 1049	 1050	 1056	 1055	 0
614	 1050	 1051	 1057	 1056	 0
615	 1051	 1052	 1058	 1057	 0
616	 1052	 175	 176	 1058	 0
617	 255	 1053	 1059	 254	 0
618	 1053	 1054	 1060	 1059	 0
619	 1054	 1055	 1061	 1060	 0
620	 1055	 1056	 1062	 1061	 0
621	 1056	 1057	 1063	 1062	 0
622	 1057	 1058	 1064	 1063	 0
623	 1058	 176	 177	 1064	 0
624	 254	 1059	 1065	 253	 0
625	 1059	 1060	 1066	 1065	 0
626	 1060	 1061	 1067	 1066	 0
627	 1061	 1062	 1068	 1067	 0
628	 1062	 1063	 1069	 1068	 0
629	 1063	 1064	 1070	 1069	 0
630	 1064	 177	 178	 1070	 0
631	 253	 1065	 1071	 252	 0
632	 1065	 1066	 1072	 1071	 0
633	 1066	 1067	 1073	 1072	 0
634	 1067	 1068	 1074	 1073	 0
635	 1068	 1069	 1075	 1074	 0
636	 1069	 1070	 1076	 1075	 0
637	 1070	 178	 179	 1076	 0
638	 252	 1071	 1077	 251	 0
639	 1071	 1072	 1078	 1077	 0
640	 1072	 1073	 1079	 1078	 0
641	 1073	 1074	 1080	 1079	 0
642	 1074	 1075	 1081	 1080	 0
643	 1075	 1076	 1082	 1081	 0
644	 1076	 179	 180	 1082	 0
645	 251	 1077	 1083	 250	 0
646	 1077	 1078	 1084	 1083	 0
647	 1078	 1079	 1085	 1084	 0
648	 1079	 1080	 1086	 1085	 0
649	 1080	 1081	 1087	 1086	 0
650	 1081	 1082	 1088	 1087	 0
651	 1082	 180	 181	 1088	 0
652	 250	 1083	 1089	 249	 0
653	 1083	 1084	 1090	 1089	 0
654	 1084	 1085	 1091	 1090	 0
655	 1085	 1086	 1092	 1091	 0
656	 1086	 1087	 1093	 1092	 0
657	 1087	 1088	 1094	 1093	 0
658	 1088	 181	 182	 1094	 0
659	 249	 1089	 1095	 248	 0
660	 1089	 1090	 1096	 1095	 0
661	 1090	 1091	 1097	 1096	 0
662	 1091	 1092	 1098	 1097	 0
663	 1092	 1093	 1099	 1098	 0
664	 1093	 1094	 1100	 1099	 0
665	 1094	 182	 183	 1100	 0
666	 248	 1095	 1101	 247	 0
667	 1095	 1096	 1102	 1101	 0
668	 1096	 1097	 1103	 1102	 0
669	 1097	 1098	 1104	 1103	 0
670	 1098	 1099	 1105	 1104	 0
671	 1099	 1100	 1106	 1105	 0
672	 1100	 183	 184	 1106	 0
673	 247	 1101	 1107	 246	 0
674	 1101	 1102	 1108	 1107	 0
675	 1102	 1103	 1109	 1108	 0
676	 1103	 1104	 1110	 1109	 0
677	 1104	 1105	 1111	 1110	 0
678	 1105	 1106	 1112	 1111	 0
679	 1106	 184	 185	 1112	 0
680	 246	 1107	 1113	 245	 0
681	 1107	 1108	 1114	 1113	 0
682	 1108	 1109	 1115	 1114	 0
683	 1109	 1110	 1116	 1115	 0
684	 1110	 1111	 1117	 1116	 0
685	 1111	 1112	 1118	 1117	 0
686	 1112	 185	 186	 1118	 0
687	 245	 1113	 1119	 244	 0
688	 1113	 1114	 1120	 1119	 0
689	 1114	 1115	 1121	 1120	 0
690	 1115	 1116	 1122	 1121	 0
691	 1116	 1117	 1123	 1122	 0
692	 1117	 1118	 1124	 1123	 0
693	 1118	 186	 187	 1124	 0
694	 244	 1119	 1125	 243	 0
695	 1119	 1120	 1126	 1125	 0
696	 1120	 1121	 1127	 1126	 0
697	 1121	 1122	 1128	 1127	 0
698	 1122	 1123	 1129	 1128	 0
699	 1123	 1124	 1130	 1129	 0
700	 1124	 187	 188	 1130	 0
701	 243	 1125	 1131	 242	 0
702	 1125	 1126	 1132	 1131	 0
703	 1126	 1127	 1133	 1132	 0
704	 1127	 1128	 1134	 1133	 0
705	 1128	 1129	 1135	 1134	 0
706	 1129	 1130	 1136	 1135	 0
707	 1130	 188	 189	 1136	 0
708	 242	 1131	 1137	 241	 0
709	 1131	 1132	 1138	 1137	 0
710	 1132	 1133	 1139	 1138	 0
711	 1133	 1134	 1140	 1139	 0
712	 1134	 1135	 1141	 1140	 0
713	 1135	 1136	 1142	 1141	 0
714	 1136	 189	 190	 1142	 0
715	 241	 1137	 1143	 240	 0
716	 1137	 1138	 1144	 1143	 0
717	 1138	 1139	 1145	 1144	 0
718	 1139	 1140	 1146	 1145	 0
719	 1140	 1141	 1147	 1146	 0
720	 1141	 1142	 1148	 1147	 0
721	 1142	 190	 191	 1148	 0
722	 240	 1143	 1149	 239	 0
723	 1143	 1144	 1150	 1149	 0
724	 1144	 1145	 1151	 1150	 0
725	 1145	 1146	 1152	 1151	 0
726	 1146	 1147	 1153	 1152	 0
727	 1147	 1148	 1154	 1153	 0
728	 1148	 191	 192	 1154	 0
729	 239	 1149	 1155	 238	 0
730	 1149	 1150	 1156	 1155	 0
731	 1150	 1151	 1157	 1156	 0
732	 1151	 1152	 1158	 1157	 0
733	 1152	 1153	 1159	 1158	 0
734	 1153	 1154	 1160	 1159	 0
735	 1154	 192	 193	 1160	 0
736	 238	 1155	 1161	 237	 0
737	 1155	 1156	 1162	 1161	 0
738	 1156	 1157	 1163	 1162	 0
739	 1157	 1158	 1164	 1163	 0
740	 1158	 1159	 1165	 1164	 0
741	 1159	 1160	 1166	 1165	 0
742	 1160	 193	 194	 1166	 0
743	 237	 1161	 1167	 236	 0
744	 1161	 1162	 1168	 1167	 0
745	 1162	 1163	 1169	 1168	 0
746	 1163	 1164	 1170	 1169	 0
747	 1164	 1165	 1171	 1170	 0
748	 1165	 1166	 1172	 1171	 0
749	 1166	 194	 195	 1172	 0
750	 236	 1167	 1173	 235	 0
751	 1167	 1168	 1174	 1173	 0
752	 1168	 1169	 1175	 1174	 0
753	 1169	 1170	 1176	 1175	 0
754	 1170	 1171	 1177	 1176	 0
755	 1171	 1172	 1178	 1177	 0
756	 1172	 195	 196	 1178	 0
757	 235	 1173	 1179	 234	 0
758	 1173	 1174	 1180	 1179	 0
759	 1174	 1175	 1181	 1180	 0
760	 1175	 1176	 1182	 1181	 0
761	 1176	 1177	 1183	 1182	 0
762	 1177	 1178	 1184	 1183	 0
763	 1178	 196	 197	 1184	 0
764	 234	 1179	 1185	 233	 0
765	 1179	 1180	 1186	 1185	 0
766	 1180	 1181	 1187	 1186	 0
767	 1181	 1182	 1188	 1187	 0
768	 1182	 1183	 1189	 1188	 0
769	 1183	 1184	 1190	 1189	 0
770	 1184	 197	 198	 1190	 0
771	 233	 1185	 1191	 232	 0
772	 1185	 1186	 1192	 1191	 0
773	 1186	 1187	 1193	 1192	 0
774	 1187	 1188	 1194	 1193	 0
775	 1188	 1189	 1195	 1194	 0
776	 1189	 1190	 1196	 1195	 0
777	 1190	 198	 199	 1196	 0
778	 232	 1191	 1197	 231	 0
779	 1191	 1192	 1198	 1197	 0
780	 1192	 1193	 1199	 1198	 0
781	 1193	 1194	 1200	 1199	 0
782	 1194	 1195	 1201	 1200	 0
783	 1195	 1196	 1202	 1201	 0
784	 1196	 199	 200	 1202	 0
785	 231	 1197	 1203	 230	 0
786	 1197	 1198	 1204	 1203	 0
787	 1198	 1199	 1205	 1204	 0
788	 1199	 1200	 1206	 1205	 0
789	 1200	 1201	 1207	 1206	 0
790	 1201	 1202	 1208	 1207	 0
791	 1202	 200	 201	 1208	 0
792	 230	 1203	 1209	 229	 0
793	 1203	 1204	 1210	 1209	 0
794	 1204	 1205	 1211	 1210	 0
795	 1205	 1206	 1212	 1211	 0
796	 1206	 1207	 1213	 1212	 0
797	 1207	 1208	 1214	 1213	 0
798	 1208	 201	 202	 1214	 0
799	 229	 1209	 1215	 228	 0
800	 1209	 1210	 1216	 1215	 0
801	 1210	 1211	 1217	 1216	 0
802	 1211	 1212	 1218	 1217	 0
803	 1212	 1213	 1219	 1218	 0
804	 1213	 1214	 1220	 1219	 0
805	 1214	 202	 203	 1220	 0
806	 228	 1215	 1221	 227	 0
807	 1215	 1216	 1222	 1221	 0
808	 1216	 1217	 1223	 1222	 0
809	 1217	 1218	 1224	 1223	 0
810	 1218	 1219	 1225	 1224	 0
811	 1219	 1220	 1226	 1225	 0
812	 1220	 203	 204	 1226	 0
813	 227	 1221	 1227	 226	 0
814	 1221	 1222	 1228	 1227	 0
815	 1222	 1223	 1229	 1228	 0
816	 1223	 1224	 1230	 1229	 0
817	 1224	 1225	 1231	 1230	 0
818	 1225	 1226	 1232	 1231	 0
819	 1226	 204	 205	 1232	 0
820	 226	 1227	 1233	 225	 0
821	 1227	 1228	 1234	 1233	 0
822	 1228	 1229	 1235	 1234	 0
823	 1229	 1230	 1236	 1235	 0
824	 1230	 1231	 1237	 1236	 0
825	 1231	 1232	 1238	 1237	 0
826	 1232	 205	 206	 1238	 0
827	 225	 1233	 1239	 224	 0
828	 1233	 1234	 1240	 1239	 0
829	 1234	 1235	 1241	 1240	 0
830	 1235	 1236	 1242	 1241	 0
831	 1236	 1237	 1243	 1242	 0
832	 1237	 1238	 1244	 1243	 0
833	 1238	 206	 207	 1244	 0
834	 224	 1239	 1245	 223	 0
835	 1239	 1240	 1246	 1245	 0
836	 1240	 1241	 1247	 1246	 0
837	 1241	 1242	 1248	 1247	 0
838	 1242	 1243	 1249	 1248	 0
839	 1243	 1244	 1250	 1249	 0
840	 1244	 207	 208	 1250	 0
841	 223	 1245	 1251	 222	 0
842	 1245	 1246	 1252	 1251	 0
843	 1246	 1247	 1253	 1252	 0
844	 1247	 1248	 1254	 1253	 0
845	 1248	 1249	 1255	 1254	 0
846	 1249	 1250	 1256	 1255	 0
847	 1250	 208	 209	 1256	 0
848	 222	 1251	 1257	 221	 0
849	 1251	 1252	 1258	 1257	 0
850	 1252	 1253	 1259	 1258	 0
851	 1253	 1254	 1260	 1259	 0
852	 1254	 1255	 1261	 1260	 0
853	 1255	 1256	 1262	 1261	 0
854	 1256	 209	 210	 1262	 0
855	 221	 1257	 1263	 220	 0
856	 1257	 1258	 1264	 1263	 0
857	 1258	 1259	 1265	 1264	 0
858	 1259	 1260	 1266	 1265	 0
859	 1260	 1261	 1267	 1266	 0
860	 1261	 1262	 1268	 1267	 0
861	 1262	 210	 211	 1268	 0
862	 220	 1263	 1269	 219	 0
863	 1263	 1264	 1270	 1269	 0
864	 1264	 1265	 1271	 1270	 0
865	 1265	 1266	 1272	 1271	 0
866	 1266	 1267	 1273	 1272	 0
867	 1267	 1268	 1274	 1273	 0
868	 1268	 211	 212	 1274	 0
869	 219	 1269	 1275	 218	 0
870	 1269	 1270	 1276	 1275	 0
871	 1270	 1271	 1277	 1276	 0
872	 1271	 1272	 1278	 1277	 0
873	 1272	 1273	 1279	 1278	 0
874	 1273	 1274	 1280	 1279	 0
875	 1274	 212	 213	 1280	 0
876	 218	 1275	 1281	 217	 0
877	 1275	 1276	 1282	 1281	 0
878	 1276	 1277	 1283	 1282	 0
879	 1277	 1278	 1284	 1283	 0
880	 1278	 1279	 1285	 1284	 0
881	 1279	 1280	 1286	 1285	 0
882	 1280	 213	 214	 1286	 0
883	 217	 1281	 1287	 216	 0
884	 1281	 1282	 1288	 1287	 0
885	 1282	 1283	 1289	 1288	 0
886	 1283	 1284	 1290	 1289	 0
887	 1284	 1285	 1291	 1290	 0
888	 1285	 1286	 1292	 1291	 0
889	 1286	 214	 215	 1292	 0
890	 216	 1287	 78	 3	 0
891	 1287	 1288	 79	 78	 0
892	 1288	 1289	 80	 79	 0
893	 1289	 1290	 81	 80	 0
894	 1290	 1291	 82	 81	 0
895	 1291	 1292	 83	 82	 0
896	 1292	 215	 4	 83	 0
897	 7	 279	 1293	 410	 0
898	 279	 280	 1294	 1293	 0
899	 280	 281	 1295	 1294	 0
900	 281	 282	 1296	 1295	 0
901	 282	 283	 1297	 1296	 0
902	 283	 284	 1298	 1297	 0
903	 284	 8	 285	 1298	 0
904	 410	 1293	 1299	 409	 0
905	 1293	 1294	 1300	 1299	 0
906	 1294	 1295	 1301	 1300	 0
907	 1295	 1296	 1302	 1301	 0
908	 1296	 1297	 1303	 1302	 0
909	 1297	 1298	 1304	 1303	 0
910	 1298	 285	 286	 1304	 0
911	 409	 1299	 1305	 408	 0
912	 1299	 1300	 1306	 1305	 0
913	 1300	 1301	 1307	 1306	 0
914	 1301	 1302	 1308	 1307	 0
915	 1302	 1303	 1309	 1308	 0
916	 1303	 1304	 1310	 1309	 0
917	 1304	 286	 287	 1310	 0
918	 408	 1305	 1311	 407	 0
919	 1305	 1306	 1312	 1311	 0
920	 1306	 1307	 1313	 1312	 0
921	 1307	 1308	 1314	 1313	 0
922	 1308	 1309	 1315	 1314	 0
923	 1309	 1310	 1316	 1315	 0
924	 1310	 287	 288	 1316	 0
925	 407	 1311	 1317	 406	 0
926	 1311	 1312	 1318	 1317	 0
927	 1312	 1313	 1319	 1318	 0
928	 1313	 1314	 1320	 1319	 0
929	 1314	 1315	 1321	 1320	 0
930	 1315	 1316	 1322	 1321	 0
931	 1316	 288	 289	 1322	 0
932	 406	 1317	 1323	 405	 0
933	 1317	 1318	 1324	 1323	 0
934	 1318	 1319	 1325	 1324	 0
935	 1319	 1320	 1326	 1325	 0
936	 1320	 1321	 1327	 1326	 0
937	 1321	 1322	 1328	 1327	 0
938	 1322	 289	 290	 1328	 0
939	 405	 1323	 1329	 404	 0
940	 1323	 1324	 1330	 1329	 0
941	 1324	 1325	 1331	 1330	 0
942	 1325	 1326	 1332	 1331	 0
943	 1326	 1327	 1333	 1332	 0
944	 1327	 1328	 1334	 1333	 0
945	 1328	 290	 291	 1334	 0
946	 404	 1329	 1335	 403	 0
947	 1329	 1330	 1336	 1335	 0
948	 1330	 1331	 1337	 1336	 0
949	 1331	 1332	 1338	 1337	 0
950	 1332	 1333	 1339	 1338	 0
951	 1333	 1334	 1340	 1339	 0
952	 1334	 291	 292	 1340	 0
953	 403	 1335	 1341	 402	 0
954	 1335	 1336	 1342	 1341	 0
955	 1336	 1337	 1343	 1342	 0
956	 1337	 1338	 1344	 1343	 0
957	 1338	 1339	 1345	 1344	 0
958	 1339	 1340	 1346	 1345	 0
959	 1340	 292	 293	 1346	 0
960	 402	 1341	 1347	 401	 0
961	 1341	 1342	 1348	 1347	 0
962	 1342	 1343	 1349	 1348	 0
963	 1343	 1344	 1350	 1349	 0
964	 1344	 1345	 1351	 1350	 0
965	 1345	 1346	 1352	 1351	 0
966	 1346	 293	 294	 1352	 0
967	 401	 1347	 1353	 400	 0
968	 1347	 1348	 1354	 1353	 0
969	 1348	 1349	 1355	 1354	 0
970	 1349	 1350	 1356	 1355	 0
971	 1350	 1351	 1357	 1356	 0
972	 1351	 1352	 1358	 1357	 0
973	 1352	 294	 295	 1358	 0
974	 400	 1353	 1359	 399	 0
975	 1353	 1354	 1360	 1359	 0
976	 1354	 1355	 1361	 1360	 0
977	 1355	 1356	 1362	 1361	 0
978	 1356	 1357	 1363	 1362	 0
979	 1357	 1358	 1364	 1363	 0
980	 1358	 295	 296	 1364	 0
981	 399	 1359	 1365	 398	 0
982	 1359	 1360	 1366	 1365	 0
983	 1360	 1361	 1367	 1366	 0
984	 1361	 1362	 1368	 1367	 0
985	 1362	 1363	 1369	 1368	 0
986	 1363	 1364	 1370	 1369	 0
987	 1364	 296	 297	 1370	 0
988	 398	 1365	 1371	 397	 0
989	 1365	 1366	 1372	 1371	 0
990	 1366	 1367	 1373	 1372	 0
991	 1367	 1368	 1374	 1373	 0
992	 1368	 1369	 1375	 1374	 0
993	 1369	 1370	 1376	 1375	 0
994	 1370	 297	 298	 1376	 0
995	 397	 1371	 1377	 396	 0
996	 1371	 1372	 1378	 1377	 0
997	 1372	 1373	 1379	 1378	 0
998	 1373	 1374	 1380	 1379	 0
999	 1374	 1375	 1381	 1380	 0
1000	 1375	 1376	 1382	 1381	 0
1001	 1376	 298	 299	 1382	 0
1002	 396	 1377	 1383	 395	 0
1003	 1377	 1378	 1384	 1383	 0
1004	 1378	 1379	 1385	 1384	 0
1005	 1379	 1380	 1386	 1385	 0
1006	 1380	 1381	 1387	 1386	 0
1007	 1381	 1382	 1388	 1387	 0
1008	 1382	 299	 300	 1388	 0
1009	 395	 1383	 1389	 394	 0
1010	 1383	 1384	 1390	 1389	 0
1011	 1384	 1385	 1391	 1390	 0
1012	 1385	 1386	 1392	 1391	 0
1013	 1386	 1387	 1393	 1392	 0
1014	 1387	 1388	 1394	 1393	 0
1015	 1388	 300	 301	 1394	 0
1016	 394	 1389	 1395	 393	 0
1017	 1389	 1390	 1396	 1395	 0
1018	 1390	 1391	 1397	 1396	 0
1019	 1391	 1392	 1398	 1397	 0
1020	 1392	 1393	 1399	 1398	 0
1021	 1393	 1394	 1400	 1399	 0
1022	 1394	 301	 302	 1400	 0
1023	 393	 1395	 1401	 392	 0
1024	 1395	 1396	 1402	 1401	 0
1025	 1396	 1397	 1403	 1402	 0
1026	 1397	 1398	 1404	 1403	 0
1027	 1398	 1399	 1405	 1404	 0
1028	 1399	 1400	 1406	 1405	 0
1029	 1400	 302	 303	 1406	 0
1030	 392	 1401	 1407	 391	 0
1031	 1401	 1402	 1408	 1407	 0
1032	 1402	 1403	 1409	 1408	 0
1033	 1403	 1404	 1410	 1409	 0
1034	 1404	 1405	 1411	 1410	 0
1035	 1405	 1406	 1412	 1411	 0
1036	 1406	 303	 304	 1412	 0
1037	 391	 1407	 1413	 390	 0
1038	 1407	 1408	 1414	 1413	 0
1039	 1408	 1409	 1415	 1414	 0
1040	 1409	 1410	 1416	 1415	 0
1041	 1410	 1411	 1417	 1416	 0
1042	 1411	 1412	 1418	 1417	 0
1043	 1412	 304	 305	 1418	 0
1044	 390	 1413	 1419	 389	 0
1045	 1413	 1414	 1420	 1419	 0
1046	 1414	 1415	 1421	 1420	 0
1047	 1415	 1416	 1422	 1421	 0
1048	 1416	 1417	 1423	 1422	 0
1049	 1417	 1418	 1424	 1423	 0
1050	 1418	 305	 306	 1424	 0
1051	 389	 1419	 1425	 388	 0
1052	 1419	 1420	 1426	 1425	 0
1053	 1420	 1421	 1427	 1426	 0
1054	 1421	 1422	 1428	 1427	 0
1055	 1422	 1423	 1429	 1428	 0
1056	 1423	 1424	 1430	 1429	 0
1057	 1424	 306	 307	 1430	 0
1058	 388	 1425	 1431	 387	 0
1059	 1425	 1426	 1432	 1431	 0
1060	 1426	 1427	 1433	 1432	 0
1061	 1427	 1428	 1434	 1433	 0
1062	 1428	 1429	 1435	 1434	 0
1063	 1429	 1430	 1436	 1435	 0
1064	 1430	 307	 308	 1436	 0
1065	 387	 1431	 1437	 386	 0
1066	 1431	 1432	 1438	 1437	 0
1067	 1432	 1433	 1439	 1438	 0
1068	 1433	 1434	 1440	 1439	 0
1069	 1434	 1435	 1441	 1440	 0
1070	 1435	 1436	 1442	 1441	 0
1071	 1436	 308	 309	 1442	 0
1072	 386	 1437	 1443	 385	 0
1073	 1437	 1438	 1444	 1443	 0
1074	 1438	 1439	 1445	 1444	 0
1075	 1439	 1440	 1446	 1445	 0
1076	 1440	 1441	 1447	 1446	 0
1077	 1441	 1442	 1448	 1447	 0
1078	 1442	 309	 310	 1448	 0
1079	 385	 1443	 1449	 384	 0
1080	 1443	 1444	 1450	 1449	 0
1081	 1444	 1445	 1451	 1450	 0
1082	 1445	 1446	 1452	 1451	 0
1083	 1446	 1447	 1453	 1452	 0
1084	 1447	 1448	 1454	 1453	 0
1085	 1448	 310	 311	 1454	 0
1086	 384	 1449	 1455	 383	 0
1087	 1449	 1450	 1456	 1455	 0
1088	 1450	 1451	 1457	 1456	 0
1089	 1451	 1452	 1458	 1457	 0
1090	 1452	 1453	 1459	 1458	 0
1091	 1453	 1454	 1460	 1459	 0
1092	 1454	 311	 312	 1460	 0
1093	 383	 1455	 1461	 382	 0
1094	 1455	 1456	 1462	 1461	 0
1095	 1456	 1457	 1463	 1462	 0
1096	 1457	 1458	 1464	 1463	 0
1097	 1458	 1459	 1465	 1464	 0
1098	 1459	 1460	 1466	 1465	 0
1099	 1460	 312	 313	 1466	 0
1100	 382	 1461	 1467	 381	 0
1101	 1461	 1462	 1468	 1467	 0
1102	 1462	 1463	 1469	 1468	 0
1103	 1463	 1464	 1470	 1469	 0
1104	 1464	 1465	 1471	 1470	 0
1105	 1465	 1466	 1472	 1471	 0
1106	 1466	 313	 314	 1472	 0
1107	 381	 1467	 1473	 380	 0
1108	 1467	 1468	 1474	 1473	 0
1109	 1468	 1469	 1475	 1474	 0
1110	 1469	 1470	 1476	 1475	 0
1111	 1470	 1471	 1477	 1476	 0
1112	 1471	 1472	 1478	 1477	 0
1113	 1472	 314	 315	 1478	 0
1114	 380	 1473	 1479	 379	 0
1115	 1473	 1474	 1480	 1479	 0
1116	 1474	 1475	 1481	 1480	 0
1117	 1475	 1476	 1482	 1481	 0
1118	 1476	 1477	 1483	 1482	 0
1119	 1477	 1478	 1484	 1483	 0
1120	 1478	 315	 316	 1484	 0
1121	 379	 1479	 1485	 378	 0
1122	 1479	 1480	 1486	 1485	 0
1123	 1480	 1481	 1487	 1486	 0
1124	 1481	 1482	 1488	 1487	 0
1125	 1482	 1483	 1489	 1488	 0
1126	 1483	 1484	 1490	 1489	 0
1127	 1484	 316	 317	 1490	 0
1128	 378	 1485	 1491	 377	 0
1129	 1485	 1486	 1492	 1491	 0
1130	 1486	 1487	 1493	 1492	 0
1131	 1487	 1488	 1494	 1493	 0
1132	 1488	 1489	 1495	 1494	 0
1133	 1489	 1490	 1496	 1495	 0
1134	 1490	 317	 318	 1496	 0
1135	 377	 1491	 1497	 376	 0
1136	 1491	 1492	 1498	 1497	 0
1137	 1492	 1493	 1499	 1498	 0
1138	 1493	 1494	 1500	 1499	 0
1139	 1494	 1495	 1501	 1500	 0
1140	 1495	 1496	 1502	 1501	 0
1141	 1496	 318	 319	 1502	 0
1142	 376	 1497	 1503	 375	 0
1143	 1497	 1498	 1504	 1503	 0
1144	 1498	 1499	 1505	 1504	 0
1145	 1499	 1500	 1506	 1505	 0
1146	 1500	 1501	 1507	 1506	 0
1147	 1501	 1502	 1508	 1507	 0
1148	 1502	 319	 320	 1508	 0
1149	 375	 1503	 1509	 374	 0
1150	 1503	 1504	 1510	 1509	 0
1151	 1504	 1505	 1511	 1510	 0
1152	 1505	 1506	 1512	 1511	 0
1153	 1506	 1507	 1513	 1512	 0
1154	 1507	 1508	 1514	 1513	 0
1155	 1508	 320	 321	 1514	 0
1156	 374	 1509	 1515	 373	 0
1157	 1509	 1510	 1516	 1515	 0
1158	 1510	 1511	 1517	 1516	 0
1159	 1511	 1512	 1518	 1517	 0
1160	 1512	 1513	 1519	 1518	 0
1161	 1513	 1514	 1520	 1519	 0
1162	 1514	 321	 322	 1520	 0
1163	 373	 1515	 1521	 372	 0
1164	 1515	 1516	 1522	 1521	 0
1165	 1516	 1517	 1523	 1522	 0
1166	 1517	 1518	 1524	 1523	 0
1167	 1518	 1519	 1525	 1524	 0
1168	 1519	 1520	 1526	 1525	 0
1169	 1520	 322	 323	 1526	 0
1170	 372	 1521	 1527	 371	 0
1171	 1521	 1522	 1528	 1527	 0
1172	 1522	 1523	 1529	 1528	 0
1173	 1523	 1524	 1530	 1529	 0
1174	 1524	 1525	 1531	 1530	 0
1175	 1525	 1526	 1532	 1531	 0
1176	 1526	 323	 324	 1532	 0
1177	 371	 1527	 1533	 370	 0
1178	 1527	 1528	 1534	 1533	 0
1179	 1528	 1529	 1535	 1534	 0
1180	 1529	 1530	 1536	 1535	 0
1181	 1530	 1531	 1537	 1536	 0
1182	 1531	 1532	 1538	 1537	 0
1183	 1532	 324	 325	 1538	 0
1184	 370	 1533	 1539	 369	 0
1185	 1533	 1534	 1540	 1539	 0
1186	 1534	 1535	 1541	 1540	 0
1187	 1535	 1536	 1542	 1541	 0
1188	 1536	 1537	 1543	 1542	 0
1189	 1537	 1538	 1544	 1543	 0
1190	 1538	 325	 326	 1544	 0
1191	 369	 1539	 1545	 368	 0
1192	 1539	 1540	 1546	 1545	 0
1193	 1540	 1541	 1547	 1546	 0
1194	 1541	 1542	 1548	 1547	 0
1195	 1542	 1543	 1549	 1548	 0
1196	 1543	 1544	 1550	 1549	 0
1197	 1544	 326	 327	 1550	 0
1198	 368	 1545	 1551	 367	 0
1199	 1545	 1546	 1552	 1551	 0
1200	 1546	 1547	 1553	 1552	 0
1201	 1547	 1548	 1554	 1553	 0
1202	 1548	 1549	 1555	 1554	 0
1203	 1549	 1550	 1556	 1555	 0
1204	 1550	 327	 328	 1556	 0
1205	 367	 1551	 1557	 366	 0
1206	 1551	 1552	 1558	 1557	 0
1207	 1552	 1553	 1559	 1558	 0
1208	 1553	 1554	 1560	 1559	 0
1209	 1554	 1555	 1561	 1560	 0
1210	 1555	 1556	 1562	 1561	 0
1211	 1556	 328	 329	 1562	 0
1212	 366	 1557	 1563	 365	 0
1213	 1557	 1558	 1564	 1563	 0
1214	 1558	 1559	 1565	 1564	 0
1215	 1559	 1560	 1566	 1565	 0
1216	 1560	 1561	 1567	 1566	 0
1217	 1561	 1562	 1568	 1567	 0
1218	 1562	 329	 330	 1568	 0
1219	 365	 1563	 1569	 364	 0
1220	 1563	 1564	 1570	 1569	 0
1221	 1564	 1565	 1571	 1570	 0
1222	 1565	 1566	 1572	 1571	 0
1223	 1566	 1567	 1573	 1572	 0
1224	 1567	 1568	 1574	 1573	 0
1225	 1568	 330	 331	 1574	 0
1226	 364	 1569	 1575	 363	 0
1227	 1569	 1570	 1576	 1575	 0
1228	 1570	 1571	 1577	 1576	 0
1229	 1571	 1572	 1578	 1577	 0
1230	 1572	 1573	 1579	 1578	 0
1231	 1573	 1574	 1580	 1579	 0
1232	 1574	 331	 332	 1580	 0
1233	 363	 1575	 1581	 362	 0
1234	 1575	 1576	 1582	 1581	 0
1235	 1576	 1577	 1583	 1582	 0
1236	 1577	 1578	 1584	 1583	 0
1237	 1578	 1579	 1585	 1584	 0
1238	 1579	 1580	 1586	 1585	 0
1239	 1580	 332	 333	 1586	 0
1240	 362	 1581	 1587	 361	 0
1241	 1581	 1582	 1588	 1587	 0
1242	 1582	 1583	 1589	 1588	 0
1243	 1583	 1584	 1590	 1589	 0
1244	 1584	 1585	 1591	 1590	 0
1245	 1585	 1586	 1592	 1591	 0
1246	 1586	 333	 334	 1592	 0
1247	 361	 1587	 1593	 360	 0
1248	 1587	 1588	 1594	 1593	 0
1249	 1588	 1589	 1595	 1594	 0
1250	 1589	 1590	 1596	 1595	 0
1251	 1590	 1591	 1597	 1596	 0
1252	 1591	 1592	 1598	 1597	 0
1253	 1592	 334	 335	 1598	 0
1254	 360	 1593	 1599	 359	 0
1255	 1593	 1594	 1600	 1599	 0
1256	 1594	 1595	 1601	 1600	 0
1257	 1595	 1596	 1602	 1601	 0
1258	 1596	 1597	 1603	 1602	 0
1259	 1597	 1598	 1604	 1603	 0
1260	 1598	 335	 336	 1604	 0
1261	 359	 1599	 1605	 358	 0
1262	 1599	 1600	 1606	 1605	 0
1263	 1600	 1601	 1607	 1606	 0
1264	 1601	 1602	 1608	 1607	 0
1265	 1602	 1603	 1609	 1608	 0
1266	 1603	 1604	 1610	 1609	 0
1267	 1604	 336	 337	 1610	 0
1268	 358	 1605	 1611	 357	 0
1269	 1605	 1606	 1612	 1611	 0
1270	 1606	 1607	 1613	 1612	 0
1271	 1607	 1608	 1614	 1613	 0
1272	 1608	 1609	 1615	 1614	 0
1273	 1609	 1610	 1616	 1615	 0
1274	 1610	 337	 338	 1616	 0
1275	 357	 1611	 1617	 356	 0
1276	 1611	 1612	 1618	 1617	 0
1277	 1612	 1613	 1619	 1618	 0
1278	 1613	 1614	 1620	 1619	 0
1279	 1614	 1615	 1621	 1620	 0
1280	 1615	 1616	 1622	 1621	 0
1281	 1616	 338	 339	 1622	 0
1282	 356	 1617	 1623	 355	 0
1283	 1617	 1618	 1624	 1623	 0
1284	 1618	 1619	 1625	 1624	 0
1285	 1619	 1620	 1626	 1625	 0
1286	 1620	 1621	 1627	 1626	 0
1287	 1621	 1622	 1628	 1627	 0
1288	 1622	 339	 340	 1628	 0
1289	 355	 1623	 1629	 354	 0
1290	 1623	 1624	 1630	 1629	 0
1291	 1624	 1625	 1631	 1630	 0
1292	 1625	 1626	 1632	 1631	 0
1293	 1626	 1627	 1633	 1632	 0
1294	 1627	 1628	 1634	 1633	 0
1295	 1628	 340	 341	 1634	 0
1296	 354	 1629	 1635	 353	 0
1297	 1629	 1630	 1636	 1635	 0
1298	 1630	 1631	 1637	 1636	 0
1299	 1631	 1632	 1638	 1637	 0
1300	 1632	 1633	 1639	 1638	 0
1301	 1633	 1634	 1640	 1639	 0
1302	 1634	 341	 342	 1640	 0
1303	 353	 1635	 1641	 352	 0
1304	 1635	 1636	 1642	 1641	 0
1305	 1636	 1637	 1643	 1642	 0
1306	 1637	 1638	 1644	 1643	 0
1307	 1638	 1639	 1645	 1644	 0
1308	 1639	 1640	 1646	 1645	 0
1309	 1640	 342	 343	 1646	 0
1310	 352	 1641	 1647	 351	 0
1311	 1641	 1642	 1648	 1647	 0
1312	 1642	 1643	 1649	 1648	 0
1313	 1643	 1644	 1650	 1649	 0
1314	 1644	 1645	 1651	 1650	 0
1315	 1645	 1646	 1652	 1651	 0
1316	 1646	 343	 344	 1652	 0
1317	 351	 1647	 1653	 350	 0
1318	 1647	 1648	 1654	 1653	 0
1319	 1648	 1649	 1655	 1654	 0
1320	 1649	 1650	 1656	 1655	 0
1321	 1650	 1651	 1657	 1656	 0
1322	 1651	 1652	 1658	 1657	 0
1323	 1652	 344	 345	 1658	 0
1324	 350	 1653	 1659	 349	 0
1325	 1653	 1654	 1660	 1659	 0
1326	 1654	 1655	 1661	 1660	 0
1327	 1655	 1656	 1662	 1661	 0
1328	 1656	 1657	 1663	 1662	 0
1329	 1657	 1658	 1664	 1663	 0
1330	 1658	 345	 346	 1664	 0
1331	 349	 1659	 1665	 348	 0
1332	 1659	 1660	 1666	 1665	 0
1333	 1660	 1661	 1667	 1666	 0
1334	 1661	 1662	 1668	 1667	 0
1335	 1662	 1663	 1669	 1668	 0
1336	 1663	 1664	 1670	 1669	 0
1337	 1664	 346	 347	 1670	 0
1338	 348	 1665	 9	 1	 0
1339	 1665	 1666	 10	 9	 0
1340	 1666	 1667	 11	 10	 0
1341	 1667	 1668	 12	 11	 0
1342	 1668	 1669	 13	 12	 0
1343	 1669	 1670	 14	 13	 0
1344	 1670	 347	 2	 14	 0
1345	 8	 284	 1671	 536	 0
1346	 284	 283	 1672	 1671	 0
1347	 283	 282	 1673	 1672	 0
1348	 282	 281	 1674	 1673	 0
1349	 281	 280	 1675	 1674	 0
1350	 280	 279	 1676	 1675	 0
1351	 279	 7	 411	 1676	 0
1352	 536	 1671	 1677	 535	 0
1353	 1671	 1672	 1678	 1677	 0
1354	 1672	 1673	 1679	 1678	 0
1355	 1673	 1674	 1680	 1679	 0
1356	 1674	 1675	 1681	 1680	 0
1357	 1675	 1676	 1682	 1681	 0
1358	 1676	 411	 412	 1682	 0
1359	 535	 1677	 1683	 534	 0
1360	 1677	 1678	 1684	 1683	 0
1361	 1678	 1679	 1685	 1684	 0
1362	 1679	 1680	 1686	 1685	 0
1363	 1680	 1681	 1687	 1686	 0
1364	 1681	 1682	 1688	 1687	 0
1365	 1682	 412	 413	 1688	 0
1366	 534	 1683	 1689	 533	 0
1367	 1683	 1684	 1690	 1689	 0
1368	 1684	 1685	 1691	 1690	 0
1369	 1685	 1686	 1692	 1691	 0
1370	 1686	 1687	 1693	 1692	 0
1371	 1687	 1688	 1694	 1693	 0
1372	 1688	 413	 414	 1694	 0
1373	 533	 1689	 1695	 532	 0
1374	 1689	 1690	 1696	 1695	 0
1375	 1690	 1691	 1697	 1696	 0
1376	 1691	 1692	 1698	 1697	 0
1377	 1692	 1693	 1699	 1698	 0
1378	 1693	 1694	 1700	 1699	 0
1379	 1694	 414	 415	 1700	 0
1380	 532	 1695	 1701	 531	 0
1381	 1695	 1696	 1702	 1701	 0
1382	 1696	 1697	 1703	 1702	 0
1383	 1697	 1698	 1704	 1703	 0
1384	 1698	 1699	 1705	 1704	 0
1385	 1699	 1700	 1706	 1705	 0
1386	 1700	 415	 416	 1706	 0
1387	 531	 1701	 1707	 530	 0
1388	 1701	 1702	 1708	 1707	 0
1389	 1702	 1703	 1709	 1708	 0
1390	 1703	 1704	 1710	 1709	 0
1391	 1704	 1705	 1711	 1710	 0
1392	 1705	 1706	 1712	 1711	 0
1393	 1706	 416	 417	 1712	 0
1394	 530	 1707	 1713	 529	 0
1395	 1707	 1708	 1714	 1713	 0
1396	 1708	 1709	 1715	 1714	 0
1397	 1709	 1710	 1716	 1715	 0
1398	 1710	 1711	 1717	 1716	 0
1399	 1711	 1712	 1718	 1717	 0
1400	 1712	 417	 418	 1718	 0
1401	 529	 1713	 1719	 528	 0
1402	 1713	 1714	 1720	 1719	 0
1403	 1714	 1715	 1721	 1720	 0
1404	 1715	 1716	 1722	 1721	 0
1405	 1716	 1717	 1723	 1722	 0
1406	 1717	 1718	 1724	 1723	 0
1407	 1718	 418	 419	 1724	 0
1408	 528	 1719	 1725	 527	 0
1409	 1719	 1720	 1726	 1725	 0
1410	 1720	 1721	 1727	 1726	 0
1411	 1721	 1722	 1728	 1727	 0
1412	 1722	 1723	 1729	 1728	 0
1413	 1723	 1724	 1730	 1729	 0
1414	 1724	 419	 420	 1730	 0
1415	 527	 1725	 1731	 526	 0
1416	 1725	 1726	 1732	 1731	 0
1417	 1726	 1727	 1733	 1732	 0
1418	 1727	 1728	 1734	 1733	 0
1419	 1728	 1729	 1735	 1734	 0
1420	 1729	 1730	 1736	 1735	 0
1421	 1730	 420	 421	 1736	 0
1422	 526	 1731	 1737	 525	 0
1423	 1731	 1732	 1738	 1737	 0
1424	 1732	 1733	 1739	 1738	 0
1425	 1733	 1734	 1740	 1739	 0
1426	 1734	 1735	 1741	 1740	 0
1427	 1735	 1736	 1742	 1741	 0
1428	 1736	 421	 422	 1742	 0
1429	 525	 1737	 1743	 524	 0
1430	 1737	 1738	 1744	 1743	 0
1431	 1738	 1739	 1745	 1744	 0
1432	 1739	 1740	 1746	 1745	 0
1433	 1740	 1741	 1747	 1746	 0
1434	 1741	 1742	 1748	 1747	 0
1435	 1742	 422	 423	 1748	 0
1436	 524	 1743	 1749	 523	 0
1437	 1743	 1744	 1750	 1749	 0
1438	 1744	 1745	 1751	 1750	 0
1439	 1745	 1746	 1752	 1751	 0
1440	 1746	 1747	 1753	 1752	 0
1441	 1747	 1748	 1754	 1753	 0
1442	 1748	 423	 424	 1754	 0
1443	 523	 1749	 1755	 522	 0
1444	 1749	 1750	 1756	 1755	 0
1445	 1750	 1751	 1757	 1756	 0
1446	 1751	 1752	 1758	 1757	 0
1447	 1752	 1753	 1759	 1758	 0
1448	 1753	 1754	 1760	 1759	 0
1449	 1754	 424	 425	 1760	 0
1450	 522	 1755	 1761	 521	 0
1451	 1755	 1756	 1762	 1761	 0
1452	 1756	 1757	 1763	 1762	 0
1453	 1757	 1758	 1764	 1763	 0
1454	 1758	 1759	 1765	 1764	 0
1455	 1759	 1760	 1766	 1765	 0
1456	 1760	 425	 426	 1766	 0
1457	 521	 1761	 1767	 520	 0
1458	 1761	 1762	 1768	 1767	 0
1459	 1762	 1763	 1769	 1768	 0
1460	 1763	 1764	 1770	 1769	 0
1461	 1764	 1765	 1771	 1770	 0
1462	 1765	 1766	 1772	 1771	 0
1463	 1766	 426	 427	 1772	 0
1464	 520	 1767	 1773	 519	 0
1465	 1767	 1768	 1774	 1773	 0
1466	 1768	 1769	 1775	 1774	 0
1467	 1769	 1770	 1776	 1775	 0
1468	 1770	 1771	 1777	 1776	 0
1469	 1771	 1772	 1778	 1777	 0
1470	 1772	 427	 428	 1778	 0
1471	 519	 1773	 1779	 518	 0
1472	 1773	 1774	 1780	 1779	 0
1473	 1774	 1775	 1781	 1780	 0
1474	 1775	 1776	 1782	 1781	 0
1475	 1776	 1777	 1783	 1782	 0
1476	 1777	 1778	 1784	 1783	 0
1477	 1778	 428	 429	 1784	 0
1478	 518	 1779	 1785	 517	 0
1479	 1779	 1780	 1786	 1785	 0
1480	 1780	 1781	 1787	 1786	 0
1481	 1781	 1782	 1788	 1787	 0
1482	 1782	 1783	 1789	 1788	 0
1483	 1783	 1784	 1790	 1789	 0
1484	 1784	 429	 430	 1790	 0
1485	 517	 1785	 1791	 516	 0
1486	 1785	 1786	 1792	 1791	 0
1487	 1786	 1787	 1793	 1792	 0
1488	 1787	 1788	 1794	 1793	 0
1489	 1788	 1789	 1795	 1794	 0
1490	 1789	 1790	 1796	 1795	 0
1491	 1790	 430	 431	 1796	 0
1492	 516	 1791	 1797	 515	 0
1493	 1791	 1792	 1798	 1797	 0
1494	 1792	 1793	 1799	 1798	 0
1495	 1793	 1794	 1800	 1799	 0
1496	 1794	 1795	 1801	 1800	 0
1497	 1795	 1796	 1802	 1801	 0
1498	 1796	 431	 432	 1802	 0
1499	 515	 1797	 1803	 514	 0
1500	 1797	 1798	 1804	 1803	 0
1501	 1798	 1799	 1805	 1804	 0
1502	 1799	 1800	 1806	 1805	 0
1503	 1800	 1801	 1807	 1806	 0
1504	 1801	 1802	 1808	 1807	 0
1505	 1802	 432	 433	 1808	 0
1506	 514	 1803	 1809	 513	 0
1507	 1803	 1804	 1810	 1809	 0
1508	 1804	 1805	 1811	 1810	 0
1509	 1805	 1806	 1812	 1811	 0
1510	 1806	 1807	 1813	 1812	 0
1511	 1807	 1808	 1814	 1813	 0
1512	 1808	 433	 434	 1814	 0
1513	 513	 1809	 1815	 512	 0
1514	 1809	 1810	 1816	 1815	 0
1515	 1810	 1811	 1817	 1816	 0
1516	 1811	 1812	 1818	 1817	 0
1517	 1812	 1813	 1819	 1818	 0
1518	 1813	 1814	 1820	 1819	 0
1519	 1814	 434	 435	 1820	 0
1520	 512	 1815	 1821	 511	 0
1521	 1815	 1816	 1822	 1821	 0
1522	 1816	 1817	 1823	 1822	 0
1523	 1817	 1818	 1824	 1823	 0
1524	 1818	 1819	 1825	 1824	 0
1525	 1819	 1820	 1826	 1825	 0
1526	 1820	 435	 436	 1826	 0
1527	 511	 1821	 1827	 510	 0
1528	 1821	 1822	 1828	 1827	 0
1529	 1822	 1823	 1829	 1828	 0
1530	 1823	 1824	 1830	 1829	 0
1531	 1824	 1825	 1831	 1830	 0
1532	 1825	 1826	 1832	 1831	 0
1533	 1826	 436	 437	 1832	 0
1534	 510	 1827	 1833	 509	 0
1535	 1827	 1828	 1834	 1833	 0
1536	 1828	 1829	 1835	 1834	 0
1537	 1829	 1830	 1836	 1835	 0
1538	 1830	 1831	 1837	 1836	 0
1539	 1831	 1832	 1838	 1837	 0
1540	 1832	 437	 438	 1838	 0
1541	 509	 1833	 1839	 508	 0
1542	 1833	 1834	 1840	 1839	 0
1543	 1834	 1835	 1841	 1840	 0
1544	 1835	 1836	 1842	 1841	 0
1545	 1836	 1837	 1843	 1842	 0
1546	 1837	 1838	 1844	 1843	 0
1547	 1838	 438	 439	 1844	 0
1548	 508	 1839	 1845	 507	 0
1549	 1839	 1840	 1846	 1845	 0
1550	 1840	 1841	 1847	 1846	 0
1551	 1841	 1842	 1848	 1847	 0
1552	 1842	 1843	 1849	 1848	 0
1553	 1843	 1844	 1850	 1849	 0
1554	 1844	 439	 440	 1850	 0
1555	 507	 1845	 1851	 506	 0
1556	 1845	 1846	 1852	 1851	 0
1557	 1846	 1847	 1853	 1852	 0
1558	 1847	 1848	 1854	 1853	 0
1559	 1848	 1849	 1855	 1854	 0
1560	 1849	 1850	 1856	 1855	 0
1561	 1850	 440	 441	 1856	 0
1562	 506	 1851	 1857	 505	 0
1563	 1851	 1852	 1858	 1857	 0
1564	 1852	 1853	 1859	 1858	 0
1565	 1853	 1854	 1860	 1859	 0
1566	 1854	 1855	 1861	 1860	 0
1567	 1855	 1856	 1862	 1861	 0
1568	 1856	 441	 442	 1862	 0
1569	 505	 1857	 1863	 504	 0
1570	 1857	 1858	 1864	 1863	 0
1571	 1858	 1859	 1865	 1864	 0
1572	 1859	 1860	 1866	 1865	 0
1573	 1860	 1861	 1867	 1866	 0
1574	 1861	 1862	 1868	 1867	 0
1575	 1862	 442	 443	 1868	 0
1576	 504	 1863	 1869	 503	 0
1577	 1863	 1864	 1870	 1869	 0
1578	 1864	 1865	 1871	 1870	 0
1579	 1865	 1866	 1872	 1871	 0
1580	 1866	 1867	 1873	 1872	 0
1581	 1867	 1868	 1874	 1873	 0
1582	 1868	 443	 444	 1874	 0
1583	 503	 1869	 1875	 502	 0
1584	 1869	 1870	 1876	 1875	 0
1585	 1870	 1871	 1877	 1876	 0
1586	 1871	 1872	 1878	 1877	 0
1587	 1872	 1873	 1879	 1878	 0
1588	 1873	 1874	 1880	 1879	 0
1589	 1874	 444	 445	 1880	 0
1590	 502	 1875	 1881	 501	 0
1591	 1875	 1876	 1882	 1881	 0
1592	 1876	 1877	 1883	 1882	 0
1593	 1877	 1878	 1884	 1883	 0
1594	 1878	 1879	 1885	 1884	 0
1595	 1879	 1880	 1886	 1885	 0
1596	 1880	 445	 446	 1886	 0
1597	 501	 1881	 1887	 500	 0
1598	 1881	 1882	 1888	 1887	 0
1599	 1882	 1883	 1889	 1888	 0
1600	 1883	 1884	 1890	 1889	 0
1601	 1884	 1885	 1891	 1890	 0
1602	 1885	 1886	 1892	 1891	 0
1603	 1886	 446	 447	 1892	 0
1604	 500	 1887	 1893	 499	 0
1605	 1887	 1888	 1894	 1893	 0
1606	 1888	 1889	 1895	 1894	 0
1607	 1889	 1890	 1896	 1895	 0
1608	 1890	 1891	 1897	 1896	 0
1609	 1891	 1892	 1898	 1897	 0
1610	 1892	 447	 448	 1898	 0
1611	 499	 1893	 1899	 498	 0
1612	 1893	 1894	 1900	 1899	 0
1613	 1894	 1895	 1901	 1900	 0
1614	 1895	 1896	 1902	 1901	 0
1615	 1896	 1897	 1903	 1902	 0
1616	 1897	 1898	 1904	 1903	 0
1617	 1898	 448	 449	 1904	 0
1618	 498	 1899	 1905	 497	 0
1619	 1899	 1900	 1906	 1905	 0
1620	 1900	 1901	 1907	 1906	 0
1621	 1901	 1902	 1908	 1907	 0
1622	 1902	 1903	 1909	 1908	 0
1623	 1903	 1904	 1910	 1909	 0
1624	 1904	 449	 450	 1910	 0
1625	 497	 1905	 1911	 496	 0
1626	 1905	 1906	 1912	 1911	 0
1627	 1906	 1907	 1913	 1912	 0
1628	 1907	 1908	 1914	 1913	 0
1629	 1908	 1909	 1915	 1914	 0
1630	 1909	 1910	 1916	 1915	 0
1631	 1910	 450	 451	 1916	 0
1632	 496	 1911	 1917	 495	 0
1633	 1911	 1912	 1918	 1917	 0
1634	 1912	 1913	 1919	 1918	 0
1635	 1913	 1914	 1920	 1919	 0
1636	 1914	 1915	 1921	 1920	 0
1637	 1915	 1916	 1922	 1921	 0
1638	 1916	 451	 452	 1922	 0
1639	 495	 1917	 1923	 494	 0
1640	 1917	 1918	 1924	 1923	 0
1641	 1918	 1919	 1925	 1924	 0
1642	 1919	 1920	 1926	 1925	 0
1643	 1920	 1921	 1927	 1926	 0
1644	 1921	 1922	 1928	 1927	 0
1645	 1922	 452	 453	 1928	 0
1646	 494	 1923	 1929	 493	 0
1647	 1923	 1924	 1930	 1929	 0
1648	 1924	 1925	 1931	 1930	 0
1649	 1925	 1926	 1932	 1931	 0
1650	 1926	 1927	 1933	 1932	 0
1651	 1927	 1928	 1934	 1933	 0
1652	 1928	 453	 454	 1934	 0
1653	 493	 1929	 1935	 492	 0
1654	 1929	 1930	 1936	 1935	 0
1655	 1930	 1931	 1937	 1936	 0
1656	 1931	 1932	 1938	 1937	 0
1657	 1932	 1933	 1939	 1938	 0
1658	 1933	 1934	 1940	 1939	 0
1659	 1934	 454	 455	 1940	 0
1660	 492	 1935	 1941	 491	 0
1661	 1935	 1936	 1942	 1941	 0
1662	 1936	 1937	 1943	 1942	 0
1663	 1937	 1938	 1944	 1943	 0
1664	 1938	 1939	 1945	 1944	 0
1665	 1939	 1940	 1946	 1945	 0
1666	 1940	 455	 456	 1946	 0
1667	 491	 1941	 1947	 490	 0
1668	 1941	 1942	 1948	 1947	 0
1669	 1942	 1943	 1949	 1948	 0
1670	 1943	 1944	 1950	 1949	 0
1671	 1944	 1945	 1951	 1950	 0
1672	 1945	 1946	 1952	 1951	 0
1673	 1946	 456	 457	 1952	 0
1674	 490	 1947	 1953	 489	 0
1675	 1947	 1948	 1954	 1953	 0
1676	 1948	 1949	 1955	 1954	 0
1677	 1949	 1950	 1956	 1955	 0
1678	 1950	 1951	 1957	 1956	 0
1679	 1951	 1952	 1958	 1957	 0
1680	 1952	 457	 458	 1958	 0
1681	 489	 1953	 1959	 488	 0
1682	 1953	 1954	 1960	 1959	 0
1683	 1954	 1955	 1961	 1960	 0
1684	 1955	 1956	 1962	 1961	 0
1685	 1956	 1957	 1963	 1962	 0
1686	 1957	 1958	 1964	 1963	 0
1687	 1958	 458	 459	 1964	 0
1688	 488	 1959	 1965	 487	 0
1689	 1959	 1960	 1966	 1965	 0
1690	 1960	 1961	 1967	 1966	 0
1691	 1961	 1962	 1968	 1967	 0
1692	 1962	 1963	 1969	 1968	 0
1693	 1963	 1964	 1970	 1969	 0
1694	 1964	 459	 460	 1970	 0
1695	 487	 1965	 1971	 486	 0
1696	 1965	 1966	 1972	 1971	 0
1697	 1966	 1967	 1973	 1972	 0
1698	 1967	 1968	 1974	 1973	 0
1699	 1968	 1969	 1975	 1974	 0
1700	 1969	 1970	 1976	 1975	 0
1701	 1970	 460	 461	 1976	 0
1702	 486	 1971	 1977	 485	 0
1703	 1971	 1972	 1978	 1977	 0
1704	 1972	 1973	 1979	 1978	 0
1705	 1973	 1974	 1980	 1979	 0
1706	 1974	 1975	 1981	 1980	 0
1707	 1975	 1976	 1982	 1981	 0
1708	 1976	 461	 462	 1982	 0
1709	 485	 1977	 1983	 484	 0
1710	 1977	 1978	 1984	 1983	 0
1711	 1978	 1979	 1985	 1984	 0
1712	 1979	 1980	 1986	 1985	 0
1713	 1980	 1981	 1987	 1986	 0
1714	 1981	 1982	 1988	 1987	 0
1715	 1982	 462	 463	 1988	 0
1716	 484	 1983	 1989	 483	 0
1717	 1983	 1984	 1990	 1989	 0
1718	 1984	 1985	 1991	 1990	 0
1719	 1985	 1986	 1992	 1991	 0
1720	 1986	 1987	 1993	 1992	 0
1721	 1987	 1988	 1994	 1993	 0
1722	 1988	 463	 464	 1994	 0
1723	 483	 1989	 1995	 482	 0
1724	 1989	 1990	 1996	 1995	 0
1725	 1990	 1991	 1997	 1996	 0
1726	 1991	 1992	 1998	 1997	 0
1727	 1992	 1993	 1999	 1998	 0
1728	 1993	 1994	 2000	 1999	 0
1729	 1994	 464	 465	 2000	 0
1730	 482	 1995	 2001	 481	 0
1731	 1995	 1996	 2002	 2001	 0
1732	 1996	 1997	 2003	 2002	 0
1733	 1997	 1998	 2004	 2003	 0
1734	 1998	 1999	 2005	 2004	 0
1735	 1999	 2000	 2006	 2005	 0
1736	 2000	 465	 466	 2006	 0
1737	 481	 2001	 2007	 480	 0
1738	 2001	 2002	 2008	 2007	 0
1739	 2002	 2003	 2009	 2008	 0
1740	 2003	 2004	 2010	 2009	 0
1741	 2004	 2005	 2011	 2010	 0
1742	 2005	 2006	 2012	 2011	 0
1743	 2006	 466	 467	 2012	 0
1744	 480	 2007	 2013	 479	 0
1745	 2007	 2008	 2014	 2013	 0
1746	 2008	 2009	 2015	 2014	 0
1747	 2009	 2010	 2016	 2015	 0
1748	 2010	 2011	 2017	 2016	 0
1749	 2011	 2012	 2018	 2017	 0
1750	 2012	 467	 468	 2018	 0
1751	 479	 2013	 2019	 478	 0
1752	 2013	 2014	 2020	 2019	 0
1753	 2014	 2015	 2021	 2020	 0
1754	 2015	 2016	 2022	 2021	 0
1755	 2016	 2017	 2023	 2022	 0
1756	 2017	 2018	 2024	 2023	 0
1757	 2018	 468	 469	 2024	 0
1758	 478	 2019	 2025	 477	 0
1759	 2019	 2020	 2026	 2025	 0
1760	 2020	 2021	 2027	 2026	 0
1761	 2021	 2022	 2028	 2027	 0
1762	 2022	 2023	 2029	 2028	 0
1763	 2023	 2024	 2030	 2029	 0
1764	 2024	 469	 470	 2030	 0
1765	 477	 2025	 2031	 476	 0
1766	 2025	 2026	 2032	 2031	 0
1767	 2026	 2027	 2033	 2032	 0
1768	 2027	 2028	 2034	 2033	 0
1769	 2028	 2029	 2035	 2034	 0
1770	 2029	 2030	 2036	 2035	 0
1771	 2030	 470	 471	 2036	 0
1772	 476	 2031	 2037	 475	 0
1773	 2031	 2032	 2038	 2037	 0
1774	 2032	 2033	 2039	 2038	 0
1775	 2033	 2034	 2040	 2039	 0
1776	 2034	 2035	 2041	 2040	 0
1777	 2035	 2036	 2042	 2041	 0
1778	 2036	 471	 472	 2042	 0
1779	 475	 2037	 2043	 474	 0
1780	 2037	 2038	 2044	 2043	 0
1781	 2038	 2039	 2045	 2044	 0
1782	 2039	 2040	 2046	 2045	 0
1783	 2040	 2041	 2047	 2046	 0
1784	 2041	 2042	 2048	 2047	 0
1785	 2042	 472	 473	 2048	 0
1786	 474	 2043	 147	 5	 0
1787	 2043	 2044	 148	 147	 0
1788	 2044	 2045	 149	 148	 0
1789	 2045	 2046	 150	 149	 0
1790	 2046	 2047	 151	 150	 0
1791	 2047	 2048	 152	 151	 0
1792	 2048	 473	 6	 152	 0
