  0.000  0.000
  0.031  0.000
  0.063  0.000
  0.094  0.000
  0.125  0.000
  0.156  0.000
  0.188  0.000
  0.219  0.000
  0.250  0.000
  0.281  0.000
  0.313  0.000
  0.344  0.000
  0.375  0.000
  0.406  0.000
  0.438  0.000
  0.469  0.000
  0.500  0.000
  0.531  0.000
  0.563  0.000
  0.594  0.000
  0.625  0.000
  0.656  0.000
  0.688  0.000
  0.719  0.000
  0.750  0.000
  0.781  0.000
  0.813  0.000
  0.844  0.000
  0.875  0.000
  0.906  0.000
  0.938  0.000
  0.969  0.000
  1.000  0.000
  1.031  0.000
  1.063  0.000
  1.094  0.000
  1.125  0.000
  1.156  0.000
  1.188  0.000
  1.219  0.000
  1.250  0.000
  1.281  0.000
  1.313  0.000
  1.344  0.000
  1.375  0.000
  1.406  0.000
  1.438  0.000
  1.469  0.000
  1.500  0.000
  1.531  0.000
  1.563  0.000
  1.594  0.000
  1.625  0.000
  1.656  0.000
  1.688  0.000
  1.719  0.000
  1.750  0.000
  1.781  0.000
  1.813  0.000
  1.844  0.000
  1.875  0.000
  1.906  0.000
  1.938  0.000
  1.969  0.000
  2.000  0.000
  0.000  0.031
  0.031  0.031
  0.063  0.031
  0.094  0.031
  0.125  0.031
  0.156  0.031
  0.188  0.031
  0.219  0.031
  0.250  0.031
  0.281  0.031
  0.313  0.031
  0.344  0.031
  0.375  0.031
  0.406  0.031
  0.438  0.031
  0.469  0.031
  0.500  0.031
  0.531  0.031
  0.563  0.031
  0.594  0.031
  0.625  0.031
  0.656  0.031
  0.688  0.031
  0.719  0.031
  0.750  0.031
  0.781  0.031
  0.813  0.031
  0.844  0.031
  0.875  0.031
  0.906  0.031
  0.938  0.031
  0.969  0.031
  1.000  0.031
  1.031  0.031
  1.063  0.031
  1.094  0.031
  1.125  0.031
  1.156  0.031
  1.188  0.031
  1.219  0.031
  1.250  0.031
  1.281  0.031
  1.313  0.031
  1.344  0.031
  1.375  0.031
  1.406  0.031
  1.438  0.031
  1.469  0.031
  1.500  0.031
  1.531  0.031
  1.563  0.031
  1.594  0.031
  1.625  0.031
  1.656  0.031
  1.688  0.031
  1.719  0.031
  1.750  0.031
  1.781  0.031
  1.813  0.031
  1.844  0.031
  1.875  0.031
  1.906  0.031
  1.938  0.031
  1.969  0.031
  2.000  0.031
  0.000  0.063
  0.031  0.063
  0.063  0.063
  0.094  0.063
  0.125  0.063
  0.156  0.063
  0.188  0.063
  0.219  0.063
  0.250  0.063
  0.281  0.063
  0.313  0.063
  0.344  0.063
  0.375  0.063
  0.406  0.063
  0.438  0.063
  0.469  0.063
  0.500  0.063
  0.531  0.063
  0.563  0.063
  0.594  0.063
  0.625  0.063
  0.656  0.063
  0.688  0.063
  0.719  0.063
  0.750  0.063
  0.781  0.063
  0.813  0.063
  0.844  0.063
  0.875  0.063
  0.906  0.063
  0.938  0.063
  0.969  0.063
  1.000  0.063
  1.031  0.063
  1.063  0.063
  1.094  0.063
  1.125  0.063
  1.156  0.063
  1.188  0.063
  1.219  0.063
  1.250  0.063
  1.281  0.063
  1.313  0.063
  1.344  0.063
  1.375  0.063
  1.406  0.063
  1.438  0.063
  1.469  0.063
  1.500  0.063
  1.531  0.063
  1.563  0.063
  1.594  0.063
  1.625  0.063
  1.656  0.063
  1.688  0.063
  1.719  0.063
  1.750  0.063
  1.781  0.063
  1.813  0.063
  1.844  0.063
  1.875  0.063
  1.906  0.063
  1.938  0.063
  1.969  0.063
  2.000  0.063
  0.000  0.094
  0.031  0.094
  0.063  0.094
  0.094  0.094
  0.125  0.094
  0.156  0.094
  0.188  0.094
  0.219  0.094
  0.250  0.094
  0.281  0.094
  0.313  0.094
  0.344  0.094
  0.375  0.094
  0.406  0.094
  0.438  0.094
  0.469  0.094
  0.500  0.094
  0.531  0.094
  0.563  0.094
  0.594  0.094
  0.625  0.094
  0.656  0.094
  0.688  0.094
  0.719  0.094
  0.750  0.094
  0.781  0.094
  0.813  0.094
  0.844  0.094
  0.875  0.094
  0.906  0.094
  0.938  0.094
  0.969  0.094
  1.000  0.094
  1.031  0.094
  1.063  0.094
  1.094  0.094
  1.125  0.094
  1.156  0.094
  1.188  0.094
  1.219  0.094
  1.250  0.094
  1.281  0.094
  1.313  0.094
  1.344  0.094
  1.375  0.094
  1.406  0.094
  1.438  0.094
  1.469  0.094
  1.500  0.094
  1.531  0.094
  1.563  0.094
  1.594  0.094
  1.625  0.094
  1.656  0.094
  1.688  0.094
  1.719  0.094
  1.750  0.094
  1.781  0.094
  1.813  0.094
  1.844  0.094
  1.875  0.094
  1.906  0.094
  1.938  0.094
  1.969  0.094
  2.000  0.094
  0.000  0.125
  0.031  0.125
  0.063  0.125
  0.094  0.125
  0.125  0.125
  0.156  0.125
  0.188  0.125
  0.219  0.125
  0.250  0.125
  0.281  0.125
  0.313  0.125
  0.344  0.125
  0.375  0.125
  0.406  0.125
  0.438  0.125
  0.469  0.125
  0.500  0.125
  0.531  0.125
  0.563  0.125
  0.594  0.125
  0.625  0.125
  0.656  0.125
  0.688  0.125
  0.719  0.125
  0.750  0.125
  0.781  0.125
  0.813  0.125
  0.844  0.125
  0.875  0.125
  0.906  0.125
  0.938  0.125
  0.969  0.125
  1.000  0.125
  1.031  0.125
  1.063  0.125
  1.094  0.125
  1.125  0.125
  1.156  0.125
  1.188  0.125
  1.219  0.125
  1.250  0.125
  1.281  0.125
  1.313  0.125
  1.344  0.125
  1.375  0.125
  1.406  0.125
  1.438  0.125
  1.469  0.125
  1.500  0.125
  1.531  0.125
  1.563  0.125
  1.594  0.125
  1.625  0.125
  1.656  0.125
  1.688  0.125
  1.719  0.125
  1.750  0.125
  1.781  0.125
  1.813  0.125
  1.844  0.125
  1.875  0.125
  1.906  0.125
  1.938  0.125
  1.969  0.125
  2.000  0.125
  0.000  0.156
  0.031  0.156
  0.063  0.156
  0.094  0.156
  0.125  0.156
  0.156  0.156
  0.188  0.156
  0.219  0.156
  0.250  0.156
  0.281  0.156
  0.313  0.156
  0.344  0.156
  0.375  0.156
  0.406  0.156
  0.438  0.156
  0.469  0.156
  0.500  0.156
  0.531  0.156
  0.563  0.156
  0.594  0.156
  0.625  0.156
  0.656  0.156
  0.688  0.156
  0.719  0.156
  0.750  0.156
  0.781  0.156
  0.813  0.156
  0.844  0.156
  0.875  0.156
  0.906  0.156
  0.938  0.156
  0.969  0.156
  1.000  0.156
  1.031  0.156
  1.063  0.156
  1.094  0.156
  1.125  0.156
  1.156  0.156
  1.188  0.156
  1.219  0.156
  1.250  0.156
  1.281  0.156
  1.313  0.156
  1.344  0.156
  1.375  0.156
  1.406  0.156
  1.438  0.156
  1.469  0.156
  1.500  0.156
  1.531  0.156
  1.563  0.156
  1.594  0.156
  1.625  0.156
  1.656  0.156
  1.688  0.156
  1.719  0.156
  1.750  0.156
  1.781  0.156
  1.813  0.156
  1.844  0.156
  1.875  0.156
  1.906  0.156
  1.938  0.156
  1.969  0.156
  2.000  0.156
  0.000  0.188
  0.031  0.188
  0.063  0.188
  0.094  0.188
  0.125  0.188
  0.156  0.188
  0.188  0.188
  0.219  0.188
  0.250  0.188
  0.281  0.188
  0.313  0.188
  0.344  0.188
  0.375  0.188
  0.406  0.188
  0.438  0.188
  0.469  0.188
  0.500  0.188
  0.531  0.188
  0.563  0.188
  0.594  0.188
  0.625  0.188
  0.656  0.188
  0.688  0.188
  0.719  0.188
  0.750  0.188
  0.781  0.188
  0.813  0.188
  0.844  0.188
  0.875  0.188
  0.906  0.188
  0.938  0.188
  0.969  0.188
  1.000  0.188
  1.031  0.188
  1.063  0.188
  1.094  0.188
  1.125  0.188
  1.156  0.188
  1.188  0.188
  1.219  0.188
  1.250  0.188
  1.281  0.188
  1.313  0.188
  1.344  0.188
  1.375  0.188
  1.406  0.188
  1.438  0.188
  1.469  0.188
  1.500  0.188
  1.531  0.188
  1.563  0.188
  1.594  0.188
  1.625  0.188
  1.656  0.188
  1.688  0.188
  1.719  0.188
  1.750  0.188
  1.781  0.188
  1.813  0.188
  1.844  0.188
  1.875  0.188
  1.906  0.188
  1.938  0.188
  1.969  0.188
  2.000  0.188
  0.000  0.219
  0.031  0.219
  0.063  0.219
  0.094  0.219
  0.125  0.219
  0.156  0.219
  0.188  0.219
  0.219  0.219
  0.250  0.219
  0.281  0.219
  0.313  0.219
  0.344  0.219
  0.375  0.219
  0.406  0.219
  0.438  0.219
  0.469  0.219
  0.500  0.219
  0.531  0.219
  0.563  0.219
  0.594  0.219
  0.625  0.219
  0.656  0.219
  0.688  0.219
  0.719  0.219
  0.750  0.219
  0.781  0.219
  0.813  0.219
  0.844  0.219
  0.875  0.219
  0.906  0.219
  0.938  0.219
  0.969  0.219
  1.000  0.219
  1.031  0.219
  1.063  0.219
  1.094  0.219
  1.125  0.219
  1.156  0.219
  1.188  0.219
  1.219  0.219
  1.250  0.219
  1.281  0.219
  1.313  0.219
  1.344  0.219
  1.375  0.219
  1.406  0.219
  1.438  0.219
  1.469  0.219
  1.500  0.219
  1.531  0.219
  1.563  0.219
  1.594  0.219
  1.625  0.219
  1.656  0.219
  1.688  0.219
  1.719  0.219
  1.750  0.219
  1.781  0.219
  1.813  0.219
  1.844  0.219
  1.875  0.219
  1.906  0.219
  1.938  0.219
  1.969  0.219
  2.000  0.219
  0.000  0.250
  0.031  0.250
  0.063  0.250
  0.094  0.250
  0.125  0.250
  0.156  0.250
  0.188  0.250
  0.219  0.250
  0.250  0.250
  0.281  0.250
  0.313  0.250
  0.344  0.250
  0.375  0.250
  0.406  0.250
  0.438  0.250
  0.469  0.250
  0.500  0.250
  0.531  0.250
  0.563  0.250
  0.594  0.250
  0.625  0.250
  0.656  0.250
  0.688  0.250
  0.719  0.250
  0.750  0.250
  0.781  0.250
  0.813  0.250
  0.844  0.250
  0.875  0.250
  0.906  0.250
  0.938  0.250
  0.969  0.250
  1.000  0.250
  1.031  0.250
  1.063  0.250
  1.094  0.250
  1.125  0.250
  1.156  0.250
  1.188  0.250
  1.219  0.250
  1.250  0.250
  1.281  0.250
  1.313  0.250
  1.344  0.250
  1.375  0.250
  1.406  0.250
  1.438  0.250
  1.469  0.250
  1.500  0.250
  1.531  0.250
  1.563  0.250
  1.594  0.250
  1.625  0.250
  1.656  0.250
  1.688  0.250
  1.719  0.250
  1.750  0.250
  1.781  0.250
  1.813  0.250
  1.844  0.250
  1.875  0.250
  1.906  0.250
  1.938  0.250
  1.969  0.250
  2.000  0.250
  0.000  0.281
  0.031  0.281
  0.063  0.281
  0.094  0.281
  0.125  0.281
  0.156  0.281
  0.188  0.281
  0.219  0.281
  0.250  0.281
  0.281  0.281
  0.313  0.281
  0.344  0.281
  0.375  0.281
  0.406  0.281
  0.438  0.281
  0.469  0.281
  0.500  0.281
  0.531  0.281
  0.563  0.281
  0.594  0.281
  0.625  0.281
  0.656  0.281
  0.688  0.281
  0.719  0.281
  0.750  0.281
  0.781  0.281
  0.813  0.281
  0.844  0.281
  0.875  0.281
  0.906  0.281
  0.938  0.281
  0.969  0.281
  1.000  0.281
  1.031  0.281
  1.063  0.281
  1.094  0.281
  1.125  0.281
  1.156  0.281
  1.188  0.281
  1.219  0.281
  1.250  0.281
  1.281  0.281
  1.313  0.281
  1.344  0.281
  1.375  0.281
  1.406  0.281
  1.438  0.281
  1.469  0.281
  1.500  0.281
  1.531  0.281
  1.563  0.281
  1.594  0.281
  1.625  0.281
  1.656  0.281
  1.688  0.281
  1.719  0.281
  1.750  0.281
  1.781  0.281
  1.813  0.281
  1.844  0.281
  1.875  0.281
  1.906  0.281
  1.938  0.281
  1.969  0.281
  2.000  0.281
  0.000  0.313
  0.031  0.313
  0.063  0.313
  0.094  0.313
  0.125  0.313
  0.156  0.313
  0.188  0.313
  0.219  0.313
  0.250  0.313
  0.281  0.313
  0.313  0.313
  0.344  0.313
  0.375  0.313
  0.406  0.313
  0.438  0.313
  0.469  0.313
  0.500  0.313
  0.531  0.313
  0.563  0.313
  0.594  0.313
  0.625  0.313
  0.656  0.313
  0.688  0.313
  0.719  0.313
  0.750  0.313
  0.781  0.313
  0.813  0.313
  0.844  0.313
  0.875  0.313
  0.906  0.313
  0.938  0.313
  0.969  0.313
  1.000  0.313
  1.031  0.313
  1.063  0.313
  1.094  0.313
  1.125  0.313
  1.156  0.313
  1.188  0.313
  1.219  0.313
  1.250  0.313
  1.281  0.313
  1.313  0.313
  1.344  0.313
  1.375  0.313
  1.406  0.313
  1.438  0.313
  1.469  0.313
  1.500  0.313
  1.531  0.313
  1.563  0.313
  1.594  0.313
  1.625  0.313
  1.656  0.313
  1.688  0.313
  1.719  0.313
  1.750  0.313
  1.781  0.313
  1.813  0.313
  1.844  0.313
  1.875  0.313
  1.906  0.313
  1.938  0.313
  1.969  0.313
  2.000  0.313
  0.000  0.344
  0.031  0.344
  0.063  0.344
  0.094  0.344
  0.125  0.344
  0.156  0.344
  0.188  0.344
  0.219  0.344
  0.250  0.344
  0.281  0.344
  0.313  0.344
  0.344  0.344
  0.375  0.344
  0.406  0.344
  0.438  0.344
  0.469  0.344
  0.500  0.344
  0.531  0.344
  0.563  0.344
  0.594  0.344
  0.625  0.344
  0.656  0.344
  0.688  0.344
  0.719  0.344
  0.750  0.344
  0.781  0.344
  0.813  0.344
  0.844  0.344
  0.875  0.344
  0.906  0.344
  0.938  0.344
  0.969  0.344
  1.000  0.344
  1.031  0.344
  1.063  0.344
  1.094  0.344
  1.125  0.344
  1.156  0.344
  1.188  0.344
  1.219  0.344
  1.250  0.344
  1.281  0.344
  1.313  0.344
  1.344  0.344
  1.375  0.344
  1.406  0.344
  1.438  0.344
  1.469  0.344
  1.500  0.344
  1.531  0.344
  1.563  0.344
  1.594  0.344
  1.625  0.344
  1.656  0.344
  1.688  0.344
  1.719  0.344
  1.750  0.344
  1.781  0.344
  1.813  0.344
  1.844  0.344
  1.875  0.344
  1.906  0.344
  1.938  0.344
  1.969  0.344
  2.000  0.344
  0.000  0.375
  0.031  0.375
  0.063  0.375
  0.094  0.375
  0.125  0.375
  0.156  0.375
  0.188  0.375
  0.219  0.375
  0.250  0.375
  0.281  0.375
  0.313  0.375
  0.344  0.375
  0.375  0.375
  0.406  0.375
  0.438  0.375
  0.469  0.375
  0.500  0.375
  0.531  0.375
  0.563  0.375
  0.594  0.375
  0.625  0.375
  0.656  0.375
  0.688  0.375
  0.719  0.375
  0.750  0.375
  0.781  0.375
  0.813  0.375
  0.844  0.375
  0.875  0.375
  0.906  0.375
  0.938  0.375
  0.969  0.375
  1.000  0.375
  1.031  0.375
  1.063  0.375
  1.094  0.375
  1.125  0.375
  1.156  0.375
  1.188  0.375
  1.219  0.375
  1.250  0.375
  1.281  0.375
  1.313  0.375
  1.344  0.375
  1.375  0.375
  1.406  0.375
  1.438  0.375
  1.469  0.375
  1.500  0.375
  1.531  0.375
  1.563  0.375
  1.594  0.375
  1.625  0.375
  1.656  0.375
  1.688  0.375
  1.719  0.375
  1.750  0.375
  1.781  0.375
  1.813  0.375
  1.844  0.375
  1.875  0.375
  1.906  0.375
  1.938  0.375
  1.969  0.375
  2.000  0.375
  0.000  0.406
  0.031  0.406
  0.063  0.406
  0.094  0.406
  0.125  0.406
  0.156  0.406
  0.188  0.406
  0.219  0.406
  0.250  0.406
  0.281  0.406
  0.313  0.406
  0.344  0.406
  0.375  0.406
  0.406  0.406
  0.438  0.406
  0.469  0.406
  0.500  0.406
  0.531  0.406
  0.563  0.406
  0.594  0.406
  0.625  0.406
  0.656  0.406
  0.688  0.406
  0.719  0.406
  0.750  0.406
  0.781  0.406
  0.813  0.406
  0.844  0.406
  0.875  0.406
  0.906  0.406
  0.938  0.406
  0.969  0.406
  1.000  0.406
  1.031  0.406
  1.063  0.406
  1.094  0.406
  1.125  0.406
  1.156  0.406
  1.188  0.406
  1.219  0.406
  1.250  0.406
  1.281  0.406
  1.313  0.406
  1.344  0.406
  1.375  0.406
  1.406  0.406
  1.438  0.406
  1.469  0.406
  1.500  0.406
  1.531  0.406
  1.563  0.406
  1.594  0.406
  1.625  0.406
  1.656  0.406
  1.688  0.406
  1.719  0.406
  1.750  0.406
  1.781  0.406
  1.813  0.406
  1.844  0.406
  1.875  0.406
  1.906  0.406
  1.938  0.406
  1.969  0.406
  2.000  0.406
  0.000  0.438
  0.031  0.438
  0.063  0.438
  0.094  0.438
  0.125  0.438
  0.156  0.438
  0.188  0.438
  0.219  0.438
  0.250  0.438
  0.281  0.438
  0.313  0.438
  0.344  0.438
  0.375  0.438
  0.406  0.438
  0.438  0.438
  0.469  0.438
  0.500  0.438
  0.531  0.438
  0.563  0.438
  0.594  0.438
  0.625  0.438
  0.656  0.438
  0.688  0.438
  0.719  0.438
  0.750  0.438
  0.781  0.438
  0.813  0.438
  0.844  0.438
  0.875  0.438
  0.906  0.438
  0.938  0.438
  0.969  0.438
  1.000  0.438
  1.031  0.438
  1.063  0.438
  1.094  0.438
  1.125  0.438
  1.156  0.438
  1.188  0.438
  1.219  0.438
  1.250  0.438
  1.281  0.438
  1.313  0.438
  1.344  0.438
  1.375  0.438
  1.406  0.438
  1.438  0.438
  1.469  0.438
  1.500  0.438
  1.531  0.438
  1.563  0.438
  1.594  0.438
  1.625  0.438
  1.656  0.438
  1.688  0.438
  1.719  0.438
  1.750  0.438
  1.781  0.438
  1.813  0.438
  1.844  0.438
  1.875  0.438
  1.906  0.438
  1.938  0.438
  1.969  0.438
  2.000  0.438
  0.000  0.469
  0.031  0.469
  0.063  0.469
  0.094  0.469
  0.125  0.469
  0.156  0.469
  0.188  0.469
  0.219  0.469
  0.250  0.469
  0.281  0.469
  0.313  0.469
  0.344  0.469
  0.375  0.469
  0.406  0.469
  0.438  0.469
  0.469  0.469
  0.500  0.469
  0.531  0.469
  0.563  0.469
  0.594  0.469
  0.625  0.469
  0.656  0.469
  0.688  0.469
  0.719  0.469
  0.750  0.469
  0.781  0.469
  0.813  0.469
  0.844  0.469
  0.875  0.469
  0.906  0.469
  0.938  0.469
  0.969  0.469
  1.000  0.469
  1.031  0.469
  1.063  0.469
  1.094  0.469
  1.125  0.469
  1.156  0.469
  1.188  0.469
  1.219  0.469
  1.250  0.469
  1.281  0.469
  1.313  0.469
  1.344  0.469
  1.375  0.469
  1.406  0.469
  1.438  0.469
  1.469  0.469
  1.500  0.469
  1.531  0.469
  1.563  0.469
  1.594  0.469
  1.625  0.469
  1.656  0.469
  1.688  0.469
  1.719  0.469
  1.750  0.469
  1.781  0.469
  1.813  0.469
  1.844  0.469
  1.875  0.469
  1.906  0.469
  1.938  0.469
  1.969  0.469
  2.000  0.469
  0.000  0.500
  0.031  0.500
  0.063  0.500
  0.094  0.500
  0.125  0.500
  0.156  0.500
  0.188  0.500
  0.219  0.500
  0.250  0.500
  0.281  0.500
  0.313  0.500
  0.344  0.500
  0.375  0.500
  0.406  0.500
  0.438  0.500
  0.469  0.500
  0.500  0.500
  0.531  0.500
  0.563  0.500
  0.594  0.500
  0.625  0.500
  0.656  0.500
  0.688  0.500
  0.719  0.500
  0.750  0.500
  0.781  0.500
  0.813  0.500
  0.844  0.500
  0.875  0.500
  0.906  0.500
  0.938  0.500
  0.969  0.500
  1.000  0.500
  1.031  0.500
  1.063  0.500
  1.094  0.500
  1.125  0.500
  1.156  0.500
  1.188  0.500
  1.219  0.500
  1.250  0.500
  1.281  0.500
  1.313  0.500
  1.344  0.500
  1.375  0.500
  1.406  0.500
  1.438  0.500
  1.469  0.500
  1.500  0.500
  1.531  0.500
  1.563  0.500
  1.594  0.500
  1.625  0.500
  1.656  0.500
  1.688  0.500
  1.719  0.500
  1.750  0.500
  1.781  0.500
  1.813  0.500
  1.844  0.500
  1.875  0.500
  1.906  0.500
  1.938  0.500
  1.969  0.500
  2.000  0.500
  0.000  0.531
  0.031  0.531
  0.063  0.531
  0.094  0.531
  0.125  0.531
  0.156  0.531
  0.188  0.531
  0.219  0.531
  0.250  0.531
  0.281  0.531
  0.313  0.531
  0.344  0.531
  0.375  0.531
  0.406  0.531
  0.438  0.531
  0.469  0.531
  0.500  0.531
  0.531  0.531
  0.563  0.531
  0.594  0.531
  0.625  0.531
  0.656  0.531
  0.688  0.531
  0.719  0.531
  0.750  0.531
  0.781  0.531
  0.813  0.531
  0.844  0.531
  0.875  0.531
  0.906  0.531
  0.938  0.531
  0.969  0.531
  1.000  0.531
  1.031  0.531
  1.063  0.531
  1.094  0.531
  1.125  0.531
  1.156  0.531
  1.188  0.531
  1.219  0.531
  1.250  0.531
  1.281  0.531
  1.313  0.531
  1.344  0.531
  1.375  0.531
  1.406  0.531
  1.438  0.531
  1.469  0.531
  1.500  0.531
  1.531  0.531
  1.563  0.531
  1.594  0.531
  1.625  0.531
  1.656  0.531
  1.688  0.531
  1.719  0.531
  1.750  0.531
  1.781  0.531
  1.813  0.531
  1.844  0.531
  1.875  0.531
  1.906  0.531
  1.938  0.531
  1.969  0.531
  2.000  0.531
  0.000  0.563
  0.031  0.563
  0.063  0.563
  0.094  0.563
  0.125  0.563
  0.156  0.563
  0.188  0.563
  0.219  0.563
  0.250  0.563
  0.281  0.563
  0.313  0.563
  0.344  0.563
  0.375  0.563
  0.406  0.563
  0.438  0.563
  0.469  0.563
  0.500  0.563
  0.531  0.563
  0.563  0.563
  0.594  0.563
  0.625  0.563
  0.656  0.563
  0.688  0.563
  0.719  0.563
  0.750  0.563
  0.781  0.563
  0.813  0.563
  0.844  0.563
  0.875  0.563
  0.906  0.563
  0.938  0.563
  0.969  0.563
  1.000  0.563
  1.031  0.563
  1.063  0.563
  1.094  0.563
  1.125  0.563
  1.156  0.563
  1.188  0.563
  1.219  0.563
  1.250  0.563
  1.281  0.563
  1.313  0.563
  1.344  0.563
  1.375  0.563
  1.406  0.563
  1.438  0.563
  1.469  0.563
  1.500  0.563
  1.531  0.563
  1.563  0.563
  1.594  0.563
  1.625  0.563
  1.656  0.563
  1.688  0.563
  1.719  0.563
  1.750  0.563
  1.781  0.563
  1.813  0.563
  1.844  0.563
  1.875  0.563
  1.906  0.563
  1.938  0.563
  1.969  0.563
  2.000  0.563
  0.000  0.594
  0.031  0.594
  0.063  0.594
  0.094  0.594
  0.125  0.594
  0.156  0.594
  0.188  0.594
  0.219  0.594
  0.250  0.594
  0.281  0.594
  0.313  0.594
  0.344  0.594
  0.375  0.594
  0.406  0.594
  0.438  0.594
  0.469  0.594
  0.500  0.594
  0.531  0.594
  0.563  0.594
  0.594  0.594
  0.625  0.594
  0.656  0.594
  0.688  0.594
  0.719  0.594
  0.750  0.594
  0.781  0.594
  0.813  0.594
  0.844  0.594
  0.875  0.594
  0.906  0.594
  0.938  0.594
  0.969  0.594
  1.000  0.594
  1.031  0.594
  1.063  0.594
  1.094  0.594
  1.125  0.594
  1.156  0.594
  1.188  0.594
  1.219  0.594
  1.250  0.594
  1.281  0.594
  1.313  0.594
  1.344  0.594
  1.375  0.594
  1.406  0.594
  1.438  0.594
  1.469  0.594
  1.500  0.594
  1.531  0.594
  1.563  0.594
  1.594  0.594
  1.625  0.594
  1.656  0.594
  1.688  0.594
  1.719  0.594
  1.750  0.594
  1.781  0.594
  1.813  0.594
  1.844  0.594
  1.875  0.594
  1.906  0.594
  1.938  0.594
  1.969  0.594
  2.000  0.594
  0.000  0.625
  0.031  0.625
  0.063  0.625
  0.094  0.625
  0.125  0.625
  0.156  0.625
  0.188  0.625
  0.219  0.625
  0.250  0.625
  0.281  0.625
  0.313  0.625
  0.344  0.625
  0.375  0.625
  0.406  0.625
  0.438  0.625
  0.469  0.625
  0.500  0.625
  0.531  0.625
  0.563  0.625
  0.594  0.625
  0.625  0.625
  0.656  0.625
  0.688  0.625
  0.719  0.625
  0.750  0.625
  0.781  0.625
  0.813  0.625
  0.844  0.625
  0.875  0.625
  0.906  0.625
  0.938  0.625
  0.969  0.625
  1.000  0.625
  1.031  0.625
  1.063  0.625
  1.094  0.625
  1.125  0.625
  1.156  0.625
  1.188  0.625
  1.219  0.625
  1.250  0.625
  1.281  0.625
  1.313  0.625
  1.344  0.625
  1.375  0.625
  1.406  0.625
  1.438  0.625
  1.469  0.625
  1.500  0.625
  1.531  0.625
  1.563  0.625
  1.594  0.625
  1.625  0.625
  1.656  0.625
  1.688  0.625
  1.719  0.625
  1.750  0.625
  1.781  0.625
  1.813  0.625
  1.844  0.625
  1.875  0.625
  1.906  0.625
  1.938  0.625
  1.969  0.625
  2.000  0.625
  0.000  0.656
  0.031  0.656
  0.063  0.656
  0.094  0.656
  0.125  0.656
  0.156  0.656
  0.188  0.656
  0.219  0.656
  0.250  0.656
  0.281  0.656
  0.313  0.656
  0.344  0.656
  0.375  0.656
  0.406  0.656
  0.438  0.656
  0.469  0.656
  0.500  0.656
  0.531  0.656
  0.563  0.656
  0.594  0.656
  0.625  0.656
  0.656  0.656
  0.688  0.656
  0.719  0.656
  0.750  0.656
  0.781  0.656
  0.813  0.656
  0.844  0.656
  0.875  0.656
  0.906  0.656
  0.938  0.656
  0.969  0.656
  1.000  0.656
  1.031  0.656
  1.063  0.656
  1.094  0.656
  1.125  0.656
  1.156  0.656
  1.188  0.656
  1.219  0.656
  1.250  0.656
  1.281  0.656
  1.313  0.656
  1.344  0.656
  1.375  0.656
  1.406  0.656
  1.438  0.656
  1.469  0.656
  1.500  0.656
  1.531  0.656
  1.563  0.656
  1.594  0.656
  1.625  0.656
  1.656  0.656
  1.688  0.656
  1.719  0.656
  1.750  0.656
  1.781  0.656
  1.813  0.656
  1.844  0.656
  1.875  0.656
  1.906  0.656
  1.938  0.656
  1.969  0.656
  2.000  0.656
  0.000  0.688
  0.031  0.688
  0.063  0.688
  0.094  0.688
  0.125  0.688
  0.156  0.688
  0.188  0.688
  0.219  0.688
  0.250  0.688
  0.281  0.688
  0.313  0.688
  0.344  0.688
  0.375  0.688
  0.406  0.688
  0.438  0.688
  0.469  0.688
  0.500  0.688
  0.531  0.688
  0.563  0.688
  0.594  0.688
  0.625  0.688
  0.656  0.688
  0.688  0.688
  0.719  0.688
  0.750  0.688
  0.781  0.688
  0.813  0.688
  0.844  0.688
  0.875  0.688
  0.906  0.688
  0.938  0.688
  0.969  0.688
  1.000  0.688
  1.031  0.688
  1.063  0.688
  1.094  0.688
  1.125  0.688
  1.156  0.688
  1.188  0.688
  1.219  0.688
  1.250  0.688
  1.281  0.688
  1.313  0.688
  1.344  0.688
  1.375  0.688
  1.406  0.688
  1.438  0.688
  1.469  0.688
  1.500  0.688
  1.531  0.688
  1.563  0.688
  1.594  0.688
  1.625  0.688
  1.656  0.688
  1.688  0.688
  1.719  0.688
  1.750  0.688
  1.781  0.688
  1.813  0.688
  1.844  0.688
  1.875  0.688
  1.906  0.688
  1.938  0.688
  1.969  0.688
  2.000  0.688
  0.000  0.719
  0.031  0.719
  0.063  0.719
  0.094  0.719
  0.125  0.719
  0.156  0.719
  0.188  0.719
  0.219  0.719
  0.250  0.719
  0.281  0.719
  0.313  0.719
  0.344  0.719
  0.375  0.719
  0.406  0.719
  0.438  0.719
  0.469  0.719
  0.500  0.719
  0.531  0.719
  0.563  0.719
  0.594  0.719
  0.625  0.719
  0.656  0.719
  0.688  0.719
  0.719  0.719
  0.750  0.719
  0.781  0.719
  0.813  0.719
  0.844  0.719
  0.875  0.719
  0.906  0.719
  0.938  0.719
  0.969  0.719
  1.000  0.719
  1.031  0.719
  1.063  0.719
  1.094  0.719
  1.125  0.719
  1.156  0.719
  1.188  0.719
  1.219  0.719
  1.250  0.719
  1.281  0.719
  1.313  0.719
  1.344  0.719
  1.375  0.719
  1.406  0.719
  1.438  0.719
  1.469  0.719
  1.500  0.719
  1.531  0.719
  1.563  0.719
  1.594  0.719
  1.625  0.719
  1.656  0.719
  1.688  0.719
  1.719  0.719
  1.750  0.719
  1.781  0.719
  1.813  0.719
  1.844  0.719
  1.875  0.719
  1.906  0.719
  1.938  0.719
  1.969  0.719
  2.000  0.719
  0.000  0.750
  0.031  0.750
  0.063  0.750
  0.094  0.750
  0.125  0.750
  0.156  0.750
  0.188  0.750
  0.219  0.750
  0.250  0.750
  0.281  0.750
  0.313  0.750
  0.344  0.750
  0.375  0.750
  0.406  0.750
  0.438  0.750
  0.469  0.750
  0.500  0.750
  0.531  0.750
  0.563  0.750
  0.594  0.750
  0.625  0.750
  0.656  0.750
  0.688  0.750
  0.719  0.750
  0.750  0.750
  0.781  0.750
  0.813  0.750
  0.844  0.750
  0.875  0.750
  0.906  0.750
  0.938  0.750
  0.969  0.750
  1.000  0.750
  1.031  0.750
  1.063  0.750
  1.094  0.750
  1.125  0.750
  1.156  0.750
  1.188  0.750
  1.219  0.750
  1.250  0.750
  1.281  0.750
  1.313  0.750
  1.344  0.750
  1.375  0.750
  1.406  0.750
  1.438  0.750
  1.469  0.750
  1.500  0.750
  1.531  0.750
  1.563  0.750
  1.594  0.750
  1.625  0.750
  1.656  0.750
  1.688  0.750
  1.719  0.750
  1.750  0.750
  1.781  0.750
  1.813  0.750
  1.844  0.750
  1.875  0.750
  1.906  0.750
  1.938  0.750
  1.969  0.750
  2.000  0.750
  0.000  0.781
  0.031  0.781
  0.063  0.781
  0.094  0.781
  0.125  0.781
  0.156  0.781
  0.188  0.781
  0.219  0.781
  0.250  0.781
  0.281  0.781
  0.313  0.781
  0.344  0.781
  0.375  0.781
  0.406  0.781
  0.438  0.781
  0.469  0.781
  0.500  0.781
  0.531  0.781
  0.563  0.781
  0.594  0.781
  0.625  0.781
  0.656  0.781
  0.688  0.781
  0.719  0.781
  0.750  0.781
  0.781  0.781
  0.813  0.781
  0.844  0.781
  0.875  0.781
  0.906  0.781
  0.938  0.781
  0.969  0.781
  1.000  0.781
  1.031  0.781
  1.063  0.781
  1.094  0.781
  1.125  0.781
  1.156  0.781
  1.188  0.781
  1.219  0.781
  1.250  0.781
  1.281  0.781
  1.313  0.781
  1.344  0.781
  1.375  0.781
  1.406  0.781
  1.438  0.781
  1.469  0.781
  1.500  0.781
  1.531  0.781
  1.563  0.781
  1.594  0.781
  1.625  0.781
  1.656  0.781
  1.688  0.781
  1.719  0.781
  1.750  0.781
  1.781  0.781
  1.813  0.781
  1.844  0.781
  1.875  0.781
  1.906  0.781
  1.938  0.781
  1.969  0.781
  2.000  0.781
  0.000  0.813
  0.031  0.813
  0.063  0.813
  0.094  0.813
  0.125  0.813
  0.156  0.813
  0.188  0.813
  0.219  0.813
  0.250  0.813
  0.281  0.813
  0.313  0.813
  0.344  0.813
  0.375  0.813
  0.406  0.813
  0.438  0.813
  0.469  0.813
  0.500  0.813
  0.531  0.813
  0.563  0.813
  0.594  0.813
  0.625  0.813
  0.656  0.813
  0.688  0.813
  0.719  0.813
  0.750  0.813
  0.781  0.813
  0.813  0.813
  0.844  0.813
  0.875  0.813
  0.906  0.813
  0.938  0.813
  0.969  0.813
  1.000  0.813
  1.031  0.813
  1.063  0.813
  1.094  0.813
  1.125  0.813
  1.156  0.813
  1.188  0.813
  1.219  0.813
  1.250  0.813
  1.281  0.813
  1.313  0.813
  1.344  0.813
  1.375  0.813
  1.406  0.813
  1.438  0.813
  1.469  0.813
  1.500  0.813
  1.531  0.813
  1.563  0.813
  1.594  0.813
  1.625  0.813
  1.656  0.813
  1.688  0.813
  1.719  0.813
  1.750  0.813
  1.781  0.813
  1.813  0.813
  1.844  0.813
  1.875  0.813
  1.906  0.813
  1.938  0.813
  1.969  0.813
  2.000  0.813
  0.000  0.844
  0.031  0.844
  0.063  0.844
  0.094  0.844
  0.125  0.844
  0.156  0.844
  0.188  0.844
  0.219  0.844
  0.250  0.844
  0.281  0.844
  0.313  0.844
  0.344  0.844
  0.375  0.844
  0.406  0.844
  0.438  0.844
  0.469  0.844
  0.500  0.844
  0.531  0.844
  0.563  0.844
  0.594  0.844
  0.625  0.844
  0.656  0.844
  0.688  0.844
  0.719  0.844
  0.750  0.844
  0.781  0.844
  0.813  0.844
  0.844  0.844
  0.875  0.844
  0.906  0.844
  0.938  0.844
  0.969  0.844
  1.000  0.844
  1.031  0.844
  1.063  0.844
  1.094  0.844
  1.125  0.844
  1.156  0.844
  1.188  0.844
  1.219  0.844
  1.250  0.844
  1.281  0.844
  1.313  0.844
  1.344  0.844
  1.375  0.844
  1.406  0.844
  1.438  0.844
  1.469  0.844
  1.500  0.844
  1.531  0.844
  1.563  0.844
  1.594  0.844
  1.625  0.844
  1.656  0.844
  1.688  0.844
  1.719  0.844
  1.750  0.844
  1.781  0.844
  1.813  0.844
  1.844  0.844
  1.875  0.844
  1.906  0.844
  1.938  0.844
  1.969  0.844
  2.000  0.844
  0.000  0.875
  0.031  0.875
  0.063  0.875
  0.094  0.875
  0.125  0.875
  0.156  0.875
  0.188  0.875
  0.219  0.875
  0.250  0.875
  0.281  0.875
  0.313  0.875
  0.344  0.875
  0.375  0.875
  0.406  0.875
  0.438  0.875
  0.469  0.875
  0.500  0.875
  0.531  0.875
  0.563  0.875
  0.594  0.875
  0.625  0.875
  0.656  0.875
  0.688  0.875
  0.719  0.875
  0.750  0.875
  0.781  0.875
  0.813  0.875
  0.844  0.875
  0.875  0.875
  0.906  0.875
  0.938  0.875
  0.969  0.875
  1.000  0.875
  1.031  0.875
  1.063  0.875
  1.094  0.875
  1.125  0.875
  1.156  0.875
  1.188  0.875
  1.219  0.875
  1.250  0.875
  1.281  0.875
  1.313  0.875
  1.344  0.875
  1.375  0.875
  1.406  0.875
  1.438  0.875
  1.469  0.875
  1.500  0.875
  1.531  0.875
  1.563  0.875
  1.594  0.875
  1.625  0.875
  1.656  0.875
  1.688  0.875
  1.719  0.875
  1.750  0.875
  1.781  0.875
  1.813  0.875
  1.844  0.875
  1.875  0.875
  1.906  0.875
  1.938  0.875
  1.969  0.875
  2.000  0.875
  0.000  0.906
  0.031  0.906
  0.063  0.906
  0.094  0.906
  0.125  0.906
  0.156  0.906
  0.188  0.906
  0.219  0.906
  0.250  0.906
  0.281  0.906
  0.313  0.906
  0.344  0.906
  0.375  0.906
  0.406  0.906
  0.438  0.906
  0.469  0.906
  0.500  0.906
  0.531  0.906
  0.563  0.906
  0.594  0.906
  0.625  0.906
  0.656  0.906
  0.688  0.906
  0.719  0.906
  0.750  0.906
  0.781  0.906
  0.813  0.906
  0.844  0.906
  0.875  0.906
  0.906  0.906
  0.938  0.906
  0.969  0.906
  1.000  0.906
  1.031  0.906
  1.063  0.906
  1.094  0.906
  1.125  0.906
  1.156  0.906
  1.188  0.906
  1.219  0.906
  1.250  0.906
  1.281  0.906
  1.313  0.906
  1.344  0.906
  1.375  0.906
  1.406  0.906
  1.438  0.906
  1.469  0.906
  1.500  0.906
  1.531  0.906
  1.563  0.906
  1.594  0.906
  1.625  0.906
  1.656  0.906
  1.688  0.906
  1.719  0.906
  1.750  0.906
  1.781  0.906
  1.813  0.906
  1.844  0.906
  1.875  0.906
  1.906  0.906
  1.938  0.906
  1.969  0.906
  2.000  0.906
  0.000  0.938
  0.031  0.938
  0.063  0.938
  0.094  0.938
  0.125  0.938
  0.156  0.938
  0.188  0.938
  0.219  0.938
  0.250  0.938
  0.281  0.938
  0.313  0.938
  0.344  0.938
  0.375  0.938
  0.406  0.938
  0.438  0.938
  0.469  0.938
  0.500  0.938
  0.531  0.938
  0.563  0.938
  0.594  0.938
  0.625  0.938
  0.656  0.938
  0.688  0.938
  0.719  0.938
  0.750  0.938
  0.781  0.938
  0.813  0.938
  0.844  0.938
  0.875  0.938
  0.906  0.938
  0.938  0.938
  0.969  0.938
  1.000  0.938
  1.031  0.938
  1.063  0.938
  1.094  0.938
  1.125  0.938
  1.156  0.938
  1.188  0.938
  1.219  0.938
  1.250  0.938
  1.281  0.938
  1.313  0.938
  1.344  0.938
  1.375  0.938
  1.406  0.938
  1.438  0.938
  1.469  0.938
  1.500  0.938
  1.531  0.938
  1.563  0.938
  1.594  0.938
  1.625  0.938
  1.656  0.938
  1.688  0.938
  1.719  0.938
  1.750  0.938
  1.781  0.938
  1.813  0.938
  1.844  0.938
  1.875  0.938
  1.906  0.938
  1.938  0.938
  1.969  0.938
  2.000  0.938
  0.000  0.969
  0.031  0.969
  0.063  0.969
  0.094  0.969
  0.125  0.969
  0.156  0.969
  0.188  0.969
  0.219  0.969
  0.250  0.969
  0.281  0.969
  0.313  0.969
  0.344  0.969
  0.375  0.969
  0.406  0.969
  0.438  0.969
  0.469  0.969
  0.500  0.969
  0.531  0.969
  0.563  0.969
  0.594  0.969
  0.625  0.969
  0.656  0.969
  0.688  0.969
  0.719  0.969
  0.750  0.969
  0.781  0.969
  0.813  0.969
  0.844  0.969
  0.875  0.969
  0.906  0.969
  0.938  0.969
  0.969  0.969
  1.000  0.969
  1.031  0.969
  1.063  0.969
  1.094  0.969
  1.125  0.969
  1.156  0.969
  1.188  0.969
  1.219  0.969
  1.250  0.969
  1.281  0.969
  1.313  0.969
  1.344  0.969
  1.375  0.969
  1.406  0.969
  1.438  0.969
  1.469  0.969
  1.500  0.969
  1.531  0.969
  1.563  0.969
  1.594  0.969
  1.625  0.969
  1.656  0.969
  1.688  0.969
  1.719  0.969
  1.750  0.969
  1.781  0.969
  1.813  0.969
  1.844  0.969
  1.875  0.969
  1.906  0.969
  1.938  0.969
  1.969  0.969
  2.000  0.969
  0.000  1.000
  0.031  1.000
  0.063  1.000
  0.094  1.000
  0.125  1.000
  0.156  1.000
  0.188  1.000
  0.219  1.000
  0.250  1.000
  0.281  1.000
  0.313  1.000
  0.344  1.000
  0.375  1.000
  0.406  1.000
  0.438  1.000
  0.469  1.000
  0.500  1.000
  0.531  1.000
  0.563  1.000
  0.594  1.000
  0.625  1.000
  0.656  1.000
  0.688  1.000
  0.719  1.000
  0.750  1.000
  0.781  1.000
  0.813  1.000
  0.844  1.000
  0.875  1.000
  0.906  1.000
  0.938  1.000
  0.969  1.000
  1.000  1.000
  1.031  1.000
  1.063  1.000
  1.094  1.000
  1.125  1.000
  1.156  1.000
  1.188  1.000
  1.219  1.000
  1.250  1.000
  1.281  1.000
  1.313  1.000
  1.344  1.000
  1.375  1.000
  1.406  1.000
  1.438  1.000
  1.469  1.000
  1.500  1.000
  1.531  1.000
  1.563  1.000
  1.594  1.000
  1.625  1.000
  1.656  1.000
  1.688  1.000
  1.719  1.000
  1.750  1.000
  1.781  1.000
  1.813  1.000
  1.844  1.000
  1.875  1.000
  1.906  1.000
  1.938  1.000
  1.969  1.000
  2.000  1.000
  0.000  1.031
  0.031  1.031
  0.063  1.031
  0.094  1.031
  0.125  1.031
  0.156  1.031
  0.188  1.031
  0.219  1.031
  0.250  1.031
  0.281  1.031
  0.313  1.031
  0.344  1.031
  0.375  1.031
  0.406  1.031
  0.438  1.031
  0.469  1.031
  0.500  1.031
  0.531  1.031
  0.563  1.031
  0.594  1.031
  0.625  1.031
  0.656  1.031
  0.688  1.031
  0.719  1.031
  0.750  1.031
  0.781  1.031
  0.813  1.031
  0.844  1.031
  0.875  1.031
  0.906  1.031
  0.938  1.031
  0.969  1.031
  1.000  1.031
  1.031  1.031
  1.063  1.031
  1.094  1.031
  1.125  1.031
  1.156  1.031
  1.188  1.031
  1.219  1.031
  1.250  1.031
  1.281  1.031
  1.313  1.031
  1.344  1.031
  1.375  1.031
  1.406  1.031
  1.438  1.031
  1.469  1.031
  1.500  1.031
  1.531  1.031
  1.563  1.031
  1.594  1.031
  1.625  1.031
  1.656  1.031
  1.688  1.031
  1.719  1.031
  1.750  1.031
  1.781  1.031
  1.813  1.031
  1.844  1.031
  1.875  1.031
  1.906  1.031
  1.938  1.031
  1.969  1.031
  2.000  1.031
  0.000  1.063
  0.031  1.063
  0.063  1.063
  0.094  1.063
  0.125  1.063
  0.156  1.063
  0.188  1.063
  0.219  1.063
  0.250  1.063
  0.281  1.063
  0.313  1.063
  0.344  1.063
  0.375  1.063
  0.406  1.063
  0.438  1.063
  0.469  1.063
  0.500  1.063
  0.531  1.063
  0.563  1.063
  0.594  1.063
  0.625  1.063
  0.656  1.063
  0.688  1.063
  0.719  1.063
  0.750  1.063
  0.781  1.063
  0.813  1.063
  0.844  1.063
  0.875  1.063
  0.906  1.063
  0.938  1.063
  0.969  1.063
  1.000  1.063
  1.031  1.063
  1.063  1.063
  1.094  1.063
  1.125  1.063
  1.156  1.063
  1.188  1.063
  1.219  1.063
  1.250  1.063
  1.281  1.063
  1.313  1.063
  1.344  1.063
  1.375  1.063
  1.406  1.063
  1.438  1.063
  1.469  1.063
  1.500  1.063
  1.531  1.063
  1.563  1.063
  1.594  1.063
  1.625  1.063
  1.656  1.063
  1.688  1.063
  1.719  1.063
  1.750  1.063
  1.781  1.063
  1.813  1.063
  1.844  1.063
  1.875  1.063
  1.906  1.063
  1.938  1.063
  1.969  1.063
  2.000  1.063
  0.000  1.094
  0.031  1.094
  0.063  1.094
  0.094  1.094
  0.125  1.094
  0.156  1.094
  0.188  1.094
  0.219  1.094
  0.250  1.094
  0.281  1.094
  0.313  1.094
  0.344  1.094
  0.375  1.094
  0.406  1.094
  0.438  1.094
  0.469  1.094
  0.500  1.094
  0.531  1.094
  0.563  1.094
  0.594  1.094
  0.625  1.094
  0.656  1.094
  0.688  1.094
  0.719  1.094
  0.750  1.094
  0.781  1.094
  0.813  1.094
  0.844  1.094
  0.875  1.094
  0.906  1.094
  0.938  1.094
  0.969  1.094
  1.000  1.094
  1.031  1.094
  1.063  1.094
  1.094  1.094
  1.125  1.094
  1.156  1.094
  1.188  1.094
  1.219  1.094
  1.250  1.094
  1.281  1.094
  1.313  1.094
  1.344  1.094
  1.375  1.094
  1.406  1.094
  1.438  1.094
  1.469  1.094
  1.500  1.094
  1.531  1.094
  1.563  1.094
  1.594  1.094
  1.625  1.094
  1.656  1.094
  1.688  1.094
  1.719  1.094
  1.750  1.094
  1.781  1.094
  1.813  1.094
  1.844  1.094
  1.875  1.094
  1.906  1.094
  1.938  1.094
  1.969  1.094
  2.000  1.094
  0.000  1.125
  0.031  1.125
  0.063  1.125
  0.094  1.125
  0.125  1.125
  0.156  1.125
  0.188  1.125
  0.219  1.125
  0.250  1.125
  0.281  1.125
  0.313  1.125
  0.344  1.125
  0.375  1.125
  0.406  1.125
  0.438  1.125
  0.469  1.125
  0.500  1.125
  0.531  1.125
  0.563  1.125
  0.594  1.125
  0.625  1.125
  0.656  1.125
  0.688  1.125
  0.719  1.125
  0.750  1.125
  0.781  1.125
  0.813  1.125
  0.844  1.125
  0.875  1.125
  0.906  1.125
  0.938  1.125
  0.969  1.125
  1.000  1.125
  1.031  1.125
  1.063  1.125
  1.094  1.125
  1.125  1.125
  1.156  1.125
  1.188  1.125
  1.219  1.125
  1.250  1.125
  1.281  1.125
  1.313  1.125
  1.344  1.125
  1.375  1.125
  1.406  1.125
  1.438  1.125
  1.469  1.125
  1.500  1.125
  1.531  1.125
  1.563  1.125
  1.594  1.125
  1.625  1.125
  1.656  1.125
  1.688  1.125
  1.719  1.125
  1.750  1.125
  1.781  1.125
  1.813  1.125
  1.844  1.125
  1.875  1.125
  1.906  1.125
  1.938  1.125
  1.969  1.125
  2.000  1.125
  0.000  1.156
  0.031  1.156
  0.063  1.156
  0.094  1.156
  0.125  1.156
  0.156  1.156
  0.188  1.156
  0.219  1.156
  0.250  1.156
  0.281  1.156
  0.313  1.156
  0.344  1.156
  0.375  1.156
  0.406  1.156
  0.438  1.156
  0.469  1.156
  0.500  1.156
  0.531  1.156
  0.563  1.156
  0.594  1.156
  0.625  1.156
  0.656  1.156
  0.688  1.156
  0.719  1.156
  0.750  1.156
  0.781  1.156
  0.813  1.156
  0.844  1.156
  0.875  1.156
  0.906  1.156
  0.938  1.156
  0.969  1.156
  1.000  1.156
  1.031  1.156
  1.063  1.156
  1.094  1.156
  1.125  1.156
  1.156  1.156
  1.188  1.156
  1.219  1.156
  1.250  1.156
  1.281  1.156
  1.313  1.156
  1.344  1.156
  1.375  1.156
  1.406  1.156
  1.438  1.156
  1.469  1.156
  1.500  1.156
  1.531  1.156
  1.563  1.156
  1.594  1.156
  1.625  1.156
  1.656  1.156
  1.688  1.156
  1.719  1.156
  1.750  1.156
  1.781  1.156
  1.813  1.156
  1.844  1.156
  1.875  1.156
  1.906  1.156
  1.938  1.156
  1.969  1.156
  2.000  1.156
  0.000  1.188
  0.031  1.188
  0.063  1.188
  0.094  1.188
  0.125  1.188
  0.156  1.188
  0.188  1.188
  0.219  1.188
  0.250  1.188
  0.281  1.188
  0.313  1.188
  0.344  1.188
  0.375  1.188
  0.406  1.188
  0.438  1.188
  0.469  1.188
  0.500  1.188
  0.531  1.188
  0.563  1.188
  0.594  1.188
  0.625  1.188
  0.656  1.188
  0.688  1.188
  0.719  1.188
  0.750  1.188
  0.781  1.188
  0.813  1.188
  0.844  1.188
  0.875  1.188
  0.906  1.188
  0.938  1.188
  0.969  1.188
  1.000  1.188
  1.031  1.188
  1.063  1.188
  1.094  1.188
  1.125  1.188
  1.156  1.188
  1.188  1.188
  1.219  1.188
  1.250  1.188
  1.281  1.188
  1.313  1.188
  1.344  1.188
  1.375  1.188
  1.406  1.188
  1.438  1.188
  1.469  1.188
  1.500  1.188
  1.531  1.188
  1.563  1.188
  1.594  1.188
  1.625  1.188
  1.656  1.188
  1.688  1.188
  1.719  1.188
  1.750  1.188
  1.781  1.188
  1.813  1.188
  1.844  1.188
  1.875  1.188
  1.906  1.188
  1.938  1.188
  1.969  1.188
  2.000  1.188
  0.000  1.219
  0.031  1.219
  0.063  1.219
  0.094  1.219
  0.125  1.219
  0.156  1.219
  0.188  1.219
  0.219  1.219
  0.250  1.219
  0.281  1.219
  0.313  1.219
  0.344  1.219
  0.375  1.219
  0.406  1.219
  0.438  1.219
  0.469  1.219
  0.500  1.219
  0.531  1.219
  0.563  1.219
  0.594  1.219
  0.625  1.219
  0.656  1.219
  0.688  1.219
  0.719  1.219
  0.750  1.219
  0.781  1.219
  0.813  1.219
  0.844  1.219
  0.875  1.219
  0.906  1.219
  0.938  1.219
  0.969  1.219
  1.000  1.219
  1.031  1.219
  1.063  1.219
  1.094  1.219
  1.125  1.219
  1.156  1.219
  1.188  1.219
  1.219  1.219
  1.250  1.219
  1.281  1.219
  1.313  1.219
  1.344  1.219
  1.375  1.219
  1.406  1.219
  1.438  1.219
  1.469  1.219
  1.500  1.219
  1.531  1.219
  1.563  1.219
  1.594  1.219
  1.625  1.219
  1.656  1.219
  1.688  1.219
  1.719  1.219
  1.750  1.219
  1.781  1.219
  1.813  1.219
  1.844  1.219
  1.875  1.219
  1.906  1.219
  1.938  1.219
  1.969  1.219
  2.000  1.219
  0.000  1.250
  0.031  1.250
  0.063  1.250
  0.094  1.250
  0.125  1.250
  0.156  1.250
  0.188  1.250
  0.219  1.250
  0.250  1.250
  0.281  1.250
  0.313  1.250
  0.344  1.250
  0.375  1.250
  0.406  1.250
  0.438  1.250
  0.469  1.250
  0.500  1.250
  0.531  1.250
  0.563  1.250
  0.594  1.250
  0.625  1.250
  0.656  1.250
  0.688  1.250
  0.719  1.250
  0.750  1.250
  0.781  1.250
  0.813  1.250
  0.844  1.250
  0.875  1.250
  0.906  1.250
  0.938  1.250
  0.969  1.250
  1.000  1.250
  1.031  1.250
  1.063  1.250
  1.094  1.250
  1.125  1.250
  1.156  1.250
  1.188  1.250
  1.219  1.250
  1.250  1.250
  1.281  1.250
  1.313  1.250
  1.344  1.250
  1.375  1.250
  1.406  1.250
  1.438  1.250
  1.469  1.250
  1.500  1.250
  1.531  1.250
  1.563  1.250
  1.594  1.250
  1.625  1.250
  1.656  1.250
  1.688  1.250
  1.719  1.250
  1.750  1.250
  1.781  1.250
  1.813  1.250
  1.844  1.250
  1.875  1.250
  1.906  1.250
  1.938  1.250
  1.969  1.250
  2.000  1.250
  0.000  1.281
  0.031  1.281
  0.063  1.281
  0.094  1.281
  0.125  1.281
  0.156  1.281
  0.188  1.281
  0.219  1.281
  0.250  1.281
  0.281  1.281
  0.313  1.281
  0.344  1.281
  0.375  1.281
  0.406  1.281
  0.438  1.281
  0.469  1.281
  0.500  1.281
  0.531  1.281
  0.563  1.281
  0.594  1.281
  0.625  1.281
  0.656  1.281
  0.688  1.281
  0.719  1.281
  0.750  1.281
  0.781  1.281
  0.813  1.281
  0.844  1.281
  0.875  1.281
  0.906  1.281
  0.938  1.281
  0.969  1.281
  1.000  1.281
  1.031  1.281
  1.063  1.281
  1.094  1.281
  1.125  1.281
  1.156  1.281
  1.188  1.281
  1.219  1.281
  1.250  1.281
  1.281  1.281
  1.313  1.281
  1.344  1.281
  1.375  1.281
  1.406  1.281
  1.438  1.281
  1.469  1.281
  1.500  1.281
  1.531  1.281
  1.563  1.281
  1.594  1.281
  1.625  1.281
  1.656  1.281
  1.688  1.281
  1.719  1.281
  1.750  1.281
  1.781  1.281
  1.813  1.281
  1.844  1.281
  1.875  1.281
  1.906  1.281
  1.938  1.281
  1.969  1.281
  2.000  1.281
  0.000  1.313
  0.031  1.313
  0.063  1.313
  0.094  1.313
  0.125  1.313
  0.156  1.313
  0.188  1.313
  0.219  1.313
  0.250  1.313
  0.281  1.313
  0.313  1.313
  0.344  1.313
  0.375  1.313
  0.406  1.313
  0.438  1.313
  0.469  1.313
  0.500  1.313
  0.531  1.313
  0.563  1.313
  0.594  1.313
  0.625  1.313
  0.656  1.313
  0.688  1.313
  0.719  1.313
  0.750  1.313
  0.781  1.313
  0.813  1.313
  0.844  1.313
  0.875  1.313
  0.906  1.313
  0.938  1.313
  0.969  1.313
  1.000  1.313
  1.031  1.313
  1.063  1.313
  1.094  1.313
  1.125  1.313
  1.156  1.313
  1.188  1.313
  1.219  1.313
  1.250  1.313
  1.281  1.313
  1.313  1.313
  1.344  1.313
  1.375  1.313
  1.406  1.313
  1.438  1.313
  1.469  1.313
  1.500  1.313
  1.531  1.313
  1.563  1.313
  1.594  1.313
  1.625  1.313
  1.656  1.313
  1.688  1.313
  1.719  1.313
  1.750  1.313
  1.781  1.313
  1.813  1.313
  1.844  1.313
  1.875  1.313
  1.906  1.313
  1.938  1.313
  1.969  1.313
  2.000  1.313
  0.000  1.344
  0.031  1.344
  0.063  1.344
  0.094  1.344
  0.125  1.344
  0.156  1.344
  0.188  1.344
  0.219  1.344
  0.250  1.344
  0.281  1.344
  0.313  1.344
  0.344  1.344
  0.375  1.344
  0.406  1.344
  0.438  1.344
  0.469  1.344
  0.500  1.344
  0.531  1.344
  0.563  1.344
  0.594  1.344
  0.625  1.344
  0.656  1.344
  0.688  1.344
  0.719  1.344
  0.750  1.344
  0.781  1.344
  0.813  1.344
  0.844  1.344
  0.875  1.344
  0.906  1.344
  0.938  1.344
  0.969  1.344
  1.000  1.344
  1.031  1.344
  1.063  1.344
  1.094  1.344
  1.125  1.344
  1.156  1.344
  1.188  1.344
  1.219  1.344
  1.250  1.344
  1.281  1.344
  1.313  1.344
  1.344  1.344
  1.375  1.344
  1.406  1.344
  1.438  1.344
  1.469  1.344
  1.500  1.344
  1.531  1.344
  1.563  1.344
  1.594  1.344
  1.625  1.344
  1.656  1.344
  1.688  1.344
  1.719  1.344
  1.750  1.344
  1.781  1.344
  1.813  1.344
  1.844  1.344
  1.875  1.344
  1.906  1.344
  1.938  1.344
  1.969  1.344
  2.000  1.344
  0.000  1.375
  0.031  1.375
  0.063  1.375
  0.094  1.375
  0.125  1.375
  0.156  1.375
  0.188  1.375
  0.219  1.375
  0.250  1.375
  0.281  1.375
  0.313  1.375
  0.344  1.375
  0.375  1.375
  0.406  1.375
  0.438  1.375
  0.469  1.375
  0.500  1.375
  0.531  1.375
  0.563  1.375
  0.594  1.375
  0.625  1.375
  0.656  1.375
  0.688  1.375
  0.719  1.375
  0.750  1.375
  0.781  1.375
  0.813  1.375
  0.844  1.375
  0.875  1.375
  0.906  1.375
  0.938  1.375
  0.969  1.375
  1.000  1.375
  1.031  1.375
  1.063  1.375
  1.094  1.375
  1.125  1.375
  1.156  1.375
  1.188  1.375
  1.219  1.375
  1.250  1.375
  1.281  1.375
  1.313  1.375
  1.344  1.375
  1.375  1.375
  1.406  1.375
  1.438  1.375
  1.469  1.375
  1.500  1.375
  1.531  1.375
  1.563  1.375
  1.594  1.375
  1.625  1.375
  1.656  1.375
  1.688  1.375
  1.719  1.375
  1.750  1.375
  1.781  1.375
  1.813  1.375
  1.844  1.375
  1.875  1.375
  1.906  1.375
  1.938  1.375
  1.969  1.375
  2.000  1.375
  0.000  1.406
  0.031  1.406
  0.063  1.406
  0.094  1.406
  0.125  1.406
  0.156  1.406
  0.188  1.406
  0.219  1.406
  0.250  1.406
  0.281  1.406
  0.313  1.406
  0.344  1.406
  0.375  1.406
  0.406  1.406
  0.438  1.406
  0.469  1.406
  0.500  1.406
  0.531  1.406
  0.563  1.406
  0.594  1.406
  0.625  1.406
  0.656  1.406
  0.688  1.406
  0.719  1.406
  0.750  1.406
  0.781  1.406
  0.813  1.406
  0.844  1.406
  0.875  1.406
  0.906  1.406
  0.938  1.406
  0.969  1.406
  1.000  1.406
  1.031  1.406
  1.063  1.406
  1.094  1.406
  1.125  1.406
  1.156  1.406
  1.188  1.406
  1.219  1.406
  1.250  1.406
  1.281  1.406
  1.313  1.406
  1.344  1.406
  1.375  1.406
  1.406  1.406
  1.438  1.406
  1.469  1.406
  1.500  1.406
  1.531  1.406
  1.563  1.406
  1.594  1.406
  1.625  1.406
  1.656  1.406
  1.688  1.406
  1.719  1.406
  1.750  1.406
  1.781  1.406
  1.813  1.406
  1.844  1.406
  1.875  1.406
  1.906  1.406
  1.938  1.406
  1.969  1.406
  2.000  1.406
  0.000  1.438
  0.031  1.438
  0.063  1.438
  0.094  1.438
  0.125  1.438
  0.156  1.438
  0.188  1.438
  0.219  1.438
  0.250  1.438
  0.281  1.438
  0.313  1.438
  0.344  1.438
  0.375  1.438
  0.406  1.438
  0.438  1.438
  0.469  1.438
  0.500  1.438
  0.531  1.438
  0.563  1.438
  0.594  1.438
  0.625  1.438
  0.656  1.438
  0.688  1.438
  0.719  1.438
  0.750  1.438
  0.781  1.438
  0.813  1.438
  0.844  1.438
  0.875  1.438
  0.906  1.438
  0.938  1.438
  0.969  1.438
  1.000  1.438
  1.031  1.438
  1.063  1.438
  1.094  1.438
  1.125  1.438
  1.156  1.438
  1.188  1.438
  1.219  1.438
  1.250  1.438
  1.281  1.438
  1.313  1.438
  1.344  1.438
  1.375  1.438
  1.406  1.438
  1.438  1.438
  1.469  1.438
  1.500  1.438
  1.531  1.438
  1.563  1.438
  1.594  1.438
  1.625  1.438
  1.656  1.438
  1.688  1.438
  1.719  1.438
  1.750  1.438
  1.781  1.438
  1.813  1.438
  1.844  1.438
  1.875  1.438
  1.906  1.438
  1.938  1.438
  1.969  1.438
  2.000  1.438
  0.000  1.469
  0.031  1.469
  0.063  1.469
  0.094  1.469
  0.125  1.469
  0.156  1.469
  0.188  1.469
  0.219  1.469
  0.250  1.469
  0.281  1.469
  0.313  1.469
  0.344  1.469
  0.375  1.469
  0.406  1.469
  0.438  1.469
  0.469  1.469
  0.500  1.469
  0.531  1.469
  0.563  1.469
  0.594  1.469
  0.625  1.469
  0.656  1.469
  0.688  1.469
  0.719  1.469
  0.750  1.469
  0.781  1.469
  0.813  1.469
  0.844  1.469
  0.875  1.469
  0.906  1.469
  0.938  1.469
  0.969  1.469
  1.000  1.469
  1.031  1.469
  1.063  1.469
  1.094  1.469
  1.125  1.469
  1.156  1.469
  1.188  1.469
  1.219  1.469
  1.250  1.469
  1.281  1.469
  1.313  1.469
  1.344  1.469
  1.375  1.469
  1.406  1.469
  1.438  1.469
  1.469  1.469
  1.500  1.469
  1.531  1.469
  1.563  1.469
  1.594  1.469
  1.625  1.469
  1.656  1.469
  1.688  1.469
  1.719  1.469
  1.750  1.469
  1.781  1.469
  1.813  1.469
  1.844  1.469
  1.875  1.469
  1.906  1.469
  1.938  1.469
  1.969  1.469
  2.000  1.469
  0.000  1.500
  0.031  1.500
  0.063  1.500
  0.094  1.500
  0.125  1.500
  0.156  1.500
  0.188  1.500
  0.219  1.500
  0.250  1.500
  0.281  1.500
  0.313  1.500
  0.344  1.500
  0.375  1.500
  0.406  1.500
  0.438  1.500
  0.469  1.500
  0.500  1.500
  0.531  1.500
  0.563  1.500
  0.594  1.500
  0.625  1.500
  0.656  1.500
  0.688  1.500
  0.719  1.500
  0.750  1.500
  0.781  1.500
  0.813  1.500
  0.844  1.500
  0.875  1.500
  0.906  1.500
  0.938  1.500
  0.969  1.500
  1.000  1.500
  1.031  1.500
  1.063  1.500
  1.094  1.500
  1.125  1.500
  1.156  1.500
  1.188  1.500
  1.219  1.500
  1.250  1.500
  1.281  1.500
  1.313  1.500
  1.344  1.500
  1.375  1.500
  1.406  1.500
  1.438  1.500
  1.469  1.500
  1.500  1.500
  1.531  1.500
  1.563  1.500
  1.594  1.500
  1.625  1.500
  1.656  1.500
  1.688  1.500
  1.719  1.500
  1.750  1.500
  1.781  1.500
  1.813  1.500
  1.844  1.500
  1.875  1.500
  1.906  1.500
  1.938  1.500
  1.969  1.500
  2.000  1.500
  0.000  1.531
  0.031  1.531
  0.063  1.531
  0.094  1.531
  0.125  1.531
  0.156  1.531
  0.188  1.531
  0.219  1.531
  0.250  1.531
  0.281  1.531
  0.313  1.531
  0.344  1.531
  0.375  1.531
  0.406  1.531
  0.438  1.531
  0.469  1.531
  0.500  1.531
  0.531  1.531
  0.563  1.531
  0.594  1.531
  0.625  1.531
  0.656  1.531
  0.688  1.531
  0.719  1.531
  0.750  1.531
  0.781  1.531
  0.813  1.531
  0.844  1.531
  0.875  1.531
  0.906  1.531
  0.938  1.531
  0.969  1.531
  1.000  1.531
  1.031  1.531
  1.063  1.531
  1.094  1.531
  1.125  1.531
  1.156  1.531
  1.188  1.531
  1.219  1.531
  1.250  1.531
  1.281  1.531
  1.313  1.531
  1.344  1.531
  1.375  1.531
  1.406  1.531
  1.438  1.531
  1.469  1.531
  1.500  1.531
  1.531  1.531
  1.563  1.531
  1.594  1.531
  1.625  1.531
  1.656  1.531
  1.688  1.531
  1.719  1.531
  1.750  1.531
  1.781  1.531
  1.813  1.531
  1.844  1.531
  1.875  1.531
  1.906  1.531
  1.938  1.531
  1.969  1.531
  2.000  1.531
  0.000  1.563
  0.031  1.563
  0.063  1.563
  0.094  1.563
  0.125  1.563
  0.156  1.563
  0.188  1.563
  0.219  1.563
  0.250  1.563
  0.281  1.563
  0.313  1.563
  0.344  1.563
  0.375  1.563
  0.406  1.563
  0.438  1.563
  0.469  1.563
  0.500  1.563
  0.531  1.563
  0.563  1.563
  0.594  1.563
  0.625  1.563
  0.656  1.563
  0.688  1.563
  0.719  1.563
  0.750  1.563
  0.781  1.563
  0.813  1.563
  0.844  1.563
  0.875  1.563
  0.906  1.563
  0.938  1.563
  0.969  1.563
  1.000  1.563
  1.031  1.563
  1.063  1.563
  1.094  1.563
  1.125  1.563
  1.156  1.563
  1.188  1.563
  1.219  1.563
  1.250  1.563
  1.281  1.563
  1.313  1.563
  1.344  1.563
  1.375  1.563
  1.406  1.563
  1.438  1.563
  1.469  1.563
  1.500  1.563
  1.531  1.563
  1.563  1.563
  1.594  1.563
  1.625  1.563
  1.656  1.563
  1.688  1.563
  1.719  1.563
  1.750  1.563
  1.781  1.563
  1.813  1.563
  1.844  1.563
  1.875  1.563
  1.906  1.563
  1.938  1.563
  1.969  1.563
  2.000  1.563
  0.000  1.594
  0.031  1.594
  0.063  1.594
  0.094  1.594
  0.125  1.594
  0.156  1.594
  0.188  1.594
  0.219  1.594
  0.250  1.594
  0.281  1.594
  0.313  1.594
  0.344  1.594
  0.375  1.594
  0.406  1.594
  0.438  1.594
  0.469  1.594
  0.500  1.594
  0.531  1.594
  0.563  1.594
  0.594  1.594
  0.625  1.594
  0.656  1.594
  0.688  1.594
  0.719  1.594
  0.750  1.594
  0.781  1.594
  0.813  1.594
  0.844  1.594
  0.875  1.594
  0.906  1.594
  0.938  1.594
  0.969  1.594
  1.000  1.594
  1.031  1.594
  1.063  1.594
  1.094  1.594
  1.125  1.594
  1.156  1.594
  1.188  1.594
  1.219  1.594
  1.250  1.594
  1.281  1.594
  1.313  1.594
  1.344  1.594
  1.375  1.594
  1.406  1.594
  1.438  1.594
  1.469  1.594
  1.500  1.594
  1.531  1.594
  1.563  1.594
  1.594  1.594
  1.625  1.594
  1.656  1.594
  1.688  1.594
  1.719  1.594
  1.750  1.594
  1.781  1.594
  1.813  1.594
  1.844  1.594
  1.875  1.594
  1.906  1.594
  1.938  1.594
  1.969  1.594
  2.000  1.594
  0.000  1.625
  0.031  1.625
  0.063  1.625
  0.094  1.625
  0.125  1.625
  0.156  1.625
  0.188  1.625
  0.219  1.625
  0.250  1.625
  0.281  1.625
  0.313  1.625
  0.344  1.625
  0.375  1.625
  0.406  1.625
  0.438  1.625
  0.469  1.625
  0.500  1.625
  0.531  1.625
  0.563  1.625
  0.594  1.625
  0.625  1.625
  0.656  1.625
  0.688  1.625
  0.719  1.625
  0.750  1.625
  0.781  1.625
  0.813  1.625
  0.844  1.625
  0.875  1.625
  0.906  1.625
  0.938  1.625
  0.969  1.625
  1.000  1.625
  1.031  1.625
  1.063  1.625
  1.094  1.625
  1.125  1.625
  1.156  1.625
  1.188  1.625
  1.219  1.625
  1.250  1.625
  1.281  1.625
  1.313  1.625
  1.344  1.625
  1.375  1.625
  1.406  1.625
  1.438  1.625
  1.469  1.625
  1.500  1.625
  1.531  1.625
  1.563  1.625
  1.594  1.625
  1.625  1.625
  1.656  1.625
  1.688  1.625
  1.719  1.625
  1.750  1.625
  1.781  1.625
  1.813  1.625
  1.844  1.625
  1.875  1.625
  1.906  1.625
  1.938  1.625
  1.969  1.625
  2.000  1.625
  0.000  1.656
  0.031  1.656
  0.063  1.656
  0.094  1.656
  0.125  1.656
  0.156  1.656
  0.188  1.656
  0.219  1.656
  0.250  1.656
  0.281  1.656
  0.313  1.656
  0.344  1.656
  0.375  1.656
  0.406  1.656
  0.438  1.656
  0.469  1.656
  0.500  1.656
  0.531  1.656
  0.563  1.656
  0.594  1.656
  0.625  1.656
  0.656  1.656
  0.688  1.656
  0.719  1.656
  0.750  1.656
  0.781  1.656
  0.813  1.656
  0.844  1.656
  0.875  1.656
  0.906  1.656
  0.938  1.656
  0.969  1.656
  1.000  1.656
  1.031  1.656
  1.063  1.656
  1.094  1.656
  1.125  1.656
  1.156  1.656
  1.188  1.656
  1.219  1.656
  1.250  1.656
  1.281  1.656
  1.313  1.656
  1.344  1.656
  1.375  1.656
  1.406  1.656
  1.438  1.656
  1.469  1.656
  1.500  1.656
  1.531  1.656
  1.563  1.656
  1.594  1.656
  1.625  1.656
  1.656  1.656
  1.688  1.656
  1.719  1.656
  1.750  1.656
  1.781  1.656
  1.813  1.656
  1.844  1.656
  1.875  1.656
  1.906  1.656
  1.938  1.656
  1.969  1.656
  2.000  1.656
  0.000  1.688
  0.031  1.688
  0.063  1.688
  0.094  1.688
  0.125  1.688
  0.156  1.688
  0.188  1.688
  0.219  1.688
  0.250  1.688
  0.281  1.688
  0.313  1.688
  0.344  1.688
  0.375  1.688
  0.406  1.688
  0.438  1.688
  0.469  1.688
  0.500  1.688
  0.531  1.688
  0.563  1.688
  0.594  1.688
  0.625  1.688
  0.656  1.688
  0.688  1.688
  0.719  1.688
  0.750  1.688
  0.781  1.688
  0.813  1.688
  0.844  1.688
  0.875  1.688
  0.906  1.688
  0.938  1.688
  0.969  1.688
  1.000  1.688
  1.031  1.688
  1.063  1.688
  1.094  1.688
  1.125  1.688
  1.156  1.688
  1.188  1.688
  1.219  1.688
  1.250  1.688
  1.281  1.688
  1.313  1.688
  1.344  1.688
  1.375  1.688
  1.406  1.688
  1.438  1.688
  1.469  1.688
  1.500  1.688
  1.531  1.688
  1.563  1.688
  1.594  1.688
  1.625  1.688
  1.656  1.688
  1.688  1.688
  1.719  1.688
  1.750  1.688
  1.781  1.688
  1.813  1.688
  1.844  1.688
  1.875  1.688
  1.906  1.688
  1.938  1.688
  1.969  1.688
  2.000  1.688
  0.000  1.719
  0.031  1.719
  0.063  1.719
  0.094  1.719
  0.125  1.719
  0.156  1.719
  0.188  1.719
  0.219  1.719
  0.250  1.719
  0.281  1.719
  0.313  1.719
  0.344  1.719
  0.375  1.719
  0.406  1.719
  0.438  1.719
  0.469  1.719
  0.500  1.719
  0.531  1.719
  0.563  1.719
  0.594  1.719
  0.625  1.719
  0.656  1.719
  0.688  1.719
  0.719  1.719
  0.750  1.719
  0.781  1.719
  0.813  1.719
  0.844  1.719
  0.875  1.719
  0.906  1.719
  0.938  1.719
  0.969  1.719
  1.000  1.719
  1.031  1.719
  1.063  1.719
  1.094  1.719
  1.125  1.719
  1.156  1.719
  1.188  1.719
  1.219  1.719
  1.250  1.719
  1.281  1.719
  1.313  1.719
  1.344  1.719
  1.375  1.719
  1.406  1.719
  1.438  1.719
  1.469  1.719
  1.500  1.719
  1.531  1.719
  1.563  1.719
  1.594  1.719
  1.625  1.719
  1.656  1.719
  1.688  1.719
  1.719  1.719
  1.750  1.719
  1.781  1.719
  1.813  1.719
  1.844  1.719
  1.875  1.719
  1.906  1.719
  1.938  1.719
  1.969  1.719
  2.000  1.719
  0.000  1.750
  0.031  1.750
  0.063  1.750
  0.094  1.750
  0.125  1.750
  0.156  1.750
  0.188  1.750
  0.219  1.750
  0.250  1.750
  0.281  1.750
  0.313  1.750
  0.344  1.750
  0.375  1.750
  0.406  1.750
  0.438  1.750
  0.469  1.750
  0.500  1.750
  0.531  1.750
  0.563  1.750
  0.594  1.750
  0.625  1.750
  0.656  1.750
  0.688  1.750
  0.719  1.750
  0.750  1.750
  0.781  1.750
  0.813  1.750
  0.844  1.750
  0.875  1.750
  0.906  1.750
  0.938  1.750
  0.969  1.750
  1.000  1.750
  1.031  1.750
  1.063  1.750
  1.094  1.750
  1.125  1.750
  1.156  1.750
  1.188  1.750
  1.219  1.750
  1.250  1.750
  1.281  1.750
  1.313  1.750
  1.344  1.750
  1.375  1.750
  1.406  1.750
  1.438  1.750
  1.469  1.750
  1.500  1.750
  1.531  1.750
  1.563  1.750
  1.594  1.750
  1.625  1.750
  1.656  1.750
  1.688  1.750
  1.719  1.750
  1.750  1.750
  1.781  1.750
  1.813  1.750
  1.844  1.750
  1.875  1.750
  1.906  1.750
  1.938  1.750
  1.969  1.750
  2.000  1.750
  0.000  1.781
  0.031  1.781
  0.063  1.781
  0.094  1.781
  0.125  1.781
  0.156  1.781
  0.188  1.781
  0.219  1.781
  0.250  1.781
  0.281  1.781
  0.313  1.781
  0.344  1.781
  0.375  1.781
  0.406  1.781
  0.438  1.781
  0.469  1.781
  0.500  1.781
  0.531  1.781
  0.563  1.781
  0.594  1.781
  0.625  1.781
  0.656  1.781
  0.688  1.781
  0.719  1.781
  0.750  1.781
  0.781  1.781
  0.813  1.781
  0.844  1.781
  0.875  1.781
  0.906  1.781
  0.938  1.781
  0.969  1.781
  1.000  1.781
  1.031  1.781
  1.063  1.781
  1.094  1.781
  1.125  1.781
  1.156  1.781
  1.188  1.781
  1.219  1.781
  1.250  1.781
  1.281  1.781
  1.313  1.781
  1.344  1.781
  1.375  1.781
  1.406  1.781
  1.438  1.781
  1.469  1.781
  1.500  1.781
  1.531  1.781
  1.563  1.781
  1.594  1.781
  1.625  1.781
  1.656  1.781
  1.688  1.781
  1.719  1.781
  1.750  1.781
  1.781  1.781
  1.813  1.781
  1.844  1.781
  1.875  1.781
  1.906  1.781
  1.938  1.781
  1.969  1.781
  2.000  1.781
  0.000  1.813
  0.031  1.813
  0.063  1.813
  0.094  1.813
  0.125  1.813
  0.156  1.813
  0.188  1.813
  0.219  1.813
  0.250  1.813
  0.281  1.813
  0.313  1.813
  0.344  1.813
  0.375  1.813
  0.406  1.813
  0.438  1.813
  0.469  1.813
  0.500  1.813
  0.531  1.813
  0.563  1.813
  0.594  1.813
  0.625  1.813
  0.656  1.813
  0.688  1.813
  0.719  1.813
  0.750  1.813
  0.781  1.813
  0.813  1.813
  0.844  1.813
  0.875  1.813
  0.906  1.813
  0.938  1.813
  0.969  1.813
  1.000  1.813
  1.031  1.813
  1.063  1.813
  1.094  1.813
  1.125  1.813
  1.156  1.813
  1.188  1.813
  1.219  1.813
  1.250  1.813
  1.281  1.813
  1.313  1.813
  1.344  1.813
  1.375  1.813
  1.406  1.813
  1.438  1.813
  1.469  1.813
  1.500  1.813
  1.531  1.813
  1.563  1.813
  1.594  1.813
  1.625  1.813
  1.656  1.813
  1.688  1.813
  1.719  1.813
  1.750  1.813
  1.781  1.813
  1.813  1.813
  1.844  1.813
  1.875  1.813
  1.906  1.813
  1.938  1.813
  1.969  1.813
  2.000  1.813
  0.000  1.844
  0.031  1.844
  0.063  1.844
  0.094  1.844
  0.125  1.844
  0.156  1.844
  0.188  1.844
  0.219  1.844
  0.250  1.844
  0.281  1.844
  0.313  1.844
  0.344  1.844
  0.375  1.844
  0.406  1.844
  0.438  1.844
  0.469  1.844
  0.500  1.844
  0.531  1.844
  0.563  1.844
  0.594  1.844
  0.625  1.844
  0.656  1.844
  0.688  1.844
  0.719  1.844
  0.750  1.844
  0.781  1.844
  0.813  1.844
  0.844  1.844
  0.875  1.844
  0.906  1.844
  0.938  1.844
  0.969  1.844
  1.000  1.844
  1.031  1.844
  1.063  1.844
  1.094  1.844
  1.125  1.844
  1.156  1.844
  1.188  1.844
  1.219  1.844
  1.250  1.844
  1.281  1.844
  1.313  1.844
  1.344  1.844
  1.375  1.844
  1.406  1.844
  1.438  1.844
  1.469  1.844
  1.500  1.844
  1.531  1.844
  1.563  1.844
  1.594  1.844
  1.625  1.844
  1.656  1.844
  1.688  1.844
  1.719  1.844
  1.750  1.844
  1.781  1.844
  1.813  1.844
  1.844  1.844
  1.875  1.844
  1.906  1.844
  1.938  1.844
  1.969  1.844
  2.000  1.844
  0.000  1.875
  0.031  1.875
  0.063  1.875
  0.094  1.875
  0.125  1.875
  0.156  1.875
  0.188  1.875
  0.219  1.875
  0.250  1.875
  0.281  1.875
  0.313  1.875
  0.344  1.875
  0.375  1.875
  0.406  1.875
  0.438  1.875
  0.469  1.875
  0.500  1.875
  0.531  1.875
  0.563  1.875
  0.594  1.875
  0.625  1.875
  0.656  1.875
  0.688  1.875
  0.719  1.875
  0.750  1.875
  0.781  1.875
  0.813  1.875
  0.844  1.875
  0.875  1.875
  0.906  1.875
  0.938  1.875
  0.969  1.875
  1.000  1.875
  1.031  1.875
  1.063  1.875
  1.094  1.875
  1.125  1.875
  1.156  1.875
  1.188  1.875
  1.219  1.875
  1.250  1.875
  1.281  1.875
  1.313  1.875
  1.344  1.875
  1.375  1.875
  1.406  1.875
  1.438  1.875
  1.469  1.875
  1.500  1.875
  1.531  1.875
  1.563  1.875
  1.594  1.875
  1.625  1.875
  1.656  1.875
  1.688  1.875
  1.719  1.875
  1.750  1.875
  1.781  1.875
  1.813  1.875
  1.844  1.875
  1.875  1.875
  1.906  1.875
  1.938  1.875
  1.969  1.875
  2.000  1.875
  0.000  1.906
  0.031  1.906
  0.063  1.906
  0.094  1.906
  0.125  1.906
  0.156  1.906
  0.188  1.906
  0.219  1.906
  0.250  1.906
  0.281  1.906
  0.313  1.906
  0.344  1.906
  0.375  1.906
  0.406  1.906
  0.438  1.906
  0.469  1.906
  0.500  1.906
  0.531  1.906
  0.563  1.906
  0.594  1.906
  0.625  1.906
  0.656  1.906
  0.688  1.906
  0.719  1.906
  0.750  1.906
  0.781  1.906
  0.813  1.906
  0.844  1.906
  0.875  1.906
  0.906  1.906
  0.938  1.906
  0.969  1.906
  1.000  1.906
  1.031  1.906
  1.063  1.906
  1.094  1.906
  1.125  1.906
  1.156  1.906
  1.188  1.906
  1.219  1.906
  1.250  1.906
  1.281  1.906
  1.313  1.906
  1.344  1.906
  1.375  1.906
  1.406  1.906
  1.438  1.906
  1.469  1.906
  1.500  1.906
  1.531  1.906
  1.563  1.906
  1.594  1.906
  1.625  1.906
  1.656  1.906
  1.688  1.906
  1.719  1.906
  1.750  1.906
  1.781  1.906
  1.813  1.906
  1.844  1.906
  1.875  1.906
  1.906  1.906
  1.938  1.906
  1.969  1.906
  2.000  1.906
  0.000  1.938
  0.031  1.938
  0.063  1.938
  0.094  1.938
  0.125  1.938
  0.156  1.938
  0.188  1.938
  0.219  1.938
  0.250  1.938
  0.281  1.938
  0.313  1.938
  0.344  1.938
  0.375  1.938
  0.406  1.938
  0.438  1.938
  0.469  1.938
  0.500  1.938
  0.531  1.938
  0.563  1.938
  0.594  1.938
  0.625  1.938
  0.656  1.938
  0.688  1.938
  0.719  1.938
  0.750  1.938
  0.781  1.938
  0.813  1.938
  0.844  1.938
  0.875  1.938
  0.906  1.938
  0.938  1.938
  0.969  1.938
  1.000  1.938
  1.031  1.938
  1.063  1.938
  1.094  1.938
  1.125  1.938
  1.156  1.938
  1.188  1.938
  1.219  1.938
  1.250  1.938
  1.281  1.938
  1.313  1.938
  1.344  1.938
  1.375  1.938
  1.406  1.938
  1.438  1.938
  1.469  1.938
  1.500  1.938
  1.531  1.938
  1.563  1.938
  1.594  1.938
  1.625  1.938
  1.656  1.938
  1.688  1.938
  1.719  1.938
  1.750  1.938
  1.781  1.938
  1.813  1.938
  1.844  1.938
  1.875  1.938
  1.906  1.938
  1.938  1.938
  1.969  1.938
  2.000  1.938
  0.000  1.969
  0.031  1.969
  0.063  1.969
  0.094  1.969
  0.125  1.969
  0.156  1.969
  0.188  1.969
  0.219  1.969
  0.250  1.969
  0.281  1.969
  0.313  1.969
  0.344  1.969
  0.375  1.969
  0.406  1.969
  0.438  1.969
  0.469  1.969
  0.500  1.969
  0.531  1.969
  0.563  1.969
  0.594  1.969
  0.625  1.969
  0.656  1.969
  0.688  1.969
  0.719  1.969
  0.750  1.969
  0.781  1.969
  0.813  1.969
  0.844  1.969
  0.875  1.969
  0.906  1.969
  0.938  1.969
  0.969  1.969
  1.000  1.969
  1.031  1.969
  1.063  1.969
  1.094  1.969
  1.125  1.969
  1.156  1.969
  1.188  1.969
  1.219  1.969
  1.250  1.969
  1.281  1.969
  1.313  1.969
  1.344  1.969
  1.375  1.969
  1.406  1.969
  1.438  1.969
  1.469  1.969
  1.500  1.969
  1.531  1.969
  1.563  1.969
  1.594  1.969
  1.625  1.969
  1.656  1.969
  1.688  1.969
  1.719  1.969
  1.750  1.969
  1.781  1.969
  1.813  1.969
  1.844  1.969
  1.875  1.969
  1.906  1.969
  1.938  1.969
  1.969  1.969
  2.000  1.969
  0.000  2.000
  0.031  2.000
  0.063  2.000
  0.094  2.000
  0.125  2.000
  0.156  2.000
  0.188  2.000
  0.219  2.000
  0.250  2.000
  0.281  2.000
  0.313  2.000
  0.344  2.000
  0.375  2.000
  0.406  2.000
  0.438  2.000
  0.469  2.000
  0.500  2.000
  0.531  2.000
  0.563  2.000
  0.594  2.000
  0.625  2.000
  0.656  2.000
  0.688  2.000
  0.719  2.000
  0.750  2.000
  0.781  2.000
  0.813  2.000
  0.844  2.000
  0.875  2.000
  0.906  2.000
  0.938  2.000
  0.969  2.000
  1.000  2.000
  1.031  2.000
  1.063  2.000
  1.094  2.000
  1.125  2.000
  1.156  2.000
  1.188  2.000
  1.219  2.000
  1.250  2.000
  1.281  2.000
  1.313  2.000
  1.344  2.000
  1.375  2.000
  1.406  2.000
  1.438  2.000
  1.469  2.000
  1.500  2.000
  1.531  2.000
  1.563  2.000
  1.594  2.000
  1.625  2.000
  1.656  2.000
  1.688  2.000
  1.719  2.000
  1.750  2.000
  1.781  2.000
  1.813  2.000
  1.844  2.000
  1.875  2.000
  1.906  2.000
  1.938  2.000
  1.969  2.000
  2.000  2.000
