1	 -0.600000	 0.000000	
2	 -0.500000	 0.000000	
3	 0.000000	 0.500000	
4	 0.000000	 0.600000	
5	 0.500000	 0.000000	
6	 0.600000	 0.000000	
7	 0.000000	 -0.600000	
8	 0.000000	 -0.500000	
9	 -0.585550	 0.000000	
10	 -0.571237	 0.000000	
11	 -0.556948	 0.000000	
12	 -0.542669	 0.000000	
13	 -0.528401	 0.000000	
14	 -0.514174	 0.000000	
15	 -0.499849	 0.012271	
16	 -0.499398	 0.024534	
17	 -0.498645	 0.036782	
18	 -0.497592	 0.049009	
19	 -0.496240	 0.061205	
20	 -0.494588	 0.073365	
21	 -0.492639	 0.085481	
22	 -0.490393	 0.097545	
23	 -0.487851	 0.109551	
24	 -0.485016	 0.121490	
25	 -0.481888	 0.133356	
26	 -0.478470	 0.145142	
27	 -0.474764	 0.156841	
28	 -0.470772	 0.168445	
29	 -0.466496	 0.179948	
30	 -0.461940	 0.191342	
31	 -0.457105	 0.202621	
32	 -0.451995	 0.213778	
33	 -0.446612	 0.224806	
34	 -0.440961	 0.235698	
35	 -0.435044	 0.246449	
36	 -0.428864	 0.257051	
37	 -0.422427	 0.267499	
38	 -0.415735	 0.277785	
39	 -0.408792	 0.287904	
40	 -0.401604	 0.297850	
41	 -0.394173	 0.307616	
42	 -0.386505	 0.317197	
43	 -0.378604	 0.326586	
44	 -0.370476	 0.335780	
45	 -0.362123	 0.344770	
46	 -0.353553	 0.353553	
47	 -0.344770	 0.362123	
48	 -0.335780	 0.370476	
49	 -0.326587	 0.378604	
50	 -0.317197	 0.386505	
51	 -0.307616	 0.394173	
52	 -0.297850	 0.401604	
53	 -0.287904	 0.408792	
54	 -0.277785	 0.415735	
55	 -0.267499	 0.422427	
56	 -0.257051	 0.428864	
57	 -0.246449	 0.435044	
58	 -0.235698	 0.440961	
59	 -0.224806	 0.446612	
60	 -0.213778	 0.451995	
61	 -0.202621	 0.457105	
62	 -0.191342	 0.461940	
63	 -0.179948	 0.466496	
64	 -0.168445	 0.470772	
65	 -0.156841	 0.474764	
66	 -0.145142	 0.478470	
67	 -0.133356	 0.481888	
68	 -0.121490	 0.485016	
69	 -0.109551	 0.487851	
70	 -0.097545	 0.490393	
71	 -0.085481	 0.492639	
72	 -0.073365	 0.494588	
73	 -0.061205	 0.496240	
74	 -0.049009	 0.497592	
75	 -0.036782	 0.498645	
76	 -0.024534	 0.499398	
77	 -0.012271	 0.499849	
78	 0.000000	 0.514143	
79	 0.000000	 0.528372	
80	 0.000000	 0.542648	
81	 0.000000	 0.556933	
82	 0.000000	 0.571229	
83	 0.000000	 0.585561	
84	 -0.014725	 0.599819	
85	 -0.029441	 0.599277	
86	 -0.044139	 0.598374	
87	 -0.058810	 0.597111	
88	 -0.073446	 0.595488	
89	 -0.088038	 0.593506	
90	 -0.102577	 0.591167	
91	 -0.117054	 0.588471	
92	 -0.131461	 0.585421	
93	 -0.145788	 0.582019	
94	 -0.160028	 0.578266	
95	 -0.174171	 0.574164	
96	 -0.188209	 0.569717	
97	 -0.202134	 0.564926	
98	 -0.215937	 0.559796	
99	 -0.229610	 0.554328	
100	 -0.243145	 0.548526	
101	 -0.256533	 0.542394	
102	 -0.269767	 0.535935	
103	 -0.282838	 0.529153	
104	 -0.295739	 0.522052	
105	 -0.308462	 0.514637	
106	 -0.320999	 0.506912	
107	 -0.333342	 0.498882	
108	 -0.345485	 0.490551	
109	 -0.357420	 0.481924	
110	 -0.369139	 0.473008	
111	 -0.380636	 0.463806	
112	 -0.391904	 0.454325	
113	 -0.402935	 0.444571	
114	 -0.413724	 0.434548	
115	 -0.424264	 0.424264	
116	 -0.434548	 0.413724	
117	 -0.444571	 0.402935	
118	 -0.454325	 0.391904	
119	 -0.463806	 0.380636	
120	 -0.473008	 0.369139	
121	 -0.481924	 0.357420	
122	 -0.490551	 0.345485	
123	 -0.498882	 0.333342	
124	 -0.506912	 0.320999	
125	 -0.514637	 0.308462	
126	 -0.522052	 0.295739	
127	 -0.529153	 0.282838	
128	 -0.535935	 0.269767	
129	 -0.542394	 0.256533	
130	 -0.548526	 0.243145	
131	 -0.554328	 0.229610	
132	 -0.559796	 0.215937	
133	 -0.564926	 0.202134	
134	 -0.569717	 0.188209	
135	 -0.574164	 0.174171	
136	 -0.578266	 0.160028	
137	 -0.582019	 0.145788	
138	 -0.585421	 0.131461	
139	 -0.588471	 0.117054	
140	 -0.591167	 0.102577	
141	 -0.593506	 0.088038	
142	 -0.595488	 0.073446	
143	 -0.597111	 0.058810	
144	 -0.598374	 0.044139	
145	 -0.599277	 0.029441	
146	 -0.599819	 0.014725	
147	 0.514168	 0.000000	
148	 0.528400	 0.000000	
149	 0.542669	 0.000000	
150	 0.556948	 0.000000	
151	 0.571238	 0.000000	
152	 0.585559	 0.000000	
153	 0.599819	 0.014725	
154	 0.599277	 0.029441	
155	 0.598374	 0.044139	
156	 0.597111	 0.058810	
157	 0.595488	 0.073446	
158	 0.593506	 0.088038	
159	 0.591167	 0.102577	
160	 0.588471	 0.117054	
161	 0.585421	 0.131461	
162	 0.582019	 0.145788	
163	 0.578266	 0.160028	
164	 0.574164	 0.174171	
165	 0.569717	 0.188209	
166	 0.564926	 0.202134	
167	 0.559796	 0.215937	
168	 0.554328	 0.229610	
169	 0.548526	 0.243145	
170	 0.542394	 0.256533	
171	 0.535935	 0.269767	
172	 0.529153	 0.282838	
173	 0.522052	 0.295739	
174	 0.514637	 0.308462	
175	 0.506912	 0.320999	
176	 0.498882	 0.333342	
177	 0.490551	 0.345485	
178	 0.481924	 0.357420	
179	 0.473008	 0.369139	
180	 0.463806	 0.380636	
181	 0.454325	 0.391904	
182	 0.444571	 0.402935	
183	 0.434548	 0.413724	
184	 0.424264	 0.424264	
185	 0.413724	 0.434548	
186	 0.402935	 0.444571	
187	 0.391904	 0.454325	
188	 0.380636	 0.463806	
189	 0.369139	 0.473008	
190	 0.357420	 0.481924	
191	 0.345485	 0.490551	
192	 0.333342	 0.498882	
193	 0.320999	 0.506912	
194	 0.308462	 0.514637	
195	 0.295739	 0.522052	
196	 0.282838	 0.529153	
197	 0.269767	 0.535935	
198	 0.256533	 0.542394	
199	 0.243145	 0.548526	
200	 0.229610	 0.554328	
201	 0.215937	 0.559796	
202	 0.202134	 0.564926	
203	 0.188209	 0.569717	
204	 0.174171	 0.574164	
205	 0.160028	 0.578266	
206	 0.145788	 0.582019	
207	 0.131461	 0.585421	
208	 0.117054	 0.588471	
209	 0.102577	 0.591167	
210	 0.088038	 0.593506	
211	 0.073446	 0.595488	
212	 0.058810	 0.597111	
213	 0.044139	 0.598374	
214	 0.029441	 0.599277	
215	 0.014725	 0.599819	
216	 0.012271	 0.499849	
217	 0.024534	 0.499398	
218	 0.036782	 0.498645	
219	 0.049009	 0.497592	
220	 0.061205	 0.496240	
221	 0.073365	 0.494588	
222	 0.085481	 0.492639	
223	 0.097545	 0.490393	
224	 0.109551	 0.487851	
225	 0.121490	 0.485016	
226	 0.133356	 0.481888	
227	 0.145142	 0.478470	
228	 0.156841	 0.474764	
229	 0.168445	 0.470772	
230	 0.179948	 0.466496	
231	 0.191342	 0.461940	
232	 0.202621	 0.457105	
233	 0.213778	 0.451995	
234	 0.224806	 0.446612	
235	 0.235698	 0.440961	
236	 0.246449	 0.435044	
237	 0.257051	 0.428864	
238	 0.267499	 0.422427	
239	 0.277785	 0.415735	
240	 0.287904	 0.408792	
241	 0.297850	 0.401604	
242	 0.307616	 0.394173	
243	 0.317197	 0.386505	
244	 0.326587	 0.378604	
245	 0.335780	 0.370476	
246	 0.344770	 0.362123	
247	 0.353553	 0.353553	
248	 0.362123	 0.344770	
249	 0.370476	 0.335780	
250	 0.378604	 0.326586	
251	 0.386505	 0.317197	
252	 0.394173	 0.307616	
253	 0.401604	 0.297850	
254	 0.408792	 0.287904	
255	 0.415735	 0.277785	
256	 0.422427	 0.267499	
257	 0.428864	 0.257051	
258	 0.435044	 0.246449	
259	 0.440961	 0.235698	
260	 0.446612	 0.224806	
261	 0.451995	 0.213778	
262	 0.457105	 0.202621	
263	 0.461940	 0.191342	
264	 0.466496	 0.179948	
265	 0.470772	 0.168445	
266	 0.474764	 0.156841	
267	 0.478470	 0.145142	
268	 0.481888	 0.133356	
269	 0.485016	 0.121490	
270	 0.487851	 0.109551	
271	 0.490393	 0.097545	
272	 0.492639	 0.085481	
273	 0.494588	 0.073365	
274	 0.496240	 0.061205	
275	 0.497592	 0.049009	
276	 0.498645	 0.036782	
277	 0.499398	 0.024534	
278	 0.499849	 0.012271	
279	 0.000000	 -0.585550	
280	 0.000000	 -0.571237	
281	 0.000000	 -0.556948	
282	 0.000000	 -0.542669	
283	 0.000000	 -0.528401	
284	 0.000000	 -0.514174	
285	 -0.012271	 -0.499849	
286	 -0.024534	 -0.499398	
287	 -0.036782	 -0.498645	
288	 -0.049009	 -0.497592	
289	 -0.061205	 -0.496240	
290	 -0.073365	 -0.494588	
291	 -0.085481	 -0.492639	
292	 -0.097545	 -0.490393	
293	 -0.109551	 -0.487851	
294	 -0.121490	 -0.485016	
295	 -0.133356	 -0.481888	
296	 -0.145142	 -0.478470	
297	 -0.156841	 -0.474764	
298	 -0.168445	 -0.470772	
299	 -0.179948	 -0.466496	
300	 -0.191342	 -0.461940	
301	 -0.202621	 -0.457105	
302	 -0.213778	 -0.451995	
303	 -0.224806	 -0.446612	
304	 -0.235698	 -0.440961	
305	 -0.246449	 -0.435044	
306	 -0.257051	 -0.428864	
307	 -0.267499	 -0.422427	
308	 -0.277785	 -0.415735	
309	 -0.287904	 -0.408792	
310	 -0.297850	 -0.401604	
311	 -0.307616	 -0.394173	
312	 -0.317197	 -0.386505	
313	 -0.326586	 -0.378604	
314	 -0.335780	 -0.370476	
315	 -0.344770	 -0.362123	
316	 -0.353553	 -0.353553	
317	 -0.362123	 -0.344770	
318	 -0.370476	 -0.335780	
319	 -0.378604	 -0.326587	
320	 -0.386505	 -0.317197	
321	 -0.394173	 -0.307616	
322	 -0.401604	 -0.297850	
323	 -0.408792	 -0.287904	
324	 -0.415735	 -0.277785	
325	 -0.422427	 -0.267499	
326	 -0.428864	 -0.257051	
327	 -0.435044	 -0.246449	
328	 -0.440961	 -0.235698	
329	 -0.446612	 -0.224806	
330	 -0.451995	 -0.213778	
331	 -0.457105	 -0.202621	
332	 -0.461940	 -0.191342	
333	 -0.466496	 -0.179948	
334	 -0.470772	 -0.168445	
335	 -0.474764	 -0.156841	
336	 -0.478470	 -0.145142	
337	 -0.481888	 -0.133356	
338	 -0.485016	 -0.121490	
339	 -0.487851	 -0.109551	
340	 -0.490393	 -0.097545	
341	 -0.492639	 -0.085481	
342	 -0.494588	 -0.073365	
343	 -0.496240	 -0.061205	
344	 -0.497592	 -0.049009	
345	 -0.498645	 -0.036782	
346	 -0.499398	 -0.024534	
347	 -0.499849	 -0.012271	
348	 -0.599819	 -0.014725	
349	 -0.599277	 -0.029441	
350	 -0.598374	 -0.044139	
351	 -0.597111	 -0.058810	
352	 -0.595488	 -0.073446	
353	 -0.593506	 -0.088038	
354	 -0.591167	 -0.102577	
355	 -0.588471	 -0.117054	
356	 -0.585421	 -0.131461	
357	 -0.582019	 -0.145788	
358	 -0.578266	 -0.160028	
359	 -0.574164	 -0.174171	
360	 -0.569717	 -0.188209	
361	 -0.564926	 -0.202134	
362	 -0.559796	 -0.215937	
363	 -0.554328	 -0.229610	
364	 -0.548526	 -0.243145	
365	 -0.542394	 -0.256533	
366	 -0.535935	 -0.269767	
367	 -0.529153	 -0.282838	
368	 -0.522052	 -0.295739	
369	 -0.514637	 -0.308462	
370	 -0.506912	 -0.320999	
371	 -0.498882	 -0.333342	
372	 -0.490551	 -0.345485	
373	 -0.481924	 -0.357420	
374	 -0.473008	 -0.369139	
375	 -0.463806	 -0.380636	
376	 -0.454325	 -0.391904	
377	 -0.444571	 -0.402935	
378	 -0.434548	 -0.413724	
379	 -0.424264	 -0.424264	
380	 -0.413724	 -0.434548	
381	 -0.402935	 -0.444571	
382	 -0.391904	 -0.454325	
383	 -0.380636	 -0.463806	
384	 -0.369139	 -0.473008	
385	 -0.357420	 -0.481924	
386	 -0.345485	 -0.490551	
387	 -0.333342	 -0.498882	
388	 -0.320999	 -0.506912	
389	 -0.308462	 -0.514637	
390	 -0.295739	 -0.522052	
391	 -0.282838	 -0.529153	
392	 -0.269767	 -0.535935	
393	 -0.256533	 -0.542394	
394	 -0.243145	 -0.548526	
395	 -0.229610	 -0.554328	
396	 -0.215937	 -0.559796	
397	 -0.202134	 -0.564926	
398	 -0.188209	 -0.569717	
399	 -0.174171	 -0.574164	
400	 -0.160028	 -0.578266	
401	 -0.145788	 -0.582019	
402	 -0.131461	 -0.585421	
403	 -0.117054	 -0.588471	
404	 -0.102577	 -0.591167	
405	 -0.088038	 -0.593506	
406	 -0.073446	 -0.595488	
407	 -0.058810	 -0.597111	
408	 -0.044139	 -0.598374	
409	 -0.029441	 -0.599277	
410	 -0.014725	 -0.599819	
411	 0.014725	 -0.599819	
412	 0.029441	 -0.599277	
413	 0.044139	 -0.598374	
414	 0.058810	 -0.597111	
415	 0.073446	 -0.595488	
416	 0.088038	 -0.593506	
417	 0.102577	 -0.591167	
418	 0.117054	 -0.588471	
419	 0.131461	 -0.585421	
420	 0.145788	 -0.582019	
421	 0.160028	 -0.578266	
422	 0.174171	 -0.574164	
423	 0.188209	 -0.569717	
424	 0.202134	 -0.564926	
425	 0.215937	 -0.559796	
426	 0.229610	 -0.554328	
427	 0.243145	 -0.548526	
428	 0.256533	 -0.542394	
429	 0.269767	 -0.535935	
430	 0.282838	 -0.529153	
431	 0.295739	 -0.522052	
432	 0.308462	 -0.514637	
433	 0.320999	 -0.506912	
434	 0.333342	 -0.498882	
435	 0.345485	 -0.490551	
436	 0.357420	 -0.481924	
437	 0.369139	 -0.473008	
438	 0.380636	 -0.463806	
439	 0.391904	 -0.454325	
440	 0.402935	 -0.444571	
441	 0.413724	 -0.434548	
442	 0.424264	 -0.424264	
443	 0.434548	 -0.413724	
444	 0.444571	 -0.402935	
445	 0.454325	 -0.391904	
446	 0.463806	 -0.380636	
447	 0.473008	 -0.369139	
448	 0.481924	 -0.357420	
449	 0.490551	 -0.345485	
450	 0.498882	 -0.333342	
451	 0.506912	 -0.320999	
452	 0.514637	 -0.308462	
453	 0.522052	 -0.295739	
454	 0.529153	 -0.282838	
455	 0.535935	 -0.269767	
456	 0.542394	 -0.256533	
457	 0.548526	 -0.243145	
458	 0.554328	 -0.229610	
459	 0.559796	 -0.215937	
460	 0.564926	 -0.202134	
461	 0.569717	 -0.188209	
462	 0.574164	 -0.174171	
463	 0.578266	 -0.160028	
464	 0.582019	 -0.145788	
465	 0.585421	 -0.131461	
466	 0.588471	 -0.117054	
467	 0.591167	 -0.102577	
468	 0.593506	 -0.088038	
469	 0.595488	 -0.073446	
470	 0.597111	 -0.058810	
471	 0.598374	 -0.044139	
472	 0.599277	 -0.029441	
473	 0.599819	 -0.014725	
474	 0.499849	 -0.012271	
475	 0.499398	 -0.024534	
476	 0.498645	 -0.036782	
477	 0.497592	 -0.049009	
478	 0.496240	 -0.061205	
479	 0.494588	 -0.073365	
480	 0.492639	 -0.085481	
481	 0.490393	 -0.097545	
482	 0.487851	 -0.109551	
483	 0.485016	 -0.121490	
484	 0.481888	 -0.133356	
485	 0.478470	 -0.145142	
486	 0.474764	 -0.156841	
487	 0.470772	 -0.168445	
488	 0.466496	 -0.179948	
489	 0.461940	 -0.191342	
490	 0.457105	 -0.202621	
491	 0.451995	 -0.213778	
492	 0.446612	 -0.224806	
493	 0.440961	 -0.235698	
494	 0.435044	 -0.246449	
495	 0.428864	 -0.257051	
496	 0.422427	 -0.267499	
497	 0.415735	 -0.277785	
498	 0.408792	 -0.287904	
499	 0.401604	 -0.297850	
500	 0.394173	 -0.307616	
501	 0.386505	 -0.317197	
502	 0.378604	 -0.326587	
503	 0.370476	 -0.335780	
504	 0.362123	 -0.344770	
505	 0.353553	 -0.353553	
506	 0.344770	 -0.362123	
507	 0.335780	 -0.370476	
508	 0.326586	 -0.378604	
509	 0.317197	 -0.386505	
510	 0.307616	 -0.394173	
511	 0.297850	 -0.401604	
512	 0.287904	 -0.408792	
513	 0.277785	 -0.415735	
514	 0.267499	 -0.422427	
515	 0.257051	 -0.428864	
516	 0.246449	 -0.435044	
517	 0.235698	 -0.440961	
518	 0.224806	 -0.446612	
519	 0.213778	 -0.451995	
520	 0.202621	 -0.457105	
521	 0.191342	 -0.461940	
522	 0.179948	 -0.466496	
523	 0.168445	 -0.470772	
524	 0.156841	 -0.474764	
525	 0.145142	 -0.478470	
526	 0.133356	 -0.481888	
527	 0.121490	 -0.485016	
528	 0.109551	 -0.487851	
529	 0.097545	 -0.490393	
530	 0.085481	 -0.492639	
531	 0.073365	 -0.494588	
532	 0.061205	 -0.496240	
533	 0.049009	 -0.497592	
534	 0.036782	 -0.498645	
535	 0.024534	 -0.499398	
536	 0.012271	 -0.499849	
537	 -0.585428	 0.014372	
538	 -0.571116	 0.014021	
539	 -0.556828	 0.013670	
540	 -0.542548	 0.013320	
541	 -0.528269	 0.012969	
542	 -0.514103	 0.012627	
543	 -0.584893	 0.028735	
544	 -0.570590	 0.028033	
545	 -0.556314	 0.027331	
546	 -0.542046	 0.026630	
547	 -0.527780	 0.025930	
548	 -0.513630	 0.025243	
549	 -0.584010	 0.043080	
550	 -0.569728	 0.042027	
551	 -0.555472	 0.040976	
552	 -0.541225	 0.039925	
553	 -0.526981	 0.038874	
554	 -0.512853	 0.037842	
555	 -0.582777	 0.057399	
556	 -0.568524	 0.055996	
557	 -0.554298	 0.054595	
558	 -0.540081	 0.053195	
559	 -0.525867	 0.051795	
560	 -0.511769	 0.050418	
561	 -0.581193	 0.071684	
562	 -0.566978	 0.069932	
563	 -0.552791	 0.068182	
564	 -0.538612	 0.066433	
565	 -0.524437	 0.064685	
566	 -0.510378	 0.062962	
567	 -0.579258	 0.085926	
568	 -0.565091	 0.083825	
569	 -0.550951	 0.081728	
570	 -0.536820	 0.079632	
571	 -0.522691	 0.077536	
572	 -0.508679	 0.075469	
573	 -0.576975	 0.100116	
574	 -0.562864	 0.097668	
575	 -0.548779	 0.095224	
576	 -0.534704	 0.092782	
577	 -0.520631	 0.090340	
578	 -0.506673	 0.087929	
579	 -0.574344	 0.114245	
580	 -0.560297	 0.111452	
581	 -0.546277	 0.108663	
582	 -0.532266	 0.105876	
583	 -0.518257	 0.103090	
584	 -0.504363	 0.100337	
585	 -0.571368	 0.128306	
586	 -0.557394	 0.125168	
587	 -0.543446	 0.122037	
588	 -0.529507	 0.118907	
589	 -0.515571	 0.115777	
590	 -0.501748	 0.112685	
591	 -0.568047	 0.142289	
592	 -0.554154	 0.138810	
593	 -0.540287	 0.135337	
594	 -0.526429	 0.131866	
595	 -0.512575	 0.128395	
596	 -0.498832	 0.124964	
597	 -0.564384	 0.156187	
598	 -0.550580	 0.152368	
599	 -0.536803	 0.148555	
600	 -0.523035	 0.144745	
601	 -0.509269	 0.140936	
602	 -0.495615	 0.137169	
603	 -0.560381	 0.169991	
604	 -0.546675	 0.165834	
605	 -0.532996	 0.161685	
606	 -0.519325	 0.157538	
607	 -0.505657	 0.153391	
608	 -0.492099	 0.149290	
609	 -0.556040	 0.183692	
610	 -0.542441	 0.179200	
611	 -0.528867	 0.174716	
612	 -0.515302	 0.170235	
613	 -0.501741	 0.165755	
614	 -0.488287	 0.161322	
615	 -0.551365	 0.197283	
616	 -0.537880	 0.192458	
617	 -0.524420	 0.187643	
618	 -0.510969	 0.182830	
619	 -0.497522	 0.178018	
620	 -0.484181	 0.173257	
621	 -0.546357	 0.210754	
622	 -0.532995	 0.205600	
623	 -0.519657	 0.200456	
624	 -0.506329	 0.195315	
625	 -0.493003	 0.190174	
626	 -0.479783	 0.185087	
627	 -0.541021	 0.224099	
628	 -0.527788	 0.218619	
629	 -0.514581	 0.213149	
630	 -0.501383	 0.207682	
631	 -0.488187	 0.202216	
632	 -0.475097	 0.196806	
633	 -0.535358	 0.237309	
634	 -0.522264	 0.231506	
635	 -0.509196	 0.225713	
636	 -0.496135	 0.219924	
637	 -0.483078	 0.214136	
638	 -0.470124	 0.208406	
639	 -0.529373	 0.250376	
640	 -0.516425	 0.244253	
641	 -0.503503	 0.238141	
642	 -0.490588	 0.232033	
643	 -0.477677	 0.225927	
644	 -0.464868	 0.219881	
645	 -0.523069	 0.263292	
646	 -0.510276	 0.256853	
647	 -0.497507	 0.250426	
648	 -0.484746	 0.244003	
649	 -0.471989	 0.237581	
650	 -0.459332	 0.231223	
651	 -0.516450	 0.276049	
652	 -0.503819	 0.269298	
653	 -0.491211	 0.262560	
654	 -0.478612	 0.255826	
655	 -0.466016	 0.249093	
656	 -0.453519	 0.242426	
657	 -0.509520	 0.288640	
658	 -0.497058	 0.281582	
659	 -0.484620	 0.274536	
660	 -0.472190	 0.267495	
661	 -0.459763	 0.260454	
662	 -0.447433	 0.253483	
663	 -0.502283	 0.301058	
664	 -0.489998	 0.293695	
665	 -0.477737	 0.286346	
666	 -0.465483	 0.279002	
667	 -0.453232	 0.271659	
668	 -0.441077	 0.264387	
669	 -0.494743	 0.313294	
670	 -0.482643	 0.305632	
671	 -0.470565	 0.297984	
672	 -0.458496	 0.290342	
673	 -0.446429	 0.282700	
674	 -0.434456	 0.275132	
675	 -0.486905	 0.325341	
676	 -0.474997	 0.317385	
677	 -0.463111	 0.309443	
678	 -0.451232	 0.301506	
679	 -0.439356	 0.293571	
680	 -0.427573	 0.285711	
681	 -0.478774	 0.337192	
682	 -0.467065	 0.328946	
683	 -0.455377	 0.320715	
684	 -0.443697	 0.312489	
685	 -0.432020	 0.304265	
686	 -0.420432	 0.296118	
687	 -0.470355	 0.348840	
688	 -0.458851	 0.340309	
689	 -0.447369	 0.331794	
690	 -0.435895	 0.323284	
691	 -0.424422	 0.314776	
692	 -0.413039	 0.306347	
693	 -0.461653	 0.360278	
694	 -0.450361	 0.351467	
695	 -0.439092	 0.342673	
696	 -0.427829	 0.333884	
697	 -0.416570	 0.325097	
698	 -0.405396	 0.316391	
699	 -0.452672	 0.371499	
700	 -0.441600	 0.362414	
701	 -0.430550	 0.353346	
702	 -0.419507	 0.344283	
703	 -0.408466	 0.335222	
704	 -0.397510	 0.326245	
705	 -0.443418	 0.382497	
706	 -0.432573	 0.373142	
707	 -0.421749	 0.363805	
708	 -0.410931	 0.354474	
709	 -0.400116	 0.345145	
710	 -0.389383	 0.335902	
711	 -0.433898	 0.393263	
712	 -0.423285	 0.383646	
713	 -0.412693	 0.374046	
714	 -0.402108	 0.364452	
715	 -0.391525	 0.354861	
716	 -0.381023	 0.345357	
717	 -0.424116	 0.403793	
718	 -0.413743	 0.393918	
719	 -0.403390	 0.384062	
720	 -0.393043	 0.374211	
721	 -0.382699	 0.364362	
722	 -0.372432	 0.354603	
723	 -0.414079	 0.414080	
724	 -0.403951	 0.403953	
725	 -0.393843	 0.393845	
726	 -0.383741	 0.383744	
727	 -0.373642	 0.373644	
728	 -0.363618	 0.363636	
729	 -0.403792	 0.424117	
730	 -0.393916	 0.413745	
731	 -0.384059	 0.403392	
732	 -0.374208	 0.393046	
733	 -0.364359	 0.382701	
734	 -0.354584	 0.372451	
735	 -0.393262	 0.433899	
736	 -0.383643	 0.423288	
737	 -0.374043	 0.412696	
738	 -0.364449	 0.402111	
739	 -0.354858	 0.391528	
740	 -0.345337	 0.381040	
741	 -0.382495	 0.443420	
742	 -0.373140	 0.432575	
743	 -0.363803	 0.421751	
744	 -0.354471	 0.410934	
745	 -0.345142	 0.400119	
746	 -0.335882	 0.389400	
747	 -0.371498	 0.452673	
748	 -0.362412	 0.441602	
749	 -0.353343	 0.430552	
750	 -0.344280	 0.419509	
751	 -0.335219	 0.408468	
752	 -0.326224	 0.397526	
753	 -0.360277	 0.461654	
754	 -0.351465	 0.450363	
755	 -0.342670	 0.439094	
756	 -0.333881	 0.427832	
757	 -0.325093	 0.416572	
758	 -0.316370	 0.405412	
759	 -0.348839	 0.470356	
760	 -0.340307	 0.458853	
761	 -0.331791	 0.447371	
762	 -0.323281	 0.435897	
763	 -0.314772	 0.424425	
764	 -0.306326	 0.413054	
765	 -0.337191	 0.478776	
766	 -0.328943	 0.467066	
767	 -0.320712	 0.455379	
768	 -0.312486	 0.443699	
769	 -0.304262	 0.432022	
770	 -0.296097	 0.420448	
771	 -0.325339	 0.486906	
772	 -0.317382	 0.474998	
773	 -0.309440	 0.463113	
774	 -0.301503	 0.451234	
775	 -0.293568	 0.439359	
776	 -0.285689	 0.427588	
777	 -0.313292	 0.494744	
778	 -0.305629	 0.482644	
779	 -0.297981	 0.470567	
780	 -0.290338	 0.458498	
781	 -0.282697	 0.446431	
782	 -0.275110	 0.434470	
783	 -0.301056	 0.502283	
784	 -0.293693	 0.489999	
785	 -0.286343	 0.477738	
786	 -0.278999	 0.465485	
787	 -0.271656	 0.453234	
788	 -0.264364	 0.441091	
789	 -0.288639	 0.509521	
790	 -0.281579	 0.497059	
791	 -0.274533	 0.484622	
792	 -0.267491	 0.472192	
793	 -0.260451	 0.459764	
794	 -0.253460	 0.447446	
795	 -0.276048	 0.516451	
796	 -0.269296	 0.503820	
797	 -0.262557	 0.491213	
798	 -0.255822	 0.478614	
799	 -0.249089	 0.466018	
800	 -0.242402	 0.453531	
801	 -0.263290	 0.523070	
802	 -0.256850	 0.510277	
803	 -0.250423	 0.497509	
804	 -0.244000	 0.484748	
805	 -0.237578	 0.471990	
806	 -0.231199	 0.459343	
807	 -0.250374	 0.529374	
808	 -0.244250	 0.516427	
809	 -0.238138	 0.503505	
810	 -0.232030	 0.490590	
811	 -0.225923	 0.477679	
812	 -0.219857	 0.464879	
813	 -0.237307	 0.535359	
814	 -0.231503	 0.522266	
815	 -0.225710	 0.509197	
816	 -0.219920	 0.496137	
817	 -0.214132	 0.483079	
818	 -0.208382	 0.470134	
819	 -0.224097	 0.541021	
820	 -0.218616	 0.527790	
821	 -0.213145	 0.514583	
822	 -0.207678	 0.501384	
823	 -0.202212	 0.488189	
824	 -0.196782	 0.475107	
825	 -0.210753	 0.546358	
826	 -0.205597	 0.532996	
827	 -0.200453	 0.519659	
828	 -0.195311	 0.506330	
829	 -0.190171	 0.493004	
830	 -0.185062	 0.479793	
831	 -0.197281	 0.551365	
832	 -0.192455	 0.537881	
833	 -0.187639	 0.524422	
834	 -0.182826	 0.510971	
835	 -0.178014	 0.497523	
836	 -0.173232	 0.484190	
837	 -0.183690	 0.556041	
838	 -0.179197	 0.542442	
839	 -0.174713	 0.528869	
840	 -0.170231	 0.515304	
841	 -0.165751	 0.501742	
842	 -0.161297	 0.488296	
843	 -0.169989	 0.560381	
844	 -0.165831	 0.546676	
845	 -0.161681	 0.532997	
846	 -0.157534	 0.519326	
847	 -0.153388	 0.505658	
848	 -0.149265	 0.492107	
849	 -0.156185	 0.564384	
850	 -0.152365	 0.550581	
851	 -0.148552	 0.536804	
852	 -0.144742	 0.523036	
853	 -0.140932	 0.509270	
854	 -0.137143	 0.495622	
855	 -0.142287	 0.568047	
856	 -0.138807	 0.554155	
857	 -0.135333	 0.540288	
858	 -0.131862	 0.526430	
859	 -0.128391	 0.512576	
860	 -0.124939	 0.498838	
861	 -0.128304	 0.571368	
862	 -0.125165	 0.557394	
863	 -0.122033	 0.543447	
864	 -0.118903	 0.529508	
865	 -0.115774	 0.515572	
866	 -0.112659	 0.501754	
867	 -0.114243	 0.574345	
868	 -0.111449	 0.560298	
869	 -0.108660	 0.546278	
870	 -0.105872	 0.532266	
871	 -0.103086	 0.518258	
872	 -0.100312	 0.504368	
873	 -0.100114	 0.576975	
874	 -0.097665	 0.562864	
875	 -0.095220	 0.548780	
876	 -0.092778	 0.534704	
877	 -0.090336	 0.520632	
878	 -0.087904	 0.506678	
879	 -0.085924	 0.579259	
880	 -0.083822	 0.565092	
881	 -0.081724	 0.550952	
882	 -0.079628	 0.536820	
883	 -0.077532	 0.522692	
884	 -0.075443	 0.508682	
885	 -0.071682	 0.581193	
886	 -0.069929	 0.566979	
887	 -0.068178	 0.552791	
888	 -0.066430	 0.538613	
889	 -0.064681	 0.524437	
890	 -0.062936	 0.510381	
891	 -0.057398	 0.582777	
892	 -0.055993	 0.568524	
893	 -0.054592	 0.554298	
894	 -0.053191	 0.540081	
895	 -0.051791	 0.525867	
896	 -0.050392	 0.511771	
897	 -0.043078	 0.584010	
898	 -0.042024	 0.569727	
899	 -0.040972	 0.555471	
900	 -0.039921	 0.541223	
901	 -0.038870	 0.526979	
902	 -0.037817	 0.512854	
903	 -0.028733	 0.584891	
904	 -0.028030	 0.570587	
905	 -0.027328	 0.556309	
906	 -0.026627	 0.542040	
907	 -0.025926	 0.527775	
908	 -0.025220	 0.513628	
909	 -0.014370	 0.585391	
910	 -0.014018	 0.571067	
911	 -0.013667	 0.556775	
912	 -0.013316	 0.542495	
913	 -0.012966	 0.528218	
914	 -0.012613	 0.514071	
915	 0.514140	 0.012627	
916	 0.528310	 0.012971	
917	 0.542560	 0.013320	
918	 0.556830	 0.013670	
919	 0.571106	 0.014021	
920	 0.585383	 0.014371	
921	 0.513675	 0.025243	
922	 0.527832	 0.025934	
923	 0.542062	 0.026632	
924	 0.556316	 0.027332	
925	 0.570578	 0.028032	
926	 0.584841	 0.028733	
927	 0.512900	 0.037842	
928	 0.527036	 0.038880	
929	 0.541244	 0.039927	
930	 0.555475	 0.040976	
931	 0.569714	 0.042027	
932	 0.583956	 0.043077	
933	 0.511817	 0.050418	
934	 0.525923	 0.051803	
935	 0.540100	 0.053198	
936	 0.554301	 0.054596	
937	 0.568510	 0.055995	
938	 0.582722	 0.057395	
939	 0.510425	 0.062964	
940	 0.524493	 0.064694	
941	 0.538632	 0.066436	
942	 0.552794	 0.068183	
943	 0.566964	 0.069930	
944	 0.581137	 0.071679	
945	 0.508726	 0.075471	
946	 0.522748	 0.077546	
947	 0.536839	 0.079635	
948	 0.550955	 0.081728	
949	 0.565077	 0.083823	
950	 0.579203	 0.085919	
951	 0.506721	 0.087933	
952	 0.520687	 0.090352	
953	 0.534723	 0.092786	
954	 0.548783	 0.095225	
955	 0.562850	 0.097666	
956	 0.576920	 0.100107	
957	 0.504410	 0.100342	
958	 0.518313	 0.103103	
959	 0.532285	 0.105881	
960	 0.546280	 0.108664	
961	 0.560284	 0.111450	
962	 0.574289	 0.114235	
963	 0.501796	 0.112691	
964	 0.515627	 0.115792	
965	 0.529526	 0.118912	
966	 0.543449	 0.122038	
967	 0.557380	 0.125166	
968	 0.571313	 0.128295	
969	 0.498879	 0.124972	
970	 0.512630	 0.128411	
971	 0.526449	 0.131871	
972	 0.540291	 0.135338	
973	 0.554140	 0.138807	
974	 0.567992	 0.142277	
975	 0.495662	 0.137177	
976	 0.509324	 0.140953	
977	 0.523054	 0.144751	
978	 0.536806	 0.148557	
979	 0.550567	 0.152365	
980	 0.564330	 0.156173	
981	 0.492146	 0.149300	
982	 0.505711	 0.153410	
983	 0.519344	 0.157544	
984	 0.532999	 0.161686	
985	 0.546662	 0.165830	
986	 0.560327	 0.169976	
987	 0.488334	 0.161333	
988	 0.501794	 0.165774	
989	 0.515321	 0.170242	
990	 0.528871	 0.174718	
991	 0.542427	 0.179196	
992	 0.555987	 0.183675	
993	 0.484228	 0.173269	
994	 0.497575	 0.178039	
995	 0.510988	 0.182837	
996	 0.524424	 0.187644	
997	 0.537866	 0.192454	
998	 0.551312	 0.197265	
999	 0.479830	 0.185100	
1000	 0.493056	 0.190197	
1001	 0.506347	 0.195322	
1002	 0.519661	 0.200458	
1003	 0.532981	 0.205596	
1004	 0.546305	 0.210735	
1005	 0.475143	 0.196820	
1006	 0.488239	 0.202239	
1007	 0.501401	 0.207690	
1008	 0.514585	 0.213150	
1009	 0.527775	 0.218614	
1010	 0.540968	 0.224079	
1011	 0.470169	 0.208421	
1012	 0.483129	 0.214161	
1013	 0.496153	 0.219932	
1014	 0.509199	 0.225715	
1015	 0.522251	 0.231500	
1016	 0.535306	 0.237287	
1017	 0.464913	 0.219897	
1018	 0.477728	 0.225953	
1019	 0.490606	 0.232042	
1020	 0.503506	 0.238143	
1021	 0.516413	 0.244247	
1022	 0.529322	 0.250353	
1023	 0.459376	 0.231240	
1024	 0.472039	 0.237609	
1025	 0.484764	 0.244012	
1026	 0.497510	 0.250428	
1027	 0.510263	 0.256847	
1028	 0.523018	 0.263268	
1029	 0.453563	 0.242444	
1030	 0.466066	 0.249122	
1031	 0.478630	 0.255836	
1032	 0.491214	 0.262562	
1033	 0.503806	 0.269292	
1034	 0.516400	 0.276024	
1035	 0.447476	 0.253502	
1036	 0.459811	 0.260484	
1037	 0.472207	 0.267505	
1038	 0.484623	 0.274538	
1039	 0.497045	 0.281575	
1040	 0.509470	 0.288614	
1041	 0.441120	 0.264408	
1042	 0.453280	 0.271690	
1043	 0.465500	 0.279013	
1044	 0.477739	 0.286348	
1045	 0.489986	 0.293688	
1046	 0.502234	 0.301030	
1047	 0.434499	 0.275154	
1048	 0.446476	 0.282732	
1049	 0.458512	 0.290353	
1050	 0.470568	 0.297986	
1051	 0.482631	 0.305625	
1052	 0.494695	 0.313265	
1053	 0.427615	 0.285734	
1054	 0.439403	 0.293604	
1055	 0.451249	 0.301518	
1056	 0.463114	 0.309445	
1057	 0.474985	 0.317377	
1058	 0.486858	 0.325311	
1059	 0.420474	 0.296142	
1060	 0.432065	 0.304299	
1061	 0.443713	 0.312501	
1062	 0.455380	 0.320717	
1063	 0.467053	 0.328938	
1064	 0.478728	 0.337161	
1065	 0.413080	 0.306372	
1066	 0.424467	 0.314811	
1067	 0.435910	 0.323296	
1068	 0.447372	 0.331796	
1069	 0.458840	 0.340301	
1070	 0.470309	 0.348808	
1071	 0.405437	 0.316417	
1072	 0.416614	 0.325133	
1073	 0.427845	 0.333896	
1074	 0.439095	 0.342675	
1075	 0.450350	 0.351459	
1076	 0.461608	 0.360245	
1077	 0.397549	 0.326271	
1078	 0.408509	 0.335260	
1079	 0.419522	 0.344296	
1080	 0.430553	 0.353348	
1081	 0.441589	 0.362405	
1082	 0.452628	 0.371465	
1083	 0.389422	 0.335930	
1084	 0.400158	 0.345184	
1085	 0.410946	 0.354488	
1086	 0.421751	 0.363808	
1087	 0.432562	 0.373134	
1088	 0.443375	 0.382461	
1089	 0.381061	 0.345385	
1090	 0.391566	 0.354900	
1091	 0.402123	 0.364466	
1092	 0.412696	 0.374049	
1093	 0.423275	 0.383637	
1094	 0.433856	 0.393227	
1095	 0.372470	 0.354633	
1096	 0.382739	 0.364403	
1097	 0.393057	 0.374225	
1098	 0.403392	 0.384064	
1099	 0.413732	 0.393909	
1100	 0.424075	 0.403756	
1101	 0.363655	 0.363667	
1102	 0.373681	 0.373686	
1103	 0.383755	 0.383758	
1104	 0.393845	 0.393848	
1105	 0.403941	 0.403944	
1106	 0.414038	 0.414041	
1107	 0.354620	 0.372482	
1108	 0.364397	 0.382744	
1109	 0.374221	 0.393060	
1110	 0.384061	 0.403395	
1111	 0.393906	 0.413735	
1112	 0.403753	 0.424078	
1113	 0.345372	 0.381073	
1114	 0.354895	 0.391572	
1115	 0.364463	 0.402126	
1116	 0.374045	 0.412699	
1117	 0.383634	 0.423278	
1118	 0.393224	 0.433858	
1119	 0.335916	 0.389434	
1120	 0.345178	 0.400163	
1121	 0.354484	 0.410949	
1122	 0.363805	 0.421754	
1123	 0.373130	 0.432565	
1124	 0.382458	 0.443378	
1125	 0.326258	 0.397560	
1126	 0.335254	 0.408514	
1127	 0.344292	 0.419525	
1128	 0.353345	 0.430555	
1129	 0.362402	 0.441592	
1130	 0.371462	 0.452630	
1131	 0.316403	 0.405447	
1132	 0.325127	 0.416618	
1133	 0.333893	 0.427848	
1134	 0.342672	 0.439097	
1135	 0.351456	 0.450352	
1136	 0.360241	 0.461610	
1137	 0.306358	 0.413090	
1138	 0.314805	 0.424472	
1139	 0.323292	 0.435913	
1140	 0.331793	 0.447374	
1141	 0.340298	 0.458842	
1142	 0.348805	 0.470312	
1143	 0.296128	 0.420484	
1144	 0.304293	 0.432070	
1145	 0.312497	 0.443716	
1146	 0.320714	 0.455382	
1147	 0.328935	 0.467055	
1148	 0.337157	 0.478730	
1149	 0.285719	 0.427625	
1150	 0.293598	 0.439407	
1151	 0.301514	 0.451251	
1152	 0.309441	 0.463116	
1153	 0.317374	 0.474987	
1154	 0.325307	 0.486860	
1155	 0.275139	 0.434508	
1156	 0.282726	 0.446480	
1157	 0.290349	 0.458515	
1158	 0.297983	 0.470570	
1159	 0.305621	 0.482633	
1160	 0.313261	 0.494697	
1161	 0.264392	 0.441129	
1162	 0.271684	 0.453284	
1163	 0.279009	 0.465502	
1164	 0.286345	 0.477741	
1165	 0.293685	 0.489988	
1166	 0.301026	 0.502236	
1167	 0.253487	 0.447485	
1168	 0.260478	 0.459815	
1169	 0.267500	 0.472209	
1170	 0.274534	 0.484625	
1171	 0.281571	 0.497047	
1172	 0.288610	 0.509472	
1173	 0.242429	 0.453571	
1174	 0.249115	 0.466069	
1175	 0.255831	 0.478632	
1176	 0.262558	 0.491216	
1177	 0.269289	 0.503808	
1178	 0.276020	 0.516402	
1179	 0.231225	 0.459384	
1180	 0.237602	 0.472042	
1181	 0.244008	 0.484766	
1182	 0.250424	 0.497512	
1183	 0.256843	 0.510265	
1184	 0.263264	 0.523020	
1185	 0.219881	 0.464920	
1186	 0.225946	 0.477731	
1187	 0.232038	 0.490609	
1188	 0.238139	 0.503508	
1189	 0.244244	 0.516415	
1190	 0.250349	 0.529323	
1191	 0.208405	 0.470176	
1192	 0.214154	 0.483132	
1193	 0.219928	 0.496155	
1194	 0.225711	 0.509200	
1195	 0.231496	 0.522253	
1196	 0.237283	 0.535308	
1197	 0.196804	 0.475149	
1198	 0.202233	 0.488242	
1199	 0.207685	 0.501403	
1200	 0.213146	 0.514586	
1201	 0.218610	 0.527777	
1202	 0.224075	 0.540970	
1203	 0.185084	 0.479836	
1204	 0.190190	 0.493058	
1205	 0.195318	 0.506349	
1206	 0.200454	 0.519662	
1207	 0.205592	 0.532983	
1208	 0.210731	 0.546306	
1209	 0.173252	 0.484234	
1210	 0.178032	 0.497577	
1211	 0.182833	 0.510990	
1212	 0.187640	 0.524425	
1213	 0.192450	 0.537868	
1214	 0.197261	 0.551313	
1215	 0.161316	 0.488340	
1216	 0.165767	 0.501797	
1217	 0.170237	 0.515323	
1218	 0.174713	 0.528872	
1219	 0.179192	 0.542429	
1220	 0.183671	 0.555988	
1221	 0.149283	 0.492151	
1222	 0.153403	 0.505714	
1223	 0.157539	 0.519345	
1224	 0.161682	 0.533000	
1225	 0.165826	 0.546663	
1226	 0.169972	 0.560328	
1227	 0.137160	 0.495667	
1228	 0.140946	 0.509326	
1229	 0.144746	 0.523055	
1230	 0.148553	 0.536808	
1231	 0.152361	 0.550568	
1232	 0.156169	 0.564331	
1233	 0.124955	 0.498883	
1234	 0.128404	 0.512632	
1235	 0.131866	 0.526450	
1236	 0.135334	 0.540292	
1237	 0.138803	 0.554141	
1238	 0.142273	 0.567993	
1239	 0.112674	 0.501800	
1240	 0.115784	 0.515628	
1241	 0.118907	 0.529528	
1242	 0.122034	 0.543450	
1243	 0.125162	 0.557381	
1244	 0.128291	 0.571314	
1245	 0.100325	 0.504414	
1246	 0.103095	 0.518315	
1247	 0.105876	 0.532286	
1248	 0.108660	 0.546281	
1249	 0.111445	 0.560284	
1250	 0.114231	 0.574290	
1251	 0.087916	 0.506724	
1252	 0.090344	 0.520689	
1253	 0.092781	 0.534724	
1254	 0.095221	 0.548783	
1255	 0.097662	 0.562851	
1256	 0.100103	 0.576921	
1257	 0.075454	 0.508729	
1258	 0.077539	 0.522749	
1259	 0.079630	 0.536840	
1260	 0.081724	 0.550955	
1261	 0.083819	 0.565078	
1262	 0.085915	 0.579203	
1263	 0.062946	 0.510428	
1264	 0.064686	 0.524494	
1265	 0.066432	 0.538633	
1266	 0.068179	 0.552795	
1267	 0.069926	 0.566965	
1268	 0.071674	 0.581137	
1269	 0.050401	 0.511819	
1270	 0.051795	 0.525924	
1271	 0.053193	 0.540101	
1272	 0.054592	 0.554301	
1273	 0.055991	 0.568510	
1274	 0.057391	 0.582721	
1275	 0.037825	 0.512901	
1276	 0.038873	 0.527037	
1277	 0.039922	 0.541243	
1278	 0.040972	 0.555474	
1279	 0.042022	 0.569713	
1280	 0.043073	 0.583954	
1281	 0.025226	 0.513675	
1282	 0.025927	 0.527832	
1283	 0.026627	 0.542060	
1284	 0.027328	 0.556312	
1285	 0.028028	 0.570573	
1286	 0.028729	 0.584835	
1287	 0.012624	 0.514114	
1288	 0.012968	 0.528253	
1289	 0.013317	 0.542484	
1290	 0.013667	 0.556746	
1291	 0.014017	 0.571022	
1292	 0.014368	 0.585309	
1293	 -0.014372	 -0.585428	
1294	 -0.014021	 -0.571116	
1295	 -0.013670	 -0.556828	
1296	 -0.013320	 -0.542548	
1297	 -0.012969	 -0.528269	
1298	 -0.012627	 -0.514103	
1299	 -0.028735	 -0.584893	
1300	 -0.028033	 -0.570590	
1301	 -0.027331	 -0.556314	
1302	 -0.026630	 -0.542046	
1303	 -0.025930	 -0.527780	
1304	 -0.025243	 -0.513630	
1305	 -0.043080	 -0.584010	
1306	 -0.042027	 -0.569728	
1307	 -0.040976	 -0.555472	
1308	 -0.039925	 -0.541225	
1309	 -0.038874	 -0.526981	
1310	 -0.037842	 -0.512853	
1311	 -0.057399	 -0.582777	
1312	 -0.055996	 -0.568524	
1313	 -0.054595	 -0.554298	
1314	 -0.053195	 -0.540081	
1315	 -0.051795	 -0.525867	
1316	 -0.050418	 -0.511769	
1317	 -0.071684	 -0.581193	
1318	 -0.069932	 -0.566978	
1319	 -0.068182	 -0.552791	
1320	 -0.066433	 -0.538612	
1321	 -0.064685	 -0.524437	
1322	 -0.062962	 -0.510378	
1323	 -0.085926	 -0.579258	
1324	 -0.083825	 -0.565091	
1325	 -0.081728	 -0.550951	
1326	 -0.079632	 -0.536820	
1327	 -0.077536	 -0.522691	
1328	 -0.075469	 -0.508679	
1329	 -0.100116	 -0.576975	
1330	 -0.097668	 -0.562864	
1331	 -0.095224	 -0.548779	
1332	 -0.092782	 -0.534704	
1333	 -0.090340	 -0.520631	
1334	 -0.087929	 -0.506673	
1335	 -0.114245	 -0.574344	
1336	 -0.111452	 -0.560297	
1337	 -0.108663	 -0.546277	
1338	 -0.105876	 -0.532266	
1339	 -0.103090	 -0.518257	
1340	 -0.100337	 -0.504363	
1341	 -0.128306	 -0.571368	
1342	 -0.125168	 -0.557394	
1343	 -0.122037	 -0.543446	
1344	 -0.118907	 -0.529507	
1345	 -0.115777	 -0.515571	
1346	 -0.112685	 -0.501748	
1347	 -0.142289	 -0.568047	
1348	 -0.138810	 -0.554154	
1349	 -0.135337	 -0.540287	
1350	 -0.131866	 -0.526429	
1351	 -0.128395	 -0.512575	
1352	 -0.124964	 -0.498832	
1353	 -0.156187	 -0.564384	
1354	 -0.152368	 -0.550580	
1355	 -0.148555	 -0.536803	
1356	 -0.144745	 -0.523035	
1357	 -0.140936	 -0.509269	
1358	 -0.137169	 -0.495615	
1359	 -0.169991	 -0.560381	
1360	 -0.165834	 -0.546675	
1361	 -0.161685	 -0.532996	
1362	 -0.157538	 -0.519325	
1363	 -0.153391	 -0.505657	
1364	 -0.149290	 -0.492099	
1365	 -0.183692	 -0.556040	
1366	 -0.179200	 -0.542441	
1367	 -0.174716	 -0.528867	
1368	 -0.170235	 -0.515302	
1369	 -0.165755	 -0.501741	
1370	 -0.161322	 -0.488287	
1371	 -0.197283	 -0.551365	
1372	 -0.192458	 -0.537880	
1373	 -0.187643	 -0.524420	
1374	 -0.182830	 -0.510969	
1375	 -0.178018	 -0.497522	
1376	 -0.173257	 -0.484181	
1377	 -0.210754	 -0.546357	
1378	 -0.205600	 -0.532995	
1379	 -0.200456	 -0.519657	
1380	 -0.195315	 -0.506329	
1381	 -0.190174	 -0.493003	
1382	 -0.185087	 -0.479783	
1383	 -0.224099	 -0.541021	
1384	 -0.218619	 -0.527788	
1385	 -0.213149	 -0.514581	
1386	 -0.207682	 -0.501383	
1387	 -0.202216	 -0.488187	
1388	 -0.196806	 -0.475097	
1389	 -0.237309	 -0.535358	
1390	 -0.231506	 -0.522264	
1391	 -0.225713	 -0.509196	
1392	 -0.219924	 -0.496135	
1393	 -0.214136	 -0.483078	
1394	 -0.208406	 -0.470124	
1395	 -0.250376	 -0.529373	
1396	 -0.244253	 -0.516425	
1397	 -0.238141	 -0.503503	
1398	 -0.232033	 -0.490588	
1399	 -0.225927	 -0.477677	
1400	 -0.219881	 -0.464868	
1401	 -0.263292	 -0.523069	
1402	 -0.256853	 -0.510276	
1403	 -0.250426	 -0.497507	
1404	 -0.244003	 -0.484746	
1405	 -0.237581	 -0.471989	
1406	 -0.231223	 -0.459332	
1407	 -0.276049	 -0.516450	
1408	 -0.269298	 -0.503819	
1409	 -0.262560	 -0.491211	
1410	 -0.255826	 -0.478612	
1411	 -0.249093	 -0.466016	
1412	 -0.242426	 -0.453519	
1413	 -0.288640	 -0.509520	
1414	 -0.281582	 -0.497058	
1415	 -0.274536	 -0.484620	
1416	 -0.267495	 -0.472190	
1417	 -0.260454	 -0.459763	
1418	 -0.253483	 -0.447433	
1419	 -0.301058	 -0.502283	
1420	 -0.293695	 -0.489998	
1421	 -0.286346	 -0.477737	
1422	 -0.279002	 -0.465483	
1423	 -0.271659	 -0.453232	
1424	 -0.264387	 -0.441077	
1425	 -0.313294	 -0.494743	
1426	 -0.305632	 -0.482643	
1427	 -0.297984	 -0.470565	
1428	 -0.290342	 -0.458496	
1429	 -0.282700	 -0.446429	
1430	 -0.275132	 -0.434456	
1431	 -0.325341	 -0.486905	
1432	 -0.317385	 -0.474997	
1433	 -0.309443	 -0.463111	
1434	 -0.301506	 -0.451232	
1435	 -0.293571	 -0.439356	
1436	 -0.285711	 -0.427573	
1437	 -0.337192	 -0.478774	
1438	 -0.328946	 -0.467065	
1439	 -0.320715	 -0.455377	
1440	 -0.312489	 -0.443697	
1441	 -0.304265	 -0.432020	
1442	 -0.296118	 -0.420432	
1443	 -0.348840	 -0.470355	
1444	 -0.340309	 -0.458851	
1445	 -0.331794	 -0.447369	
1446	 -0.323284	 -0.435895	
1447	 -0.314776	 -0.424422	
1448	 -0.306347	 -0.413039	
1449	 -0.360278	 -0.461653	
1450	 -0.351467	 -0.450361	
1451	 -0.342673	 -0.439092	
1452	 -0.333884	 -0.427829	
1453	 -0.325097	 -0.416570	
1454	 -0.316391	 -0.405396	
1455	 -0.371499	 -0.452672	
1456	 -0.362414	 -0.441600	
1457	 -0.353346	 -0.430550	
1458	 -0.344283	 -0.419507	
1459	 -0.335222	 -0.408466	
1460	 -0.326245	 -0.397510	
1461	 -0.382497	 -0.443418	
1462	 -0.373142	 -0.432573	
1463	 -0.363805	 -0.421749	
1464	 -0.354474	 -0.410931	
1465	 -0.345145	 -0.400116	
1466	 -0.335902	 -0.389383	
1467	 -0.393263	 -0.433898	
1468	 -0.383646	 -0.423285	
1469	 -0.374046	 -0.412693	
1470	 -0.364452	 -0.402108	
1471	 -0.354861	 -0.391525	
1472	 -0.345357	 -0.381023	
1473	 -0.403793	 -0.424116	
1474	 -0.393918	 -0.413743	
1475	 -0.384062	 -0.403390	
1476	 -0.374211	 -0.393043	
1477	 -0.364362	 -0.382699	
1478	 -0.354603	 -0.372432	
1479	 -0.414080	 -0.414079	
1480	 -0.403953	 -0.403951	
1481	 -0.393845	 -0.393843	
1482	 -0.383744	 -0.383741	
1483	 -0.373644	 -0.373642	
1484	 -0.363636	 -0.363618	
1485	 -0.424117	 -0.403792	
1486	 -0.413745	 -0.393916	
1487	 -0.403392	 -0.384059	
1488	 -0.393046	 -0.374208	
1489	 -0.382701	 -0.364359	
1490	 -0.372451	 -0.354584	
1491	 -0.433899	 -0.393262	
1492	 -0.423288	 -0.383643	
1493	 -0.412696	 -0.374043	
1494	 -0.402111	 -0.364449	
1495	 -0.391528	 -0.354858	
1496	 -0.381040	 -0.345337	
1497	 -0.443420	 -0.382495	
1498	 -0.432575	 -0.373140	
1499	 -0.421751	 -0.363803	
1500	 -0.410934	 -0.354471	
1501	 -0.400119	 -0.345142	
1502	 -0.389400	 -0.335882	
1503	 -0.452673	 -0.371498	
1504	 -0.441602	 -0.362412	
1505	 -0.430552	 -0.353343	
1506	 -0.419509	 -0.344280	
1507	 -0.408468	 -0.335219	
1508	 -0.397526	 -0.326224	
1509	 -0.461654	 -0.360277	
1510	 -0.450363	 -0.351465	
1511	 -0.439094	 -0.342670	
1512	 -0.427832	 -0.333881	
1513	 -0.416572	 -0.325093	
1514	 -0.405412	 -0.316370	
1515	 -0.470356	 -0.348839	
1516	 -0.458853	 -0.340307	
1517	 -0.447371	 -0.331791	
1518	 -0.435897	 -0.323281	
1519	 -0.424425	 -0.314772	
1520	 -0.413054	 -0.306326	
1521	 -0.478776	 -0.337191	
1522	 -0.467066	 -0.328943	
1523	 -0.455379	 -0.320712	
1524	 -0.443699	 -0.312486	
1525	 -0.432022	 -0.304262	
1526	 -0.420448	 -0.296097	
1527	 -0.486906	 -0.325339	
1528	 -0.474998	 -0.317382	
1529	 -0.463113	 -0.309440	
1530	 -0.451234	 -0.301503	
1531	 -0.439359	 -0.293568	
1532	 -0.427588	 -0.285689	
1533	 -0.494744	 -0.313292	
1534	 -0.482644	 -0.305629	
1535	 -0.470567	 -0.297981	
1536	 -0.458498	 -0.290338	
1537	 -0.446431	 -0.282697	
1538	 -0.434470	 -0.275110	
1539	 -0.502283	 -0.301056	
1540	 -0.489999	 -0.293693	
1541	 -0.477738	 -0.286343	
1542	 -0.465485	 -0.278999	
1543	 -0.453234	 -0.271656	
1544	 -0.441091	 -0.264364	
1545	 -0.509521	 -0.288639	
1546	 -0.497059	 -0.281579	
1547	 -0.484622	 -0.274533	
1548	 -0.472192	 -0.267491	
1549	 -0.459764	 -0.260451	
1550	 -0.447446	 -0.253460	
1551	 -0.516451	 -0.276048	
1552	 -0.503820	 -0.269296	
1553	 -0.491213	 -0.262557	
1554	 -0.478614	 -0.255822	
1555	 -0.466018	 -0.249089	
1556	 -0.453531	 -0.242402	
1557	 -0.523070	 -0.263290	
1558	 -0.510277	 -0.256850	
1559	 -0.497509	 -0.250423	
1560	 -0.484748	 -0.244000	
1561	 -0.471990	 -0.237578	
1562	 -0.459343	 -0.231199	
1563	 -0.529374	 -0.250374	
1564	 -0.516427	 -0.244250	
1565	 -0.503505	 -0.238138	
1566	 -0.490590	 -0.232030	
1567	 -0.477679	 -0.225923	
1568	 -0.464879	 -0.219857	
1569	 -0.535359	 -0.237307	
1570	 -0.522266	 -0.231503	
1571	 -0.509197	 -0.225710	
1572	 -0.496137	 -0.219920	
1573	 -0.483079	 -0.214132	
1574	 -0.470134	 -0.208382	
1575	 -0.541021	 -0.224097	
1576	 -0.527790	 -0.218616	
1577	 -0.514583	 -0.213145	
1578	 -0.501384	 -0.207678	
1579	 -0.488189	 -0.202212	
1580	 -0.475107	 -0.196782	
1581	 -0.546358	 -0.210753	
1582	 -0.532996	 -0.205597	
1583	 -0.519659	 -0.200453	
1584	 -0.506330	 -0.195311	
1585	 -0.493004	 -0.190171	
1586	 -0.479793	 -0.185062	
1587	 -0.551365	 -0.197281	
1588	 -0.537881	 -0.192455	
1589	 -0.524422	 -0.187639	
1590	 -0.510971	 -0.182826	
1591	 -0.497523	 -0.178014	
1592	 -0.484190	 -0.173232	
1593	 -0.556041	 -0.183690	
1594	 -0.542442	 -0.179197	
1595	 -0.528869	 -0.174713	
1596	 -0.515304	 -0.170231	
1597	 -0.501742	 -0.165751	
1598	 -0.488296	 -0.161297	
1599	 -0.560381	 -0.169989	
1600	 -0.546676	 -0.165831	
1601	 -0.532997	 -0.161681	
1602	 -0.519326	 -0.157534	
1603	 -0.505658	 -0.153388	
1604	 -0.492107	 -0.149265	
1605	 -0.564384	 -0.156185	
1606	 -0.550581	 -0.152365	
1607	 -0.536804	 -0.148552	
1608	 -0.523036	 -0.144742	
1609	 -0.509270	 -0.140932	
1610	 -0.495622	 -0.137143	
1611	 -0.568047	 -0.142287	
1612	 -0.554155	 -0.138807	
1613	 -0.540288	 -0.135333	
1614	 -0.526430	 -0.131862	
1615	 -0.512576	 -0.128391	
1616	 -0.498838	 -0.124939	
1617	 -0.571368	 -0.128304	
1618	 -0.557394	 -0.125165	
1619	 -0.543447	 -0.122033	
1620	 -0.529508	 -0.118903	
1621	 -0.515572	 -0.115774	
1622	 -0.501754	 -0.112659	
1623	 -0.574345	 -0.114243	
1624	 -0.560298	 -0.111449	
1625	 -0.546278	 -0.108660	
1626	 -0.532266	 -0.105872	
1627	 -0.518258	 -0.103086	
1628	 -0.504368	 -0.100312	
1629	 -0.576975	 -0.100114	
1630	 -0.562864	 -0.097665	
1631	 -0.548780	 -0.095220	
1632	 -0.534704	 -0.092778	
1633	 -0.520632	 -0.090336	
1634	 -0.506678	 -0.087904	
1635	 -0.579259	 -0.085924	
1636	 -0.565092	 -0.083822	
1637	 -0.550952	 -0.081724	
1638	 -0.536820	 -0.079628	
1639	 -0.522692	 -0.077532	
1640	 -0.508682	 -0.075443	
1641	 -0.581193	 -0.071682	
1642	 -0.566979	 -0.069929	
1643	 -0.552791	 -0.068178	
1644	 -0.538613	 -0.066430	
1645	 -0.524437	 -0.064681	
1646	 -0.510381	 -0.062936	
1647	 -0.582777	 -0.057398	
1648	 -0.568524	 -0.055993	
1649	 -0.554298	 -0.054592	
1650	 -0.540081	 -0.053191	
1651	 -0.525867	 -0.051791	
1652	 -0.511771	 -0.050392	
1653	 -0.584010	 -0.043078	
1654	 -0.569727	 -0.042024	
1655	 -0.555471	 -0.040972	
1656	 -0.541223	 -0.039921	
1657	 -0.526979	 -0.038870	
1658	 -0.512854	 -0.037817	
1659	 -0.584891	 -0.028733	
1660	 -0.570587	 -0.028030	
1661	 -0.556309	 -0.027328	
1662	 -0.542040	 -0.026627	
1663	 -0.527775	 -0.025926	
1664	 -0.513628	 -0.025220	
1665	 -0.585379	 -0.014370	
1666	 -0.571044	 -0.014018	
1667	 -0.556749	 -0.013667	
1668	 -0.542467	 -0.013316	
1669	 -0.528193	 -0.012966	
1670	 -0.514055	 -0.012617	
1671	 0.012631	 -0.514131	
1672	 0.012972	 -0.528290	
1673	 0.013321	 -0.542534	
1674	 0.013670	 -0.556803	
1675	 0.014021	 -0.571079	
1676	 0.014371	 -0.585364	
1677	 0.025245	 -0.513672	
1678	 0.025935	 -0.527826	
1679	 0.026632	 -0.542054	
1680	 0.027332	 -0.556308	
1681	 0.028032	 -0.570569	
1682	 0.028733	 -0.584835	
1683	 0.037843	 -0.512899	
1684	 0.038880	 -0.527034	
1685	 0.039927	 -0.541241	
1686	 0.040976	 -0.555472	
1687	 0.042027	 -0.569711	
1688	 0.043077	 -0.583954	
1689	 0.050419	 -0.511817	
1690	 0.051803	 -0.525923	
1691	 0.053198	 -0.540100	
1692	 0.054596	 -0.554300	
1693	 0.055995	 -0.568509	
1694	 0.057395	 -0.582721	
1695	 0.062964	 -0.510425	
1696	 0.064694	 -0.524493	
1697	 0.066436	 -0.538632	
1698	 0.068183	 -0.552794	
1699	 0.069930	 -0.566964	
1700	 0.071679	 -0.581137	
1701	 0.075471	 -0.508726	
1702	 0.077546	 -0.522748	
1703	 0.079635	 -0.536839	
1704	 0.081729	 -0.550954	
1705	 0.083823	 -0.565077	
1706	 0.085919	 -0.579203	
1707	 0.087933	 -0.506721	
1708	 0.090352	 -0.520687	
1709	 0.092786	 -0.534723	
1710	 0.095225	 -0.548783	
1711	 0.097666	 -0.562850	
1712	 0.100107	 -0.576920	
1713	 0.100342	 -0.504410	
1714	 0.103103	 -0.518313	
1715	 0.105881	 -0.532285	
1716	 0.108664	 -0.546280	
1717	 0.111450	 -0.560284	
1718	 0.114235	 -0.574289	
1719	 0.112691	 -0.501796	
1720	 0.115792	 -0.515627	
1721	 0.118912	 -0.529526	
1722	 0.122038	 -0.543449	
1723	 0.125166	 -0.557380	
1724	 0.128295	 -0.571313	
1725	 0.124972	 -0.498879	
1726	 0.128411	 -0.512630	
1727	 0.131871	 -0.526449	
1728	 0.135338	 -0.540291	
1729	 0.138807	 -0.554140	
1730	 0.142277	 -0.567992	
1731	 0.137177	 -0.495662	
1732	 0.140953	 -0.509324	
1733	 0.144751	 -0.523054	
1734	 0.148557	 -0.536806	
1735	 0.152365	 -0.550567	
1736	 0.156173	 -0.564330	
1737	 0.149300	 -0.492146	
1738	 0.153410	 -0.505711	
1739	 0.157544	 -0.519344	
1740	 0.161686	 -0.532999	
1741	 0.165830	 -0.546662	
1742	 0.169976	 -0.560327	
1743	 0.161333	 -0.488334	
1744	 0.165774	 -0.501794	
1745	 0.170242	 -0.515321	
1746	 0.174718	 -0.528871	
1747	 0.179196	 -0.542427	
1748	 0.183675	 -0.555987	
1749	 0.173269	 -0.484228	
1750	 0.178039	 -0.497575	
1751	 0.182837	 -0.510988	
1752	 0.187644	 -0.524424	
1753	 0.192454	 -0.537866	
1754	 0.197265	 -0.551312	
1755	 0.185100	 -0.479830	
1756	 0.190197	 -0.493056	
1757	 0.195322	 -0.506347	
1758	 0.200458	 -0.519661	
1759	 0.205596	 -0.532981	
1760	 0.210735	 -0.546305	
1761	 0.196820	 -0.475143	
1762	 0.202239	 -0.488239	
1763	 0.207690	 -0.501401	
1764	 0.213150	 -0.514585	
1765	 0.218614	 -0.527775	
1766	 0.224079	 -0.540968	
1767	 0.208421	 -0.470169	
1768	 0.214161	 -0.483129	
1769	 0.219932	 -0.496153	
1770	 0.225715	 -0.509199	
1771	 0.231500	 -0.522251	
1772	 0.237287	 -0.535306	
1773	 0.219897	 -0.464913	
1774	 0.225953	 -0.477728	
1775	 0.232042	 -0.490606	
1776	 0.238143	 -0.503506	
1777	 0.244247	 -0.516413	
1778	 0.250353	 -0.529322	
1779	 0.231240	 -0.459376	
1780	 0.237609	 -0.472039	
1781	 0.244012	 -0.484764	
1782	 0.250428	 -0.497510	
1783	 0.256847	 -0.510263	
1784	 0.263268	 -0.523018	
1785	 0.242444	 -0.453563	
1786	 0.249122	 -0.466066	
1787	 0.255836	 -0.478630	
1788	 0.262562	 -0.491214	
1789	 0.269292	 -0.503806	
1790	 0.276024	 -0.516400	
1791	 0.253502	 -0.447476	
1792	 0.260484	 -0.459811	
1793	 0.267505	 -0.472207	
1794	 0.274538	 -0.484623	
1795	 0.281575	 -0.497045	
1796	 0.288614	 -0.509470	
1797	 0.264408	 -0.441120	
1798	 0.271690	 -0.453280	
1799	 0.279013	 -0.465500	
1800	 0.286348	 -0.477739	
1801	 0.293688	 -0.489986	
1802	 0.301030	 -0.502234	
1803	 0.275154	 -0.434499	
1804	 0.282732	 -0.446476	
1805	 0.290353	 -0.458512	
1806	 0.297986	 -0.470568	
1807	 0.305625	 -0.482631	
1808	 0.313265	 -0.494695	
1809	 0.285734	 -0.427615	
1810	 0.293604	 -0.439403	
1811	 0.301518	 -0.451249	
1812	 0.309445	 -0.463114	
1813	 0.317377	 -0.474985	
1814	 0.325311	 -0.486858	
1815	 0.296142	 -0.420474	
1816	 0.304299	 -0.432065	
1817	 0.312501	 -0.443713	
1818	 0.320717	 -0.455380	
1819	 0.328938	 -0.467053	
1820	 0.337161	 -0.478728	
1821	 0.306372	 -0.413080	
1822	 0.314811	 -0.424467	
1823	 0.323296	 -0.435910	
1824	 0.331796	 -0.447372	
1825	 0.340301	 -0.458840	
1826	 0.348808	 -0.470309	
1827	 0.316417	 -0.405437	
1828	 0.325133	 -0.416614	
1829	 0.333896	 -0.427845	
1830	 0.342675	 -0.439095	
1831	 0.351459	 -0.450350	
1832	 0.360245	 -0.461608	
1833	 0.326271	 -0.397549	
1834	 0.335260	 -0.408509	
1835	 0.344296	 -0.419522	
1836	 0.353348	 -0.430553	
1837	 0.362405	 -0.441589	
1838	 0.371465	 -0.452628	
1839	 0.335930	 -0.389422	
1840	 0.345184	 -0.400158	
1841	 0.354488	 -0.410946	
1842	 0.363808	 -0.421751	
1843	 0.373134	 -0.432562	
1844	 0.382461	 -0.443375	
1845	 0.345385	 -0.381061	
1846	 0.354900	 -0.391566	
1847	 0.364466	 -0.402123	
1848	 0.374049	 -0.412696	
1849	 0.383637	 -0.423275	
1850	 0.393227	 -0.433856	
1851	 0.354633	 -0.372470	
1852	 0.364403	 -0.382739	
1853	 0.374225	 -0.393057	
1854	 0.384064	 -0.403392	
1855	 0.393909	 -0.413732	
1856	 0.403756	 -0.424075	
1857	 0.363667	 -0.363655	
1858	 0.373686	 -0.373681	
1859	 0.383758	 -0.383755	
1860	 0.393848	 -0.393845	
1861	 0.403944	 -0.403941	
1862	 0.414041	 -0.414038	
1863	 0.372482	 -0.354620	
1864	 0.382744	 -0.364397	
1865	 0.393060	 -0.374221	
1866	 0.403395	 -0.384061	
1867	 0.413735	 -0.393906	
1868	 0.424078	 -0.403753	
1869	 0.381073	 -0.345372	
1870	 0.391572	 -0.354895	
1871	 0.402126	 -0.364463	
1872	 0.412699	 -0.374045	
1873	 0.423278	 -0.383634	
1874	 0.433858	 -0.393224	
1875	 0.389434	 -0.335916	
1876	 0.400163	 -0.345178	
1877	 0.410949	 -0.354484	
1878	 0.421754	 -0.363805	
1879	 0.432565	 -0.373130	
1880	 0.443378	 -0.382458	
1881	 0.397560	 -0.326258	
1882	 0.408514	 -0.335254	
1883	 0.419525	 -0.344292	
1884	 0.430555	 -0.353345	
1885	 0.441592	 -0.362402	
1886	 0.452630	 -0.371462	
1887	 0.405447	 -0.316403	
1888	 0.416618	 -0.325127	
1889	 0.427848	 -0.333893	
1890	 0.439097	 -0.342672	
1891	 0.450352	 -0.351456	
1892	 0.461610	 -0.360241	
1893	 0.413090	 -0.306358	
1894	 0.424472	 -0.314805	
1895	 0.435913	 -0.323292	
1896	 0.447374	 -0.331793	
1897	 0.458842	 -0.340298	
1898	 0.470312	 -0.348805	
1899	 0.420484	 -0.296128	
1900	 0.432070	 -0.304293	
1901	 0.443716	 -0.312497	
1902	 0.455382	 -0.320714	
1903	 0.467055	 -0.328935	
1904	 0.478730	 -0.337157	
1905	 0.427625	 -0.285719	
1906	 0.439407	 -0.293598	
1907	 0.451251	 -0.301514	
1908	 0.463116	 -0.309441	
1909	 0.474987	 -0.317374	
1910	 0.486860	 -0.325307	
1911	 0.434508	 -0.275139	
1912	 0.446480	 -0.282726	
1913	 0.458515	 -0.290349	
1914	 0.470570	 -0.297983	
1915	 0.482633	 -0.305621	
1916	 0.494697	 -0.313261	
1917	 0.441129	 -0.264392	
1918	 0.453284	 -0.271684	
1919	 0.465502	 -0.279009	
1920	 0.477741	 -0.286345	
1921	 0.489988	 -0.293685	
1922	 0.502236	 -0.301026	
1923	 0.447485	 -0.253487	
1924	 0.459815	 -0.260478	
1925	 0.472209	 -0.267500	
1926	 0.484625	 -0.274534	
1927	 0.497047	 -0.281571	
1928	 0.509472	 -0.288610	
1929	 0.453571	 -0.242429	
1930	 0.466069	 -0.249115	
1931	 0.478632	 -0.255831	
1932	 0.491216	 -0.262558	
1933	 0.503808	 -0.269289	
1934	 0.516402	 -0.276020	
1935	 0.459384	 -0.231225	
1936	 0.472042	 -0.237602	
1937	 0.484766	 -0.244008	
1938	 0.497512	 -0.250424	
1939	 0.510265	 -0.256843	
1940	 0.523020	 -0.263264	
1941	 0.464920	 -0.219881	
1942	 0.477731	 -0.225946	
1943	 0.490609	 -0.232038	
1944	 0.503508	 -0.238139	
1945	 0.516415	 -0.244244	
1946	 0.529323	 -0.250349	
1947	 0.470176	 -0.208405	
1948	 0.483132	 -0.214154	
1949	 0.496155	 -0.219928	
1950	 0.509200	 -0.225711	
1951	 0.522253	 -0.231496	
1952	 0.535308	 -0.237283	
1953	 0.475149	 -0.196804	
1954	 0.488242	 -0.202233	
1955	 0.501403	 -0.207685	
1956	 0.514586	 -0.213146	
1957	 0.527777	 -0.218610	
1958	 0.540970	 -0.224075	
1959	 0.479836	 -0.185084	
1960	 0.493058	 -0.190190	
1961	 0.506349	 -0.195318	
1962	 0.519662	 -0.200454	
1963	 0.532983	 -0.205592	
1964	 0.546306	 -0.210731	
1965	 0.484234	 -0.173252	
1966	 0.497577	 -0.178032	
1967	 0.510990	 -0.182833	
1968	 0.524425	 -0.187640	
1969	 0.537868	 -0.192450	
1970	 0.551313	 -0.197261	
1971	 0.488340	 -0.161316	
1972	 0.501797	 -0.165767	
1973	 0.515323	 -0.170237	
1974	 0.528872	 -0.174713	
1975	 0.542429	 -0.179192	
1976	 0.555988	 -0.183671	
1977	 0.492151	 -0.149283	
1978	 0.505714	 -0.153403	
1979	 0.519345	 -0.157539	
1980	 0.533000	 -0.161682	
1981	 0.546663	 -0.165826	
1982	 0.560328	 -0.169972	
1983	 0.495667	 -0.137160	
1984	 0.509326	 -0.140946	
1985	 0.523055	 -0.144746	
1986	 0.536808	 -0.148553	
1987	 0.550568	 -0.152361	
1988	 0.564331	 -0.156169	
1989	 0.498883	 -0.124955	
1990	 0.512632	 -0.128404	
1991	 0.526450	 -0.131866	
1992	 0.540292	 -0.135334	
1993	 0.554141	 -0.138803	
1994	 0.567993	 -0.142273	
1995	 0.501800	 -0.112674	
1996	 0.515628	 -0.115784	
1997	 0.529528	 -0.118907	
1998	 0.543450	 -0.122034	
1999	 0.557381	 -0.125162	
2000	 0.571314	 -0.128291	
2001	 0.504414	 -0.100325	
2002	 0.518315	 -0.103095	
2003	 0.532286	 -0.105876	
2004	 0.546281	 -0.108660	
2005	 0.560284	 -0.111445	
2006	 0.574290	 -0.114231	
2007	 0.506724	 -0.087916	
2008	 0.520689	 -0.090344	
2009	 0.534724	 -0.092781	
2010	 0.548783	 -0.095221	
2011	 0.562851	 -0.097662	
2012	 0.576921	 -0.100103	
2013	 0.508729	 -0.075454	
2014	 0.522749	 -0.077539	
2015	 0.536840	 -0.079630	
2016	 0.550955	 -0.081724	
2017	 0.565078	 -0.083819	
2018	 0.579203	 -0.085915	
2019	 0.510428	 -0.062946	
2020	 0.524494	 -0.064686	
2021	 0.538633	 -0.066432	
2022	 0.552795	 -0.068179	
2023	 0.566965	 -0.069926	
2024	 0.581137	 -0.071674	
2025	 0.511819	 -0.050401	
2026	 0.525924	 -0.051795	
2027	 0.540101	 -0.053193	
2028	 0.554301	 -0.054592	
2029	 0.568510	 -0.055991	
2030	 0.582721	 -0.057391	
2031	 0.512901	 -0.037825	
2032	 0.527037	 -0.038873	
2033	 0.541243	 -0.039922	
2034	 0.555474	 -0.040972	
2035	 0.569713	 -0.042022	
2036	 0.583954	 -0.043073	
2037	 0.513675	 -0.025226	
2038	 0.527832	 -0.025927	
2039	 0.542060	 -0.026627	
2040	 0.556312	 -0.027328	
2041	 0.570573	 -0.028028	
2042	 0.584835	 -0.028729	
2043	 0.514118	 -0.012622	
2044	 0.528261	 -0.012968	
2045	 0.542491	 -0.013317	
2046	 0.556752	 -0.013667	
2047	 0.571025	 -0.014017	
2048	 0.585310	 -0.014368	
