       1       2      22      21
      21      22      42      41
      41      42      62      61
      61      62      82      81
      81      82     102     101
     101     102     122     121
     121     122     142     141
     141     142     162     161
     161     162     182     181
     181     182     202     201
     201     202     222     221
     221     222     242     241
     241     242     262     261
     261     262     282     281
     281     282     302     301
     301     302     322     321
     321     322     342     341
     341     342     362     361
     361     362     382     381
       2       3      23      22
      22      23      43      42
      42      43      63      62
      62      63      83      82
      82      83     103     102
     102     103     123     122
     122     123     143     142
     142     143     163     162
     162     163     183     182
     182     183     203     202
     202     203     223     222
     222     223     243     242
     242     243     263     262
     262     263     283     282
     282     283     303     302
     302     303     323     322
     322     323     343     342
     342     343     363     362
     362     363     383     382
       3       4      24      23
      23      24      44      43
      43      44      64      63
      63      64      84      83
      83      84     104     103
     103     104     124     123
     123     124     144     143
     143     144     164     163
     163     164     184     183
     183     184     204     203
     203     204     224     223
     223     224     244     243
     243     244     264     263
     263     264     284     283
     283     284     304     303
     303     304     324     323
     323     324     344     343
     343     344     364     363
     363     364     384     383
       4       5      25      24
      24      25      45      44
      44      45      65      64
      64      65      85      84
      84      85     105     104
     104     105     125     124
     124     125     145     144
     144     145     165     164
     164     165     185     184
     184     185     205     204
     204     205     225     224
     224     225     245     244
     244     245     265     264
     264     265     285     284
     284     285     305     304
     304     305     325     324
     324     325     345     344
     344     345     365     364
     364     365     385     384
       5       6      26      25
      25      26      46      45
      45      46      66      65
      65      66      86      85
      85      86     106     105
     105     106     126     125
     125     126     146     145
     145     146     166     165
     165     166     186     185
     185     186     206     205
     205     206     226     225
     225     226     246     245
     245     246     266     265
     265     266     286     285
     285     286     306     305
     305     306     326     325
     325     326     346     345
     345     346     366     365
     365     366     386     385
       6       7      27      26
      26      27      47      46
      46      47      67      66
      66      67      87      86
      86      87     107     106
     106     107     127     126
     126     127     147     146
     146     147     167     166
     166     167     187     186
     186     187     207     206
     206     207     227     226
     226     227     247     246
     246     247     267     266
     266     267     287     286
     286     287     307     306
     306     307     327     326
     326     327     347     346
     346     347     367     366
     366     367     387     386
       7       8      28      27
      27      28      48      47
      47      48      68      67
      67      68      88      87
      87      88     108     107
     107     108     128     127
     127     128     148     147
     147     148     168     167
     167     168     188     187
     187     188     208     207
     207     208     228     227
     227     228     248     247
     247     248     268     267
     267     268     288     287
     287     288     308     307
     307     308     328     327
     327     328     348     347
     347     348     368     367
     367     368     388     387
       8       9      29      28
      28      29      49      48
      48      49      69      68
      68      69      89      88
      88      89     109     108
     108     109     129     128
     128     129     149     148
     148     149     169     168
     168     169     189     188
     188     189     209     208
     208     209     229     228
     228     229     249     248
     248     249     269     268
     268     269     289     288
     288     289     309     308
     308     309     329     328
     328     329     349     348
     348     349     369     368
     368     369     389     388
       9      10      30      29
      29      30      50      49
      49      50      70      69
      69      70      90      89
      89      90     110     109
     109     110     130     129
     129     130     150     149
     149     150     170     169
     169     170     190     189
     189     190     210     209
     209     210     230     229
     229     230     250     249
     249     250     270     269
     269     270     290     289
     289     290     310     309
     309     310     330     329
     329     330     350     349
     349     350     370     369
     369     370     390     389
      10      11      31      30
      30      31      51      50
      50      51      71      70
      70      71      91      90
      90      91     111     110
     110     111     131     130
     130     131     151     150
     150     151     171     170
     170     171     191     190
     190     191     211     210
     210     211     231     230
     230     231     251     250
     250     251     271     270
     270     271     291     290
     290     291     311     310
     310     311     331     330
     330     331     351     350
     350     351     371     370
     370     371     391     390
      11      12      32      31
      31      32      52      51
      51      52      72      71
      71      72      92      91
      91      92     112     111
     111     112     132     131
     131     132     152     151
     151     152     172     171
     171     172     192     191
     191     192     212     211
     211     212     232     231
     231     232     252     251
     251     252     272     271
     271     272     292     291
     291     292     312     311
     311     312     332     331
     331     332     352     351
     351     352     372     371
     371     372     392     391
      12      13      33      32
      32      33      53      52
      52      53      73      72
      72      73      93      92
      92      93     113     112
     112     113     133     132
     132     133     153     152
     152     153     173     172
     172     173     193     192
     192     193     213     212
     212     213     233     232
     232     233     253     252
     252     253     273     272
     272     273     293     292
     292     293     313     312
     312     313     333     332
     332     333     353     352
     352     353     373     372
     372     373     393     392
      13      14      34      33
      33      34      54      53
      53      54      74      73
      73      74      94      93
      93      94     114     113
     113     114     134     133
     133     134     154     153
     153     154     174     173
     173     174     194     193
     193     194     214     213
     213     214     234     233
     233     234     254     253
     253     254     274     273
     273     274     294     293
     293     294     314     313
     313     314     334     333
     333     334     354     353
     353     354     374     373
     373     374     394     393
      14      15      35      34
      34      35      55      54
      54      55      75      74
      74      75      95      94
      94      95     115     114
     114     115     135     134
     134     135     155     154
     154     155     175     174
     174     175     195     194
     194     195     215     214
     214     215     235     234
     234     235     255     254
     254     255     275     274
     274     275     295     294
     294     295     315     314
     314     315     335     334
     334     335     355     354
     354     355     375     374
     374     375     395     394
      15      16      36      35
      35      36      56      55
      55      56      76      75
      75      76      96      95
      95      96     116     115
     115     116     136     135
     135     136     156     155
     155     156     176     175
     175     176     196     195
     195     196     216     215
     215     216     236     235
     235     236     256     255
     255     256     276     275
     275     276     296     295
     295     296     316     315
     315     316     336     335
     335     336     356     355
     355     356     376     375
     375     376     396     395
      16      17      37      36
      36      37      57      56
      56      57      77      76
      76      77      97      96
      96      97     117     116
     116     117     137     136
     136     137     157     156
     156     157     177     176
     176     177     197     196
     196     197     217     216
     216     217     237     236
     236     237     257     256
     256     257     277     276
     276     277     297     296
     296     297     317     316
     316     317     337     336
     336     337     357     356
     356     357     377     376
     376     377     397     396
      17      18      38      37
      37      38      58      57
      57      58      78      77
      77      78      98      97
      97      98     118     117
     117     118     138     137
     137     138     158     157
     157     158     178     177
     177     178     198     197
     197     198     218     217
     217     218     238     237
     237     238     258     257
     257     258     278     277
     277     278     298     297
     297     298     318     317
     317     318     338     337
     337     338     358     357
     357     358     378     377
     377     378     398     397
      18      19      39      38
      38      39      59      58
      58      59      79      78
      78      79      99      98
      98      99     119     118
     118     119     139     138
     138     139     159     158
     158     159     179     178
     178     179     199     198
     198     199     219     218
     218     219     239     238
     238     239     259     258
     258     259     279     278
     278     279     299     298
     298     299     319     318
     318     319     339     338
     338     339     359     358
     358     359     379     378
     378     379     399     398
      19      20      40      39
      39      40      60      59
      59      60      80      79
      79      80     100      99
      99     100     120     119
     119     120     140     139
     139     140     160     159
     159     160     180     179
     179     180     200     199
     199     200     220     219
     219     220     240     239
     239     240     260     259
     259     260     280     279
     279     280     300     299
     299     300     320     319
     319     320     340     339
     339     340     360     359
     359     360     380     379
     379     380     400     399
