      23       5       6       1
      24       6       7       1
      25       7       8       1
      33      32      15       1
      39      38      19       1
      43      37      38       1
      48      44      31       1
      45      29      44       1
      53      44      48       1
      53      45      44       1
      46      26      27       1
      35       2       3       1
      35      34       2       1
      23       4       5       1
      45      28      29       1
      54      53      48       1
      48      33      43       1
      48      31      32       1
      41      40      21       1
      47      24      25       1
      36      35       3       1
      24      23       6       1
      26       8       9       1
      25      24       7       1
      27       9      10       1
      26      25       8       1
      28      10      11       1
      27      26       9       1
      29      11      12       1
      28      27      10       1
      30      12      13       1
      29      28      11       1
      31      13      14       1
      30      29      12       1
      32      14      15       1
      31      30      13       1
      33      15      16       1
      32      31      14       1
      33      16      17       1
      37      17      18       1
      38      18      19       1
      37      33      17       1
      42       1      34       1
      34       1       2       1
      36       3       4       1
      50      49      35       1
      36       4      23       1
      55      45      53       1
      39      19      20       1
      38      37      18       1
      40      20      21       1
      51      38      39       1
      40      39      20       1
      51      39      40       1
      41      21      22       1
      52      51      40       1
      42      41      22       1
      52      42      49       1
      42      22       1       1
      56      55      54       1
      50      35      36       1
      43      33      37       1
      44      29      30       1
      44      30      31       1
      46      27      45       1
      45      27      28       1
      47      25      46       1
      46      25      26       1
      50      23      47       1
      47      23      24       1
      48      32      33       1
      54      43      51       1
      49      42      34       1
      49      34      35       1
      50      36      23       1
      57      50      56       1
      51      43      38       1
      52      40      41       1
      52      41      42       1
      56      47      55       1
      55      53      54       1
      54      48      43       1
      54      51      52       1
      57      56      54       1
      55      47      46       1
      55      46      45       1
      57      54      52       1
      56      50      47       1
      57      52      49       1
      57      49      50       1
