  0.0000000000  0.0000000000
  0.0500000007  0.0000000000
  0.1000000015  0.0000000000
  0.1500000022  0.0000000000
  0.2000000030  0.0000000000
  0.2500000037  0.0000000000
  0.3000000045  0.0000000000
  0.3500000052  0.0000000000
  0.4000000060  0.0000000000
  0.4500000067  0.0000000000
  0.5000000075  0.0000000000
  0.5500000082  0.0000000000
  0.6000000089  0.0000000000
  0.6500000097  0.0000000000
  0.7000000104  0.0000000000
  0.7500000112  0.0000000000
  0.8000000119  0.0000000000
  0.8500000127  0.0000000000
  0.9000000134  0.0000000000
  0.9500000142  0.0000000000
  0.0000000000  0.0500000007
  0.0500000007  0.0500000007
  0.1000000015  0.0500000007
  0.1500000022  0.0500000007
  0.2000000030  0.0500000007
  0.2500000037  0.0500000007
  0.3000000045  0.0500000007
  0.3500000052  0.0500000007
  0.4000000060  0.0500000007
  0.4500000067  0.0500000007
  0.5000000075  0.0500000007
  0.5500000082  0.0500000007
  0.6000000089  0.0500000007
  0.6500000097  0.0500000007
  0.7000000104  0.0500000007
  0.7500000112  0.0500000007
  0.8000000119  0.0500000007
  0.8500000127  0.0500000007
  0.9000000134  0.0500000007
  0.9500000142  0.0500000007
  0.0000000000  0.1000000015
  0.0500000007  0.1000000015
  0.1000000015  0.1000000015
  0.1500000022  0.1000000015
  0.2000000030  0.1000000015
  0.2500000037  0.1000000015
  0.3000000045  0.1000000015
  0.3500000052  0.1000000015
  0.4000000060  0.1000000015
  0.4500000067  0.1000000015
  0.5000000075  0.1000000015
  0.5500000082  0.1000000015
  0.6000000089  0.1000000015
  0.6500000097  0.1000000015
  0.7000000104  0.1000000015
  0.7500000112  0.1000000015
  0.8000000119  0.1000000015
  0.8500000127  0.1000000015
  0.9000000134  0.1000000015
  0.9500000142  0.1000000015
  0.0000000000  0.1500000022
  0.0500000007  0.1500000022
  0.1000000015  0.1500000022
  0.1500000022  0.1500000022
  0.2000000030  0.1500000022
  0.2500000037  0.1500000022
  0.3000000045  0.1500000022
  0.3500000052  0.1500000022
  0.4000000060  0.1500000022
  0.4500000067  0.1500000022
  0.5000000075  0.1500000022
  0.5500000082  0.1500000022
  0.6000000089  0.1500000022
  0.6500000097  0.1500000022
  0.7000000104  0.1500000022
  0.7500000112  0.1500000022
  0.8000000119  0.1500000022
  0.8500000127  0.1500000022
  0.9000000134  0.1500000022
  0.9500000142  0.1500000022
  0.0000000000  0.2000000030
  0.0500000007  0.2000000030
  0.1000000015  0.2000000030
  0.1500000022  0.2000000030
  0.2000000030  0.2000000030
  0.2500000037  0.2000000030
  0.3000000045  0.2000000030
  0.3500000052  0.2000000030
  0.4000000060  0.2000000030
  0.4500000067  0.2000000030
  0.5000000075  0.2000000030
  0.5500000082  0.2000000030
  0.6000000089  0.2000000030
  0.6500000097  0.2000000030
  0.7000000104  0.2000000030
  0.7500000112  0.2000000030
  0.8000000119  0.2000000030
  0.8500000127  0.2000000030
  0.9000000134  0.2000000030
  0.9500000142  0.2000000030
  0.0000000000  0.2500000037
  0.0500000007  0.2500000037
  0.1000000015  0.2500000037
  0.1500000022  0.2500000037
  0.2000000030  0.2500000037
  0.2500000037  0.2500000037
  0.3000000045  0.2500000037
  0.3500000052  0.2500000037
  0.4000000060  0.2500000037
  0.4500000067  0.2500000037
  0.5000000075  0.2500000037
  0.5500000082  0.2500000037
  0.6000000089  0.2500000037
  0.6500000097  0.2500000037
  0.7000000104  0.2500000037
  0.7500000112  0.2500000037
  0.8000000119  0.2500000037
  0.8500000127  0.2500000037
  0.9000000134  0.2500000037
  0.9500000142  0.2500000037
  0.0000000000  0.3000000045
  0.0500000007  0.3000000045
  0.1000000015  0.3000000045
  0.1500000022  0.3000000045
  0.2000000030  0.3000000045
  0.2500000037  0.3000000045
  0.3000000045  0.3000000045
  0.3500000052  0.3000000045
  0.4000000060  0.3000000045
  0.4500000067  0.3000000045
  0.5000000075  0.3000000045
  0.5500000082  0.3000000045
  0.6000000089  0.3000000045
  0.6500000097  0.3000000045
  0.7000000104  0.3000000045
  0.7500000112  0.3000000045
  0.8000000119  0.3000000045
  0.8500000127  0.3000000045
  0.9000000134  0.3000000045
  0.9500000142  0.3000000045
  0.0000000000  0.3500000052
  0.0500000007  0.3500000052
  0.1000000015  0.3500000052
  0.1500000022  0.3500000052
  0.2000000030  0.3500000052
  0.2500000037  0.3500000052
  0.3000000045  0.3500000052
  0.3500000052  0.3500000052
  0.4000000060  0.3500000052
  0.4500000067  0.3500000052
  0.5000000075  0.3500000052
  0.5500000082  0.3500000052
  0.6000000089  0.3500000052
  0.6500000097  0.3500000052
  0.7000000104  0.3500000052
  0.7500000112  0.3500000052
  0.8000000119  0.3500000052
  0.8500000127  0.3500000052
  0.9000000134  0.3500000052
  0.9500000142  0.3500000052
  0.0000000000  0.4000000060
  0.0500000007  0.4000000060
  0.1000000015  0.4000000060
  0.1500000022  0.4000000060
  0.2000000030  0.4000000060
  0.2500000037  0.4000000060
  0.3000000045  0.4000000060
  0.3500000052  0.4000000060
  0.4000000060  0.4000000060
  0.4500000067  0.4000000060
  0.5000000075  0.4000000060
  0.5500000082  0.4000000060
  0.6000000089  0.4000000060
  0.6500000097  0.4000000060
  0.7000000104  0.4000000060
  0.7500000112  0.4000000060
  0.8000000119  0.4000000060
  0.8500000127  0.4000000060
  0.9000000134  0.4000000060
  0.9500000142  0.4000000060
  0.0000000000  0.4500000067
  0.0500000007  0.4500000067
  0.1000000015  0.4500000067
  0.1500000022  0.4500000067
  0.2000000030  0.4500000067
  0.2500000037  0.4500000067
  0.3000000045  0.4500000067
  0.3500000052  0.4500000067
  0.4000000060  0.4500000067
  0.4500000067  0.4500000067
  0.5000000075  0.4500000067
  0.5500000082  0.4500000067
  0.6000000089  0.4500000067
  0.6500000097  0.4500000067
  0.7000000104  0.4500000067
  0.7500000112  0.4500000067
  0.8000000119  0.4500000067
  0.8500000127  0.4500000067
  0.9000000134  0.4500000067
  0.9500000142  0.4500000067
  0.0000000000  0.5000000075
  0.0500000007  0.5000000075
  0.1000000015  0.5000000075
  0.1500000022  0.5000000075
  0.2000000030  0.5000000075
  0.2500000037  0.5000000075
  0.3000000045  0.5000000075
  0.3500000052  0.5000000075
  0.4000000060  0.5000000075
  0.4500000067  0.5000000075
  0.5000000075  0.5000000075
  0.5500000082  0.5000000075
  0.6000000089  0.5000000075
  0.6500000097  0.5000000075
  0.7000000104  0.5000000075
  0.7500000112  0.5000000075
  0.8000000119  0.5000000075
  0.8500000127  0.5000000075
  0.9000000134  0.5000000075
  0.9500000142  0.5000000075
  0.0000000000  0.5500000082
  0.0500000007  0.5500000082
  0.1000000015  0.5500000082
  0.1500000022  0.5500000082
  0.2000000030  0.5500000082
  0.2500000037  0.5500000082
  0.3000000045  0.5500000082
  0.3500000052  0.5500000082
  0.4000000060  0.5500000082
  0.4500000067  0.5500000082
  0.5000000075  0.5500000082
  0.5500000082  0.5500000082
  0.6000000089  0.5500000082
  0.6500000097  0.5500000082
  0.7000000104  0.5500000082
  0.7500000112  0.5500000082
  0.8000000119  0.5500000082
  0.8500000127  0.5500000082
  0.9000000134  0.5500000082
  0.9500000142  0.5500000082
  0.0000000000  0.6000000089
  0.0500000007  0.6000000089
  0.1000000015  0.6000000089
  0.1500000022  0.6000000089
  0.2000000030  0.6000000089
  0.2500000037  0.6000000089
  0.3000000045  0.6000000089
  0.3500000052  0.6000000089
  0.4000000060  0.6000000089
  0.4500000067  0.6000000089
  0.5000000075  0.6000000089
  0.5500000082  0.6000000089
  0.6000000089  0.6000000089
  0.6500000097  0.6000000089
  0.7000000104  0.6000000089
  0.7500000112  0.6000000089
  0.8000000119  0.6000000089
  0.8500000127  0.6000000089
  0.9000000134  0.6000000089
  0.9500000142  0.6000000089
  0.0000000000  0.6500000097
  0.0500000007  0.6500000097
  0.1000000015  0.6500000097
  0.1500000022  0.6500000097
  0.2000000030  0.6500000097
  0.2500000037  0.6500000097
  0.3000000045  0.6500000097
  0.3500000052  0.6500000097
  0.4000000060  0.6500000097
  0.4500000067  0.6500000097
  0.5000000075  0.6500000097
  0.5500000082  0.6500000097
  0.6000000089  0.6500000097
  0.6500000097  0.6500000097
  0.7000000104  0.6500000097
  0.7500000112  0.6500000097
  0.8000000119  0.6500000097
  0.8500000127  0.6500000097
  0.9000000134  0.6500000097
  0.9500000142  0.6500000097
  0.0000000000  0.7000000104
  0.0500000007  0.7000000104
  0.1000000015  0.7000000104
  0.1500000022  0.7000000104
  0.2000000030  0.7000000104
  0.2500000037  0.7000000104
  0.3000000045  0.7000000104
  0.3500000052  0.7000000104
  0.4000000060  0.7000000104
  0.4500000067  0.7000000104
  0.5000000075  0.7000000104
  0.5500000082  0.7000000104
  0.6000000089  0.7000000104
  0.6500000097  0.7000000104
  0.7000000104  0.7000000104
  0.7500000112  0.7000000104
  0.8000000119  0.7000000104
  0.8500000127  0.7000000104
  0.9000000134  0.7000000104
  0.9500000142  0.7000000104
  0.0000000000  0.7500000112
  0.0500000007  0.7500000112
  0.1000000015  0.7500000112
  0.1500000022  0.7500000112
  0.2000000030  0.7500000112
  0.2500000037  0.7500000112
  0.3000000045  0.7500000112
  0.3500000052  0.7500000112
  0.4000000060  0.7500000112
  0.4500000067  0.7500000112
  0.5000000075  0.7500000112
  0.5500000082  0.7500000112
  0.6000000089  0.7500000112
  0.6500000097  0.7500000112
  0.7000000104  0.7500000112
  0.7500000112  0.7500000112
  0.8000000119  0.7500000112
  0.8500000127  0.7500000112
  0.9000000134  0.7500000112
  0.9500000142  0.7500000112
  0.0000000000  0.8000000119
  0.0500000007  0.8000000119
  0.1000000015  0.8000000119
  0.1500000022  0.8000000119
  0.2000000030  0.8000000119
  0.2500000037  0.8000000119
  0.3000000045  0.8000000119
  0.3500000052  0.8000000119
  0.4000000060  0.8000000119
  0.4500000067  0.8000000119
  0.5000000075  0.8000000119
  0.5500000082  0.8000000119
  0.6000000089  0.8000000119
  0.6500000097  0.8000000119
  0.7000000104  0.8000000119
  0.7500000112  0.8000000119
  0.8000000119  0.8000000119
  0.8500000127  0.8000000119
  0.9000000134  0.8000000119
  0.9500000142  0.8000000119
  0.0000000000  0.8500000127
  0.0500000007  0.8500000127
  0.1000000015  0.8500000127
  0.1500000022  0.8500000127
  0.2000000030  0.8500000127
  0.2500000037  0.8500000127
  0.3000000045  0.8500000127
  0.3500000052  0.8500000127
  0.4000000060  0.8500000127
  0.4500000067  0.8500000127
  0.5000000075  0.8500000127
  0.5500000082  0.8500000127
  0.6000000089  0.8500000127
  0.6500000097  0.8500000127
  0.7000000104  0.8500000127
  0.7500000112  0.8500000127
  0.8000000119  0.8500000127
  0.8500000127  0.8500000127
  0.9000000134  0.8500000127
  0.9500000142  0.8500000127
  0.0000000000  0.9000000134
  0.0500000007  0.9000000134
  0.1000000015  0.9000000134
  0.1500000022  0.9000000134
  0.2000000030  0.9000000134
  0.2500000037  0.9000000134
  0.3000000045  0.9000000134
  0.3500000052  0.9000000134
  0.4000000060  0.9000000134
  0.4500000067  0.9000000134
  0.5000000075  0.9000000134
  0.5500000082  0.9000000134
  0.6000000089  0.9000000134
  0.6500000097  0.9000000134
  0.7000000104  0.9000000134
  0.7500000112  0.9000000134
  0.8000000119  0.9000000134
  0.8500000127  0.9000000134
  0.9000000134  0.9000000134
  0.9500000142  0.9000000134
  0.0000000000  0.9500000142
  0.0500000007  0.9500000142
  0.1000000015  0.9500000142
  0.1500000022  0.9500000142
  0.2000000030  0.9500000142
  0.2500000037  0.9500000142
  0.3000000045  0.9500000142
  0.3500000052  0.9500000142
  0.4000000060  0.9500000142
  0.4500000067  0.9500000142
  0.5000000075  0.9500000142
  0.5500000082  0.9500000142
  0.6000000089  0.9500000142
  0.6500000097  0.9500000142
  0.7000000104  0.9500000142
  0.7500000112  0.9500000142
  0.8000000119  0.9500000142
  0.8500000127  0.9500000142
  0.9000000134  0.9500000142
  0.9500000142  0.9500000142
