  0.9594929810  0.2817325590
  0.8412535190  0.5406408310
  0.6548607350  0.7557495830
  0.4154150190  0.9096319680
  0.1423148360  0.9898214340
 -0.1423148360  0.9898214340
 -0.4154150190  0.9096319680
 -0.6548607350  0.7557495830
 -0.8412535190  0.5406408310
 -0.9594929810  0.2817325590
 -1.0000000000  0.0000000000
 -0.9594929810 -0.2817325590
 -0.8412535190 -0.5406408310
 -0.6548607350 -0.7557495830
 -0.4154150190 -0.9096319680
 -0.1423148360 -0.9898214340
  0.1423148360 -0.9898214340
  0.4154150190 -0.9096319680
  0.6548607350 -0.7557495830
  0.8412535190 -0.5406408310
  0.9594929810 -0.2817325590
  1.0000000000  0.0000000000
  0.1064973400  0.7348028420
 -0.1914871340  0.7363699080
 -0.3961721360  0.6120015380
 -0.5943015810  0.5041697620
 -0.6769202950  0.2979525920
 -0.7684891220  0.0981819406
 -0.7325647470 -0.1216805800
 -0.7113314870 -0.3355531390
 -0.5481138830 -0.4910294120
 -0.3858512340 -0.6600720290
 -0.0997921079 -0.7439576980
  0.7102805970  0.3348576430
  0.5558984880  0.4897868930
  0.3955888150  0.6599565740
  0.1901765760 -0.7535391450
  0.3894748990 -0.6328993440
  0.5845279100 -0.5187941790
  0.6706091760 -0.3104530270
  0.7671247720 -0.1060078070
  0.7360750440  0.1148402090
  0.1239282120 -0.5046856400
 -0.4880924820 -0.2420472500
 -0.5005377530  0.0509098060
 -0.4117178320  0.3388620320
 -0.1111067460  0.4499060210
 -0.2221748530 -0.4147270020
  0.5016398430  0.2363451570
  0.2545191940  0.4135632510
  0.3901513520 -0.3597863020
  0.4889791910 -0.0607171431
 -0.2633615140 -0.1224947350
  0.0826227218 -0.1268206690
 -0.1907639500  0.1306927800
  0.0617741123  0.1995384840
  0.2779070140  0.1323818120
