 ninf           9 coef  1.745992570649906E-002  5.429266801470271E-002
  5.019308555254164E-003  0.163630605011949       0.508849901788468     
  4.704561824103357E-002  4.632244020859524E-002  0.144059711771479     
  1.331982070201943E-002
 ninf          12 coef  1.358216908582915E-003  3.877226084050968E-002
  2.501558464868526E-002  7.482183996456335E-005  1.472355021857844E-002
  0.420295253044507       0.271165245683230       8.110391580067095E-004
  4.743871323114913E-003  0.135414430038132       8.736443035429077E-002
  2.612959423985517E-004
 ninf          12 coef  1.784277383802789E-004  4.707271159966438E-002
  6.932968027730417E-002  2.219177715420764E-003  1.110509759525101E-003
  0.292975803317103       0.431503454243169       1.381210010303799E-002
  2.129650177954252E-004  5.618497117321685E-002  8.275137445901157E-002
  2.648824596370687E-003
 ninf          16 coef  7.274004099472259E-007  3.890073781708671E-004
  6.585388118145005E-004  2.674548273049851E-005  2.575733587330098E-004
  0.137746488626209       0.233184317413286       9.470297783238914E-003
  4.039210042969235E-004  0.216008729752351       0.365666639974231     
  1.485062866672159E-002  1.443782747514127E-005  7.720971587850103E-003
  1.307016887691755E-002  5.308060555639133E-004
 ninf          12 coef  4.736672874148215E-004  6.619835401513768E-002
  8.279384655639779E-002  1.932482043056146E-003  2.308682195007977E-003
  0.322652807822373       0.403537414169652       9.418867660320017E-003
  3.462936394987665E-004  4.839642561399230E-002  6.052838899407952E-002
  1.412770003069872E-003
 ninf          12 coef  1.932484858243659E-003  8.279386692037070E-002
  6.619833192757914E-002  4.736661958129694E-004  9.418881381218077E-003
  0.403537513420743       0.322652700170843       2.308676874548948E-003
  1.412772061078678E-003  6.052840388074854E-002  4.839640946735238E-002
  3.462928414609031E-004
 ninf          16 coef  2.674551359970848E-005  6.585389399117382E-004
  3.890072220425997E-004  7.273975717673697E-007  9.470308713670538E-003
  0.233184362771814       0.137746433342250       2.575723537323951E-004
  1.485064580696992E-002  0.365666711103148       0.216008643059202     
  4.039194282801619E-004  5.308066682058550E-004  1.307017141931418E-002
  7.720968489144852E-003  1.443777114183455E-005
 ninf          12 coef  2.219180558101644E-003  6.932969531083930E-002
  4.707269424909064E-002  1.784272127379822E-004  1.381211779604501E-002
  0.431503547812652       0.292975695326164       1.110506487974682E-003
  2.648827989504710E-003  8.275139240358594E-002  5.618495046290600E-002
  2.129643903979031E-004
 ninf          12 coef  7.482208550479893E-005  2.501559414253282E-002
  3.877225277744256E-002  1.358215232262237E-003  8.110418196364394E-004
  0.271165348605063       0.420295165633926       1.472353204569615E-002
  2.612967999295713E-004  8.736446351695326E-002  0.135414401873480     
  4.743865467572673E-003
 ninf           9 coef  5.019312802554176E-003  5.429267330572655E-002
  1.745991616817518E-002  4.704565805034984E-002  0.508849951372495     
  0.163630515618606       1.331983197296796E-002  0.144059725807659     
  4.632241490146683E-002
 ninf           9 coef  1.688681633884267E-002  9.617568481380190E-002
  1.688681247413689E-002  9.617564062409246E-002  0.547750263508943     
  9.617561861339796E-002  1.688679684645507E-002  9.617557379857622E-002
  1.688679298175374E-002
 ninf           9 coef  1.331984475619031E-002  0.144059864068255     
  4.632245936060746E-002  4.704565196643889E-002  0.508849885576664     
  0.163630494463311       5.019306103242776E-003  5.429260084096103E-002
  1.745989286433012E-002
 ninf          12 coef  2.612970374752754E-004  8.736454293904833E-002
  0.135414524975386       4.743869780038243E-003  8.110416862284101E-004
  0.271165303999690       0.420295096495142       1.472352962358661E-002
  7.482198136712373E-005  2.501555932581100E-002  3.877219881432011E-002
  1.358213341906210E-003
 ninf          12 coef  2.648830942065900E-003  8.275148463801822E-002
  5.618501308254099E-002  2.129646277376216E-004  1.381211745809600E-002
  0.431503537256259       0.292975688159727       1.110506460814435E-003
  2.219177943489457E-003  6.932961363279969E-002  4.707263879589337E-002
  1.784270025585107E-004
 ninf          16 coef  5.308077459516836E-004  1.307019795727968E-002
  7.720984166198232E-003  1.443780045745435E-005  1.485065091729526E-002
  0.365666836936406       0.216008717393270       4.039195672812563E-004
  9.470302673359481E-003  0.233184214038829       0.137746345480297     
  2.575721894344030E-004  2.674536583960303E-005  6.585353016742486E-004
  3.890050728736418E-004  7.273935530447740E-007
 ninf          12 coef  1.412773760053606E-003  6.052847666857578E-002
  4.839646766392173E-002  3.462932578626178E-004  9.418881787166915E-003
  0.403537530811690       0.322652714074916       2.308676974029325E-003
  1.932482753319885E-003  8.279377674159653E-002  6.619825982693645E-002
  4.736656799308766E-004
 ninf          12 coef  3.462940559014413E-004  4.839648381058110E-002
  6.052846178188887E-002  1.412771702042325E-003  2.308682294488585E-003
  0.322652821726451       0.403537431560595       9.418868066268271E-003
  4.736667715315398E-004  6.619828191447091E-002  8.279375637764581E-002
  1.932479938135440E-003
 ninf          16 coef  1.443785679087546E-005  7.720987264909778E-003
  1.307019541487790E-002  5.308071333084978E-004  4.039211432985606E-004
  0.216008804086449       0.365666765807464       1.485063377704103E-002
  2.575731944343770E-004  0.137746400764222       0.233184168680329     
  9.470291742934827E-003  7.273963912089505E-007  3.890052290010469E-004
  6.585351735777191E-004  2.674533497056360E-005
 ninf          12 coef  2.129652551358429E-004  5.618503379287493E-002
  8.275146669342381E-002  2.648827548928097E-003  1.110509732364774E-003
  0.292975796150663       0.431503443686779       1.381209976508941E-002
  1.784275282001881E-004  4.707265614644666E-002  6.932959859928227E-002
  2.219175100811926E-003
 ninf          12 coef  4.743875635585805E-003  0.135414553140063     
  8.736450977635574E-002  2.612961799434766E-004  1.472354779646591E-002
  0.420295183905709       0.271165201077873       8.110390245991184E-004
  1.358215018224555E-003  3.877220687737602E-002  2.501554983197666E-002
  7.482173582722995E-005
 ninf           9 coef  4.632248466776019E-002  0.144059850032062     
  1.331983348523096E-002  0.163630583856642       0.508849835992644     
  4.704561215712777E-002  1.745990240264127E-002  5.429259554994424E-002
  5.019301855948431E-003
 ninf           9 coef  1.688682411207161E-002  9.617568489503482E-002
  1.688680461967504E-002  9.617568489503482E-002  0.547750263971590     
  9.617557387980906E-002  1.688680461967504E-002  9.617557387980903E-002
  1.688678512730095E-002
 ninf          12 coef  2.158491881454313E-003  8.959016247822800E-002
  7.053685652706382E-002  4.784913156490702E-004  9.750526404987003E-003
  0.404707984706165       0.318640770273528       2.161539033958662E-003
  1.352308032725103E-003  5.612975992721313E-002  4.419331596190487E-002
  2.997934571236240E-004
 ninf          12 coef  7.276203965906686E-003  0.107358849897312     
  4.452341823124743E-002  1.613390917783055E-006  3.365510110567557E-002
  0.496588616134557       0.205949209529248       7.463178143355684E-006
  4.783377014421989E-003  7.058192103207483E-002  2.927316568983463E-002
  1.060830660866930E-006
 ninf          16 coef  1.595710153641206E-004  6.176771442705728E-003
  4.697455859625005E-003  2.813596860665175E-005  7.699530388981878E-003
  0.298037442736586       0.226658012376457       1.357592136159548E-003
  6.510192935149936E-003  0.251999407908694       0.191645595051372     
  1.147879119930064E-003  5.600523421426672E-005  2.167870576084612E-003
  1.648662453870750E-003  9.874796198039847E-006
 ninf          12 coef  1.729501505521781E-004  4.792558880695474E-002
  7.136563944987923E-002  2.329853425527999E-003  1.050429439424437E-003
  0.291081962524805       0.433449898474283       1.415077615845899E-002
  1.966317164776767E-004  5.448837678842198E-002  8.113894984539055E-002
  2.648943219824624E-003
 ninf          12 coef  1.872905896938953E-003  3.637604117323697E-002
  1.841915676351336E-002  1.142079068727890E-005  2.296081419589082E-002
  0.445935876421566       0.225794059576903       1.399989756795466E-004
  8.211735085900422E-003  0.159479885123018       8.074804143053964E-002
  5.006456612616204E-005
 ninf          12 coef  2.916661374239624E-003  1.253862522603335E-002
  1.651416546031998E-003  9.801543536761285E-002  0.421371153808856     
  5.549808641566089E-002  6.925154878133105E-002  0.297718762483548     
  3.921262166924541E-002  3.112637636318776E-004  1.338171065618119E-003
  1.762534981910574E-004
 ninf          12 coef  5.886808218018997E-004  4.396113285791785E-003
  1.006516474289347E-003  4.741302742015992E-002  0.354068620254631     
  8.106627274230765E-002  4.948659584765138E-002  0.369554160549418     
  8.461193325510807E-002  7.671845074192183E-004  5.729162028461320E-003
  1.311732812960319E-003
 ninf          12 coef  4.973568197934480E-005  5.218313450766570E-004
  1.634085554361227E-004  2.469891476681630E-002  0.259150328539107     
  8.115364259962396E-002  4.127614542587433E-002  0.433096741846874     
  0.135629099424753       1.641525423286675E-003  1.722445028314633E-002
  5.394176108025807E-003
 ninf           9 coef  2.809700004162556E-002  7.838396852795149E-002
  6.376252607612379E-003  0.183829809101412       0.512853718751841     
  4.171979806900554E-002  3.702884964432319E-002  0.103306583953197     
  8.404019303032202E-003
 ninf          16 coef  2.218595012080959E-004  1.138301279760283E-002
  9.895654517730883E-003  9.282216080743699E-005  6.145597271685969E-003
  0.315313084127015       0.274111968821731       2.571188145466086E-003
  3.896351969722228E-003  0.199910123857739       0.173787889385621     
  1.630136919569525E-003  1.068874329900181E-005  5.484057173566878E-004
  4.767441981230267E-004  4.471865322448179E-006
 ninf          12 coef  2.382096523437021E-004  4.865457278985302E-002
  6.742940372317532E-002  1.928762955608673E-003  1.489322909024327E-003
  0.304197343759338       0.421583225547538       1.205910616534628E-002
  2.868921707903315E-004  5.859863140691168E-002  8.121151580531670E-002
  2.323013114753747E-003
 ninf          12 coef  5.564186487323674E-003  1.750001801515081E-002
  1.639133614891252E-003  0.137811353936134       0.433444728225532     
  4.059959289652645E-002  8.170174918305448E-002  0.256975608499111     
  2.407087418740040E-002  1.560255796692889E-004  4.907587962678325E-004
  4.597057893978605E-005
 ninf          12 coef  7.314049341468407E-003  0.102979313601147     
  4.118092512355246E-002  5.110428822732330E-007  3.562903667182252E-002
  0.501656675362304       0.200614805478972       2.489627536526112E-006
  5.341143770668692E-003  7.520509641921476E-002  3.007558031401721E-002
  3.732464137670669E-007
 ninf          16 coef  2.756440696996679E-006  4.476036648578262E-004
  5.841229178264387E-004  1.486458149485504E-005  9.971496273387022E-004
  0.161920896615104       0.211305641341540       5.377211305400835E-003
  1.570400148515553E-003  0.255006041575263       0.332779240494565     
  8.468369381086078E-003  5.654551120785843E-005  9.181969276247377E-003
  1.198227109445421E-002  3.049160244022424E-004
 ninf          12 coef  2.136039285519166E-006  3.891547370679281E-002
  9.214434179266445E-002  6.098415973455884E-003  1.152184776018328E-005
  0.209909342487150       0.497020874028929       3.289421065957784E-002
  1.915626970155115E-006  3.489933240895765E-002  8.263356316933787E-002
  5.468872259118625E-003
 ninf          16 coef  3.342948599470625E-005  4.131986509923222E-003
  4.981122221838852E-003  1.075881121649326E-004  1.871239142342226E-003
  0.231291074238232       0.278822335871069       6.022336746490011E-003
  1.689946354141513E-003  0.208882896795292       0.251809409146228     
  5.438884221422116E-003  1.776474717247374E-005  2.195782790279354E-003
  2.647029814823791E-003  5.717380258604023E-005
 ninf          12 coef  4.266171452979122E-003  0.104913955252930     
  6.192683356160751E-002  1.152830513959076E-004  1.825619705338681E-002
  0.448967736416232       0.265015051184585       4.933633130517135E-004
  2.392920214215364E-003  5.884953367361305E-002  3.473828309159130E-002
  6.467173441225940E-005
 ninf          16 coef  7.797611933269176E-009  6.474640389857549E-006
  1.174692154070020E-005  5.323986625367526E-007  1.187210217959960E-004
  9.857610761161122E-002  0.178842201047003       8.105367991823218E-003
  2.786776405287504E-004  0.231385454283476       0.419782376947979     
  1.902464921126045E-002  1.823408535948924E-005  1.513936587080284E-002
  2.746537424505903E-002  1.244708285095236E-003
 ninf          12 coef  2.828969429676416E-004  2.102296797414816E-003
  4.790854338589294E-004  4.264454653363981E-002  0.316908277011238     
  7.221988242280940E-002  5.450780422544453E-002  0.405072808216126     
  9.231250933298012E-002  1.330341777266697E-003  9.886486310098683E-003
  2.253064996155075E-003
 ninf          12 coef  1.603007136181796E-003  7.381737865646453E-003
  1.044368803266624E-003  8.391637821777448E-002  0.386430889940620     
  5.467251678526341E-002  7.360555110067460E-002  0.338951538112999     
  4.795532039265882E-002  7.094509569726528E-004  3.267016685998207E-003
  4.622240019445118E-004
 ninf          12 coef  9.987910458529095E-004  6.929425802501805E-002
  6.834310417960286E-002  9.169720135863154E-004  5.293626011718577E-003
  0.367261952181984       0.362220865850839       4.859984885834816E-003
  8.646479940998203E-004  5.998768404313644E-002  5.916429525307379E-002
  7.938185152536089E-004
 ninf           9 coef  1.234577129431539E-002  8.455612152323116E-002
  1.780990529288381E-002  7.951019882336698E-002  0.544557650579353     
  0.114697689114817       1.576983137389051E-002  0.108004613365839     
  2.274821863230281E-002
 ninf          12 coef  7.003489698173466E-003  3.955831996941577E-002
  6.888490508492574E-003  9.033852972462318E-002  0.510266411503433     
  8.885539996511627E-002  3.368582582392281E-002  0.190270637323074     
  3.313288309192839E-002  1.623669447745243E-009  9.171128853210762E-009
  1.597021831980901E-009
 ninf          16 coef  5.016440964435513E-004  1.339319834033664E-002
  8.308960247076773E-003  2.038314863295147E-005  1.356738142817225E-002
  0.362226365461830       0.224718018922046       5.512618975679418E-004
  8.481742935939136E-003  0.226445965413934       0.140481104814415     
  3.446144699069804E-004  2.165555531075772E-005  5.781550099292293E-004
  3.586684172964589E-004  8.798411629322662E-007
 ninf          16 coef  5.085489680257535E-014  6.134524431911443E-012
  7.339840705881542E-012  1.559901944403743E-013  9.467832093245068E-004
  0.114207633262864       0.136646124384645       2.904052259217027E-003
  2.568482444594053E-003  0.309825813830838       0.370694540899308     
  7.878067448172267E-003  2.019541345843829E-004  2.436071945245168E-002
  2.914640911226830E-002  6.194195480517787E-004
 ninf          12 coef  2.010325332092963E-003  1.769719067484870E-002
  4.730528104197678E-003  5.024311483891519E-002  0.442285324026156     
  0.118221372952927       2.995300538724357E-002  0.263666194191480     
  7.047517717970772E-002  5.905045326470656E-005  5.197870298216015E-004
  1.389298293447281E-004
 ninf           9 coef  2.017251089450529E-002  0.117827364532080     
  2.121672972957438E-002  9.327343507205185E-002  0.544810590909595     
  9.810229902177930E-002  1.325221143478474E-002  7.740647759407608E-002
  1.393838081155395E-002
 ninf          12 coef  9.581691019174935E-005  5.851043944380152E-004
  1.101141733878810E-004  4.455924646948249E-002  0.272101927652812     
  5.120873588351551E-002  7.360090690186127E-002  0.449448097605705     
  8.458523777235198E-002  2.871274944661295E-003  1.753370842613359E-002
  3.299828865459512E-003
 ninf          16 coef  1.216263320851524E-005  1.547080409812241E-003
  1.881424506079121E-003  4.140438911220658E-005  1.551202153352492E-003
  0.197311730099892       0.239952920951126       5.280619199083752E-003
  1.887960673935725E-003  0.240146729270436       0.292044503521620     
  6.426981781296032E-003  4.161958662446910E-005  5.293960776408278E-003
  6.438019719604001E-003  1.416803284092477E-004
 ninf          12 coef  3.098867082619960E-006  1.491254667836745E-005
  2.207755273600126E-006  4.390315777209596E-002  0.211268394976584     
  3.127688351454481E-002  0.102677740320226       0.494088638542748     
  7.314480963880132E-002  6.685842913075174E-003  3.217172926532513E-002
  4.762583887565443E-003
 ninf          12 coef  9.825340735458701E-004  4.563252976994003E-003
  6.513250205132942E-004  7.691963436509380E-002  0.357242957219920     
  5.099016606720445E-002  7.944528839234861E-002  0.368972627910349     
  5.266431435985049E-002  1.199872068344936E-003  5.572633556026847E-003
  7.953939898082762E-004
 ninf          16 coef  1.928209792330004E-004  4.552694862489142E-003
  2.620102127614539E-003  4.186615363151764E-006  1.305349835356845E-002
  0.308205876204934       0.177374150998763       2.834228842440658E-004
  1.275060026725957E-002  0.301053973337591       0.173258087925048     
  2.768457376633072E-004  1.667606902017865E-004  3.937378390513684E-003
  2.265979862410006E-003  3.620763103011789E-006
 ninf          16 coef  2.438950613246088E-004  3.646075983529892E-003
  1.527372518848460E-003  7.012734276017581E-008  2.138159733850251E-002
  0.319642231169233       0.133901269218837       6.147922329782607E-006
  2.301048843298713E-002  0.343994218669932       0.144102981980394     
  6.616341537990552E-006  3.843379506910502E-004  5.745659394566040E-003
  2.406927378003105E-003  1.105119405063595E-007
 ninf          16 coef  6.900802685549852E-011  1.080472609012483E-009
  4.687644389507895E-010  4.337328782338968E-014  1.090651642425836E-002
  0.170772038799122       7.409246232355692E-002  6.855796206311189E-006
  2.943297052706055E-002  0.460873333591208       0.199965666215664     
  1.850357772988406E-005  2.299454264958061E-003  3.600719326884179E-002
  1.562355783099488E-002  1.445762110644072E-006
 ninf          12 coef  4.133765996082368E-004  3.643613505041037E-003
  9.750868699560792E-004  3.856769182665115E-002  0.339947820715731     
  9.097570536724163E-002  4.242043589206894E-002  0.373909019406245     
  0.100064787847836       7.460962876814611E-004  6.576395111306235E-003
  1.759970570633161E-003
