       1       0       1       1
       2       0       1       1
       3       0       1       1
      12       0       1       1
      14       0       1       1
      23       0       1       1
      25       0       1       1
      27       0       1       1
      29       0       1       1
      31       0       1       1
      33       0       1       1
      35       0       1       1
      37       0       1       1
      39       0       1       1
      40       0       1       1
      41       0       1       1
      44       0       1       1
      45       0       1       1
      49       0       1       1
      51       0       1       1
      55       0       1       1
      59       0       1       1
