     567     463     423
    1021     882     906
     753     617     270
     391      51     348
     528     348     347
     568     392     272
     392      50     346
     393     390     389
     569     394     249
     563     386     385
     673      76     600
    1246    1009    1024
     470     281       7
     570     470     397
     469     280       6
     571     469     398
     604     467     399
     456     276       3
     645     456     465
    1432    1356    1359
     796     724     755
     674     271     568
     825     735     569
     569     566     394
     675     484     573
     573     295     483
     574     294     482
     481     293      18
     401      19     293
     480     292     291
     575     479     403
     665     480     664
     478     290      16
     477     289      15
     405      15     288
     476     288      14
     907     875     874
    1597    1584    1582
    1585    1514    1577
    1576    1461    1513
    1556    1491    1477
    1586    1474    1505
    1475    1385    1324
    1527    1476    1319
    1498     145    1466
    1457    1436     147
    1458    1296     170
    1549    1439    1465
    1530    1465    1411
    1376    1287     173
    1350    1213     174
    1022     175     922
     676      75     576
     576     406     523
     523     340     339
     577     522     407
     407      46     338
     521     136     407
     677      77     614
    1023      79     931
     797     591     253
     578     408     254
     551     371     370
     550     409     255
     409      62     369
     549     255     409
     754     621     256
    1256    1069      84
    1377    1256      84
    1580    1521     114
    1630    1615     149
    1459    1458     170
     785     632     660
     475     287      13
    1125    1013    1124
     679     199     670
     511     325     324
     728     412     198
     412      37     323
     752     412     509
     751     612     197
    1454    1353    1367
    1257    1086    1174
    1258    1249    1226
     413      13     286
     579     474     414
     580     473     415
     416       9     282
     471     282       8
     417       9     416
     680     634     633
    1259     176    1187
    1024     826     918
     681     180     635
     561     180     454
     560     383     382
     560      74     418
     558     381     380
     581     419     558
     582     557     425
     583     420     202
     515     329     328
     514     328      39
     584     421     513
     513     327     326
     798     584     200
    1232    1105    1051
    1232    1051    1221
    1135    1093    1110
    1370    1349    1188
     682      74     623
     799     623     155
     683     155     581
     800     581     226
     684     582     203
     685     202     613
     801     613     201
     686     201     584
     422       2     274
     423       1     273
     424     331     330
     425     379     424
     426      36     321
     794     669     196
    1371    1201    1343
    1343    1201     219
    1153    1085    1066
     761     636     191
     499     313      31
     585     458     498
     496     310     309
     586     429     494
     428      28     306
     793     668     185
    1260    1136    1106
    1260    1106    1233
    1025     928     209
    1025     210     928
     687     187     586
     494     308     307
     802     587     192
     501     192     431
     500     314     313
     501     431     315
     587     431     192
     688     194     637
    1169    1137    1078
    1422    1372    1261
    1261    1138    1095
     803     606     195
     505     195     459
     503     317     316
     432      34     317
     493     428     186
     588     433     184
     709     588     184
    1026     939     207
    1026     208     939
     433      27     304
     490     184     433
     708     608     183
    1027     938     206
    1027     207     938
     434      26     302
     880     707     763
    1057     880     205
     908     206     880
     436     300     299
     436     344     343
     589     526     437
     689     204     616
     690     182     590
     690     590     181
     590     435     181
     488     302     301
     437      48     342
     525     204     437
     689     616      75
     438      45     337
     520      77     438
     691      78     594
     804     622     252
     553     373     372
     692     252     591
     518     335     334
     693     227     593
     554     374      64
     591     439     553
     442     333     332
     442     377     376
     592     556     443
     693     593     250
     593     517     441
     594     440     518
     555     375     374
     444      61     367
     881     720     764
    1028     881     234
    1460    1437     113
    1648    1612     129
    1672    1669     130
    1373     169    1296
    1555     144    1476
    1631    1587    1579
    1492    1435    1323
    1139    1059    1096
     805     597     264
     595     445     265
     536     356     355
    1140     446    1073
     534     354     353
    1073     446     534
     447      53     352
     795     671     268
    1029      96    1002
     486     298      23
     449      23     297
     485     297      22
     484     296      21
     596     482     401
    1262    1090    1235
    1514    1422     162
    1683    1658    1613
    1694    1689    1645
    1671     140    1626
    1513    1461    1421
     538     358     357
     597     451     538
     540     360     359
     539     359      56
     694     262     619
     909     238     888
    1348      88    1209
    1558     111    1483
    1637     127    1590
    1457    1374    1325
    1588    1543     147
    1647    1611    1543
    1632    1535     112
    1351    1215      87
     915     890     237
     806     602     261
     541     261     455
     695     261     644
     770     644     262
     812     533     447
     598     453     269
     745     598     269
    1132    1021      96
     453      52     350
     696     453     530
     950     833     807
     599     395     563
     600     562     454
     808     600     180
     454      70     384
     677     614      78
    1141      79    1023
    1263    1142    1076
    1264    1143    1081
    1265    1144    1082
    1022     922     153
    1266    1039     919
    1375    1145    1266
    1499     117    1469
    1528    1413    1469
    1529    1463    1414
    1350     173    1213
     740     578     254
     809     697     740
    1031     809     231
    1472     117    1383
    1633    1600    1553
    1634    1607     133
    1376     172    1287
     698     254     672
     698     672     255
    1080     934     232
    1464    1295      83
    1635    1622     131
    1636    1608     150
    1530    1411    1500
    1377      83    1256
    1326      84    1164
     548     444     256
     601     461     258
     721     601     258
    1146     945     235
    1520     113    1437
    1589     113    1535
    1351      86    1215
    1037     947     236
     773     647     260
     602     455     261
     541     455     361
    1267    1165      88
    1267      87    1165
    1531    1506    1519
    1587    1531    1579
    1674    1653     126
    1675    1651    1590
    1637    1590    1565
    1498    1466    1416
    1147     237    1079
    1209    1079    1064
    1313      90    1139
    1591    1489     107
    1676    1619    1641
    1677    1618    1670
    1556    1477     164
    1224    1139    1096
     810     619     263
     699     263     597
    1268    1040     920
    1269    1071      92
    1552    1510    1471
    1697    1687    1667
    1720    1717    1719
     744     595     265
     811     700     744
    1537     916     811
    1592    1470    1572
    1686    1666    1601
    1638    1592     105
     701     265     618
    1140     701     618
    1593    1484    1536
    1668    1624    1533
    1467    1338    1378
    1378    1254    1368
    1102     969     824
    1149     969    1102
    1534    1420    1344
    1150    1072    1065
    1065     267     910
     910     812     795
    1032    1029    1002
    1447     244    1393
     603     400     456
    1290    1103    1047
     702     249     624
     813     624     100
     565     249     394
    1270    1097     101
    1448    1345    1220
    1033     869    1008
    1034    1008     999
     652     399     466
     814     599      76
     703     100     599
    1640    1552    1602
    1641    1559    1591
    1656    1620    1560
    1560     109    1492
    1657     127    1637
    1595    1562     111
    1544     114    1460
    1580     115    1566
    1567     116    1503
    1553     117    1472
    1469    1413     118
    1264    1081    1142
     704     136     615
     704     615      77
     456     400     276
    1646    1594    1623
    1470    1381    1327
    1532    1471    1381
     909     888     239
    1323      89    1161
    1535    1520    1518
    1382      82    1295
    1472    1340    1445
    1412      80    1375
    1670    1618     142
    1659    1642    1570
    1643    1554    1617
    1643    1617     126
    1678    1656     124
    1672    1614    1669
    1679    1630     131
    1680    1636     132
    1634     133    1633
    1462    1414     134
    1265    1082    1143
     705     154     577
     705     577     136
    1473    1363    1419
    1409    1262    1235
     874     758     137
    1505    1318    1385
    1475    1324    1386
    1476    1386    1319
     676     576     154
    1012     897    1006
    1123    1113     992
     860     631     732
     706     200     631
     732     631     411
    1421    1294     163
    1388    1271    1159
    1153    1066     165
    1477    1322     164
     911     215     878
     911     878     214
    1225    1155    1098
    1272    1154    1067
     912     212     816
    1083     211     940
    1083     940     210
    1155    1056    1098
    1272    1067     168
    1035     816     211
     815     635      74
     457     283     417
     763     638     182
     708     184     608
     709     185     588
     687     586     186
     793     186     668
     495     429     187
     710     188     609
     816     711     749
     749     605     188
     817     585     189
     712     190     585
     498     312     311
     605     427     188
     818     610     190
     713     191     610
     714     192     636
     762     637     193
     715     193     587
     716     508     426
     606     459     195
     717     196     606
     819     611     194
     718     195     611
     820     716     669
     728     679     670
     821     752     751
     741     583     202
     606     506     459
     710     609     187
    1110     225     985
     691     594     227
    1023     931     228
     913     230     809
    1080     231     934
    1156     232    1044
     914     233     881
    1036     234     945
    1037     235     947
     725     620     259
     460      59     363
     543     363     362
     915     236     890
     916     241     811
    1536    1417    1511
    1157    1087    1104
    1182    1158    1041
     719     251     622
     754     255     621
     764     639     257
     721     257     601
     545     258     461
     461      60     365
     722     259     647
     723     260     602
     822     733     598
     755     625     271
     725     258     620
     607     473     580
     462      24     448
     463       1     423
     464       2     422
     464     275       2
     466       4     400
     467       5     399
     467     278       5
     469       6     398
     470       7     397
     471       8     396
     457      10     283
     473      11     415
     474      12     414
     475      13     413
     476      14     410
     477      15     405
     478      16     404
     479      17     403
     479     291      17
     481      18     402
     482      19     401
     483     295      20
     484     450     296
     485      22     450
     486      23     449
     299      41     344
     436     435     300
     487      25     435
     488     487     182
     489      26     434
     608     489     183
     491      27     433
     492     491     185
     493      28     428
     494     493     186
     495      29     429
     609     496     495
     497      30     427
     498     497     189
     499      31     458
     610     500     499
     501      32     430
     502      33     431
     503     502     193
     504      34     432
     611     504     194
     506      35     459
     507     506     196
     508      36     426
     612     508     197
     510      37     412
     511     324     510
     512      38     411
     513     512     200
     514      39     421
     613     515     514
     516      40     420
     516     424     330
     332      49     377
     442     441     333
     517      43     441
     518     517     227
     519      44     440
     614     520     519
     615     521     438
     522      46     407
     523     522     154
     524      47     406
     616     525     524
     526      48     437
     526     436     343
     345      66     390
     393     392     346
     527      50     392
     528     527     271
     529      51     391
     617     529     270
     531      52     453
     532     351     531
     533      53     447
     917     533     267
     535      54     446
     618     536     535
     537      55     445
     538     537     264
     539      56     451
     619     540     539
     541      57     452
     542      58     455
     543     542     260
     544      59     460
     620     544     259
     546      60     461
     547     546     257
     548      61     444
     621     548     256
     550      62     409
     551     370     550
     552      63     408
     553     552     253
     554      64     439
     622     555     554
     556      65     443
     556     442     376
     378      42     331
     424     379     378
     557      67     425
     558     557     226
     559      68     419
     623     560     559
     561      69     418
     562      70     454
     563     385     562
     564      71     395
     624     565     564
     566      72     394
     566     393     389
     625     391     528
     529     391     270
     393     346     345
     568     527     392
     393     272     392
     393     345     390
     394      72     388
     565     388     387
     564     395     100
     395      71     386
     471     416     282
     396       8     281
     397       7     280
     655     397     469
     398       6     279
     468     279     278
     399       5     277
     466     277       4
     626     400     603
     400       4     276
     757     666     627
     738     574     482
     627     481     402
     402      18     292
     403      17     290
     727     663     628
     628     404     137
     404      16     289
     662     405     476
     629     477     405
     524     406      75
     406      47     340
     521     338      45
     577     407     136
     578     552     408
     408      63     371
     549     369     368
     672     550     255
     630     476     410
     410      14     287
     631     512     411
     411      38     325
     509     323     322
     728     670     510
     474     286      12
     660     413     474
     414      12     285
     473     285      11
     415      11     284
     472     284      10
     896     782     781
     633     417     416
     634     417     633
     417     283       9
     635     418      74
     418      69     383
     559     419     155
     419      68     381
     583     516     420
     420      40     329
     514     421     201
     421      39     327
     463     274       1
     465     275     464
     462     273      24
     729     567     648
     425     424     203
     424     378     331
     582     425     203
     425      67     379
     507     321     320
     669     426     507
     605     497     427
     427      30     310
     492     306     305
     668     428     492
     609     495     187
     429      29     308
     636     430     191
     430      32     314
     587     502     431
     431      33     315
     637     432     503
     504     432     194
     490     304     303
     588     491     433
     638     434     488
     489     434     183
     590     487     435
     435      25     300
     436     181     435
     436     299     344
     525     342     341
     589     437     204
     520     337     336
     615     438      77
     554     439     252
     439      64     373
     519     440      78
     440      44     335
     593     441     250
     441      43     333
     442     250     441
     442     332     377
     443      65     375
     592     443     251
     547     367     366
     639     444     547
     595     537     445
     445      55     356
    1140     618     535
     446      54     354
     532     352     351
     671     447     532
     640     462     448
     448      24     298
     641     449     485
     642     449     641
     643     450     572
     450      22     296
     539     451     263
     451      56     358
     644     452     262
     452      57     360
     530     350     349
     598     531     453
     561     454     384
     600     454     180
     602     542     455
     455      58     361
     465       3     275
     645     603     456
     646     457     634
     472      10     457
     499     458     190
     458      31     312
     459      35     319
     505     319     318
     647     460     543
     544     460     259
     545     365     364
     601     546     461
     648     462     640
     462     423     273
     649     463     567
     463     422     274
     650     422     649
     650     464     422
     771     645     651
     465     456       3
     652     466     626
     466     399     277
     653     467     604
     468     278     467
     654     468     653
     468     398     279
     655     469     571
     469     397     280
     656     470     570
     470     396     281
     657     396     656
     657     471     396
     659     472     646
     472     415     284
     783     580     659
     473     414     285
     660     474     579
     474     413     286
     661     475     632
     475     410     287
     662     476     630
     476     405     288
     731     404     477
     477     404     289
     663     478     628
     478     403     290
     664     479     575
     480     291     479
     664     480     479
     480     402     292
     666     481     627
     481     401     293
     574     483      20
     482     294      19
     574      20     294
     573     484      21
     573      21     295
     824     675     103
     643     485     450
     485     449     297
     667     486     642
     486     448     298
     638     488     182
     487     301      25
     488     434     302
     488     301     487
     608     490     489
     489     303      26
     490     433     304
     490     303     489
     668     492     185
     491     305      27
     492     428     306
     492     305     491
     586     494     186
     493     307      28
     494     429     308
     494     307     493
     496     188     427
     495     309      29
     496     427     310
     496     309     495
     585     498     189
     497     311      30
     498     458     312
     498     311     497
     610     499     190
     500     191     430
     500     430     314
     500     313     499
     501     315      32
     636     501     430
     637     503     193
     502     316      33
     503     432     317
     503     316     502
     611     505     504
     504     318      34
     505     459     319
     505     318     504
     669     507     196
     506     320      35
     507     426     321
     507     320     506
     612     509     508
     508     322      36
     509     412     323
     509     322     508
     670     511     510
     510     324      37
     732     511     199
     511     411     325
     584     513     200
     512     326      38
     513     421     327
     513     326     512
     613     514     201
     515     202     420
     515     420     329
     515     328     514
     516     203     424
     516     330      40
     594     518     227
     517     334      43
     518     440     335
     518     334     517
     614     519      78
     519     336      44
     520     438     337
     520     336     519
     521     407     338
     521      45     438
     576     523     154
     522     339      46
     523     406     340
     523     339     522
     616     524      75
     524     341      47
     525     437     342
     525     341     524
     526     181     436
     526     343      48
     625     528     271
     527     347      50
     528     391     348
     528     347     527
     617     530     529
     529     349      51
     530     453     350
     530     349     529
     733     532     531
     531     351      52
     671     532     268
     532     447     352
     917     534     533
     533     353      53
     534     446     354
     534     353     533
     536     265     445
     535     355      54
     536     445     356
     536     355     535
     597     538     264
     537     357      55
     538     451     358
     538     357     537
     619     539     263
     540     262     452
     540     452     360
     540     359     539
     541     361      57
     644     541     452
     647     543     260
     542     362      58
     543     460     363
     543     362     542
     620     545     544
     544     364      59
     545     461     365
     545     364     544
     639     547     257
     546     366      60
     547     444     367
     547     366     546
     621     549     548
     548     368      61
     549     409     369
     549     368     548
     672     551     550
     550     370      62
     551     254     408
     551     408     371
     591     553     253
     552     372      63
     553     439     373
     553     372     552
     622     554     252
     555     251     443
     555     443     375
     555     374     554
     556     250     442
     556     376      65
     581     558     226
     557     380      67
     558     419     381
     558     380     557
     623     559     155
     559     382      68
     560     418     383
     560     382     559
     561     384      69
     635     561     418
     563     562      76
     562     385      70
     599     563      76
     563     395     386
     624     564     100
     564     387      71
     565     394     388
     565     387     564
     566     272     393
     566     389      72
     648     423     462
     734     567     729
     735     674     568
     568     271     527
     825     674     735
     569     272     566
     918     737     778
     736     656     570
     654     398     468
     778     737     571
     643     641     485
     572     450     484
     573     483     103
     675     573     103
     738     482     596
     739     483     574
     663     403     478
     827     789     788
     828     676     154
     576      75     406
     829     705     136
     577     154     522
     740     697     578
     578     253     552
     607     414     473
     660     632     413
     659     415     472
     730     607     580
     800     683     581
     581     155     419
     684     203     583
     582     226     557
     741     684     583
     583     203     516
     798     686     584
     584     201     421
     817     712     585
     585     190     458
     830     687     186
     586     187     429
     802     715     587
     587     193     502
     831     709     184
     588     185     491
     866     690     742
     589     181     526
     742     181     589
     590     182     487
     919     697     230
     591     252     439
     743     693     250
     592     250     556
     743     250     592
     593     227     517
     832     691     227
     594      78     440
     744     700     595
     595     264     537
     666     401     481
     863     855     739
     920     700     241
     597     263     451
     833     269     807
     822     598     745
     814     703     599
     599     100     395
     808     673     600
     600      76     562
     834     721     258
     601     257     546
     806     723     602
     602     260     542
     746     603     645
     747     603     746
     776     604     652
     748     653     604
     749     711     605
     605     189     497
     803     717     606
     606     196     506
     750     607     730
     607     579     414
     835     183     707
     608     184     490
     836     710     187
     609     188     496
     818     713     610
     610     191     500
     819     718     611
     611     195     505
     965     197     820
     752     612     751
     801     685     613
     613     202     515
     837      78     691
     614      77     520
     838     704      77
     615     136     521
     839      75     676
     616     204     525
     840     270     724
     807     617     753
    1273     266    1216
     618     265     536
     810     694     619
     619     262     540
     841     259     722
     620     258     545
     944     256     720
     621     255     549
     804     719     622
     622     251     555
     799     682     623
     623      74     560
     813     702     624
     624     249     565
     755     724     625
     625     270     391
     756     626     747
     626     466     400
     665     402     480
     757     726     666
     628     478     404
     758     727     628
     787     629     662
     902     731     629
     661     410     475
     759     662     630
     921     860     849
     631     200     512
     632     475     413
     678     661     632
     658     416     471
     842     680     823
     760     634     680
     634     457     417
     815     681     635
     635     180     561
     761     714     636
     636     192     501
     762     688     637
     637     194     432
     763     707     638
     638     183     434
     764     720     639
     639     256     444
     667     448     486
     765     729     648
     769     641     643
     766     642     641
     767     642     766
     642     486     449
     768     643     572
     769     643     768
     770     695     644
     644     261     541
     651     465     464
     771     746     645
     772     646     760
     646     472     457
     773     722     647
     647     259     460
     765     648     640
     648     567     423
     774     649     734
     649     422     463
     775     650     774
     651     464     650
     892     771     775
     651     645     465
     776     652     756
     652     604     399
     777     653     748
     653     468     467
     778     654     777
     654     571     398
     779     655     737
     655     570     397
     780     656     736
     656     396     470
     781     657     780
     658     471     657
     782     658     781
     658     633     416
     783     659     772
     659     580     415
     784     579     750
     785     660     784
     786     661     678
     661     630     410
     787     662     759
     662     629     405
     788     663     727
     663     575     403
     789     575     788
     790     664     789
     791     665     790
     665     627     402
     873     726     757
     666     596     401
     792     667     767
     667     640     448
     844     185     709
     668     186     428
     845     196     717
     820     669     794
     857     198     821
     670     199     511
     846     268     822
     812     447     671
     847     698     255
     672     254     551
     981     673     808
     848     814      76
     871     755     271
     735     568     272
     885     572     675
     675     572     484
     922     676     828
     839     689      75
     923     677     837
     923     838     677
     899     678     785
     786     759     630
     924     679     857
     925     679     924
     782     633     658
     926     842     823
     983     681     815
     850     808     180
     958     927     156
     851     815      74
     959     683     800
     927     799     683
     865     800     684
     684     226     582
     985     685     801
     741     685     225
     957     686     798
     852     801     201
     928     687     830
     928     836     687
     879     688     762
    1038     819     688
     930     689     839
     866     742     204
     742     690     181
     763     690     205
     931     691     832
     931     837     691
    1266     919     230
    1048     804     252
     743     592     251
     932     693     743
     962     694     810
     770     694     239
     888     695     770
     933     806     238
     696     269     453
     696     530     617
     919     797     697
     697     253     578
     934     698     847
     934     740     698
    1040     699     920
    1049     810     263
     920     805     700
     700     264     595
    1417     701    1273
    1512     744     701
    1041     935     987
     935     825     249
     963     703     814
     853     813     100
     936     704     838
     936     829     704
     937     705     829
     937     828     705
     921     706     860
     854     798     200
     835     708     183
     707     183     638
     938     708     835
     938     831     708
     939     709     831
     844     793     185
     940     710     836
    1084     749     188
    1042     817     711
     711     189     605
     941     712     817
    1050     818     190
     964     713     818
     761     713     214
     878     714     761
     942     802     215
     942     715     802
    1173     762     193
     716     197     508
     716     426     669
     960     717     803
     845     794     196
     929     718     819
     943     803     718
     961     719     804
    1043     932     719
     944     754     256
     720     256     639
     945     721     834
     946     764     721
     890     722     773
     841     725     259
     933     723     806
     773     723     237
     840     753     270
     724     270     625
     947     725     841
     947     834     725
     863     739     738
     726     596     666
     758     628     137
     856     827     788
     728     510     412
     857     728     198
     882     729     765
     858     734     729
     897     730     783
     859     750     730
     731     137     404
     731     477     629
     732     411     511
     860     732     199
     733     268     532
     733     531     598
     861     734     858
     734     649     567
     735     272     569
     825     569     249
     779     570     655
     862     780     736
     737     655     571
     826     779     737
     864     738     596
     864     596     726
     739     103     483
     739     574     738
     740     254     698
     809     740     231
     741     202     685
     865     741     225
     742     589     204
     866     204     689
     743     251     719
     932     832     693
     744     265     701
    1512     811     744
     971     745     833
     967     846     822
     948     867     843
     867     746     843
     868     747     867
     747     626     603
     893     748     776
     869     777     748
    1084     188     710
    1084     816     749
     870     784     750
     750     579     607
     949     821     751
     965     949     751
     752     198     412
     752     509     612
     973     753     840
     950     807     753
    1044     978     944
     978     847     255
     871     271     674
     951     755     871
     872     756     868
     756     652     626
     791     627     665
     905     757     791
     902     874     137
     875     758     874
     786     630     661
     876     787     759
     877     760     842
     760     646     634
     761     191     713
     878     761     214
    1173     193     715
    1173     879     762
     763     182     690
     880     763     205
     764     257     721
     881     764     234
     792     640     667
     882     858     729
     887     766     769
     883     767     766
     884     792     767
     767     667     642
     885     675     824
     886     769     768
     887     769     886
     769     766     641
     770     262     694
     888     770     239
     775     651     650
     952     948     843
     889     772     877
     772     659     646
     773     260     723
     890     773     237
     891     774     861
     774     650     649
     892     775     891
     775     771     651
     893     776     872
     776     748     604
     998     778     777
     777     654     653
     918     778     178
     778     571     654
     894     779     826
     779     736     570
     895     780     862
     780     657     656
     781     658     657
     896     781     895
     953     926     823
     782     680     633
     897     783     889
     783     730     580
     898     785     784
     784     660     579
     899     785     898
     785     678     632
     900     678     899
     901     786     900
    1017     902     787
     902     629     787
     989     827     856
     788     575     663
     903     789     827
     789     664     575
     904     790     903
     790     665     664
     905     791     904
     791     757     627
     906     792     884
     792     765     640
     975     970     793
     970     830     186
    1045     794     845
     956     820     794
    1046     910     977
     910     267     812
    1047     248    1041
     972     840     724
     797     692     591
     797     253     697
     854     200     706
     957     798     854
     799     155     683
     958     799     927
     800     226     684
     959     800     865
     852     201     686
     985     801     852
     802     192     714
     802     714     215
     803     195     718
     960     803     943
    1048     252     692
    1048     961     804
     805     699     597
     805     264     700
     806     261     695
     806     695     238
     807     269     696
     807     696     617
     850     180     681
     981     808     850
    1031     913     809
     809     230     697
    1049     263     699
    1049     962     810
    1537    1275     916
     811     241     700
     812     267     533
     812     671     795
     853     100     703
     987     813     853
     848      76     673
     963     814     848
     851      74     682
     983     815     851
    1035     912     816
    1042     816     212
     817     189     711
    1042     941     817
    1050     190     712
    1050     964     818
     819     194     688
    1038     929     819
     965     820     956
     820     197     716
     966     857     821
     821     198     752
     967     822     745
     822     268     733
    1089     926     953
     823     680     782
     968     103     855
     969     885     824
     935     249     702
     871     825     248
     918     826     737
     894     862     736
     856     788     727
     955     903     827
     828     154     705
     922     828     153
     829     136     704
     937     829     135
     970     186     793
     928     830     209
     831     184     708
     939     831     207
     832     227     693
     931     832     228
     971     967     745
     833     745     269
     834     258     725
     945     834     235
     835     707     206
     938     835     206
     836     187     687
     940     836     210
     923     837      79
     837     677      78
     838      77     677
     936     838     119
     922     839     676
     930     839     175
     972     724     796
     973     950     753
     841     722     236
     947     841     236
     974     842     926
     842     760     680
    1088     948     952
     843     746     771
     939     844     709
     975     844     208
     976     717     960
    1045     956     794
    1227     977     846
     846     795     268
     978     255     754
     934     847     232
     979     848     673
    1179     963     848
     849     199     679
    1168    1167     921
     980     850     681
     981     979     673
     982     682     958
     983     980     681
     984     686     957
     985     852     224
     986     703     963
     987     935     702
     988     706     921
     957     854     223
    1115     855     994
     855     103     739
     875     727     758
     989     955     827
     966     924     857
     857     679     728
     990     858     882
     991     861     858
    1053    1006     158
     992     870     859
     860     706     631
     860     199     849
     993     891     861
     861     774     734
     894     736     779
    1283     895     862
     864     863     738
     996     863     864
     995     726     873
     996     864     995
     865     684     741
     959     865     225
     930     866     689
     866     205     690
     997     867     948
     867     747     746
    1274     872     868
     868     756     747
    1008     893     999
     998     777     869
     898     870      73
     870     750     859
     871     674     825
     951     871     248
    1274     999     872
     872     776     756
    1020     873     905
    1054     873    1020
    1128     954    1017
     954     874     902
    1000     875     907
     875     856     727
     901     759     786
     954     907     874
    1001     889     877
     877     772     760
    1056     911     214
     878     215     714
    1159     879     216
    1038     879     217
    1057     205     930
     880     206     707
    1028     914     881
     881     233     720
     906     882     765
    1021     990     882
    1005     883     887
    1002     884     883
     884     767     883
     906     884      96
    1003     768     885
     885     768     572
    1003     885     969
    1058     886    1003
    1005     887    1004
     887     883     766
    1059     909     239
     888     238     695
    1006     889    1001
     889     783     772
    1060     915     237
     890     236     722
     891     775     774
    1007     892     891
    1114    1007     993
     892     843     771
     999     893     872
     893     869     748
    1009     894     826
    1010     862     894
    1011     953     896
     895     781     780
    1062     953    1011
     896     823     782
    1012     859     897
     897     859     730
     898     784     870
    1013     898      73
    1013     899     898
    1014     899    1013
    1015     900    1014
     900     786     678
    1016     901    1015
     901     876     759
     902     137     731
    1017     954     902
    1018     903     955
     903     790     789
    1019     905     904
     904     791     790
    1020     905    1019
     905     873     757
     906     765     792
    1021     906      96
    1364    1055    1175
    1000     989     856
    1160     908    1057
    1160    1063     908
    1161     909    1059
    1161    1064     909
     977     910     795
    1202    1065     910
    1162     911    1056
    1162    1066     911
    1199     912    1035
    1163    1067     912
    1195     913    1031
    1068     913      81
    1193     914    1028
    1164    1069     914
    1165     915    1060
    1165    1070     915
    1275    1166     916
    1166    1071     916
    1072     267    1065
    1073     917    1072
    1024    1009     826
    1074     918     178
    1266    1145    1039
     919     692     797
    1268     920     241
     920     699     805
    1075     988     921
    1167    1075     921
    1144    1022     153
     922     175     839
    1076     923      79
     923     119     838
    1099    1077     924
    1077     925     924
    1168     925     222
     925     849     679
     953     823     896
    1051     974     926
     959     927     683
    1092     982     958
    1276     209    1136
     928     210     836
    1169     929     217
    1078     943     929
    1057     930     175
     930     205     866
    1170     228    1043
     931      79     837
     932     743     719
     932     228     832
    1079     238    1064
     933     237     723
    1277     232    1156
     934     231     740
     987     702     813
     935     248     825
    1081     936     119
     936     135     829
    1082     937     135
     937     153     828
    1063    1027     206
     938     207     831
    1171    1026     207
     939     208     844
    1172     210    1025
    1084     940     211
    1154     212    1067
    1050     941     213
    1085     215    1066
    1173     942     216
     943     718     929
     960     943     218
     944     720     233
    1044     944     233
    1146    1036     945
     946     945     234
     946     721     945
     946     234     764
    1070    1037     236
     947     235     834
     952     843     892
    1052     997     948
    1174     949     965
    1086     966     949
    1087     950     973
    1219     950    1087
    1047     951     248
     951     796     755
    1007     891     993
    1088     952    1061
    1011     896     895
    1089     953    1062
    1253    1128    1129
    1175    1055    1128
    1111     955     989
    1090    1018     955
    1201     956    1045
    1278     965     956
    1176     984     957
    1176    1091     984
    1092     958     156
     958     682     799
    1093     959     225
    1094     927     959
    1177     976     960
    1177     960     218
    1170    1023     228
    1170    1043     961
    1096     962     240
     962     239     694
    1097     986     963
    1179    1097     963
    1098     964     213
     964     214     713
    1174     965     220
     965     751     197
     966     821     949
    1099     966     221
    1100     967     971
    1227     846     967
    1229    1149    1102
     968     824     103
    1101    1058    1003
    1102     824     968
     975     793     844
     970     209     830
    1219     971     833
    1279     971     246
    1103     796    1047
     973     972     247
     973     840     972
    1104     973     247
    1105    1001     974
     974     877     842
    1106     975     208
     975     209     970
     976     219     845
     976     845     717
     977     795     846
    1178     977     245
     978     754     944
     978     232     847
    1107     979     981
    1179     979     101
    1108     980     983
    1109     980     179
    1109     981     850
    1234     981    1109
    1180     982     177
     982     851     682
    1180     983     851
    1280     983    1180
     984     224     852
     984     852     686
    1110    1093     225
     985     225     685
    1181     986      99
     986     853     703
    1181     987     853
    1182     987    1181
     988     223     854
     988     854     706
    1000     856     875
    1111    1090     955
    1112     991     990
    1183     990    1030
     993     991      97
     991     858     990
    1123     992    1012
     992      73     870
     993     861     991
    1114     993      97
    1115    1102     968
     994     855     863
    1116     995    1054
     995     864     726
    1117     996    1116
     996     994     863
    1274     997     102
     997     868     867
    1033     998     869
     998     178     778
    1196    1034     999
    1357    1289    1234
    1119    1000     907
    1120    1111     989
    1001     877     974
    1006    1001     158
    1478    1255    1184
    1002      96     884
    1058    1004     886
    1003     886     768
    1004     887     886
    1121    1032    1005
    1478    1288    1282
    1005    1002     883
    1006     897     889
    1053    1012    1006
    1230    1104     247
    1007     952     892
    1186    1008    1034
    1008     869     893
    1187    1010    1122
    1122    1010    1009
    1283    1010     176
    1010     894    1009
    1283    1011     895
    1188    1011     176
    1123    1012    1053
    1012     992     859
    1189    1124    1113
    1124      73    1113
    1126    1014    1125
    1014     900     899
    1127    1016    1015
    1015     901     900
    1128    1055     954
    1016     876     901
    1017     787     876
    1129     876    1016
    1130    1019    1018
    1018     904     903
    1019     904    1018
    1131    1019    1130
    1254    1131     120
    1190    1020    1131
    1132      96    1029
    1255    1132    1029
    1389    1022    1144
    1284    1160    1022
    1285    1023    1170
    1141    1076      79
    1118     178     998
    1286    1108    1280
    1329    1025    1276
    1172    1083     210
    1287    1026    1171
    1233    1106     208
    1213    1027    1063
    1213    1171    1027
    1339     234    1036
    1193    1164     914
    1132    1030    1021
    1032    1002    1005
    1183    1112     990
    1030     990    1021
    1194     231    1080
    1195    1031    1194
    1121    1005    1004
    1478    1282    1178
    1118    1074     178
    1118     998    1033
    1196     999     102
    1289    1107    1234
    1198     211    1083
    1199    1163     912
    1314    1036    1146
    1339    1036    1314
    1215    1037    1070
    1397    1314    1146
    1038     688     879
    1038     217     929
    1048    1039     229
    1039     692     919
    1268    1148    1040
    1049    1040     240
    1390    1158    1321
    1041     248     935
    1042     711     816
    1042     212     941
    1043     228     932
    1043     719     961
    1200     233    1069
    1044     232     978
    1045     845     219
    1201    1045     219
    1178    1046     977
    1202    1046     244
    1290    1047    1158
    1047     796     951
    1048     692    1039
    1048     229     961
    1049     699    1040
    1049     240     962
    1050     712     941
    1050     213     964
    1302    1232    1221
    1105     974    1051
    1345    1341    1204
    1204     997    1052
    1205     158    1134
    1391    1247    1053
    1207    1054    1190
    1054     995     873
    1292    1119    1244
    1055     907     954
    1098    1056     214
    1162    1056     166
    1160    1057     175
    1057     908     880
    1101    1003     969
    1228    1208    1058
    1096    1059     239
    1161    1059      90
    1209    1064      89
    1165    1060      88
    1210    1088    1061
    1061     952    1007
    1337    1223    1312
    1212    1089    1062
    1063     206     908
    1213    1063     174
    1064     238     909
    1209    1147    1079
    1344    1150    1065
    1293    1273    1216
    1214    1085    1153
    1066     215     911
    1272    1225    1154
    1067     212     912
    1068     230     913
    1375    1068      81
    1069     233     914
    1256    1156    1200
    1070     236     915
    1215    1070      87
    1071     241     916
    1269    1148    1268
    1216    1073    1072
    1072     917     267
    1140    1073     266
    1073     534     917
    1242    1118    1241
    1074    1024     918
    1075     223     988
    1248    1123    1247
    1263    1076    1141
    1076     119     923
    1218    1124    1189
    1077     222     925
    1294    1169    1271
    1078     218     943
    1079     237     933
    1079     933     238
    1295    1194    1080
    1295    1080    1277
    1081     135     936
    1142    1081     119
    1082     153     937
    1143    1082     135
    1296    1198    1083
    1296    1083    1172
    1084     710     940
    1084     211     816
    1085     216     942
    1085     942     215
    1330    1174     220
    1086     221     966
    1104    1087     973
    1219    1087     246
    1220    1088    1210
    1088    1052     948
    1221    1089    1212
    1089    1051     926
    1365    1235    1245
    1222    1130    1090
    1091     224     984
    1346    1311    1332
    1092     177     982
    1223     156    1135
    1297    1110    1203
    1135    1094    1093
    1094     156     927
    1094     959    1093
    1095     219     976
    1298    1261    1177
    1096     239     962
    1224    1096     240
    1299    1270     101
    1097      99     986
    1098     214     964
    1225    1098     213
    1099     924     966
    1226     221    1133
    1392    1358    1333
    1300    1227    1100
    1301    1149    1229
    1228    1058    1101
    1115     968     855
    1229    1102    1115
    1103     247     972
    1103     972     796
    1230     247    1151
    1231    1210    1061
    1105     158    1001
    1302    1291    1232
    1106     209     975
    1233     208    1026
    1362    1306    1357
    1107     101     979
    1366    1192    1362
    1108     179     980
    1109     850     980
    1234    1109     179
    1110     985     224
    1203    1110     224
    1120     989    1000
    1245    1235    1111
    1358    1183    1333
    1112      97     991
    1237    1218    1189
    1113      73     992
    1114    1061    1007
    1238    1114      97
    1117     994     996
    1305    1301    1229
    1239    1117    1116
    1116     996     995
    1240    1117    1239
    1117    1115     994
    1241    1033    1186
    1306    1242    1241
    1243    1120    1119
    1244     907    1055
    1120    1000    1119
    1245    1120    1243
    1208    1121    1004
    1418    1282    1288
    1246    1024    1192
    1336    1259    1187
    1308    1206    1075
    1308    1248    1247
    1309    1237    1249
    1124    1013      73
    1250    1125    1218
    1125    1014    1013
    1251    1127    1126
    1126    1015    1014
    1127    1015    1126
    1252    1127     159
    1129    1017     876
    1129    1128    1017
    1252    1129    1016
    1310    1252     159
    1131    1130     120
    1130    1018    1090
    1131    1020    1019
    1254    1190    1131
    1255    1029    1184
    1394    1369    1300
    1251    1126    1250
    1133     221    1086
    1391    1332    1206
    1134     158    1105
    1395    1223    1135
    1135     156    1094
    1276    1136     171
    1136     209    1106
    1298    1177     218
    1137     218    1078
    1479    1343    1446
    1138     219    1095
    1396    1313    1139
    1139      90    1059
    1140     535     446
    1273    1140     266
    1285    1141    1023
    1263    1141      80
    1264    1142     118
    1142     119    1076
    1265    1143     134
    1143     135    1081
    1389    1284    1022
    1144     153    1082
    1285    1145      80
    1145     229    1039
    1397     235    1037
    1397    1146     235
    1147      88    1060
    1147    1060     237
    1315    1224    1148
    1148     240    1040
    1354    1316    1228
    1149    1101     969
    1344    1065    1202
    1293    1216    1150
    1317    1104    1230
    1151     247    1103
    1524    1321    1434
    1152      99    1097
    1318    1153     165
    1398    1214    1153
    1154     213     941
    1154     941     212
    1407    1319    1155
    1155     166    1056
    1277    1156      83
    1200    1156    1044
    1399    1320    1236
    1157     246    1087
    1158    1047    1041
    1321      99    1152
    1159     217     879
    1322     216    1214
    1160     175    1022
    1160     174    1063
    1323    1161      90
    1161      89    1064
    1324    1162     166
    1162     165    1066
    1325    1163    1199
    1163     168    1067
    1326    1164    1193
    1164      84    1069
    1400    1267      88
    1165      87    1070
    1401    1166    1275
    1166      92    1071
    1168     921     849
    1402    1248    1308
    1168     849     925
    1168     222    1167
    1169    1078     929
    1271    1169     217
    1170     961     229
    1285    1170     229
    1171     207    1027
    1287    1171     173
    1329    1172    1025
    1296    1172     170
    1173     715     942
    1173     216     879
    1174    1086     949
    1330    1257    1174
    1331    1253    1310
    1364    1244    1055
    1176     957     223
    1332     223    1206
    1177    1095     976
    1298     218    1137
    1255    1191    1132
    1185    1184    1032
    1179     848     979
    1179     101    1097
    1180     851     982
    1280    1180     177
    1181     853     986
    1182    1181      99
    1182    1041     987
    1321    1182      99
    1333    1030    1191
    1399    1392    1304
    1184    1029    1032
    1185    1032    1121
    1334    1121    1208
    1418    1393    1282
    1186    1033    1008
    1335    1197    1289
    1307    1303    1286
    1187     176    1010
    1349    1312    1212
    1188    1062    1011
    1248    1113    1123
    1328    1189    1248
    1338    1190    1254
    1190    1054    1020
    1424    1394    1300
    1191    1030    1132
    1192    1024    1074
    1242    1074    1118
    1339    1193    1028
    1326    1193      85
    1195    1194      82
    1194    1031     231
    1340    1195      82
    1195      81     913
    1341     102    1204
    1403    1341    1380
    1342    1335    1034
    1197     101    1107
    1199    1198     169
    1198    1035     211
    1199    1035    1198
    1325    1199     169
    1200    1044     233
    1256    1200    1069
    1371    1278    1201
    1343     219    1138
    1202     910    1046
    1344    1202     244
    1405    1302     157
    1203     224    1091
    1204     102     997
    1345    1052    1220
    1346    1134    1291
    1205    1053     158
    1206     223    1075
    1402    1328    1248
    1347    1239    1207
    1207    1116    1054
    1208    1004    1058
    1334    1208      95
    1348    1209      89
    1209      88    1147
    1231    1061    1114
    1220    1210      98
    1211     177    1092
    1223    1211    1092
    1221    1212     157
    1349    1062    1188
    1485     174    1284
    1213     173    1171
    1322    1214     164
    1214     216    1085
    1404      87    1267
    1397    1215      86
    1216     266    1073
    1216    1072    1150
    1217     179    1108
    1307    1280     177
    1249    1099    1226
    1218    1125    1124
    1219     246     971
    1219     833     950
    1448    1380    1345
    1220    1052    1088
    1221    1051    1089
    1405     157    1297
    1406    1222    1262
    1222     120    1130
    1223    1092     156
    1395    1312    1223
    1224     240    1148
    1396    1224      91
    1225     213    1154
    1407    1225     167
    1226    1099     221
    1353    1251    1258
    1227     245     977
    1227     967    1100
    1228      95    1208
    1354    1149    1301
    1240    1115    1117
    1305    1229    1240
    1355    1230    1151
    1356    1355      98
    1238      97    1236
    1359    1238    1320
    1408    1091    1311
    1232    1134    1105
    1287    1233    1026
    1260    1233     172
    1234    1107     981
    1362    1357    1217
    1235    1090    1111
    1409    1235    1365
    1236      97    1112
    1358    1112    1183
    1237     222    1077
    1249    1237    1077
    1359    1356    1231
    1238    1231    1114
    1239    1116    1207
    1360    1239    1347
    1455    1360     104
    1240    1229    1115
    1241    1118    1033
    1361    1186    1335
    1362    1242    1306
    1242    1192    1074
    1363    1243    1292
    1245    1243     138
    1244    1119     907
    1364    1175    1331
    1365    1245     138
    1245    1111    1120
    1246    1122    1009
    1366    1362    1217
    1247    1123    1053
    1391    1053    1205
    1328    1167     222
    1248    1189    1113
    1249    1077    1099
    1258    1251    1250
    1250    1126    1125
    1309    1250    1218
    1367    1258    1226
    1251     159    1127
    1252    1016    1127
    1310    1253    1252
    1253    1175    1128
    1253    1129    1252
    1368     120    1352
    1480    1368    1453
    1478    1184    1288
    1369    1255    1281
    1438    1377      84
    1256      83    1156
    1538    1454    1495
    1257    1133    1086
    1309    1258    1250
    1367    1353    1258
    1259    1188     176
    1410    1370    1259
    1411    1260     172
    1260     171    1136
    1261    1095    1177
    1481    1372    1422
    1482    1453    1352
    1262    1222    1090
    1412    1263      80
    1263     118    1142
    1413    1264     118
    1264     134    1143
    1414    1265     134
    1265     152    1144
    1266     230    1068
    1375    1266    1068
    1483    1267    1400
    1404    1351      87
    1268     241    1071
    1269    1268    1071
    1415    1269      92
    1415    1315    1269
    1270    1152    1097
    1299     101    1197
    1294    1271     163
    1271     217    1159
    1416     168    1374
    1272     167    1225
    1417    1273    1293
    1273     701    1140
    1274     868     997
    1274     102     999
    1484    1275     242
    1401    1327    1166
    1329    1276     171
    1276    1025     209
    1295    1277      83
    1277    1080     232
    1278     220     965
    1278     956    1201
    1279    1100     971
    1304    1279     246
    1280    1108     983
    1307     177    1211
    1281    1178     245
    1300    1281     245
    1282     244    1046
    1282    1046    1178
    1283     862    1010
    1283     176    1011
    1485    1284    1389
    1284     174    1160
    1285     229    1145
    1285      80    1141
    1366    1246    1192
    1286    1217    1108
    1486     173    1451
    1287     172    1233
    1288    1184    1185
    1418    1185    1334
    1361    1335    1289
    1289    1197    1107
    1487    1290    1390
    1290    1151    1103
    1408    1291    1302
    1291    1134    1232
    1419    1292    1364
    1292    1243    1119
    1420    1293    1150
    1417    1293     243
    1421    1387    1294
    1294    1137    1169
    1464    1382    1295
    1295      82    1194
    1458    1373    1296
    1296     169    1198
    1395    1297     157
    1297    1135    1110
    1387    1298    1137
    1422    1298     162
    1423    1335    1342
    1488    1341    1403
    1300     245    1227
    1424    1279    1392
    1425    1316    1354
    1425    1354    1301
    1302    1221     157
    1408    1311    1291
    1336    1122    1303
    1303    1122    1246
    1304     246    1157
    1433    1304    1157
    1426    1240    1360
    1427    1425    1301
    1361    1241    1186
    1361    1357    1306
    1307    1286    1280
    1410    1211    1370
    1308    1247    1206
    1402    1075    1167
    1309    1218    1237
    1309    1249    1258
    1428     159    1353
    1429    1310    1428
    1311    1091    1176
    1332    1311    1176
    1312     157    1212
    1349    1337    1312
    1489    1313    1396
    1490    1313    1489
    1431    1314      86
    1431    1339    1314
    1315      91    1224
    1315    1148    1269
    1561    1534    1493
    1316      95    1228
    1317    1157    1104
    1432    1230    1355
    1474    1398    1318
    1385    1318     165
    1319     166    1155
    1527     167    1466
    1433    1317    1359
    1320    1238    1236
    1321    1158    1182
    1449    1434    1152
    1477    1388    1322
    1322    1159     216
    1430    1323      90
    1492    1323    1430
    1324     165    1162
    1386    1324     166
    1325     168    1163
    1436    1325     169
    1437    1326      85
    1460    1438    1326
    1327      92    1166
    1507    1470    1327
    1328     222    1237
    1328    1237    1189
    1439    1329     171
    1329     170    1172
    1440    1278    1371
    1517    1442    1429
    1442    1331    1429
    1331    1175    1253
    1332    1176     223
    1391    1346    1332
    1333    1183    1030
    1394    1333    1191
    1334    1185    1121
    1443      95    1379
    1335    1186    1034
    1342    1034    1196
    1336    1187    1122
    1336    1303    1307
    1370    1337    1349
    1337    1211    1223
    1450    1444    1347
    1338    1207    1190
    1339      85    1193
    1339    1028     234
    1340      81    1195
    1445      82    1382
    1341    1196     102
    1345    1204    1052
    1488    1196    1341
    1488    1423    1342
    1446    1138    1372
    1523    1446     161
    1493    1393    1443
    1534    1344    1447
    1449    1448    1434
    1449    1270    1403
    1346    1205    1134
    1346    1291    1311
    1360    1347     104
    1450    1207    1338
    1435    1348      89
    1506    1400      88
    1349    1212    1062
    1370    1188    1259
    1539    1451    1350
    1539    1485     152
    1494    1452    1351
    1494    1351    1404
    1453    1368    1352
    1352     120    1222
    1495    1133    1257
    1353     159    1251
    1354    1228    1101
    1354    1101    1149
    1487    1151    1290
    1356      98    1210
    1356    1210    1231
    1359    1231    1238
    1357    1234     179
    1357     179    1217
    1399    1358    1392
    1358    1236    1112
    1433    1359    1320
    1432    1359    1317
    1360    1240    1239
    1455    1426    1360
    1361    1289    1357
    1361    1306    1241
    1366    1217    1286
    1362    1192    1242
    1597    1569    1584
    1363     138    1243
    1442    1419    1364
    1364    1292    1244
    1456     138    1384
    1409    1406    1262
    1366    1286    1303
    1366    1303    1246
    1367    1226    1133
    1495    1454    1133
    1603    1480    1545
    1368    1254     120
    1369    1191    1255
    1369    1281    1300
    1410    1259    1336
    1370    1211    1337
    1497    1440    1371
    1497    1371    1479
    1446    1372     161
    1372    1138    1261
    1548    1373    1458
    1540    1436    1373
    1498    1374     146
    1374     168    1325
    1499    1412    1375
    1375      80    1145
    1541    1376    1486
    1541    1500    1376
    1521    1377    1438
    1501    1464      83
    1467    1444    1450
    1378    1338    1254
    1379      95    1316
    1502    1316    1425
    1449    1380    1448
    1380    1341    1345
    1471    1415    1381
    1381      92    1327
    1550    1382    1464
    1503    1445    1382
    1499    1469    1412
    1383      81    1340
    1504    1456    1384
    1384     138    1363
    1505    1474    1318
    1385     165    1324
    1475    1386     144
    1386     166    1319
    1387     162    1298
    1387    1137    1294
    1388     163    1271
    1388    1159    1322
    1389    1144     152
    1485    1389     152
    1524    1390    1321
    1390    1290    1158
    1391    1205    1346
    1391    1206    1247
    1394    1392    1333
    1392    1279    1304
    1393     244    1282
    1443    1393    1418
    1394    1191    1369
    1424    1300    1100
    1395    1135    1297
    1395     157    1312
    1489    1396      91
    1396    1139    1224
    1397    1037    1215
    1397      86    1314
    1398     164    1214
    1398    1153    1318
    1399    1304    1320
    1399    1236    1358
    1506      88    1348
    1483    1400     110
    1484    1401    1275
    1507    1401      93
    1402    1308    1075
    1402    1167    1328
    1403    1270    1299
    1488    1299    1423
    1483    1404    1267
    1494    1404     111
    1405    1297    1203
    1408    1405    1203
    1509    1406    1409
    1406    1352    1222
    1407    1155    1225
    1527    1407     167
    1408    1302    1405
    1408    1203    1091
    1508    1365    1456
    1508    1409    1365
    1410    1336    1307
    1410    1307    1211
    1411     171    1260
    1500    1411     172
    1412     118    1263
    1499    1375      81
    1528    1469     117
    1413     134    1264
    1529     151    1463
    1414     152    1265
    1510    1315    1415
    1415      92    1381
    1416     167    1272
    1416    1272     168
    1593    1536    1511
    1536    1512    1417
    1418    1288    1185
    1443    1418    1334
    1522    1473    1419
    1419    1363    1292
    1420     243    1293
    1420    1150    1344
    1421     162    1387
    1513    1421     163
    1422    1261    1298
    1514     162    1461
    1423    1299    1197
    1423    1197    1335
    1424    1100    1279
    1424    1392    1394
    1427    1301    1305
    1516    1502    1425
    1515    1426    1455
    1426    1305    1240
    1515    1305    1426
    1542    1427    1515
    1538    1428    1454
    1428    1310     159
    1538    1517    1429
    1429    1331    1310
    1492    1430     108
    1430      90    1313
    1518      86    1452
    1431      85    1339
    1432    1317    1230
    1432    1355    1356
    1433    1320    1304
    1433    1157    1317
    1524    1487    1390
    1434    1321    1152
    1519    1435     109
    1435      89    1323
    1436     169    1373
    1543    1457     147
    1520      85    1431
    1544    1460     113
    1438      84    1326
    1521    1438     114
    1439     170    1329
    1465    1439     171
    1440    1330     220
    1440     220    1278
    1441    1257    1330
    1496    1441    1330
    1522    1442    1517
    1442    1364    1331
    1443    1334      95
    1493    1447    1393
    1525    1455     104
    1444     104    1347
    1472    1445     116
    1445    1340      82
    1446    1343    1138
    1523    1479    1446
    1598    1561    1578
    1447    1344     244
    1448    1220      98
    1524    1448      98
    1449    1152    1270
    1449    1403    1380
    1450    1347    1207
    1467    1450    1338
    1486    1451     151
    1451     173    1350
    1518    1452     112
    1452      86    1351
    1482    1352    1406
    1545    1480    1453
    1454    1428    1353
    1454    1367    1133
    1525     104    1444
    1546    1455    1525
    1547    1508    1456
    1456    1365     138
    1457     146    1374
    1457    1325    1436
    1459     170    1439
    1548    1458    1459
    1549    1459    1439
    1548    1540    1373
    1460     114    1438
    1460    1326    1437
    1514    1481    1422
    1461     162    1421
    1529    1462     133
    1462     134    1413
    1463     151    1451
    1463     152    1414
    1501      83    1377
    1550    1464    1501
    1549    1465     149
    1465     171    1411
    1527     145    1476
    1466     167    1416
    1551    1378    1480
    1599    1467    1551
    1644    1574    1627
    1468     243    1420
    1469     118    1412
    1600     117    1553
    1507    1327    1401
    1592    1532    1470
    1602    1471     106
    1552    1489    1510
    1553    1472     116
    1472    1383    1340
    1584    1564    1523
    1473    1384    1363
    1699    1618    1677
    1474     164    1398
    1554    1475     144
    1475     143    1385
    1555    1476     145
    1476     144    1386
    1556     164    1474
    1491    1388    1477
    1478    1178    1281
    1478    1281    1255
    1497    1496    1440
    1479    1371    1343
    1688    1603    1545
    1480    1378    1368
    1557    1481    1526
    1481     161    1372
    1568    1482    1509
    1604    1482    1568
    1558    1483     110
    1483     111    1404
    1574    1511     243
    1484      93    1401
    1539     152    1463
    1485    1350     174
    1541    1486     151
    1486    1376     173
    1487      98    1355
    1487    1355    1151
    1488    1342    1196
    1488    1403    1299
    1510    1489      91
    1591    1559    1490
    1490     108    1430
    1490    1430    1313
    1575    1513     163
    1491     163    1388
    1560    1492     108
    1492     109    1435
    1493    1443    1379
    1561    1379    1502
    1562    1494     111
    1494     112    1452
    1495    1257    1441
    1538    1495    1441
    1563     160    1517
    1496    1330    1440
    1564    1479    1523
    1497     160    1496
    1498    1416    1374
    1565    1498     146
    1499      81    1383
    1499    1383     117
    1500     172    1376
    1530    1500     150
    1566    1377    1521
    1550    1503    1382
    1627    1578      94
    1502    1379    1316
    1567    1503    1550
    1503     116    1445
    1573    1509    1508
    1569    1384    1473
    1505    1385     143
    1570    1505     143
    1519    1506    1348
    1506     110    1400
    1571    1507      93
    1572    1507    1571
    1573    1568    1509
    1547    1456    1504
    1509    1482    1406
    1509    1409    1508
    1510      91    1315
    1510    1415    1471
    1511    1417     243
    1574     243    1468
    1512     701    1417
    1512     242     811
    1575     163    1491
    1700    1576    1513
    1577    1514    1461
    1645    1606    1526
    1542    1516    1427
    1515    1427    1305
    1578    1561    1502
    1516    1425    1427
    1563    1517    1538
    1522    1517     160
    1535    1518     112
    1518    1431      86
    1519    1348    1435
    1579    1519     109
    1520    1437      85
    1520    1431    1518
    1605    1580     114
    1580    1566    1521
    1581    1522     160
    1522    1419    1442
    1582     161    1557
    1584    1523    1582
    1524    1434    1448
    1524      98    1487
    1583    1444    1467
    1646    1624    1639
    1606    1557    1526
    1526    1481    1514
    1527    1319    1407
    1527    1466     145
    1528     133    1462
    1528    1462    1413
    1529    1414    1462
    1607    1529     133
    1608    1530     150
    1530     149    1465
    1579    1531    1519
    1531     110    1506
    1532     106    1471
    1532    1381    1470
    1609    1542    1515
    1533      93    1484
    1534    1468    1420
    1534    1447    1493
    1681    1621     128
    1535     113    1520
    1536    1484     242
    1536     242    1512
    1537     811     242
    1537     242    1275
    1563    1538    1441
    1538    1429    1428
    1539    1463    1451
    1539    1350    1485
    1614    1540    1548
    1540     147    1436
    1610     151    1607
    1541     150    1500
    1609    1515    1546
    1542      94    1516
    1647    1543    1588
    1543     146    1457
    1612    1544     113
    1648    1544    1612
    1545    1453    1482
    1688    1682    1603
    1546    1515    1455
    1665    1662    1594
    1650    1504    1597
    1695    1573    1547
    1548    1459     148
    1614    1548     148
    1615    1549     149
    1549     148    1459
    1550    1501     115
    1567    1550     115
    1599    1583    1467
    1551    1467    1378
    1602    1552    1471
    1552     107    1489
    1616    1553     116
    1633    1553    1616
    1554     143    1475
    1617    1554     144
    1651     145    1590
    1652    1617    1555
    1556    1474     142
    1618    1556     142
    1629    1557    1606
    1557     161    1481
    1653     110    1587
    1654    1595    1558
    1641    1619    1559
    1559     108    1490
    1655     108    1619
    1656    1560    1655
    1561    1493    1379
    1578    1502    1516
    1657    1562    1595
    1562     112    1494
    1563    1441    1496
    1563    1496     160
    1564     160    1497
    1564    1497    1479
    1565     145    1498
    1611    1565     146
    1566     115    1501
    1566    1501    1377
    1622    1567     115
    1635    1616    1567
    1683    1673    1658
    1658    1568    1613
    1569    1504    1384
    1581    1569    1473
    1642    1586    1570
    1659     143    1596
    1623    1572    1571
    1624      93    1533
    1592    1572     105
    1572    1470    1507
    1573    1508    1547
    1695    1613    1573
    1627    1468    1598
    1644    1533    1593
    1625    1491    1556
    1700    1575    1699
    1700    1684    1576
    1626    1577    1461
    1626    1461    1576
    1660    1577     140
    1578    1516      94
    1627    1598    1578
    1620    1579     109
    1685    1587    1631
    1661    1628    1580
    1628    1622     115
    1581    1473    1522
    1581     160    1564
    1582    1523     161
    1629    1606     139
    1662    1623    1594
    1583    1525    1444
    1584    1569    1581
    1584    1581    1564
    1660    1645    1585
    1585    1526    1514
    1586     142    1474
    1586    1505    1570
    1653    1587     126
    1587     110    1531
    1663     147    1614
    1664    1647     129
    1681    1647    1664
    1664    1612    1589
    1675    1590     127
    1590     145    1565
    1591    1490    1489
    1641    1591     107
    1638    1601    1592
    1601    1532    1592
    1593    1533    1484
    1593    1511    1574
    1594    1546    1525
    1665    1525    1583
    1595     111    1558
    1657    1637     128
    1678    1659     125
    1596     143    1554
    1650    1597    1629
    1597    1504    1569
    1598    1468    1534
    1598    1534    1561
    1603    1599    1551
    1662    1599    1649
    1600     133    1528
    1600    1528     117
    1686    1601    1638
    1601     106    1532
    1667     106    1666
    1687    1602    1667
    1603    1551    1480
    1682    1649    1603
    1688    1604     121
    1604    1545    1482
    1690    1661    1580
    1605     114    1544
    1645    1526    1585
    1650    1629     139
    1636    1610    1634
    1607     151    1529
    1680    1630    1608
    1608     149    1530
    1668    1644      94
    1609      94    1542
    1610     150    1541
    1610    1541     151
    1637    1611     128
    1611     146    1543
    1612     113    1589
    1672     129    1663
    1613    1568    1573
    1689    1683     139
    1614     147    1540
    1669    1614     148
    1679    1669    1615
    1615     148    1549
    1616     116    1567
    1633    1616     132
    1617     144    1555
    1685    1643     126
    1670     142    1642
    1699    1625    1618
    1655    1619     124
    1619     108    1559
    1631    1620     125
    1620     109    1560
    1681    1664    1589
    1621     112    1562
    1628     115    1580
    1680    1635     131
    1623     105    1572
    1646    1639    1594
    1624    1571      93
    1668    1639    1624
    1625    1575    1491
    1625    1556    1618
    1671    1626    1576
    1626     140    1577
    1644    1627      94
    1627    1574    1468
    1690    1580    1605
    1628     131    1622
    1629    1597    1582
    1629    1582    1557
    1630     149    1608
    1679     131    1661
    1631    1579    1620
    1707    1685    1631
    1632    1589    1535
    1632     112    1621
    1634    1633     132
    1633     133    1600
    1636    1634     132
    1634    1610    1607
    1635     132    1616
    1635    1567    1622
    1636     150    1610
    1680     132    1635
    1637    1565    1611
    1657     128    1621
    1691    1649    1682
    1701     121    1673
    1639    1609    1546
    1639    1546    1594
    1702    1692    1687
    1640     107    1552
    1692     107    1640
    1718    1676    1641
    1693    1642     124
    1642     142    1586
    1707    1596    1643
    1643    1596    1554
    1668      94    1609
    1644    1593    1574
    1703    1689    1694
    1645     139    1606
    1646    1623    1571
    1646    1571    1624
    1647    1588     129
    1647     128    1611
    1648     130    1605
    1648    1605    1544
    1662    1649     105
    1649    1599    1603
    1695    1650     139
    1650    1547    1504
    1675    1654    1674
    1651    1555     145
    1652     126    1617
    1652    1555    1651
    1674    1654    1653
    1653    1558     110
    1654     127    1595
    1654    1558    1653
    1656    1655     124
    1655    1560     108
    1678     124    1642
    1656     125    1620
    1657    1621    1562
    1657    1595     127
    1658     121    1604
    1658    1604    1568
    1659    1570     143
    1659    1596     125
    1660    1585    1577
    1696    1694    1660
    1679    1661     130
    1661     131    1628
    1662    1583    1599
    1662     105    1623
    1663     129    1588
    1663    1588     147
    1664     129    1612
    1681    1589    1632
    1665    1594    1525
    1665    1583    1662
    1697    1667    1666
    1666     106    1601
    1712    1697     122
    1667    1602     106
    1668    1609    1639
    1668    1533    1644
    1669     148    1615
    1672     130    1648
    1704    1676     123
    1713    1670    1704
    1684    1671    1576
    1698    1696     140
    1672    1648     129
    1672    1663    1614
    1714    1709    1686
    1673     121    1658
    1674     126    1652
    1675    1674    1652
    1675    1652    1651
    1675     127    1654
    1704    1693    1676
    1676     124    1619
    1713    1705    1677
    1699    1677     141
    1678    1642    1659
    1678     125    1656
    1679     130    1669
    1679    1615    1630
    1680     131    1630
    1680    1608    1636
    1681    1632    1621
    1681     128    1647
    1706     121    1701
    1715    1682    1706
    1695    1683    1613
    1689     139    1645
    1705    1684     141
    1710    1671    1684
    1685     126    1587
    1707    1631     125
    1715    1691    1682
    1709    1697    1666
    1718    1692    1702
    1687    1640    1602
    1688    1545    1604
    1688     121    1682
    1694    1645    1660
    1703    1683    1689
    1690    1605     130
    1690     130    1661
    1691    1638     105
    1691     105    1649
    1692    1641     107
    1692    1640    1687
    1693    1670    1642
    1693     124    1676
    1696    1660     140
    1708    1703    1694
    1695    1547    1650
    1695     139    1683
    1698     140    1671
    1716    1703    1708
    1709    1666    1686
    1717    1712     122
    1710    1684    1705
    1711    1708    1696
    1700    1699     141
    1699    1575    1625
    1700     141    1684
    1700    1513    1575
    1716    1673    1703
    1721    1709    1714
    1718    1702     123
    1712    1687    1697
    1703    1673    1683
    1708    1694    1696
    1722    1713    1704
    1704    1670    1693
    1705     141    1677
    1722    1719    1705
    1715    1706    1714
    1706    1682     121
    1707     125    1596
    1707    1643    1685
    1711    1696    1698
    1721    1711     122
    1715    1714    1686
    1709     122    1697
    1720    1719     123
    1710    1698    1671
    1717    1711    1698
    1721    1716    1711
    1712    1702    1687
    1717     122    1711
    1713    1677    1670
    1722    1704     123
    1714    1706    1701
    1716    1714    1701
    1715    1686    1638
    1715    1638    1691
    1716    1701    1673
    1716    1708    1711
    1717    1698    1710
    1719    1717    1710
    1718     123    1676
    1718    1641    1692
    1719    1710    1705
    1720     123    1702
    1720    1702    1712
    1720    1712    1717
    1721     122    1709
    1721    1714    1716
    1722     123    1719
    1722    1705    1713
