  1.8756550600  2.4842915500
  1.7591232100  2.4381532700
  1.6577264100  2.3644843100
  1.5778360400  2.2679133400
  1.5244717600  2.1545085900
  1.5009867000  1.9686046800
  1.5244717600  1.8454915300
  1.5778360400  1.7320866600
  1.6577264100  1.6355156900
  1.7591232100  1.5618466100
  1.8756550600  1.5157084500
  2.0000000000  1.5000000000
  2.1243448300  1.5157084500
  2.2408769100  1.5618466100
  2.3422734700  1.6355156900
  2.4221639600  1.7320866600
  2.4755282400  1.8454915300
  2.4990134200  2.0313952000
  2.4755282400  2.1545085900
  2.4221639600  2.2679133400
  2.3422734700  2.3644843100
  2.2408769100  2.4381532700
  2.1243448300  2.4842915500
  2.0000000000  2.5000000000
  9.3999996200  0.0000000000
  8.8000001900  0.0000000000
  8.1999998100  0.0000000000
  7.5999999000  0.0000000000
  7.0000000000  0.0000000000
  6.4000001000  0.0000000000
  5.8000001900  0.0000000000
  5.1999998100  0.0000000000
  4.8000001900  0.0000000000
  4.1999998100  0.0000000000
  3.5999999000  0.0000000000
  3.0000000000  0.0000000000
  2.4000001000  0.0000000000
  1.7999999500  0.0000000000
  1.2000000500  0.0000000000
  0.6000000240  0.0000000000
 10.0000000000  0.0000000000
  0.0000000000  0.0000000000
 10.0000000000  3.4000001000
 10.0000000000  2.7999999500
 10.0000000000  2.2000000500
 10.0000000000  1.7999999500
 10.0000000000  1.2000000500
 10.0000000000  0.6000000240
 10.0000000000  4.0000000000
  0.6000000240  4.0000000000
  1.2000000500  4.0000000000
  1.7999999500  4.0000000000
  2.4000001000  4.0000000000
  3.0000000000  4.0000000000
  3.5999999000  4.0000000000
  4.1999998100  4.0000000000
  4.8000001900  4.0000000000
  5.1999998100  4.0000000000
  5.8000001900  4.0000000000
  6.4000001000  4.0000000000
  7.0000000000  4.0000000000
  7.5999999000  4.0000000000
  8.1999998100  4.0000000000
  8.8000001900  4.0000000000
  9.3999996200  4.0000000000
  0.0000000000  4.0000000000
  0.0000000000  0.6000000240
  0.0000000000  1.2000000500
  0.0000000000  1.7999999500
  0.0000000000  2.2000000500
  0.0000000000  2.7999999500
  0.0000000000  3.4000001000
  2.0588703200  1.2075706700
  0.3933558170  1.5968489600
  9.6150760700  1.1897801200
  0.3882291620  2.4001178700
  9.6136121700  2.3881704800
  9.6126003300  2.7859196700
  9.1644725800  2.7798342700
  8.7524452200  2.8179488200
  8.2706689800  2.8248057400
  7.9131379100  2.7864835300
  7.4789881700  2.8223812600
  7.1085543600  2.7931041700
  6.6964764600  2.7688322100
  6.2467727700  2.7943484800
  5.8379707300  2.8001165400
  5.4130687700  2.8013479700
  4.9867467900  2.8145723300
  4.6113081000  2.8177025300
  4.1712794300  2.7910013200
  3.7328369600  2.8535049000
  3.3011012100  2.7949664600
  2.8992555100  2.8031187100
  2.4884543400  2.8206803800
  2.0614292600  2.7930479000
  1.6704403200  2.8035965000
  1.2591128300  2.7986319100
  0.8227187400  2.7449183500
  0.3904271130  2.7970318800
  0.8434804080  2.4089224300
  1.2553422500  2.4109790300
  2.4853928100  2.3980915500
  2.9213802800  2.4055419000
  3.3541736600  2.3908944100
  3.7714903400  2.3919262900
  4.1775727300  2.4077134100
  4.6017251000  2.4015305000
  4.9696002000  2.4164788700
  5.4668722200  2.3973357700
  5.8481645600  2.4075198200
  6.2360076900  2.4281392100
  6.6881628000  2.4197652300
  7.0714759800  2.4030575800
  7.5031218500  2.3751690400
  7.9391942000  2.4058682900
  8.3012752500  2.4079864000
  8.7484626800  2.4022278800
  9.1640033700  2.3883154400
  2.9285986400  1.9946960200
  3.3354656700  1.9901258900
  3.7724902600  2.0142285800
  4.1806101800  1.9825220100
  4.6115064600  2.0347967100
  4.9714937200  2.0004992500
  5.4071049700  1.9963096400
  5.8708705900  2.0133750400
  6.2329387700  2.0156650500
  6.6901836400  1.9710121200
  7.1037726400  2.0218963600
  7.5062375100  2.0314226200
  7.9084787400  2.0032770600
  8.2974557900  2.0010869500
  8.7476453800  1.9973381800
  9.1633796700  1.9894976600
  9.6132993700  1.9880489100
  2.5047996000  1.6153985300
  2.9228444100  1.5937272300
  3.3410854300  1.5923980500
  3.7614028500  1.6044389000
  4.1675877600  1.5938015000
  4.5628624000  1.5494005700
  5.0165071500  1.6109772900
  5.3941445400  1.5794826700
  5.8082671200  1.5815399900
  6.2430148100  1.5915274600
  6.6401109700  1.6193722500
  7.1000752400  1.5825099900
  7.4940400100  1.5948878500
  7.8924255400  1.6018337000
  8.2885904300  1.6172548500
  8.7312536200  1.5947465900
  9.1551170300  1.5885411500
  9.6127977400  1.5874118800
  0.3510034680  1.1854004900
  0.8331385250  1.2310224800
  1.2483382200  1.1871465400
  1.6670216300  1.1866846100
  2.4909169700  1.1922706400
  2.9150238000  1.1639366100
  3.3287010200  1.2215102900
  3.7609562900  1.1832579400
  4.1435189200  1.1835252000
  4.5824804300  1.1957359300
  5.0251898800  1.1812564100
  5.3902988400  1.1812148100
  5.8764476800  1.2295151900
  6.2176847500  1.1940518600
  6.6532397300  1.2038283300
  7.0955085800  1.2062993000
  7.4916663200  1.1631604400
  7.9045267100  1.2057527300
  8.3237361900  1.2538588000
  8.7136230500  1.2219572100
  9.1544914200  1.1717577000
  1.2458523500  1.6000336400
  0.8470783230  1.5592377200
  1.2468346400  2.0004694500
  0.8308702710  1.9775655300
  0.3943877220  2.0020248900
  9.5564460800  0.4472205040
  9.1879358300  0.3723464010
  8.7356901200  0.3946672380
  8.3526039100  0.3736075760
  7.9560537300  0.3684300480
  7.4975228300  0.3649349810
  7.0349597900  0.3719601630
  6.6425790800  0.3878568410
  6.2276988000  0.3551753760
  5.8243088700  0.3876230120
  5.4076433200  0.3604806360
  5.0057849900  0.3610947730
  4.5952301000  0.3932635490
  4.1868820200  0.3477709290
  3.7911779900  0.3435176610
  3.3743977500  0.3861112000
  2.9016270600  0.4040701390
  2.4980239900  0.3827730420
  2.0878720300  0.3897987900
  1.6367633300  0.3749468330
  1.2263814200  0.3887004260
  0.8206148150  0.3758452830
  0.3979932670  0.4317666590
  9.6205015200  0.8063369990
  9.1868181200  0.7721251250
  8.7371959700  0.7873327140
  8.3210868800  0.8098213670
  7.9226403200  0.8044186830
  7.4910359400  0.7955307360
  7.0609860400  0.8070345520
  6.6802077300  0.8159980770
  6.2240796100  0.8218683600
  5.8275408700  0.7986905570
  5.4104867000  0.7422037720
  5.0022664100  0.7434512380
  4.5812578200  0.8354111310
  4.1839385000  0.7938554290
  3.7460923200  0.8217680450
  3.3257243600  0.7897782330
  2.8962545400  0.8054909710
  2.5053954100  0.8206710220
  2.1143598600  0.7972429990
  1.6668589100  0.7621914150
  1.2280981500  0.7841593030
  0.8681092860  0.7693526740
  0.3444845970  0.7805120940
  9.6025648100  3.1754207600
  9.1657924700  3.1382131600
  8.8086767200  3.1909959300
  8.3121376000  3.1906437900
  7.9173026100  3.1839981100
  7.5308642400  3.2110011600
  7.0819301600  3.1909978400
  6.6381735800  3.1919059800
  6.2282929400  3.1859743600
  5.8337402300  3.2302866000
  5.4135842300  3.2108273500
  4.9972577100  3.2526137800
  4.5931615800  3.2558820200
  4.2075676900  3.1821465500
  3.7036654900  3.2154963000
  3.3754308200  3.1384301200
  2.9398016900  3.1822032900
  2.4636285300  3.1678373800
  2.0986058700  3.2055146700
  1.6337529400  3.2080216400
  1.2712401200  3.1773858100
  0.7867993120  3.2311806700
  0.4199081960  3.1837592100
  9.5440721500  3.5642557100
  9.1886243800  3.6516985900
  8.7676820800  3.6052599000
  8.3629913300  3.6388790600
  7.9300208100  3.6514661300
  7.5026211700  3.6419065000
  7.0831809000  3.6120288400
  6.6148433700  3.6369605100
  6.2432899500  3.6203637100
  5.8562512400  3.6076529000
  5.4088974000  3.6293129900
  4.9985375400  3.6379237200
  4.5927524600  3.6390936400
  4.1755571400  3.6036884800
  3.7710721500  3.6452205200
  3.3608889600  3.6634566800
  2.9117257600  3.5685098200
  2.5170877000  3.5772769500
  2.0744001900  3.6083738800
  1.6733049200  3.6060636000
  1.2333846100  3.6190311900
  0.8097365500  3.6027674700
  0.4159000810  3.5981307000
  1.9373333500  2.4960572700
  1.8159377600  2.4648883300
  1.7061073800  2.4045085900
  1.6147433500  2.3187120000
  1.5475864400  2.2128896700
  1.5088564200  2.0936906300
  1.5009867000  2.0313952000
  1.5088564200  1.9063093700
  1.5475864400  1.7871103300
  1.6147433500  1.6812880000
  1.7061073800  1.5954915300
  1.8159377600  1.5351117800
  1.9373333500  1.5039426100
  2.0626666500  1.5039426100
  2.1840622400  1.5351117800
  2.2938926200  1.5954915300
  2.3852565300  1.6812880000
  2.4524135600  1.7871103300
  2.4911437000  1.9063093700
  2.4990134200  1.9686046800
  2.4911437000  2.0936906300
  2.4524135600  2.2128896700
  2.3852565300  2.3187120000
  2.2938926200  2.4045085900
  2.1840622400  2.4648883300
  2.0626666500  2.4960572700
  9.8000001900  0.0000000000
  9.6000003800  0.0000000000
  9.1999998100  0.0000000000
  9.0000000000  0.0000000000
  8.6000003800  0.0000000000
  8.3999996200  0.0000000000
  8.0000000000  0.0000000000
  7.8000001900  0.0000000000
  7.4000001000  0.0000000000
  7.1999998100  0.0000000000
  6.8000001900  0.0000000000
  6.5999999000  0.0000000000
  6.1999998100  0.0000000000
  6.0000000000  0.0000000000
  5.5999999000  0.0000000000
  5.4000001000  0.0000000000
  5.0000000000  0.0000000000
  4.5999999000  0.0000000000
  4.4000001000  0.0000000000
  4.0000000000  0.0000000000
  3.7999999500  0.0000000000
  3.4000001000  0.0000000000
  3.2000000500  0.0000000000
  2.7999999500  0.0000000000
  2.5999999000  0.0000000000
  2.2000000500  0.0000000000
  2.0000000000  0.0000000000
  1.6000000200  0.0000000000
  1.3999999800  0.0000000000
  1.0000000000  0.0000000000
  0.8000000120  0.0000000000
  0.4000000060  0.0000000000
  0.2000000030  0.0000000000
 10.0000000000  3.7999999500
 10.0000000000  3.5999999000
 10.0000000000  3.2000000500
 10.0000000000  3.0000000000
 10.0000000000  2.5999999000
 10.0000000000  2.4000001000
 10.0000000000  2.0000000000
 10.0000000000  1.6000000200
 10.0000000000  1.3999999800
 10.0000000000  1.0000000000
 10.0000000000  0.8000000120
 10.0000000000  0.4000000060
 10.0000000000  0.2000000030
  0.2000000030  4.0000000000
  0.4000000060  4.0000000000
  0.8000000120  4.0000000000
  1.0000000000  4.0000000000
  1.3999999800  4.0000000000
  1.6000000200  4.0000000000
  2.0000000000  4.0000000000
  2.2000000500  4.0000000000
  2.5999999000  4.0000000000
  2.7999999500  4.0000000000
  3.2000000500  4.0000000000
  3.4000001000  4.0000000000
  3.7999999500  4.0000000000
  4.0000000000  4.0000000000
  4.4000001000  4.0000000000
  4.5999999000  4.0000000000
  5.0000000000  4.0000000000
  5.4000001000  4.0000000000
  5.5999999000  4.0000000000
  6.0000000000  4.0000000000
  6.1999998100  4.0000000000
  6.5999999000  4.0000000000
  6.8000001900  4.0000000000
  7.1999998100  4.0000000000
  7.4000001000  4.0000000000
  7.8000001900  4.0000000000
  8.0000000000  4.0000000000
  8.3999996200  4.0000000000
  8.6000003800  4.0000000000
  9.0000000000  4.0000000000
  9.1999998100  4.0000000000
  9.6000003800  4.0000000000
  9.8000001900  4.0000000000
  0.0000000000  0.2000000030
  0.0000000000  0.4000000060
  0.0000000000  0.8000000120
  0.0000000000  1.0000000000
  0.0000000000  1.3999999800
  0.0000000000  1.6000000200
  0.0000000000  2.0000000000
  0.0000000000  2.4000001000
  0.0000000000  2.5999999000
  0.0000000000  3.0000000000
  0.0000000000  3.2000000500
  0.0000000000  3.5999999000
  0.0000000000  3.7999999500
  1.1128176500  3.8128569100
  0.4952036140  3.7991490400
  0.2456571460  3.7579019100
  0.2039649780  3.2978415500
  0.1883484130  2.6981899700
  1.5177930600  1.7348915300
  1.4673125700  1.8631367700
  1.4494333300  1.9999965400
  1.4887564200  2.2023828000
  1.5549681200  2.3233258700
  2.5330452900  2.1359117000
  2.5492315300  1.9999580400
  2.5121913000  1.7977379600
  2.4526889300  1.6650817400
  2.3487386700  1.5742056400
  9.8183879900  1.2940349600
  9.8180780400  1.8933672900
  8.0728998200  3.8219015600
  7.5009827600  3.8613133400
  2.2339901900  1.5025047100
  1.9016203900  0.1694200190
  2.4986157400  0.2051232760
  2.1030309200  1.4599232700
  1.9654868800  1.4511680600
  1.8300089800  1.4767092500
  1.5985417400  1.6229765400
  1.6489472400  1.5756107600
  0.1892466250  1.6986593000
  0.1757092920  1.0939989100
  0.7066217660  0.1945598130
  1.3144923400  0.1841553600
  1.7658219300  2.4976244000
  1.8969602600  2.5401063000
  0.2405508910  0.2483003590
  0.1903207750  0.4974587860
  3.0980038600  0.1728195250
  6.5161557200  0.1864397080
  7.6710147900  0.1659201090
  7.1195774100  0.1725228430
  5.3036489500  0.1802735630
  4.9033556000  0.1823000910
  4.2935290300  0.1790576130
  8.2780895200  0.1749911160
  8.8786850000  0.1905502830
  9.4943580600  0.2051152740
  9.7492294300  0.2506339850
  9.8144006700  0.7043315770
  9.8183574700  2.2932510400
  8.6817646000  3.8139741400
  9.8172607400  2.8925108900
  9.7904100400  3.4977350200
  9.7468462000  3.7517380700
  9.2898645400  3.8238170100
  6.9279866200  3.8106827700
  3.4843659400  3.8273298700
  2.9059197900  3.8280956700
  2.2899375000  3.8146379000
  2.0345096600  2.5486762500
  2.1699075700  2.5231139700
  2.2946825000  2.4656462700
  4.0855302800  3.8135418900
  4.6965522800  3.8195953400
  1.6926647400  3.8010926200
  0.1888791770  2.0995123400
  5.0998110800  3.8191816800
  1.5990487300  2.3765139600
  1.7050136300  1.5351154800
  5.9139409100  0.1848362830
  3.6933012000  0.1743519310
  5.7174725500  3.8103599500
  6.3194952000  3.8234801300
  1.9654965400  2.5484459400
  1.8301237800  2.5227870900
  1.7053852100  2.4642162300
  1.6495778600  2.4235692000
  1.5183650300  2.2647635900
  1.4675563600  2.1367461700
  1.4542781100  2.0690188400
  1.4541634300  1.9309381200
  1.4887305500  1.7975432900
  1.5548267400  1.6765456200
  1.7657772300  1.5021727100
  1.8969962600  1.4599177800
  2.0345120400  1.4515100700
  2.1697979000  1.4773253200
  2.2938234800  1.5353587900
  2.3979620900  1.6176590900
  2.4857084800  1.7341736600
  2.5323073900  1.8634815200
  2.5446255200  1.9312417500
  2.5450418000  2.0684382900
  2.5128362200  2.2012434000
  2.4511885600  2.3256647600
  2.3516969700  2.4266898600
  2.2339437000  2.4979219400
  2.1029551000  2.5398290200
  9.2899189000  0.1858192380
  9.0881280900  0.1880364720
  8.6741485600  0.1821945160
  8.4764690400  0.1766411070
  8.0787296300  0.1731093080
  7.8762388200  0.1705232860
  7.4988260300  0.1397466210
  7.3265461900  0.1658903810
  6.9161648800  0.1758266390
  6.7169771200  0.1797992140
  6.3136205700  0.1812143920
  6.1150732000  0.1796925960
  5.7093467700  0.1857991370
  5.5052099200  0.1814417540
  5.1028738000  0.1807534840
  4.7012038200  0.1882379350
  4.4956240700  0.1872141510
  4.0933189400  0.1737363340
  3.8939778800  0.1724748610
  3.4902656100  0.1815830170
  3.2892210500  0.1801109310
  2.9017963400  0.1998992560
  2.7031388300  0.1790580750
  2.2941703800  0.1788072290
  2.0954055800  0.1958494630
  1.7138233200  0.1763135940
  1.5161719300  0.1817381080
  1.1115510500  0.1859835540
  0.9093083740  0.1862513720
  0.4932715000  0.2124379430
  9.8079366700  3.2901542200
  9.8149976700  3.0904831900
  9.8184433000  2.6929140100
  9.8191986100  2.4934907000
  9.8190269500  2.0935137300
  9.8183488800  1.6932790300
  9.8189230000  1.4936201600
  9.8195419300  1.0961388300
  9.8202734000  0.9002491240
  9.7959308600  0.5035675760
  0.7037490610  3.8069376900
  0.9083483820  3.8082418400
  1.3100755200  3.8214898100
  1.4969948500  3.8298640300
  1.8949763800  3.8234260100
  2.0892908600  3.8000173600
  2.5007505400  3.7897377000
  2.7099652300  3.8248145600
  3.1005272900  3.8357992200
  3.2897379400  3.8373167500
  3.6852874800  3.8228383100
  3.8839025500  3.8205642700
  4.2905411700  3.8123183300
  4.4948678000  3.8180084200
  4.8984723100  3.8192338900
  5.3027920700  3.8168940500
  5.5083098400  3.8131525500
  5.9224381400  3.8180527700
  6.1208853700  3.8219964500
  6.5148487100  3.8252995000
  6.7158608400  3.8149607200
  7.1339216200  3.8230392900
  7.3333363500  3.8351652600
  7.6707458500  3.8374319100
  7.8702426000  3.8336057700
  8.2785415600  3.8186194900
  8.4797287000  3.8188631500
  8.8869934100  3.8134806200
  9.0914297100  3.8213145700
  9.4914140700  3.8013467800
  0.1730697150  0.6965717670
  0.1738103480  0.8931346540
  0.1787073910  1.2941392700
  0.1869349480  1.4962546800
  0.1902889010  1.8998314100
  0.1882354770  2.2992880300
  0.1882641170  2.4990315400
  0.1911272560  2.8964698300
  0.1979237350  3.0945026900
  0.2109102460  3.5090799300
  1.8499292100  2.5850715600
  0.6070967910  3.6313977200
  0.4005835650  3.4020755300
  1.4250705200  1.8129743300
  1.3931324500  1.9613226700
  2.3550787000  2.4944639200
  2.4056146100  2.3807220500
  2.4857893000  2.2643854600
  2.5747757000  1.8146811700
  9.6688308700  1.3897575100
  9.6682500800  1.7894197700
  8.1477508500  3.6289618000
  2.0007619900  1.3959068100
  1.8499531700  1.4142811300
  0.3474370840  0.9823647740
  0.3249388040  0.6074414250
  0.6126382350  0.4039683940
  1.4337401400  0.3591958580
  6.0340590500  0.3560511470
  7.2453289000  0.3141725660
  4.8094043700  0.3642471130
  8.1616239500  0.3182011840
  9.6589155200  0.6212030650
  9.3703546500  0.3545076250
  8.5554437600  3.6384296400
  9.3654365500  3.6685512100
  9.6392641100  3.3755209400
  9.6648492800  2.9842426800
  3.5676348200  3.6450674500
  2.5767445600  2.1837391900
  3.9621698900  3.6402905000
  1.8243503600  3.6580326600
  0.3641865550  2.5971262500
  0.3683145340  2.1996309800
  6.4328308100  3.6760649700
  5.2026190800  3.6336631800
  1.5341467900  2.3852102800
  1.4257102000  2.1867482700
  6.4229126000  0.3609720470
  3.5946848400  0.3558647040
  1.9250347600  1.4006785200
  8.5533275600  0.3262147310
  6.8313131300  0.3246462350
  5.6080875400  0.3618162270
  3.9899199000  0.3424533610
  2.7785227300  0.3212022190
  1.0164220300  0.3657569890
  9.6687088000  2.5892231500
  9.6687784200  2.1897454300
  9.6724529300  0.9967714550
  1.4199980500  3.6679244000
  3.1922934100  3.6998570000
  4.3926959000  3.6355285600
  6.0408282300  3.6726312600
  7.2673678400  3.6913633300
  8.9871625900  3.6382803900
  0.3622642760  1.3822975200
  0.3717866840  2.9883394200
  1.0229905800  3.6260550000
  1.4901210100  2.3231313200
  2.6015737100  2.0371584900
  2.5236768700  1.6809353800
  2.4089076500  1.5531070200
  2.2901616100  1.4702413100
  1.8267759100  0.3330568670
  2.1504092200  1.4153410200
  1.5848690300  1.5579282000
  1.6437330200  1.5094797600
  0.3711094560  1.7997260100
  5.2051906600  0.3610268240
  4.3824777600  0.3571058810
  8.9730024300  0.3832965200
  6.8350915900  3.6168396500
  2.0007131100  2.6036810900
  2.2220277800  2.5624289500
  2.1500940300  2.5848591300
  2.2901854500  2.5316484000
  4.7964005500  3.6382350900
  1.5863210000  2.4404707000
  1.7083993000  1.4692516300
  5.6225757600  3.6208343500
  1.9249805200  2.5987591700
  1.7777497800  2.5614469100
  1.7091339800  2.5291271200
  1.6451652100  2.4883852000
  1.4541524600  2.2564020200
  1.4058380100  2.1142630600
  1.3933039900  2.0387849800
  1.4054367500  1.8856660100
  1.4529845700  1.7428801100
  1.4892022600  1.6762783500
  1.5335001900  1.6143583100
  1.7776371200  1.4377028900
  2.0763914600  1.4014924800
  2.2219941600  1.4390035900
  2.3525116400  1.5088297100
  2.5505907500  1.7461503700
  2.5918362100  1.8875508300
  2.6005964300  1.9621703600
  2.5930993600  2.1111829300
  2.0761508900  2.5983820000
  7.7491822200  0.3125918510
  3.1751709000  0.3419172760
  2.2137584700  0.3211219310
  2.2013387700  3.6739122900
  7.7445282900  3.6963226800
  0.5366511940  2.2722291900
  0.6727679970  3.4920749700
  2.4175937200  2.4510662600
  9.4849252700  1.3856754300
  9.4854412100  2.5859527600
  2.2052071100  1.3712369200
  2.2350966900  0.4918167000
  1.5749775200  1.4861068700
  0.5432820320  1.8717420100
  0.5435888770  1.4493365300
  0.5212076310  1.0692811000
  0.5153706070  0.6325142980
  0.9350904820  0.5479852560
  1.3854237800  0.5327345130
  7.2494134900  0.4909314510
  4.2766928700  0.5096205470
  9.4936437600  0.9909726380
  9.3272752800  0.5651023390
  9.4808311500  2.9746637300
  8.6022863400  3.4512643800
  9.4508533500  3.3475444300
  4.4918079400  3.4630389200
  4.8977050800  3.4575491000
  1.5630512200  3.6908416700
  8.2595901500  3.4182620000
  7.7474784900  3.5215914200
  4.0085206000  3.4538064000
  3.6699769500  3.4389011900
  3.1957294900  3.5095868100
  0.5198070410  3.0361931300
  0.5257985000  2.6640932600
  9.4856014300  2.1880273800
  9.4848337200  1.7871614700
  1.7922593400  0.5076403020
  8.8627719900  0.5833602550
  8.5269756300  0.4992479680
  8.1429052400  0.4948256310
  6.8479924200  0.5021798610
  6.3314147000  0.5241804120
  5.9759655000  0.5092599390
  5.5112481100  0.5343191030
  5.1051197100  0.5397573110
  4.7348074900  0.5189103480
  3.0257136800  0.3189282120
  3.5241272400  0.5430320500
  3.8961918400  0.5092321630
  9.0916862500  3.4553005700
  6.9576110800  3.4091956600
  6.4652843500  3.4733781800
  5.7277145400  3.4306256800
  5.3073101000  3.4430258300
  1.1190899600  3.4609005500
  6.0600280800  3.4985618600
  2.6427807800  2.1597998100
  2.5874531300  1.6922382100
  2.3593406700  0.3481183650
  1.8770695900  2.6514384700
  1.8771976200  1.3483620900
  2.4497416000  1.5979826500
  1.9712941600  0.3092382550
  1.9634119300  3.6864097100
  1.7956032800  2.6302645200
  0.5413259860  3.4913728200
  1.3835808000  1.7556036700
  1.3369500600  1.9116326600
  2.5527455800  2.2536068000
  2.5231645100  2.3223209400
  7.9805827100  3.4195208500
  0.7369732260  0.5816298130
  9.5122785600  0.6465477350
  9.3136854200  3.5000889300
  3.4334738300  3.4696815000
  1.7868442500  3.4931268700
  1.5162479900  2.4532272800
  1.4637708700  2.3873727300
  1.3576780600  2.1676926600
  6.5023446100  0.5230229500
  1.9610143900  1.3387842200
  2.7467701400  0.4749140140
  2.6342234600  0.3448109920
  1.3858887000  3.4999482600
  7.2864098500  3.5491266300
  0.9505438210  3.4518644800
  1.4205942200  2.3167727000
  2.6552128800  2.0800666800
  2.5584430700  1.6389460600
  2.3522100400  1.4380166500
  1.6435307300  1.4375699800
  5.3069973000  0.5384114380
  4.4430217700  0.5112357140
  9.0848283800  0.5739343760
  6.7042675000  3.4121365500
  1.9608504800  2.6609637700
  2.2044041200  2.6302180300
  2.1254496600  2.6495602100
  2.3525645700  2.5663237600
  2.2802519800  2.6016631100
  4.6951251000  3.4598879800
  1.5777450800  2.5102579600
  1.7174626600  1.3985476500
  5.5178532600  3.4357187700
  1.7181707600  2.5990848500
  1.6455698000  2.5586414300
  1.3855490700  2.2437770400
  1.3375616100  2.0888328600
  1.3195520600  2.0002663100
  1.3569743600  1.8320792900
  1.4187614900  1.6816624400
  1.4618418200  1.6110161500
  1.5141701700  1.5450992600
  1.7955935000  1.3691327600
  2.0443327400  1.3398540000
  2.1259424700  1.3511353700
  2.2808594700  1.4012222300
  2.4183487900  1.4822807300
  2.6165897800  1.7615331400
  2.6392903300  1.8377641400
  2.6533045800  1.9179457400
  2.6583306800  1.9991440800
  2.0441918400  2.6596930000
  7.7409882500  0.4890481230
  3.2141473300  0.5192934270
  2.2054712800  3.5186336000
  1.0437817600  3.3100619300
  8.4462261200  3.4944675000
  1.5252713000  0.4979635180
  0.5237547160  1.2636688900
  0.5178496840  0.8631903530
  1.0962482700  0.5172509550
  4.9052176500  0.5363029840
  3.7085182700  0.5166873340
  8.9093713800  3.4816806300
  3.8532226100  3.5024628600
  5.1007032400  3.4532625700
  1.5322535000  3.5516500500
  0.5142825840  2.1310348500
  8.1172351800  3.2209386800
  4.3205986000  3.4792096600
  3.5064487500  3.2555520500
  2.3480594200  3.6337146800
  0.5053179860  2.9178862600
  0.4980003830  2.5271318000
  0.5162511470  1.7283206000
  6.4459414500  0.7264357810
  6.1418352100  0.5147332550
  5.6851058000  0.5128832460
  4.0894355800  0.5050812960
  3.0517759300  0.4762094620
  2.5806887100  0.5047895910
  1.9336289200  3.5455038500
  1.4979387500  1.4672482000
  2.4864690300  2.4802880300
  0.6076831820  3.3337805300
  1.2830836800  1.8533275100
  2.6861829800  1.7815464700
  9.3776769600  1.5862474400
  9.3802528400  1.9882272500
  7.4136238100  0.5883576870
  8.3307123200  0.5977253910
  9.3679170600  3.1526188900
  1.6420104500  3.4490375500
  6.2483334500  3.3871493300
  8.6759109500  0.5933467150
  7.0517358800  0.5972215530
  9.3795709600  2.7797181600
  9.3807716400  2.3874447300
  9.3813495600  1.1828405900
  1.2593866600  3.4432220500
  5.9068551100  3.4128084200
  1.5705566400  1.4081411400
  1.5025464300  2.5279696000
  7.9361128800  0.5937047600
  3.3582353600  0.6041839120
  2.0524337300  3.4458231900
  7.5843596500  3.4170577500
  0.5769102570  2.4229898500
  2.0692753800  0.5562630890
  0.5932933090  2.0206239200
  0.5948790310  1.6104685100
  1.2309742000  0.6023482680
  0.5803294780  2.8090658200
  1.6522790200  0.5751630070
  2.5674970100  2.3780221900
  2.6552405400  1.7023633700
  2.4171097300  0.5089507100
  1.8193776600  2.7060501600
  1.9123196600  1.2792683800
  1.9447612800  0.4564254280
  1.7320559000  2.6746087100
  1.3437682400  1.6910965400
  2.5936379400  2.3075830900
  2.6207392200  2.2357835800
  0.6693770290  0.7602087860
  9.4030962000  0.7931541200
  1.4384759700  2.4590146500
  1.3884366800  2.3835971400
  1.2843574300  2.1472995300
  2.0052249400  1.2753913400
  0.7896113400  3.4034183000
  1.3466324800  2.3086149700
  2.7108771800  2.1285383700
  2.5613060000  1.5776977500
  2.6162219000  1.6317635800
  2.4197869300  1.4040491600
  1.6489388900  1.3604991400
  5.2051076900  0.6876103880
  4.3728675800  0.6852122550
  8.9707527200  0.7685589190
  6.8503303500  3.2194571500
  1.9124501900  2.7230899300
  2.1820488000  2.7013077700
  2.0957422300  2.7178881200
  2.4206211600  2.5251863000
  2.3447520700  2.6418023100
  2.2649235700  2.6753323100
  4.7968077700  3.3098216100
  1.7317450000  1.3229411800
  5.6268358200  3.2819252000
  1.6507027100  2.6346890900
  1.5742571400  2.5856277900
  1.3101639700  2.2305817600
  1.3084093300  1.7699016300
  1.3838881300  1.6145948200
  1.4334123100  1.5380518400
  1.8197003600  1.2954956300
  2.0955667500  1.2825523600
  2.1830380000  1.3005322200
  2.2668204300  1.3278949300
  2.3456003700  1.3629288700
  2.4850981200  1.5390951600
  2.7068901100  1.8670854600
  2.7174286800  1.9545152200
  2.7182941400  2.0414853100
  2.0060102900  2.7252664600
  2.6438825100  1.5490800100
  8.8829002400  0.9363505240
  4.7975816700  3.1295161200
  2.3750546000  3.4300422700
  5.2046380000  0.8681051140
  6.3784136800  0.9404925700
  8.1942749000  3.0372288200
  6.9371089900  3.0432026400
  5.6409735700  3.1047809100
  3.5793099400  3.0966770600
  2.6436455200  3.6751895000
  1.2640740900  1.9340852500
  8.4560422900  3.3207931500
  3.8562960600  3.3350124400
  1.9225179000  0.6389209030
  9.2629776000  1.3830369700
  9.2720823300  2.5847752100
  2.3280944800  0.6537691350
  2.1748921900  0.6636654730
  1.4876902100  1.3804572800
  0.6813179250  1.1560868000
  7.2538099300  0.6966729160
  4.0085554100  0.6829196210
  9.2809820200  0.9785652160
  9.2701740300  2.9657015800
  9.2447176000  3.3116538500
  5.2014432000  3.2950325000
  7.7478723500  3.3079252200
  0.6337777380  3.1327347800
  9.2721109400  2.1885170900
  9.2696905100  1.7885538300
  8.5194788000  0.6996958260
  8.1279535300  0.7024174930
  6.8630204200  0.7088496690
  6.0383033800  0.6866520050
  4.7705659900  0.6887435320
  3.8134100400  0.6681865450
  7.1843986500  3.3970465700
  6.4299464200  3.2498300100
  6.5594177200  3.3318126200
  6.0523939100  3.3017025000
  1.4188123900  2.5423560100
  2.6869983700  0.6432562470
  1.5059583200  3.4002645000
  0.9062300920  3.3098695300
  1.4944840700  2.6107413800
  1.4088900100  1.4509223700
  2.5629069800  1.4970661400
  2.7621958300  1.8081313400
  3.0965769300  0.6444969770
  1.5195274400  0.6474108100
  0.6879645590  1.3335278000
  0.7089630960  0.9519073960
  3.6428496800  0.6862644550
  8.9398565300  3.3231446700
  4.3660097100  3.3122522800
  0.6316703560  2.5580327500
  5.6464562400  0.6787520050
  2.8965456500  0.6273013950
  2.5041792400  0.6740344170
  1.9018704900  3.3880353000
  2.5445475600  2.4397687900
  2.4916086200  2.5568885800
  7.5746960600  0.5873306990
  1.7442694900  3.3228731200
  1.1966909200  3.3139884500
  1.3613845100  3.3213756100
  1.5713673800  1.3232944000
  7.7309045800  0.6951134200
  3.4812128500  0.7222397330
  2.1850972200  3.3296432500
  7.3983202000  3.4055731300
  0.6943210360  2.3288042500
  0.6998543140  1.9183418800
  0.6740307810  2.1641922000
  0.7076090570  1.4969639800
  0.6778544780  1.7575146000
  1.3749684100  0.7071834800
  1.0702631500  0.6870339510
  0.6791515350  2.6962244500
  0.6554396150  2.9526641400
  1.7749742300  0.6579464080
  2.7316184000  1.7185578300
  1.8505835500  2.7972006800
  1.7487140900  2.7571466000
  1.9561100000  1.2041956200
  1.6597155300  2.7162287200
  2.6294186100  2.3557539000
  2.6920557000  2.2132957000
  2.6625471100  2.2921438200
  1.3449034700  2.4601035100
  1.2647506000  2.0668077500
  1.2560783600  2.3099005200
  2.6938815100  1.6353119600
  1.6578708900  1.2771353700
  2.1553843000  2.7783799200
  2.4198825400  2.6017699200
  2.3319747400  2.7218499200
  2.2451651100  2.7542741300
  1.7490416800  1.2386052600
  1.5752292900  2.6678218800
  1.2262994100  2.2108364100
  1.2258932600  1.7903686800
  1.2551571100  1.6939450500
  1.3316109200  1.5385097300
  1.8497459900  1.2126411200
  2.1549048400  1.2230298500
  2.2468552600  1.2486362500
  2.3340785500  1.2825286400
  2.4153463800  1.3225582800
  2.4900674800  1.4503948700
  2.7798135300  1.9027202100
  2.7843508700  1.9964159700
  2.7813348800  2.0885765600
  1.9620771400  2.7979338200
  9.0204772900  1.3827239300
  9.0684146900  2.9692478200
  1.2047164400  1.8781734700
  7.2595343600  0.8991957310
  8.1187439000  0.9107659460
  8.5239553500  0.9103550310
  6.7744226500  3.0669241000
  2.1261553800  2.8660011300
  1.9183348400  2.8764257400
  8.0385026900  3.0666689900
  2.2235038300  2.8407528400
  1.2058067300  2.1224305600
  1.1579501600  2.2737193100
  6.5397076600  0.9131812450
  6.4928231200  3.0909719500
  6.0349593200  3.1022889600
  4.1862978900  0.6353378300
  8.6334486000  3.2509691700
  4.0292377500  3.2595315000
  0.8024293780  3.0561409000
  6.2363147700  0.6547739510
  9.0847902300  3.2754306800
  7.3042087600  3.2173996000
  3.2320473200  0.6694862840
  2.3395493000  3.2474296100
  0.9570854900  3.1538772600
  8.7768869400  3.3838858600
  4.1845817600  3.3817725200
  5.8329467800  0.5956434610
  1.4822064600  1.2845834500
  1.3273526400  2.5605340000
  1.7644074000  1.1309855000
  2.7694664000  2.1825180100
  2.6342961800  1.4553020000
  5.3997354500  0.9747521880
  9.0657692000  0.9621858000
  2.4150087800  2.6829676600
  4.6049804700  3.0238087200
  5.4898877100  3.0053591700
  1.4891583900  2.7030053100
  1.3065950900  1.4292305700
  8.7169876100  1.0209277900
  4.9917888600  3.0235700600
  2.5627238800  3.4060494900
  5.0162220000  0.9752105470
  6.2035055200  1.0120496700
  8.3570737800  3.0067522500
  7.1024203300  2.9793252900
  5.8377394700  3.0055494300
  3.7285497200  3.0320949600
  2.6823597000  3.5284252200
  2.8145320400  3.6526157900
  1.1927236300  1.9610996200
  1.8426295500  0.7990402580
  9.0612535500  2.5891587700
  2.2516012200  0.7917435770
  3.8898217700  0.7967981100
  5.1874971400  3.1171057200
  7.7283082000  3.0934507800
  9.0608701700  2.1908114000
  9.0568943000  1.7934031500
  6.8728733100  0.9159043430
  6.6636810300  0.6107238530
  4.8152351400  0.8942012790
  2.6244025200  0.7930369970
  1.5071195400  3.2559676200
  1.4032211300  2.6367068300
  1.3909823900  1.3510203400
  2.8534538700  1.8402961500
  1.3727295400  0.8674252630
  0.8443196420  1.4004713300
  0.8870225550  0.9619913100
  0.8177925350  1.0812575800
  3.4548435200  0.8611937760
  4.4046039600  3.1085832100
  0.7965920570  2.5796060600
  5.6120877300  0.8856574890
  2.3919744500  0.7942774300
  1.8785983300  3.2385253900
  2.4942128700  2.6386332500
  2.5603129900  2.5050890400
  1.1263638700  3.1711571200
  1.4081665300  3.1605944600
  1.5743711000  1.2314089500
  7.7225337000  0.8979591730
  0.8220333460  2.2506830700
  0.8223938940  1.8419027300
  0.7253175970  2.0380692500
  1.0622592000  0.9029529690
  2.8154678300  1.7394943200
  1.7602020500  2.8428900200
  2.0112757700  1.1193745100
  1.5784549700  2.7580010900
  2.6255526500  2.4323215500
  2.7413318200  2.2755737300
  2.6968529200  2.3606672300
  1.1935337800  2.0399560900
  2.7384085700  1.5647517400
  2.7792511000  1.6502414900
  2.3161499500  2.8085074400
  1.1617974000  1.7256474500
  1.8925105300  1.1177378900
  2.1212792400  1.1345061100
  2.2226233500  1.1605404600
  2.3182182300  1.1950025600
  2.4080178700  1.2360465500
  2.5615730300  1.4135571700
  2.4905664900  1.3672386400
  2.8548286000  1.9466354800
  2.8543531900  2.0419330600
  2.0222146500  2.8774290100
  2.5741686800  0.9268426300
  1.5785412800  1.1350654400
  0.9801595210  1.1052560800
  7.5665817300  0.9881843330
  3.8683815000  0.9349188210
  3.3713398000  0.9584990740
  4.4305605900  2.9072883100
  3.0153956400  3.6531083600
  8.9617452600  2.7914960400
  8.9570436500  2.3940689600
  8.9554891600  1.9937293500
  8.9448709500  1.6030647800
  8.6788883200  3.0389728500
  6.3566517800  3.0963959700
  5.3373270000  3.0092871200
  4.0459985700  3.0628550100
  2.5710041500  2.5879313900
  2.7270753400  3.3677973700
  1.2119824900  3.0465161800
  0.9400779010  2.6634872000
  4.8525366800  1.0924415600
  6.0220050800  0.9099355340
  5.5821585700  1.0906950200
  7.3980674700  3.0360407800
  1.5326418900  3.1244747600
  0.9494094250  2.9744889700
  4.3543810800  0.9037367110
  8.9147224400  1.1457692400
  4.7978315400  2.9209051100
  5.2068553000  1.0770357800
  6.3470444700  1.0961837800
  6.9768672000  2.8907759200
  5.6442394300  2.9032630900
  3.5882098700  2.9387583700
  1.9850226600  0.7881665830
  2.0532136000  0.6888517740
  4.0205860100  0.8720430730
  8.9896678900  3.1483120900
  8.3205261200  1.0211377100
  7.0720543900  1.0107413500
  4.5829587000  0.6054627300
  2.7738940700  0.7814511060
  2.6238832500  1.3829780800
  1.5085489700  0.8089744450
  3.5900588000  0.8466112020
  2.2100942100  3.1683132600
  0.7085947990  2.4596710200
  0.7324223520  1.6255067600
  0.7123865490  2.8194370300
  0.8189544080  2.8933122200
  1.8337118600  2.8793485200
  2.2040150200  2.9351813800
  2.2989995500  2.9004840900
  1.1364212000  2.1795396800
  1.1849989900  1.6501388500
  1.2272827600  1.5072351700
  2.0840690100  1.0283147100
  2.8499074000  2.1386961900
  1.9712377800  2.9603414500
  1.1240842300  1.9127265200
  6.8197460200  2.9108681700
  7.8959703400  2.9833591000
  8.0673704100  2.9012217500
  1.1720430900  2.3657066800
  0.9472793940  2.3080291700
  6.6877532000  1.0103766900
  6.5060076700  1.0710663800
  7.2320194200  3.0637097400
  3.1653754700  0.7902902960
  2.4700567700  3.2967536400
  1.2466204200  0.9484229090
  1.2662481100  2.4944951500
  1.6612908800  1.1020983500
  1.7528109600  0.9105216260
  2.8402197400  2.2489242600
  2.4063749300  2.7704939800
  5.1816301300  2.9121792300
  1.3871413500  2.7437737000
  0.9937105770  1.4797983200
  1.2795519800  1.3194243900
  8.5248575200  1.1244810800
  4.6755356800  1.0408363300
  6.0343489600  2.9004821800
  2.8356699900  3.4889297500
  0.9407522680  1.9111189800
  2.1976149100  1.0600696800
  1.6066222200  3.3272328400
  1.2953444700  2.6636188000
  1.3772351700  1.2413420700
  2.9297671300  1.9029463500
  1.0007692600  1.3008040200
  4.2293915700  2.9619672300
  5.8093462000  1.0314700600
  2.4455547300  0.9136474130
  2.0167272100  3.2921674300
  2.4931192400  2.7263250400
  2.6492233300  2.5269484500
  1.3364527200  3.0531845100
  1.4865001400  2.8070700200
  1.4798631700  1.1815134300
  7.9155817000  1.0052152900
  0.8257266880  2.1100068100
  2.9024910900  1.7552673800
  1.6838990400  2.8925817000
  2.1838474300  0.9294095640
  1.5869410000  2.8565304300
  2.7890198200  2.3508329400
  2.7377340800  2.4515657400
  1.1277973700  2.0868675700
  1.1235177500  2.0013361000
  2.8280670600  1.5772432100
  2.7016038900  1.4922286300
  2.8677175000  1.6670054200
  1.1370081900  1.8182721100
  1.8208237900  1.0209111000
  1.9496355100  1.0030189800
  2.3229336700  0.9101694820
  2.3002164400  1.0982912800
  2.3989450900  1.1405168800
  2.4908123000  1.2825930100
  2.5650749200  1.3340592400
  2.9285447600  2.0882711400
  2.0914139700  2.9739737500
  7.2687950100  2.8938784600
  2.7062706900  0.9041187760
  2.3895931200  1.0239083800
  1.1592196200  1.5780905500
  7.7166328400  1.0922018300
  3.5204145900  0.9856491680
  2.9353501800  1.8263723900
  8.8537368800  2.6023421300
  8.8530683500  2.1962518700
  8.8461074800  1.7972272600
  8.4925460800  3.1121809500
  5.6487484000  2.7021155400
  3.8753581000  3.1430645000
  3.8856251200  2.9561269300
  0.9468250270  2.5282850300
  4.1712713200  0.9812204240
  6.0305428500  1.1124661000
  2.9886295800  3.4763159800
  1.3182786700  2.3746390300
  3.4609932900  3.0236134500
  7.4154968300  0.9881451730
  7.5692787200  3.0055468100
  3.0170075900  0.7842512130
  1.7609156400  3.1653096700
  0.8344566230  1.7018095300
  2.0999722500  3.0961341900
  2.3343346100  3.0884256400
  1.3120553500  1.6276359600
  8.8442802400  1.3223056800
  8.8766393700  2.9928288500
  0.9470111130  1.7833553600
  8.1129970600  1.1190670700
  2.2831697500  2.9866180400
  0.9422320720  2.1828420200
  1.0792347200  3.0280859500
  1.4841200100  1.0720335200
  2.7793533800  1.4894806100
  2.8927297600  3.3375132100
  4.0006036800  1.0406218800
  7.7119584100  2.8633620700
  6.8773536700  1.1416161100
  1.1545958500  1.0669229000
  3.7037198500  0.9982933400
  0.9874349240  2.4142077000
  1.9838815900  3.1484389300
  2.6612453500  2.6204395300
  1.3751893000  1.1253753900
  1.0618283700  1.7463401600
  1.6538019200  3.0683691500
  2.7470564800  2.5587213000
  1.0596972700  2.0456106700
  0.9797568920  1.6416918000
  1.8603676600  0.9248636960
  2.2788410200  1.0043696200
  2.5753939200  1.2484422900
  1.4929879900  0.9509756570
  1.1543700700  1.3004626000
  4.4370250700  2.7157297100
  6.4045934700  2.9564309100
  4.0435032800  2.8720495700
  2.5800929100  2.7714383600
  1.4508912600  3.0409131100
  4.8619051000  1.2812051800
  5.5670366300  1.2789729800
  1.6109525000  2.9562377900
  0.9653083090  2.8132996600
  4.4931707400  1.0423650700
  4.7952075000  2.7171154000
  5.2074117700  1.2808855800
  6.4315962800  1.2631133800
  6.9068751300  2.7264399500
  3.5788729200  2.7732658400
  2.0421454900  0.9061632160
  7.2706098600  1.0930279500
  2.8307945700  0.9072999950
  2.6496350800  1.3153932100
  1.6196150800  0.9150698780
  1.8669052100  2.9533555500
  2.3942282200  2.8652713300
  1.0523910500  2.2490322600
  1.1031148400  1.6517815600
  1.0938851800  1.3956310700
  2.9284961200  2.1863107700
  6.6162734000  2.9675951000
  8.0902233100  2.7047464800
  1.1734203100  2.4719491000
  1.1011139200  2.3262128800
  3.2297928300  0.9322962760
  2.6083815100  3.2316627500
  1.2275468100  2.5709478900
  1.5899915700  1.0330312300
  2.8814320600  2.3396320300
  5.1728215200  2.7044010200
  1.1974425300  1.4069696700
  8.5482702300  1.3210252500
  6.0273332600  2.7029650200
  3.0053811100  1.9509156900
  2.4899234800  1.0932300100
  2.5779724100  2.6765799500
  1.2919135100  2.9394042500
  1.3843592400  2.8626520600
  0.9555354120  2.0458736400
  1.7728859200  2.9293756500
  1.4936407800  2.9293148500
  2.8420901300  2.4232502000
  1.0456790900  2.1316275600
  1.0411181400  1.9620543700
  2.8768570400  1.4977043900
  2.7084393500  1.4057139200
  2.9591615200  1.6853917800
  1.0419670300  1.8556445800
  2.4963960600  1.0012065200
  3.0036828500  2.0406351100
  2.0123310100  3.0441081500
  1.1237714300  1.4894175500
  3.0874176000  0.9209442140
  3.4260811800  1.1068486000
  6.8033819200  1.3358616800
  6.2394495000  1.3872356400
  8.5162448900  2.8634717500
  8.0945901900  1.3200248500
  7.2860865600  2.6676526100
  3.0077133200  2.1342377700
  2.5800473700  2.8760831400
  1.1362682600  2.5636546600
  3.7159311800  2.6791694200
  7.7762479800  2.6604535600
  8.2381477400  2.6134214400
  2.9806428000  1.5117989800
  5.0287642500  1.3847074500
  5.3908133500  1.3794497300
  3.8555290700  1.0710246600
  4.3211007100  1.0936347200
  8.8515729900  1.4604636400
  1.0556035000  2.9071543200
  1.7014899300  1.0187696200
  1.7910475700  3.0365634000
  2.4653298900  3.0395004700
  1.9151414600  3.0443930600
  1.1076465800  1.1921184100
  4.3013997100  2.7984864700
  6.2176032100  3.0059869300
  4.7312288300  1.1959662400
  1.7025173900  2.9766254400
  5.5038256600  2.5960536000
  3.4430367900  2.8682060200
  1.9359601700  0.8842505220
  1.0639770000  2.4976928200
  5.8413467400  2.6045973300
  1.2806443000  1.0664900500
  3.0055627800  1.8609012400
  5.7156043100  1.1973487100
  1.3753819500  1.0051205200
  2.9888148300  1.7727516900
  1.0719146700  1.5681560000
  7.6994190200  1.2916904700
  8.6380643800  2.6199059500
  8.6428470600  2.2008984100
  8.6342439700  1.8028751600
  3.8815972800  2.7693996400
  6.0541262600  1.2995849800
  3.0838794700  3.2980186900
  2.3760404600  2.9674625400
  2.8184270900  1.4005100700
  2.7831671200  3.2102525200
  3.9409089100  1.1971372400
  3.5863015700  1.1428648200
  1.0353319600  2.3399512800
  1.8659169700  3.1266460400
  2.6707232000  2.7170832200
  2.8183074000  2.5026035300
  2.7596416500  2.6576077900
  2.5846698300  1.1509802300
  2.6737730500  1.2205592400
  4.6114029900  2.6161541900
  6.4842286100  2.7849597900
  1.3914514800  2.9650938500
  1.5483856200  3.0238618900
  1.0471019700  2.7113683200
  4.9768500300  2.6129345900
  6.6231455800  1.4015812900
  6.7539544100  2.6072306600
  7.0819492300  2.5985496000
  7.2921719600  1.2888629400
  2.9541037100  0.9145971540
  2.7652452000  1.0070875900
  2.7503364100  1.3063800300
  2.4800746400  2.9264102000
  2.9712114300  2.3397674600
  7.9397077600  2.5939724400
  3.2826595300  1.0791730900
  2.5606727600  3.1001682300
  1.1614908000  2.6737270400
  1.0492901800  2.6063692600
  2.9278545400  2.2711255600
  8.4189243300  1.4532343100
  6.1803307500  2.6098389600
  3.0672895900  1.9999404000
  2.5842742900  1.0462281700
  2.9062943500  2.4864614000
  3.0215983400  1.6115182600
  6.4357829100  1.4932576400
  6.9642477000  1.3077817000
  7.1132154500  1.3899134400
  6.8984847100  2.5105376200
  3.8420894100  1.3604689800
  8.5301618600  2.0014307500
  8.5144014400  1.6251145600
  7.6223588000  2.6928961300
  7.4939122200  1.3875525000
  5.9069504700  1.3906345400
  3.0175576200  2.2434070100
  2.8408248400  3.0713558200
  8.5309276600  2.4093999900
  3.5531270500  2.6114621200
  3.8651378200  2.5623533700
  8.1034355200  2.5043206200
  2.9289517400  1.4044967900
  4.6847133600  1.3719338200
  5.2096414600  1.4872360200
  5.5789809200  1.4748032100
  4.4387779200  1.1901134300
  2.2038333400  3.0414409600
  3.1442229700  1.0595446800
  3.0818865300  2.0833237200
  3.4715552300  1.2603960000
  3.0988366600  1.9150712500
  5.6631865500  2.5020716200
  3.2951836600  2.9772059900
  8.7129850400  1.3995966900
  8.2421388600  1.4309384800
  1.1685725500  2.9203124000
  1.0888868600  2.4026200800
  4.2409839600  2.6101079000
  4.4384918200  2.5264465800
  4.3182873700  1.2646095800
  4.7921533600  2.5141065100
  2.5759255900  2.9911599200
  6.0282926600  2.5109591500
  2.6651475400  0.9977785940
  2.8807499400  1.0230876200
  3.0071837900  1.0439860800
  6.0497655900  1.4900786900
  8.4158878300  2.6231651300
  7.8949623100  1.4043359800
  7.4838089900  2.5942010900
  2.6771907800  2.8213272100
  7.8104386300  2.5028908300
  3.0895919800  1.5288851300
  4.8581719400  1.4733433700
  5.3305339800  2.5691134900
  3.4287414600  2.7078139800
  3.0537729300  1.7072614400
  3.0789213200  1.8042417800
  4.0419898000  2.6854891800
  3.0652155900  3.1349148800
  3.3001892600  3.3024635300
  4.0343861600  1.3461368100
  3.6363430000  1.3279883900
  2.8598077300  2.5910928200
  2.7725813400  2.7614548200
  2.7850620700  1.1989079700
  6.3638725300  2.6110346300
  5.1442461000  2.5048348900
  6.5743804000  2.6053147300
  7.2121677400  2.4896247400
  2.8644068200  1.2955465300
  3.1952042600  1.1978955300
  1.1095316400  2.8040823900
  3.0092861700  2.4375877400
  3.4902005200  1.4079169000
  5.7422146800  1.3588024400
  8.4261426900  2.2034821500
  8.4175910900  1.8083595000
  7.6952467000  1.4963188200
  5.2777066200  2.4006242800
  3.6739118100  2.5090107900
  3.1590850400  2.8621988300
  2.6890528200  3.0735638100
  6.4593958900  2.4374363400
  3.2065875500  3.1435251200
  3.4805457600  3.1285681700
  2.6954605600  1.1032207000
  8.5851669300  1.4787435500
  6.7763719600  1.4967962500
  8.0828762100  1.5129138200
  2.8487565500  2.6979634800
  6.4341321000  1.7054241900
  6.8872432700  2.3068425700
  3.1471598100  2.0208189500
  2.9867007700  2.5565636200
  3.1255931900  1.6356058100
  6.9395732900  1.4627201600
  7.2974004700  1.4896265300
  7.6559019100  2.5258624600
  3.0842592700  2.1715664900
  4.0476751300  2.5022318400
  8.1039733900  2.3037962900
  5.2241482700  1.6940625900
  5.5725998900  1.6756302100
  4.4726448100  1.3575151000
  3.3672106300  1.3596055500
  5.6751656500  2.3006770600
  4.4302687600  2.3742096400
  4.7994642300  2.3162708300
  2.6795947600  2.9352805600
  6.0388007200  2.3135631100
  2.8083083600  1.0992481700
  3.0608058000  1.1794563500
  6.0434103000  1.6969538900
  7.3503646900  2.4845998300
  7.7353835100  2.3326211000
  3.1773648300  1.8386299600
  3.0439846500  1.4155254400
  4.8325996400  1.6401369600
  3.2917377900  2.6491169900
  3.3999304800  2.5547051400
  3.1510276800  1.7385021400
  2.9767427400  3.0412941000
  4.1978635800  1.3639631300
  3.9619612700  1.4876986700
  3.7159326100  1.4755302700
  2.7807216600  2.8739597800
  5.1333923300  2.3134820500
  7.2643942800  2.3020775300
  2.9879553300  1.2952148900
  3.2417080400  1.3312177700
  3.0682342100  2.3472387800
  3.1151967000  1.3093178300
  3.5920612800  1.4701020700
  4.7217264200  1.5601007900
  5.3107743300  2.2072877900
  6.5906748800  1.8025589000
  6.5274906200  2.2634995000
  5.8639693300  1.8169066900
  4.3177161200  2.4382252700
  3.5148596800  2.4552695800
  3.1194565300  3.0106105800
  3.1133108100  2.5084271400
  5.8624515500  2.2092571300
  5.0813913300  1.8263751300
  3.1630532700  1.4333509200
  2.7742512200  2.9797618400
  3.1325345000  2.2582871900
  8.2459297200  2.2031698200
  3.6235592400  2.3554668400
  3.9176821700  2.3871381300
  3.1817367100  2.1397836200
  3.2142448400  1.9454402900
  7.0668635400  2.2150120700
  3.3940689600  1.4750624900
  8.2358331700  1.8058621900
  7.6972818400  1.7000733600
  2.9531629100  2.6758592100
  8.0814256700  1.7062122800
  6.2421617500  1.8072509800
  6.7063121800  2.1930713700
  3.2388711000  1.7729275200
  6.8838901500  1.6614658800
  7.2963590600  1.6943689600
  7.9195413600  2.2092199300
  5.4003362700  1.7822164300
  4.3881139800  1.5293548100
  4.4968762400  2.2283349000
  4.9674258200  2.2161486100
  6.2182889000  2.2165038600
  7.5811963100  2.2091319600
  3.2545518900  2.5157525500
  3.1767838000  2.7197377700
  4.3252348900  1.4036538600
  3.8361280000  1.5087148000
  2.8809535500  2.9456691700
  7.4302587500  2.2030952000
  3.2853188500  1.4579037400
  7.4996805200  1.8052139300
  5.1271348000  2.1250636600
  6.3665056200  2.2961387600
  8.0943927800  2.1033439600
  8.0859060300  1.9032795400
  7.7262864100  2.1151926500
  7.8953995700  1.8033598700
  6.0496044200  1.9100986700
  3.4844374700  2.3080935500
  3.0768477900  2.6389203100
  4.0428214100  2.3548867700
  4.3035774200  2.2711815800
  4.6664929400  1.7673325500
  5.2487835900  1.8853212600
  3.0137167000  2.9050161800
  3.4911248700  1.5553451800
  3.1826462700  2.6063909500
  6.4477996800  1.9335566800
  6.8922605500  2.0994203100
  3.2590978100  2.2612919800
  3.2063708300  1.5537021200
  5.7024650600  1.7738868000
  5.5615210500  1.8626885400
  5.5222320600  2.1713700300
  5.7028899200  2.1071279000
  4.6623311000  2.2207965900
  4.8005094500  2.1219959300
  6.0454926500  2.1130771600
  3.2867205100  1.8634440900
  4.8932199500  1.7981308700
  3.6306738900  1.5828179100
  7.2974357600  2.1033833000
  3.1823613600  2.3858919100
  6.7408094400  1.7886192800
  6.5526261300  2.0992510300
  3.0932982000  2.4197864500
  3.7146244000  2.2526109200
  3.8319149000  2.2828819800
  3.0464751700  2.7674751300
  7.0967617000  1.7923294300
  4.4272508600  1.7187422500
  3.8995492500  1.6152757400
  6.9012799300  1.8891238000
  3.4075675000  1.8803397400
  5.5808649100  2.0137884600
  5.7137632400  1.9312955100
  4.3732438100  2.0612888300
  4.2763991400  1.6395895500
  4.7886443100  1.9445511100
  7.3000412000  1.9081023900
  7.7055606800  1.9097565400
  6.3909416200  2.1374359100
  3.3244907900  2.1347029200
  3.3469979800  1.7486546000
  4.0442376100  1.6085357700
  5.2457222900  2.0376150600
  3.5821108800  2.2127089500
  3.9562175300  2.2285375600
  3.2406196600  2.0461742900
  3.4420166000  1.6723159600
  7.1831164400  2.1605923200
  3.3755006800  2.2542924900
  4.1248889000  2.2505626700
  4.4811487200  1.8928041500
  3.5510339700  1.6815125900
  3.2349910700  1.6736316700
  3.6747973000  1.7095452500
  3.8107299800  2.1594209700
  3.8179051900  1.7382710000
  4.2446084000  1.5024765700
  4.1084408800  1.4837687000
  3.4499716800  1.9841116700
  4.0677409200  2.1069517100
  3.4802453500  1.7800332300
  4.3235530900  1.8775554900
  4.1447172200  1.7226384900
  3.4209246600  2.0706090900
  5.1349048600  1.9749748700
  3.5905370700  1.7885137800
  3.6774539900  2.1166012300
  3.9782002000  1.7406823600
  3.7056088400  1.8639439300
  3.9206829100  2.0644581300
  4.2744627000  1.7606389500
  3.5394096400  2.0660450500
  3.4544789800  2.1744086700
  3.5455312700  1.9079999900
  3.8982484300  1.8954397400
  4.2100124400  2.1345014600
  4.0709433600  1.8613861800
  4.0276451100  1.9821515100
  3.6480989500  1.9937638000
  4.1988573100  1.8409482200
