       1       2      28      27       1
       2       3      29      28       1
       3       4      30      29       1
       4       5      31      30       1
       5       6      32      31       1
       6       7      33      32       1
       7       8      34      33       1
       8       9      35      34       1
       9      10      36      35       1
      10      11      37      36       1
      11      12      38      37       1
      12      13      39      38       1
      13      14      40      39       1
      14      15      41      40       1
      15      16      42      41       1
      16      17      43      42       1
      17      18      44      43       1
      18      19      45      44       1
      19      20      46      45       1
      20      21      47      46       1
      21      22      48      47       1
      22      23      49      48       1
      23      24      50      49       1
      24      25      51      50       1
      25      26      52      51       1
      27      28      54      53       1
      28      29      55      54       1
      29      30      56      55       1
      30      31      57      56       1
      31      32      58      57       1
      32      33      59      58       1
      33      34      60      59       1
      34      35      61      60       1
      35      36      62      61       1
      36      37      63      62       1
      37      38      64      63       1
      38      39      65      64       1
      39      40      66      65       1
      40      41      67      66       1
      41      42      68      67       1
      42      43      69      68       1
      43      44      70      69       1
      44      45      71      70       1
      45      46      72      71       1
      46      47      73      72       1
      47      48      74      73       1
      48      49      75      74       1
      49      50      76      75       1
      50      51      77      76       1
      51      52      78      77       1
      53      54      80      79       1
      54      55      81      80       1
      55      56      82      81       1
      56      57      83      82       1
      57      58      84      83       1
      58      59      85      84       1
      59      60      86      85       1
      60      61      87      86       1
      61      62      88      87       1
      62      63      89      88       1
      63      64      90      89       1
      64      65      91      90       1
      65      66      92      91       1
      66      67      93      92       1
      67      68      94      93       1
      68      69      95      94       1
      69      70      96      95       1
      70      71      97      96       1
      71      72      98      97       1
      72      73      99      98       1
      73      74     100      99       1
      74      75     101     100       1
      75      76     102     101       1
      76      77     103     102       1
      77      78     104     103       1
      79      80     106     105       1
      80      81     107     106       1
      81      82     108     107       1
      82      83     109     108       1
      83      84     110     109       1
      84      85     111     110       1
      85      86     112     111       1
      86      87     113     112       1
      87      88     114     113       1
      88      89     115     114       1
      89      90     116     115       1
      90      91     117     116       1
      91      92     118     117       1
      92      93     119     118       1
      93      94     120     119       1
      94      95     121     120       1
      95      96     122     121       1
      96      97     123     122       1
      97      98     124     123       1
      98      99     125     124       1
      99     100     126     125       1
     100     101     127     126       1
     101     102     128     127       1
     102     103     129     128       1
     103     104     130     129       1
     105     106     132     131       1
     106     107     133     132       1
     107     108     134     133       1
     108     109     135     134       1
     109     110     136     135       1
     110     111     137     136       1
     111     112     138     137       1
     112     113     139     138       1
     113     114     140     139       1
     114     115     141     140       1
     115     116     142     141       1
     116     117     143     142       1
     117     118     144     143       1
     118     119     145     144       1
     119     120     146     145       1
     120     121     147     146       1
     121     122     148     147       1
     122     123     149     148       1
     123     124     150     149       1
     124     125     151     150       1
     125     126     152     151       1
     126     127     153     152       1
     127     128     154     153       1
     128     129     155     154       1
     129     130     156     155       1
     131     132     158     157       1
     132     133     159     158       1
     133     134     160     159       1
     134     135     161     160       1
     135     136     162     161       1
     136     137     163     162       1
     137     138     164     163       1
     138     139     165     164       1
     139     140     166     165       1
     140     141     167     166       1
     141     142     168     167       1
     142     143     169     168       1
     143     144     170     169       1
     144     145     171     170       1
     145     146     172     171       1
     146     147     173     172       1
     147     148     174     173       1
     148     149     175     174       1
     149     150     176     175       1
     150     151     177     176       1
     151     152     178     177       1
     152     153     179     178       1
     153     154     180     179       1
     154     155     181     180       1
     155     156     182     181       1
     157     158     184     183       1
     158     159     185     184       1
     159     160     186     185       1
     160     161     187     186       1
     161     162     188     187       1
     162     163     189     188       1
     163     164     190     189       1
     164     165     191     190       1
     165     166     192     191       1
     166     167     193     192       1
     167     168     194     193       1
     168     169     195     194       1
     169     170     196     195       1
     170     171     197     196       1
     171     172     198     197       1
     172     173     199     198       1
     173     174     200     199       1
     174     175     201     200       1
     175     176     202     201       1
     176     177     203     202       1
     177     178     204     203       1
     178     179     205     204       1
     179     180     206     205       1
     180     181     207     206       1
     181     182     208     207       1
     183     184     210     209       1
     184     185     211     210       1
     185     186     212     211       1
     186     187     213     212       1
     187     188     214     213       1
     188     189     215     214       1
     189     190     216     215       1
     190     191     217     216       1
     191     192     218     217       1
     192     193     219     218       1
     193     194     220     219       1
     194     195     221     220       1
     195     196     222     221       1
     196     197     223     222       1
     197     198     224     223       1
     198     199     225     224       1
     199     200     226     225       1
     200     201     227     226       1
     201     202     228     227       1
     202     203     229     228       1
     203     204     230     229       1
     204     205     231     230       1
     205     206     232     231       1
     206     207     233     232       1
     207     208     234     233       1
     209     210     236     235       1
     210     211     237     236       1
     211     212     238     237       1
     212     213     239     238       1
     213     214     240     239       1
     214     215     241     240       1
     215     216     242     241       1
     216     217     243     242       1
     217     218     244     243       1
     218     219     245     244       1
     219     220     246     245       1
     220     221     247     246       1
     221     222     248     247       1
     222     223     249     248       1
     223     224     250     249       1
     224     225     251     250       1
     225     226     252     251       1
     226     227     253     252       1
     227     228     254     253       1
     228     229     255     254       1
     229     230     256     255       1
     230     231     257     256       1
     231     232     258     257       1
     232     233     259     258       1
     233     234     260     259       1
     235     236     262     261       1
     236     237     263     262       1
     237     238     264     263       1
     238     239     265     264       1
     239     240     266     265       1
     240     241     267     266       1
     241     242     268     267       1
     242     243     269     268       1
     243     244     270     269       1
     244     245     271     270       1
     245     246     272     271       1
     246     247     273     272       1
     247     248     274     273       1
     248     249     275     274       1
     249     250     276     275       1
     250     251     277     276       1
     251     252     278     277       1
     252     253     279     278       1
     253     254     280     279       1
     254     255     281     280       1
     255     256     282     281       1
     256     257     283     282       1
     257     258     284     283       1
     258     259     285     284       1
     259     260     286     285       1
     261     262     288     287       1
     262     263     289     288       1
     263     264     290     289       1
     264     265     291     290       1
     265     266     292     291       1
     266     267     293     292       1
     267     268     294     293       1
     268     269     295     294       1
     269     270     296     295       1
     270     271     297     296       1
     271     272     298     297       1
     272     273     299     298       1
     273     274     300     299       1
     274     275     301     300       1
     275     276     302     301       1
     276     277     303     302       1
     277     278     304     303       1
     278     279     305     304       1
     279     280     306     305       1
     280     281     307     306       1
     281     282     308     307       1
     282     283     309     308       1
     283     284     310     309       1
     284     285     311     310       1
     285     286     312     311       1
     287     288     314     313       1
     288     289     315     314       1
     289     290     316     315       1
     290     291     317     316       1
     291     292     318     317       1
     292     293     319     318       1
     293     294     320     319       1
     294     295     321     320       1
     295     296     322     321       1
     296     297     323     322       1
     297     298     324     323       1
     298     299     325     324       1
     299     300     326     325       1
     300     301     327     326       1
     301     302     328     327       1
     302     303     329     328       1
     303     304     330     329       1
     304     305     331     330       1
     305     306     332     331       1
     306     307     333     332       1
     307     308     334     333       1
     308     309     335     334       1
     309     310     336     335       1
     310     311     337     336       1
     311     312     338     337       1
     313     314     340     339       1
     314     315     341     340       1
     315     316     342     341       1
     316     317     343     342       1
     317     318     344     343       1
     318     319     345     344       1
     319     320     346     345       1
     320     321     347     346       1
     321     322     348     347       1
     322     323     349     348       1
     323     324     350     349       1
     324     325     351     350       1
     325     326     352     351       1
     326     327     353     352       1
     327     328     354     353       1
     328     329     355     354       1
     329     330     356     355       1
     330     331     357     356       1
     331     332     358     357       1
     332     333     359     358       1
     333     334     360     359       1
     334     335     361     360       1
     335     336     362     361       1
     336     337     363     362       1
     337     338     364     363       1
     339     340     366     365       1
     340     341     367     366       1
     341     342     368     367       1
     342     343     369     368       1
     343     344     370     369       1
     344     345     371     370       1
     345     346     372     371       1
     346     347     373     372       1
     347     348     374     373       1
     348     349     375     374       1
     349     350     376     375       1
     350     351     377     376       1
     351     352     378     377       1
     352     353     379     378       1
     353     354     380     379       1
     354     355     381     380       1
     355     356     382     381       1
     356     357     383     382       1
     357     358     384     383       1
     358     359     385     384       1
     359     360     386     385       1
     360     361     387     386       1
     361     362     388     387       1
     362     363     389     388       1
     363     364     390     389       1
     365     366     392     391       1
     366     367     393     392       1
     367     368     394     393       1
     368     369     395     394       1
     369     370     396     395       1
     370     371     397     396       1
     371     372     398     397       1
     372     373     399     398       1
     373     374     400     399       1
     374     375     401     400       1
     375     376     402     401       1
     376     377     403     402       1
     377     378     404     403       1
     378     379     405     404       1
     379     380     406     405       1
     380     381     407     406       1
     381     382     408     407       1
     382     383     409     408       1
     383     384     410     409       1
     384     385     411     410       1
     385     386     412     411       1
     386     387     413     412       1
     387     388     414     413       1
     388     389     415     414       1
     389     390     416     415       1
     391     392     418     417       1
     392     393     419     418       1
     393     394     420     419       1
     394     395     421     420       1
     395     396     422     421       1
     396     397     423     422       1
     397     398     424     423       1
     398     399     425     424       1
     399     400     426     425       1
     400     401     427     426       1
     401     402     428     427       1
     402     403     429     428       1
     403     404     430     429       1
     404     405     431     430       1
     405     406     432     431       1
     406     407     433     432       1
     407     408     434     433       1
     408     409     435     434       1
     409     410     436     435       1
     410     411     437     436       1
     411     412     438     437       1
     412     413     439     438       1
     413     414     440     439       1
     414     415     441     440       1
     415     416     442     441       1
     417     418     444     443       1
     418     419     445     444       1
     419     420     446     445       1
     420     421     447     446       1
     421     422     448     447       1
     422     423     449     448       1
     423     424     450     449       1
     424     425     451     450       1
     425     426     452     451       1
     426     427     453     452       1
     427     428     454     453       1
     428     429     455     454       1
     429     430     456     455       1
     430     431     457     456       1
     431     432     458     457       1
     432     433     459     458       1
     433     434     460     459       1
     434     435     461     460       1
     435     436     462     461       1
     436     437     463     462       1
     437     438     464     463       1
     438     439     465     464       1
     439     440     466     465       1
     440     441     467     466       1
     441     442     468     467       1
     443     444     470     469       1
     444     445     471     470       1
     445     446     472     471       1
     446     447     473     472       1
     447     448     474     473       1
     448     449     475     474       1
     449     450     476     475       1
     450     451     477     476       1
     451     452     478     477       1
     452     453     479     478       1
     453     454     480     479       1
     454     455     481     480       1
     455     456     482     481       1
     456     457     483     482       1
     457     458     484     483       1
     458     459     485     484       1
     459     460     486     485       1
     460     461     487     486       1
     461     462     488     487       1
     462     463     489     488       1
     463     464     490     489       1
     464     465     491     490       1
     465     466     492     491       1
     466     467     493     492       1
     467     468     494     493       1
     469     470     496     495       1
     470     471     497     496       1
     471     472     498     497       1
     472     473     499     498       1
     473     474     500     499       1
     474     475     501     500       1
     475     476     502     501       1
     476     477     503     502       1
     477     478     504     503       1
     478     479     505     504       1
     479     480     506     505       1
     480     481     507     506       1
     481     482     508     507       1
     482     483     509     508       1
     483     484     510     509       1
     484     485     511     510       1
     485     486     512     511       1
     486     487     513     512       1
     487     488     514     513       1
     488     489     515     514       1
     489     490     516     515       1
     490     491     517     516       1
     491     492     518     517       1
     492     493     519     518       1
     493     494     520     519       1
     495     496     522     521       1
     496     497     523     522       1
     497     498     524     523       1
     498     499     525     524       1
     499     500     526     525       1
     500     501     527     526       1
     501     502     528     527       1
     502     503     529     528       1
     503     504     530     529       1
     504     505     531     530       1
     505     506     532     531       1
     506     507     533     532       1
     507     508     534     533       1
     508     509     535     534       1
     509     510     536     535       1
     510     511     537     536       1
     511     512     538     537       1
     512     513     539     538       1
     513     514     540     539       1
     514     515     541     540       1
     515     516     542     541       1
     516     517     543     542       1
     517     518     544     543       1
     518     519     545     544       1
     519     520     546     545       1
     521     522     548     547       1
     522     523     549     548       1
     523     524     550     549       1
     524     525     551     550       1
     525     526     552     551       1
     526     527     553     552       1
     527     528     554     553       1
     528     529     555     554       1
     529     530     556     555       1
     530     531     557     556       1
     531     532     558     557       1
     532     533     559     558       1
     533     534     560     559       1
     534     535     561     560       1
     535     536     562     561       1
     536     537     563     562       1
     537     538     564     563       1
     538     539     565     564       1
     539     540     566     565       1
     540     541     567     566       1
     541     542     568     567       1
     542     543     569     568       1
     543     544     570     569       1
     544     545     571     570       1
     545     546     572     571       1
     547     548     574     573       1
     548     549     575     574       1
     549     550     576     575       1
     550     551     577     576       1
     551     552     578     577       1
     552     553     579     578       1
     553     554     580     579       1
     554     555     581     580       1
     555     556     582     581       1
     556     557     583     582       1
     557     558     584     583       1
     558     559     585     584       1
     559     560     586     585       1
     560     561     587     586       1
     561     562     588     587       1
     562     563     589     588       1
     563     564     590     589       1
     564     565     591     590       1
     565     566     592     591       1
     566     567     593     592       1
     567     568     594     593       1
     568     569     595     594       1
     569     570     596     595       1
     570     571     597     596       1
     571     572     598     597       1
     573     574     600     599       1
     574     575     601     600       1
     575     576     602     601       1
     576     577     603     602       1
     577     578     604     603       1
     578     579     605     604       1
     579     580     606     605       1
     580     581     607     606       1
     581     582     608     607       1
     582     583     609     608       1
     583     584     610     609       1
     584     585     611     610       1
     585     586     612     611       1
     586     587     613     612       1
     587     588     614     613       1
     588     589     615     614       1
     589     590     616     615       1
     590     591     617     616       1
     591     592     618     617       1
     592     593     619     618       1
     593     594     620     619       1
     594     595     621     620       1
     595     596     622     621       1
     596     597     623     622       1
     597     598     624     623       1
     599     600     626     625       1
     600     601     627     626       1
     601     602     628     627       1
     602     603     629     628       1
     603     604     630     629       1
     604     605     631     630       1
     605     606     632     631       1
     606     607     633     632       1
     607     608     634     633       1
     608     609     635     634       1
     609     610     636     635       1
     610     611     637     636       1
     611     612     638     637       1
     612     613     639     638       1
     613     614     640     639       1
     614     615     641     640       1
     615     616     642     641       1
     616     617     643     642       1
     617     618     644     643       1
     618     619     645     644       1
     619     620     646     645       1
     620     621     647     646       1
     621     622     648     647       1
     622     623     649     648       1
     623     624     650     649       1
     625     626     652     651       1
     626     627     653     652       1
     627     628     654     653       1
     628     629     655     654       1
     629     630     656     655       1
     630     631     657     656       1
     631     632     658     657       1
     632     633     659     658       1
     633     634     660     659       1
     634     635     661     660       1
     635     636     662     661       1
     636     637     663     662       1
     637     638     664     663       1
     638     639     665     664       1
     639     640     666     665       1
     640     641     667     666       1
     641     642     668     667       1
     642     643     669     668       1
     643     644     670     669       1
     644     645     671     670       1
     645     646     672     671       1
     646     647     673     672       1
     647     648     674     673       1
     648     649     675     674       1
     649     650     676     675       1
     651     652     678     677       1
     652     653     679     678       1
     653     654     680     679       1
     654     655     681     680       1
     655     656     682     681       1
     656     657     683     682       1
     657     658     684     683       1
     658     659     685     684       1
     659     660     686     685       1
     660     661     687     686       1
     661     662     688     687       1
     662     663     689     688       1
     663     664     690     689       1
     664     665     691     690       1
     665     666     692     691       1
     666     667     693     692       1
     667     668     694     693       1
     668     669     695     694       1
     669     670     696     695       1
     670     671     697     696       1
     671     672     698     697       1
     672     673     699     698       1
     673     674     700     699       1
     674     675     701     700       1
     675     676     702     701       1
     677     678     704     703       1
     678     679     705     704       1
     679     680     706     705       1
     680     681     707     706       1
     681     682     708     707       1
     682     683     709     708       1
     683     684     710     709       1
     684     685     711     710       1
     685     686     712     711       1
     686     687     713     712       1
     687     688     714     713       1
     688     689     715     714       1
     689     690     716     715       1
     690     691     717     716       1
     691     692     718     717       1
     692     693     719     718       1
     693     694     720     719       1
     694     695     721     720       1
     695     696     722     721       1
     696     697     723     722       1
     697     698     724     723       1
     698     699     725     724       1
     699     700     726     725       1
     700     701     727     726       1
     701     702     728     727       1
     703     704     730     729       1
     704     705     731     730       1
     705     706     732     731       1
     706     707     733     732       1
     707     708     734     733       1
     708     709     735     734       1
     709     710     736     735       1
     710     711     737     736       1
     711     712     738     737       1
     712     713     739     738       1
     713     714     740     739       1
     714     715     741     740       1
     715     716     742     741       1
     716     717     743     742       1
     717     718     744     743       1
     718     719     745     744       1
     719     720     746     745       1
     720     721     747     746       1
     721     722     748     747       1
     722     723     749     748       1
     723     724     750     749       1
     724     725     751     750       1
     725     726     752     751       1
     726     727     753     752       1
     727     728     754     753       1
     729     730     756     755       1
     730     731     757     756       1
     731     732     758     757       1
     732     733     759     758       1
     733     734     760     759       1
     734     735     761     760       1
     735     736     762     761       1
     736     737     763     762       1
     737     738     764     763       1
     738     739     765     764       1
     739     740     766     765       1
     740     741     767     766       1
     741     742     768     767       1
     742     743     769     768       1
     743     744     770     769       1
     744     745     771     770       1
     745     746     772     771       1
     746     747     773     772       1
     747     748     774     773       1
     748     749     775     774       1
     749     750     776     775       1
     750     751     777     776       1
     751     752     778     777       1
     752     753     779     778       1
     753     754     780     779       1
     755     756     782     781       1
     756     757     783     782       1
     757     758     784     783       1
     758     759     785     784       1
     759     760     786     785       1
     760     761     787     786       1
     761     762     788     787       1
     762     763     789     788       1
     763     764     790     789       1
     764     765     791     790       1
     765     766     792     791       1
     766     767     793     792       1
     767     768     794     793       1
     768     769     795     794       1
     769     770     796     795       1
     770     771     797     796       1
     771     772     798     797       1
     772     773     799     798       1
     773     774     800     799       1
     774     775     801     800       1
     775     776     802     801       1
     776     777     803     802       1
     777     778     804     803       1
     778     779     805     804       1
     779     780     806     805       1
     781     782     808     807       1
     782     783     809     808       1
     783     784     810     809       1
     784     785     811     810       1
     785     786     812     811       1
     786     787     813     812       1
     787     788     814     813       1
     788     789     815     814       1
     789     790     816     815       1
     790     791     817     816       1
     791     792     818     817       1
     792     793     819     818       1
     793     794     820     819       1
     794     795     821     820       1
     795     796     822     821       1
     796     797     823     822       1
     797     798     824     823       1
     798     799     825     824       1
     799     800     826     825       1
     800     801     827     826       1
     801     802     828     827       1
     802     803     829     828       1
     803     804     830     829       1
     804     805     831     830       1
     805     806     832     831       1
     807     808     834     833       1
     808     809     835     834       1
     809     810     836     835       1
     810     811     837     836       1
     811     812     838     837       1
     812     813     839     838       1
     813     814     840     839       1
     814     815     841     840       1
     815     816     842     841       1
     816     817     843     842       1
     817     818     844     843       1
     818     819     845     844       1
     819     820     846     845       1
     820     821     847     846       1
     821     822     848     847       1
     822     823     849     848       1
     823     824     850     849       1
     824     825     851     850       1
     825     826     852     851       1
     826     827     853     852       1
     827     828     854     853       1
     828     829     855     854       1
     829     830     856     855       1
     830     831     857     856       1
     831     832     858     857       1
     833     834     860     859       1
     834     835     861     860       1
     835     836     862     861       1
     836     837     863     862       1
     837     838     864     863       1
     838     839     865     864       1
     839     840     866     865       1
     840     841     867     866       1
     841     842     868     867       1
     842     843     869     868       1
     843     844     870     869       1
     844     845     871     870       1
     845     846     872     871       1
     846     847     873     872       1
     847     848     874     873       1
     848     849     875     874       1
     849     850     876     875       1
     850     851     877     876       1
     851     852     878     877       1
     852     853     879     878       1
     853     854     880     879       1
     854     855     881     880       1
     855     856     882     881       1
     856     857     883     882       1
     857     858     884     883       1
     859     860     886     885       1
     860     861     887     886       1
     861     862     888     887       1
     862     863     889     888       1
     863     864     890     889       1
     864     865     891     890       1
     865     866     892     891       1
     866     867     893     892       1
     867     868     894     893       1
     868     869     895     894       1
     869     870     896     895       1
     870     871     897     896       1
     871     872     898     897       1
     872     873     899     898       1
     873     874     900     899       1
     874     875     901     900       1
     875     876     902     901       1
     876     877     903     902       1
     877     878     904     903       1
     878     879     905     904       1
     879     880     906     905       1
     880     881     907     906       1
     881     882     908     907       1
     882     883     909     908       1
     883     884     910     909       1
     885     886     912     911       1
     886     887     913     912       1
     887     888     914     913       1
     888     889     915     914       1
     889     890     916     915       1
     890     891     917     916       1
     891     892     918     917       1
     892     893     919     918       1
     893     894     920     919       1
     894     895     921     920       1
     895     896     922     921       1
     896     897     923     922       1
     897     898     924     923       1
     898     899     925     924       1
     899     900     926     925       1
     900     901     927     926       1
     901     902     928     927       1
     902     903     929     928       1
     903     904     930     929       1
     904     905     931     930       1
     905     906     932     931       1
     906     907     933     932       1
     907     908     934     933       1
     908     909     935     934       1
     909     910     936     935       1
     911     912     938     937       1
     912     913     939     938       1
     913     914     940     939       1
     914     915     941     940       1
     915     916     942     941       1
     916     917     943     942       1
     917     918     944     943       1
     918     919     945     944       1
     919     920     946     945       1
     920     921     947     946       1
     921     922     948     947       1
     922     923     949     948       1
     923     924     950     949       1
     924     925     951     950       1
     925     926     952     951       1
     926     927     953     952       1
     927     928     954     953       1
     928     929     955     954       1
     929     930     956     955       1
     930     931     957     956       1
     931     932     958     957       1
     932     933     959     958       1
     933     934     960     959       1
     934     935     961     960       1
     935     936     962     961       1
     937     938     964     963       1
     938     939     965     964       1
     939     940     966     965       1
     940     941     967     966       1
     941     942     968     967       1
     942     943     969     968       1
     943     944     970     969       1
     944     945     971     970       1
     945     946     972     971       1
     946     947     973     972       1
     947     948     974     973       1
     948     949     975     974       1
     949     950     976     975       1
     950     951     977     976       1
     951     952     978     977       1
     952     953     979     978       1
     953     954     980     979       1
     954     955     981     980       1
     955     956     982     981       1
     956     957     983     982       1
     957     958     984     983       1
     958     959     985     984       1
     959     960     986     985       1
     960     961     987     986       1
     961     962     988     987       1
     963     964     990     989       1
     964     965     991     990       1
     965     966     992     991       1
     966     967     993     992       1
     967     968     994     993       1
     968     969     995     994       1
     969     970     996     995       1
     970     971     997     996       1
     971     972     998     997       1
     972     973     999     998       1
     973     974    1000     999       1
     974     975    1001    1000       1
     975     976    1002    1001       1
     976     977    1003    1002       1
     977     978    1004    1003       1
     978     979    1005    1004       1
     979     980    1006    1005       1
     980     981    1007    1006       1
     981     982    1008    1007       1
     982     983    1009    1008       1
     983     984    1010    1009       1
     984     985    1011    1010       1
     985     986    1012    1011       1
     986     987    1013    1012       1
     987     988    1014    1013       1
     989     990    1016    1015       1
     990     991    1017    1016       1
     991     992    1018    1017       1
     992     993    1019    1018       1
     993     994    1020    1019       1
     994     995    1021    1020       1
     995     996    1022    1021       1
     996     997    1023    1022       1
     997     998    1024    1023       1
     998     999    1025    1024       1
     999    1000    1026    1025       1
    1000    1001    1027    1026       1
    1001    1002    1028    1027       1
    1002    1003    1029    1028       1
    1003    1004    1030    1029       1
    1004    1005    1031    1030       1
    1005    1006    1032    1031       1
    1006    1007    1033    1032       1
    1007    1008    1034    1033       1
    1008    1009    1035    1034       1
    1009    1010    1036    1035       1
    1010    1011    1037    1036       1
    1011    1012    1038    1037       1
    1012    1013    1039    1038       1
    1013    1014    1040    1039       1
    1015    1016    1042    1041       1
    1016    1017    1043    1042       1
    1017    1018    1044    1043       1
    1018    1019    1045    1044       1
    1019    1020    1046    1045       1
    1020    1021    1047    1046       1
    1021    1022    1048    1047       1
    1022    1023    1049    1048       1
    1023    1024    1050    1049       1
    1024    1025    1051    1050       1
    1025    1026    1052    1051       1
    1026    1027    1053    1052       1
    1027    1028    1054    1053       1
    1028    1029    1055    1054       1
    1029    1030    1056    1055       1
    1030    1031    1057    1056       1
    1031    1032    1058    1057       1
    1032    1033    1059    1058       1
    1033    1034    1060    1059       1
    1034    1035    1061    1060       1
    1035    1036    1062    1061       1
    1036    1037    1063    1062       1
    1037    1038    1064    1063       1
    1038    1039    1065    1064       1
    1039    1040    1066    1065       1
    1041    1042    1068    1067       1
    1042    1043    1069    1068       1
    1043    1044    1070    1069       1
    1044    1045    1071    1070       1
    1045    1046    1072    1071       1
    1046    1047    1073    1072       1
    1047    1048    1074    1073       1
    1048    1049    1075    1074       1
    1049    1050    1076    1075       1
    1050    1051    1077    1076       1
    1051    1052    1078    1077       1
    1052    1053    1079    1078       1
    1053    1054    1080    1079       1
    1054    1055    1081    1080       1
    1055    1056    1082    1081       1
    1056    1057    1083    1082       1
    1057    1058    1084    1083       1
    1058    1059    1085    1084       1
    1059    1060    1086    1085       1
    1060    1061    1087    1086       1
    1061    1062    1088    1087       1
    1062    1063    1089    1088       1
    1063    1064    1090    1089       1
    1064    1065    1091    1090       1
    1065    1066    1092    1091       1
    1067    1068    1094    1093       1
    1068    1069    1095    1094       1
    1069    1070    1096    1095       1
    1070    1071    1097    1096       1
    1071    1072    1098    1097       1
    1072    1073    1099    1098       1
    1073    1074    1100    1099       1
    1074    1075    1101    1100       1
    1075    1076    1102    1101       1
    1076    1077    1103    1102       1
    1077    1078    1104    1103       1
    1078    1079    1105    1104       1
    1079    1080    1106    1105       1
    1080    1081    1107    1106       1
    1081    1082    1108    1107       1
    1082    1083    1109    1108       1
    1083    1084    1110    1109       1
    1084    1085    1111    1110       1
    1085    1086    1112    1111       1
    1086    1087    1113    1112       1
    1087    1088    1114    1113       1
    1088    1089    1115    1114       1
    1089    1090    1116    1115       1
    1090    1091    1117    1116       1
    1091    1092    1118    1117       1
    1093    1094    1120    1119       1
    1094    1095    1121    1120       1
    1095    1096    1122    1121       1
    1096    1097    1123    1122       1
    1097    1098    1124    1123       1
    1098    1099    1125    1124       1
    1099    1100    1126    1125       1
    1100    1101    1127    1126       1
    1101    1102    1128    1127       1
    1102    1103    1129    1128       1
    1103    1104    1130    1129       1
    1104    1105    1131    1130       1
    1105    1106    1132    1131       1
    1106    1107    1133    1132       1
    1107    1108    1134    1133       1
    1108    1109    1135    1134       1
    1109    1110    1136    1135       1
    1110    1111    1137    1136       1
    1111    1112    1138    1137       1
    1112    1113    1139    1138       1
    1113    1114    1140    1139       1
    1114    1115    1141    1140       1
    1115    1116    1142    1141       1
    1116    1117    1143    1142       1
    1117    1118    1144    1143       1
    1119    1120    1146    1145       1
    1120    1121    1147    1146       1
    1121    1122    1148    1147       1
    1122    1123    1149    1148       1
    1123    1124    1150    1149       1
    1124    1125    1151    1150       1
    1125    1126    1152    1151       1
    1126    1127    1153    1152       1
    1127    1128    1154    1153       1
    1128    1129    1155    1154       1
    1129    1130    1156    1155       1
    1130    1131    1157    1156       1
    1131    1132    1158    1157       1
    1132    1133    1159    1158       1
    1133    1134    1160    1159       1
    1134    1135    1161    1160       1
    1135    1136    1162    1161       1
    1136    1137    1163    1162       1
    1137    1138    1164    1163       1
    1138    1139    1165    1164       1
    1139    1140    1166    1165       1
    1140    1141    1167    1166       1
    1141    1142    1168    1167       1
    1142    1143    1169    1168       1
    1143    1144    1170    1169       1
    1145    1146    1172    1171       1
    1146    1147    1173    1172       1
    1147    1148    1174    1173       1
    1148    1149    1175    1174       1
    1149    1150    1176    1175       1
    1150    1151    1177    1176       1
    1151    1152    1178    1177       1
    1152    1153    1179    1178       1
    1153    1154    1180    1179       1
    1154    1155    1181    1180       1
    1155    1156    1182    1181       1
    1156    1157    1183    1182       1
    1157    1158    1184    1183       1
    1158    1159    1185    1184       1
    1159    1160    1186    1185       1
    1160    1161    1187    1186       1
    1161    1162    1188    1187       1
    1162    1163    1189    1188       1
    1163    1164    1190    1189       1
    1164    1165    1191    1190       1
    1165    1166    1192    1191       1
    1166    1167    1193    1192       1
    1167    1168    1194    1193       1
    1168    1169    1195    1194       1
    1169    1170    1196    1195       1
    1171    1172    1198    1197       1
    1172    1173    1199    1198       1
    1173    1174    1200    1199       1
    1174    1175    1201    1200       1
    1175    1176    1202    1201       1
    1176    1177    1203    1202       1
    1177    1178    1204    1203       1
    1178    1179    1205    1204       1
    1179    1180    1206    1205       1
    1180    1181    1207    1206       1
    1181    1182    1208    1207       1
    1182    1183    1209    1208       1
    1183    1184    1210    1209       1
    1184    1185    1211    1210       1
    1185    1186    1212    1211       1
    1186    1187    1213    1212       1
    1187    1188    1214    1213       1
    1188    1189    1215    1214       1
    1189    1190    1216    1215       1
    1190    1191    1217    1216       1
    1191    1192    1218    1217       1
    1192    1193    1219    1218       1
    1193    1194    1220    1219       1
    1194    1195    1221    1220       1
    1195    1196    1222    1221       1
    1197    1198    1224    1223       1
    1198    1199    1225    1224       1
    1199    1200    1226    1225       1
    1200    1201    1227    1226       1
    1201    1202    1228    1227       1
    1202    1203    1229    1228       1
    1203    1204    1230    1229       1
    1204    1205    1231    1230       1
    1205    1206    1232    1231       1
    1206    1207    1233    1232       1
    1207    1208    1234    1233       1
    1208    1209    1235    1234       1
    1209    1210    1236    1235       1
    1210    1211    1237    1236       1
    1211    1212    1238    1237       1
    1212    1213    1239    1238       1
    1213    1214    1240    1239       1
    1214    1215    1241    1240       1
    1215    1216    1242    1241       1
    1216    1217    1243    1242       1
    1217    1218    1244    1243       1
    1218    1219    1245    1244       1
    1219    1220    1246    1245       1
    1220    1221    1247    1246       1
    1221    1222    1248    1247       1
    1223    1224    1250    1249       1
    1224    1225    1251    1250       1
    1225    1226    1252    1251       1
    1226    1227    1253    1252       1
    1227    1228    1254    1253       1
    1228    1229    1255    1254       1
    1229    1230    1256    1255       1
    1230    1231    1257    1256       1
    1231    1232    1258    1257       1
    1232    1233    1259    1258       1
    1233    1234    1260    1259       1
    1234    1235    1261    1260       1
    1235    1236    1262    1261       1
    1236    1237    1263    1262       1
    1237    1238    1264    1263       1
    1238    1239    1265    1264       1
    1239    1240    1266    1265       1
    1240    1241    1267    1266       1
    1241    1242    1268    1267       1
    1242    1243    1269    1268       1
    1243    1244    1270    1269       1
    1244    1245    1271    1270       1
    1245    1246    1272    1271       1
    1246    1247    1273    1272       1
    1247    1248    1274    1273       1
    1249    1250    1276    1275       1
    1250    1251    1277    1276       1
    1251    1252    1278    1277       1
    1252    1253    1279    1278       1
    1253    1254    1280    1279       1
    1254    1255    1281    1280       1
    1255    1256    1282    1281       1
    1256    1257    1283    1282       1
    1257    1258    1284    1283       1
    1258    1259    1285    1284       1
    1259    1260    1286    1285       1
    1260    1261    1287    1286       1
    1261    1262    1288    1287       1
    1262    1263    1289    1288       1
    1263    1264    1290    1289       1
    1264    1265    1291    1290       1
    1265    1266    1292    1291       1
    1266    1267    1293    1292       1
    1267    1268    1294    1293       1
    1268    1269    1295    1294       1
    1269    1270    1296    1295       1
    1270    1271    1297    1296       1
    1271    1272    1298    1297       1
    1272    1273    1299    1298       1
    1273    1274    1300    1299       1
    1275    1276    1302    1301       1
    1276    1277    1303    1302       1
    1277    1278    1304    1303       1
    1278    1279    1305    1304       1
    1279    1280    1306    1305       1
    1280    1281    1307    1306       1
    1281    1282    1308    1307       1
    1282    1283    1309    1308       1
    1283    1284    1310    1309       1
    1284    1285    1311    1310       1
    1285    1286    1312    1311       1
    1286    1287    1313    1312       1
    1287    1288    1314    1313       1
    1288    1289    1315    1314       1
    1289    1290    1316    1315       1
    1290    1291    1317    1316       1
    1291    1292    1318    1317       1
    1292    1293    1319    1318       1
    1293    1294    1320    1319       1
    1294    1295    1321    1320       1
    1295    1296    1322    1321       1
    1296    1297    1323    1322       1
    1297    1298    1324    1323       1
    1298    1299    1325    1324       1
    1299    1300    1326    1325       1
