       1       0
     377       0
     753       0
    1129       0
    1505       0
    1881       0
    2257       0
    2633       0
    3009       0
    3385       0
    3761       0
    4137       0
    4513       0
    4889       0
    5265       0
    5641       0
    6017       0
    6393       0
    6769       0
    7145       0
    7521       0
    7897       0
    8273       0
    8649       0
    9025       0
    9401       0
    9777       0
   10153       0
   10529       0
   10905       0
   11281       0
   11657       0
   12033       0
   12409       0
   12785       0
   13161       0
   13537       0
   13913       0
   14289       0
   14665       0
   15041       0
   15417       0
   15793       0
   16169       0
   16545       0
   16921       0
   17297       0
   17673       0
   18049       0
   18425       0
   18801       0
   19177       0
   19553       0
   19929       0
   20305       0
   20681       0
   21057       0
   21433       0
   21809       0
   22185       0
   22561       0
   22937       0
   23313       0
   23689       0
   24065       0
   24441       0
   24817       0
   25193       0
   25569       0
   25945       0
   26321       0
   26697       0
   27073       0
   27449       0
   27825       0
   28201       0
   28577       0
   28953       0
   29329       0
   29705       0
   30081       0
   30457       0
   30833       0
   31209       0
   31585       0
   31961       0
   32337       0
   32713       0
   33089       0
   33465       0
   33841       0
   34217       0
   34593       0
   34969       0
   35345       0
   35721       0
   36097       0
   36473       0
   36849       0
   37225       0
   37601       0
   37977       0
   38353       0
   38729       0
   39105       0
   39481       0
   39857       0
   40233       0
   40609       0
   40985       0
   41361       0
   41737       0
   42113       0
   42489       0
   42865       0
   43241       0
   43617       0
   43993       0
   44369       0
   44745       0
   45121       0
   45497       0
   45873       0
   46249       0
   46625       0
   47001       0
       1       0
       2       0
       3       0
       4       0
       5       0
       6       0
       7       0
       8       0
       9       0
      10       0
      11       0
      12       0
      13       0
      14       0
      15       0
      16       0
      17       0
      18       0
      19       0
      20       0
      21       0
      22       0
      23       0
      24       0
      25       0
      26       0
      27       0
      28       0
      29       0
      30       0
      31       0
      32       0
      33       0
      34       0
      35       0
      36       0
      37       0
      38       0
      39       0
      40       0
      41       0
      42       0
      43       0
      44       0
      45       0
      46       0
      47       0
      48       0
      49       0
      50       0
      51       0
      52       0
      53       0
      54       0
      55       0
      56       0
      57       0
      58       0
      59       0
      60       0
      61       0
      62       0
      63       0
      64       0
      65       0
      66       0
      67       0
      68       0
      69       0
      70       0
      71       0
      72       0
      73       0
      74       0
      75       0
      76       0
      77       0
      78       0
      79       0
      80       0
      81       0
      82       0
      83       0
      84       0
      85       0
      86       0
      87       0
      88       0
      89       0
      90       0
      91       0
      92       0
      93       0
      94       0
      95       0
      96       0
      97       0
      98       0
      99       0
     100       0
     101       0
     102       0
     103       0
     104       0
     105       0
     106       0
     107       0
     108       0
     109       0
     110       0
     111       0
     112       0
     113       0
     114       0
     115       0
     116       0
     117       0
     118       0
     119       0
     120       0
     121       0
     122       0
     123       0
     124       0
     125       0
     126       0
     127       0
     128       0
     129       0
     130       0
     131       0
     132       0
     133       0
     134       0
     135       0
     136       0
     137       0
     138       0
     139       0
     140       0
     141       0
     142       0
     143       0
     144       0
     145       0
     146       0
     147       0
     148       0
     149       0
     150       0
     151       0
     152       0
     153       0
     154       0
     155       0
     156       0
     157       0
     158       0
     159       0
     160       0
     161       0
     162       0
     163       0
     164       0
     165       0
     166       0
     167       0
     168       0
     169       0
     170       0
     171       0
     172       0
     173       0
     174       0
     175       0
     176       0
     177       0
     178       0
     179       0
     180       0
     181       0
     182       0
     183       0
     184       0
     185       0
     186       0
     187       0
     188       0
     189       0
     190       0
     191       0
     192       0
     193       0
     194       0
     195       0
     196       0
     197       0
     198       0
     199       0
     200       0
     201       0
     202       0
     203       0
     204       0
     205       0
     206       0
     207       0
     208       0
     209       0
     210       0
     211       0
     212       0
     213       0
     214       0
     215       0
     216       0
     217       0
     218       0
     219       0
     220       0
     221       0
     222       0
     223       0
     224       0
     225       0
     226       0
     227       0
     228       0
     229       0
     230       0
     231       0
     232       0
     233       0
     234       0
     235       0
     236       0
     237       0
     238       0
     239       0
     240       0
     241       0
     242       0
     243       0
     244       0
     245       0
     246       0
     247       0
     248       0
     249       0
     250       0
     251       0
     252       0
     253       0
     254       0
     255       0
     256       0
     257       0
     258       0
     259       0
     260       0
     261       0
     262       0
     263       0
     264       0
     265       0
     266       0
     267       0
     268       0
     269       0
     270       0
     271       0
     272       0
     273       0
     274       0
     275       0
     276       0
     277       0
     278       0
     279       0
     280       0
     281       0
     282       0
     283       0
     284       0
     285       0
     286       0
     287       0
     288       0
     289       0
     290       0
     291       0
     292       0
     293       0
     294       0
     295       0
     296       0
     297       0
     298       0
     299       0
     300       0
     301       0
     302       0
     303       0
     304       0
     305       0
     306       0
     307       0
     308       0
     309       0
     310       0
     311       0
     312       0
     313       0
     314       0
     315       0
     316       0
     317       0
     318       0
     319       0
     320       0
     321       0
     322       0
     323       0
     324       0
     325       0
     326       0
     327       0
     328       0
     329       0
     330       0
     331       0
     332       0
     333       0
     334       0
     335       0
     336       0
     337       0
     338       0
     339       0
     340       0
     341       0
     342       0
     343       0
     344       0
     345       0
     346       0
     347       0
     348       0
     349       0
     350       0
     351       0
     352       0
     353       0
     354       0
     355       0
     356       0
     357       0
     358       0
     359       0
     360       0
     361       0
     362       0
     363       0
     364       0
     365       0
     366       0
     367       0
     368       0
     369       0
     370       0
     371       0
     372       0
     373       0
     374       0
     375       0
     376       0
     376       0
     752       0
    1128       0
    1504       0
    1880       0
    2256       0
    2632       0
    3008       0
    3384       0
    3760       0
    4136       0
    4512       0
    4888       0
    5264       0
    5640       0
    6016       0
    6392       0
    6768       0
    7144       0
    7520       0
    7896       0
    8272       0
    8648       0
    9024       0
    9400       0
    9776       0
   10152       0
   10528       0
   10904       0
   11280       0
   11656       0
   12032       0
   12408       0
   12784       0
   13160       0
   13536       0
   13912       0
   14288       0
   14664       0
   15040       0
   15416       0
   15792       0
   16168       0
   16544       0
   16920       0
   17296       0
   17672       0
   18048       0
   18424       0
   18800       0
   19176       0
   19552       0
   19928       0
   20304       0
   20680       0
   21056       0
   21432       0
   21808       0
   22184       0
   22560       0
   22936       0
   23312       0
   23688       0
   24064       0
   24440       0
   24816       0
   25192       0
   25568       0
   25944       0
   26320       0
   26696       0
   27072       0
   27448       0
   27824       0
   28200       0
   28576       0
   28952       0
   29328       0
   29704       0
   30080       0
   30456       0
   30832       0
   31208       0
   31584       0
   31960       0
   32336       0
   32712       0
   33088       0
   33464       0
   33840       0
   34216       0
   34592       0
   34968       0
   35344       0
   35720       0
   36096       0
   36472       0
   36848       0
   37224       0
   37600       0
   37976       0
   38352       0
   38728       0
   39104       0
   39480       0
   39856       0
   40232       0
   40608       0
   40984       0
   41360       0
   41736       0
   42112       0
   42488       0
   42864       0
   43240       0
   43616       0
   43992       0
   44368       0
   44744       0
   45120       0
   45496       0
   45872       0
   46248       0
   46624       0
   47000       0
   47376       0
   47001       0
   47002       0
   47003       0
   47004       0
   47005       0
   47006       0
   47007       0
   47008       0
   47009       0
   47010       0
   47011       0
   47012       0
   47013       0
   47014       0
   47015       0
   47016       0
   47017       0
   47018       0
   47019       0
   47020       0
   47021       0
   47022       0
   47023       0
   47024       0
   47025       0
   47026       0
   47027       0
   47028       0
   47029       0
   47030       0
   47031       0
   47032       0
   47033       0
   47034       0
   47035       0
   47036       0
   47037       0
   47038       0
   47039       0
   47040       0
   47041       0
   47042       0
   47043       0
   47044       0
   47045       0
   47046       0
   47047       0
   47048       0
   47049       0
   47050       0
   47051       0
   47052       0
   47053       0
   47054       0
   47055       0
   47056       0
   47057       0
   47058       0
   47059       0
   47060       0
   47061       0
   47062       0
   47063       0
   47064       0
   47065       0
   47066       0
   47067       0
   47068       0
   47069       0
   47070       0
   47071       0
   47072       0
   47073       0
   47074       0
   47075       0
   47076       0
   47077       0
   47078       0
   47079       0
   47080       0
   47081       0
   47082       0
   47083       0
   47084       0
   47085       0
   47086       0
   47087       0
   47088       0
   47089       0
   47090       0
   47091       0
   47092       0
   47093       0
   47094       0
   47095       0
   47096       0
   47097       0
   47098       0
   47099       0
   47100       0
   47101       0
   47102       0
   47103       0
   47104       0
   47105       0
   47106       0
   47107       0
   47108       0
   47109       0
   47110       0
   47111       0
   47112       0
   47113       0
   47114       0
   47115       0
   47116       0
   47117       0
   47118       0
   47119       0
   47120       0
   47121       0
   47122       0
   47123       0
   47124       0
   47125       0
   47126       0
   47127       0
   47128       0
   47129       0
   47130       0
   47131       0
   47132       0
   47133       0
   47134       0
   47135       0
   47136       0
   47137       0
   47138       0
   47139       0
   47140       0
   47141       0
   47142       0
   47143       0
   47144       0
   47145       0
   47146       0
   47147       0
   47148       0
   47149       0
   47150       0
   47151       0
   47152       0
   47153       0
   47154       0
   47155       0
   47156       0
   47157       0
   47158       0
   47159       0
   47160       0
   47161       0
   47162       0
   47163       0
   47164       0
   47165       0
   47166       0
   47167       0
   47168       0
   47169       0
   47170       0
   47171       0
   47172       0
   47173       0
   47174       0
   47175       0
   47176       0
   47177       0
   47178       0
   47179       0
   47180       0
   47181       0
   47182       0
   47183       0
   47184       0
   47185       0
   47186       0
   47187       0
   47188       0
   47189       0
   47190       0
   47191       0
   47192       0
   47193       0
   47194       0
   47195       0
   47196       0
   47197       0
   47198       0
   47199       0
   47200       0
   47201       0
   47202       0
   47203       0
   47204       0
   47205       0
   47206       0
   47207       0
   47208       0
   47209       0
   47210       0
   47211       0
   47212       0
   47213       0
   47214       0
   47215       0
   47216       0
   47217       0
   47218       0
   47219       0
   47220       0
   47221       0
   47222       0
   47223       0
   47224       0
   47225       0
   47226       0
   47227       0
   47228       0
   47229       0
   47230       0
   47231       0
   47232       0
   47233       0
   47234       0
   47235       0
   47236       0
   47237       0
   47238       0
   47239       0
   47240       0
   47241       0
   47242       0
   47243       0
   47244       0
   47245       0
   47246       0
   47247       0
   47248       0
   47249       0
   47250       0
   47251       0
   47252       0
   47253       0
   47254       0
   47255       0
   47256       0
   47257       0
   47258       0
   47259       0
   47260       0
   47261       0
   47262       0
   47263       0
   47264       0
   47265       0
   47266       0
   47267       0
   47268       0
   47269       0
   47270       0
   47271       0
   47272       0
   47273       0
   47274       0
   47275       0
   47276       0
   47277       0
   47278       0
   47279       0
   47280       0
   47281       0
   47282       0
   47283       0
   47284       0
   47285       0
   47286       0
   47287       0
   47288       0
   47289       0
   47290       0
   47291       0
   47292       0
   47293       0
   47294       0
   47295       0
   47296       0
   47297       0
   47298       0
   47299       0
   47300       0
   47301       0
   47302       0
   47303       0
   47304       0
   47305       0
   47306       0
   47307       0
   47308       0
   47309       0
   47310       0
   47311       0
   47312       0
   47313       0
   47314       0
   47315       0
   47316       0
   47317       0
   47318       0
   47319       0
   47320       0
   47321       0
   47322       0
   47323       0
   47324       0
   47325       0
   47326       0
   47327       0
   47328       0
   47329       0
   47330       0
   47331       0
   47332       0
   47333       0
   47334       0
   47335       0
   47336       0
   47337       0
   47338       0
   47339       0
   47340       0
   47341       0
   47342       0
   47343       0
   47344       0
   47345       0
   47346       0
   47347       0
   47348       0
   47349       0
   47350       0
   47351       0
   47352       0
   47353       0
   47354       0
   47355       0
   47356       0
   47357       0
   47358       0
   47359       0
   47360       0
   47361       0
   47362       0
   47363       0
   47364       0
   47365       0
   47366       0
   47367       0
   47368       0
   47369       0
   47370       0
   47371       0
   47372       0
   47373       0
   47374       0
   47375       0
   47376       0
