 -0.5000000000  0.0000000000
 -0.4990999997  0.0000000000
 -0.4981999993  0.0000000000
 -0.4972999990  0.0000000000
 -0.4963999987  0.0000000000
 -0.4954999983  0.0000000000
 -0.4945999980  0.0000000000
 -0.4936999977  0.0000000000
 -0.4927999973  0.0000000000
 -0.4918999970  0.0000000000
 -0.4909999967  0.0000000000
 -0.4900999963  0.0000000000
 -0.4891999960  0.0000000000
 -0.4882999957  0.0000000000
 -0.4873999953  0.0000000000
 -0.4864999950  0.0000000000
 -0.4855999947  0.0000000000
 -0.4846999943  0.0000000000
 -0.4837999940  0.0000000000
 -0.4828999937  0.0000000000
 -0.4819999933  0.0000000000
 -0.4810999930  0.0000000000
 -0.4801999927  0.0000000000
 -0.4792999923  0.0000000000
 -0.4783999920  0.0000000000
 -0.4774999917  0.0000000000
 -0.4765999913  0.0000000000
 -0.4756999910  0.0000000000
 -0.4747999907  0.0000000000
 -0.4738999903  0.0000000000
 -0.4729999900  0.0000000000
 -0.4720999897  0.0000000000
 -0.4711999893  0.0000000000
 -0.4702999890  0.0000000000
 -0.4693999887  0.0000000000
 -0.4684999883  0.0000000000
 -0.4675999880  0.0000000000
 -0.4666999876  0.0000000000
 -0.4657999873  0.0000000000
 -0.4649000168  0.0000000000
 -0.4639999866  0.0000000000
 -0.4631000161  0.0000000000
 -0.4621999860  0.0000000000
 -0.4613000154  0.0000000000
 -0.4603999853  0.0000000000
 -0.4595000148  0.0000000000
 -0.4585999846  0.0000000000
 -0.4577000141  0.0000000000
 -0.4567999840  0.0000000000
 -0.4559000134  0.0000000000
 -0.4550000131  0.0000000000
 -0.4541000128  0.0000000000
 -0.4532000124  0.0000000000
 -0.4523000121  0.0000000000
 -0.4514000118  0.0000000000
 -0.4505000114  0.0000000000
 -0.4496000111  0.0000000000
 -0.4487000108  0.0000000000
 -0.4478000104  0.0000000000
 -0.4469000101  0.0000000000
 -0.4460000098  0.0000000000
 -0.4451000094  0.0000000000
 -0.4442000091  0.0000000000
 -0.4433000088  0.0000000000
 -0.4424000084  0.0000000000
 -0.4415000081  0.0000000000
 -0.4406000078  0.0000000000
 -0.4397000074  0.0000000000
 -0.4388000071  0.0000000000
 -0.4379000068  0.0000000000
 -0.4370000064  0.0000000000
 -0.4361000061  0.0000000000
 -0.4352000058  0.0000000000
 -0.4343000054  0.0000000000
 -0.4334000051  0.0000000000
 -0.4325000048  0.0000000000
 -0.4316000044  0.0000000000
 -0.4307000041  0.0000000000
 -0.4298000038  0.0000000000
 -0.4289000034  0.0000000000
 -0.4280000031  0.0000000000
 -0.4271000028  0.0000000000
 -0.4262000024  0.0000000000
 -0.4253000021  0.0000000000
 -0.4244000018  0.0000000000
 -0.4235000014  0.0000000000
 -0.4226000011  0.0000000000
 -0.4217000008  0.0000000000
 -0.4208000004  0.0000000000
 -0.4199000001  0.0000000000
 -0.4189999998  0.0000000000
 -0.4180999994  0.0000000000
 -0.4171999991  0.0000000000
 -0.4162999988  0.0000000000
 -0.4153999984  0.0000000000
 -0.4144999981  0.0000000000
 -0.4135999978  0.0000000000
 -0.4126999974  0.0000000000
 -0.4117999971  0.0000000000
 -0.4108999968  0.0000000000
 -0.4099999964  0.0000000000
 -0.4090999961  0.0000000000
 -0.4081999958  0.0000000000
 -0.4072999954  0.0000000000
 -0.4063999951  0.0000000000
 -0.4054999948  0.0000000000
 -0.4045999944  0.0000000000
 -0.4036999941  0.0000000000
 -0.4027999938  0.0000000000
 -0.4018999934  0.0000000000
 -0.4009999931  0.0000000000
 -0.4000999928  0.0000000000
 -0.3991999924  0.0000000000
 -0.3982999921  0.0000000000
 -0.3973999918  0.0000000000
 -0.3964999914  0.0000000000
 -0.3955999911  0.0000000000
 -0.3946999907  0.0000000000
 -0.3938000202  0.0000000000
 -0.3928999901  0.0000000000
 -0.3920000196  0.0000000000
 -0.3910999894  0.0000000000
 -0.3902000189  0.0000000000
 -0.3892999887  0.0000000000
 -0.3884000182  0.0000000000
 -0.3874999881  0.0000000000
 -0.3866000175  0.0000000000
 -0.3856999874  0.0000000000
 -0.3848000169  0.0000000000
 -0.3838999867  0.0000000000
 -0.3830000162  0.0000000000
 -0.3820999861  0.0000000000
 -0.3812000155  0.0000000000
 -0.3802999854  0.0000000000
 -0.3794000149  0.0000000000
 -0.3784999847  0.0000000000
 -0.3776000142  0.0000000000
 -0.3766999841  0.0000000000
 -0.3758000135  0.0000000000
 -0.3748999834  0.0000000000
 -0.3740000129  0.0000000000
 -0.3730999827  0.0000000000
 -0.3722000122  0.0000000000
 -0.3712999821  0.0000000000
 -0.3704000115  0.0000000000
 -0.3694999814  0.0000000000
 -0.3686000109  0.0000000000
 -0.3676999807  0.0000000000
 -0.3668000102  0.0000000000
 -0.3658999801  0.0000000000
 -0.3650000095  0.0000000000
 -0.3641000092  0.0000000000
 -0.3632000089  0.0000000000
 -0.3623000085  0.0000000000
 -0.3614000082  0.0000000000
 -0.3605000079  0.0000000000
 -0.3596000075  0.0000000000
 -0.3587000072  0.0000000000
 -0.3578000069  0.0000000000
 -0.3569000065  0.0000000000
 -0.3560000062  0.0000000000
 -0.3551000059  0.0000000000
 -0.3542000055  0.0000000000
 -0.3533000052  0.0000000000
 -0.3524000049  0.0000000000
 -0.3515000045  0.0000000000
 -0.3506000042  0.0000000000
 -0.3497000039  0.0000000000
 -0.3488000035  0.0000000000
 -0.3479000032  0.0000000000
 -0.3470000029  0.0000000000
 -0.3461000025  0.0000000000
 -0.3452000022  0.0000000000
 -0.3443000019  0.0000000000
 -0.3434000015  0.0000000000
 -0.3425000012  0.0000000000
 -0.3416000009  0.0000000000
 -0.3407000005  0.0000000000
 -0.3398000002  0.0000000000
 -0.3388999999  0.0000000000
 -0.3379999995  0.0000000000
 -0.3370999992  0.0000000000
 -0.3361999989  0.0000000000
 -0.3352999985  0.0000000000
 -0.3343999982  0.0000000000
 -0.3334999979  0.0000000000
 -0.3325999975  0.0000000000
 -0.3316999972  0.0000000000
 -0.3307999969  0.0000000000
 -0.3298999965  0.0000000000
 -0.3289999962  0.0000000000
 -0.3280999959  0.0000000000
 -0.3271999955  0.0000000000
 -0.3263000250  0.0000000000
 -0.3253999949  0.0000000000
 -0.3245000243  0.0000000000
 -0.3235999942  0.0000000000
 -0.3227000237  0.0000000000
 -0.3217999935  0.0000000000
 -0.3209000230  0.0000000000
 -0.3199999928  0.0000000000
 -0.3191000223  0.0000000000
 -0.3181999922  0.0000000000
 -0.3173000216  0.0000000000
 -0.3163999915  0.0000000000
 -0.3155000210  0.0000000000
 -0.3145999908  0.0000000000
 -0.3137000203  0.0000000000
 -0.3127999902  0.0000000000
 -0.3119000196  0.0000000000
 -0.3109999895  0.0000000000
 -0.3101000190  0.0000000000
 -0.3091999888  0.0000000000
 -0.3083000183  0.0000000000
 -0.3073999882  0.0000000000
 -0.3065000176  0.0000000000
 -0.3055999875  0.0000000000
 -0.3047000170  0.0000000000
 -0.3037999868  0.0000000000
 -0.3029000163  0.0000000000
 -0.3019999862  0.0000000000
 -0.3011000156  0.0000000000
 -0.3001999855  0.0000000000
 -0.2993000150  0.0000000000
 -0.2983999848  0.0000000000
 -0.2975000143  0.0000000000
 -0.2965999842  0.0000000000
 -0.2957000136  0.0000000000
 -0.2947999835  0.0000000000
 -0.2939000130  0.0000000000
 -0.2929999828  0.0000000000
 -0.2921000123  0.0000000000
 -0.2911999822  0.0000000000
 -0.2903000116  0.0000000000
 -0.2893999815  0.0000000000
 -0.2885000110  0.0000000000
 -0.2876000106  0.0000000000
 -0.2867000103  0.0000000000
 -0.2858000100  0.0000000000
 -0.2849000096  0.0000000000
 -0.2840000093  0.0000000000
 -0.2831000090  0.0000000000
 -0.2822000086  0.0000000000
 -0.2813000083  0.0000000000
 -0.2804000080  0.0000000000
 -0.2795000076  0.0000000000
 -0.2786000073  0.0000000000
 -0.2777000070  0.0000000000
 -0.2768000066  0.0000000000
 -0.2759000063  0.0000000000
 -0.2750000060  0.0000000000
 -0.2741000056  0.0000000000
 -0.2732000053  0.0000000000
 -0.2723000050  0.0000000000
 -0.2714000046  0.0000000000
 -0.2705000043  0.0000000000
 -0.2696000040  0.0000000000
 -0.2687000036  0.0000000000
 -0.2678000033  0.0000000000
 -0.2669000030  0.0000000000
 -0.2660000026  0.0000000000
 -0.2651000023  0.0000000000
 -0.2642000020  0.0000000000
 -0.2633000016  0.0000000000
 -0.2624000013  0.0000000000
 -0.2615000010  0.0000000000
 -0.2606000006  0.0000000000
 -0.2597000003  0.0000000000
 -0.2588000000  0.0000000000
 -0.2578999996  0.0000000000
 -0.2569999993  0.0000000000
 -0.2560999990  0.0000000000
 -0.2551999986  0.0000000000
 -0.2542999983  0.0000000000
 -0.2533999979  0.0000000000
 -0.2524999976  0.0000000000
 -0.2515999973  0.0000000000
 -0.2506999969  0.0000000000
 -0.2497999966  0.0000000000
 -0.2488999963  0.0000000000
 -0.2479999959  0.0000000000
 -0.2470999956  0.0000000000
 -0.2461999953  0.0000000000
 -0.2452999949  0.0000000000
 -0.2443999946  0.0000000000
 -0.2434999943  0.0000000000
 -0.2425999939  0.0000000000
 -0.2416999936  0.0000000000
 -0.2407999933  0.0000000000
 -0.2398999929  0.0000000000
 -0.2389999926  0.0000000000
 -0.2380999923  0.0000000000
 -0.2371999919  0.0000000000
 -0.2362999916  0.0000000000
 -0.2353999913  0.0000000000
 -0.2344999909  0.0000000000
 -0.2335999906  0.0000000000
 -0.2326999903  0.0000000000
 -0.2317999899  0.0000000000
 -0.2309000194  0.0000000000
 -0.2300000191  0.0000000000
 -0.2291000187  0.0000000000
 -0.2282000184  0.0000000000
 -0.2273000181  0.0000000000
 -0.2264000177  0.0000000000
 -0.2255000174  0.0000000000
 -0.2246000171  0.0000000000
 -0.2237000167  0.0000000000
 -0.2228000164  0.0000000000
 -0.2219000161  0.0000000000
 -0.2210000157  0.0000000000
 -0.2201000154  0.0000000000
 -0.2192000151  0.0000000000
 -0.2183000147  0.0000000000
 -0.2174000144  0.0000000000
 -0.2165000141  0.0000000000
 -0.2156000137  0.0000000000
 -0.2147000134  0.0000000000
 -0.2138000131  0.0000000000
 -0.2129000127  0.0000000000
 -0.2120000124  0.0000000000
 -0.2111000121  0.0000000000
 -0.2102000117  0.0000000000
 -0.2093000114  0.0000000000
 -0.2084000111  0.0000000000
 -0.2075000107  0.0000000000
 -0.2066000104  0.0000000000
 -0.2057000101  0.0000000000
 -0.2048000097  0.0000000000
 -0.2039000094  0.0000000000
 -0.2030000091  0.0000000000
 -0.2021000087  0.0000000000
 -0.2012000084  0.0000000000
 -0.2003000081  0.0000000000
 -0.1994000077  0.0000000000
 -0.1985000074  0.0000000000
 -0.1976000071  0.0000000000
 -0.1967000067  0.0000000000
 -0.1958000064  0.0000000000
 -0.1949000061  0.0000000000
 -0.1940000057  0.0000000000
 -0.1931000054  0.0000000000
 -0.1922000051  0.0000000000
 -0.1913000047  0.0000000000
 -0.1904000044  0.0000000000
 -0.1895000041  0.0000000000
 -0.1886000037  0.0000000000
 -0.1877000034  0.0000000000
 -0.1868000031  0.0000000000
 -0.1859000027  0.0000000000
 -0.1850000024  0.0000000000
 -0.1841000021  0.0000000000
 -0.1832000017  0.0000000000
 -0.1823000014  0.0000000000
 -0.1814000010  0.0000000000
 -0.1805000007  0.0000000000
 -0.1796000004  0.0000000000
 -0.1787000000  0.0000000000
 -0.1777999997  0.0000000000
 -0.1768999994  0.0000000000
 -0.1759999990  0.0000000000
 -0.1750999987  0.0000000000
 -0.1741999984  0.0000000000
 -0.1732999980  0.0000000000
 -0.1723999977  0.0000000000
 -0.1714999974  0.0000000000
 -0.1705999970  0.0000000000
 -0.1696999967  0.0000000000
 -0.1687999964  0.0000000000
 -0.1678999960  0.0000000000
 -0.1669999957  0.0000000000
 -0.1660999954  0.0000000000
 -0.1651999950  0.0000000000
 -0.1642999947  0.0000000000
 -0.1633999944  0.0000000000
 -0.1624999940  0.0000000000
 -0.1615999937  0.0000000000
 -0.1606999934  0.0000000000
 -0.1597999930  0.0000000000
 -0.1588999927  0.0000000000
 -0.1579999924  0.0000000000
 -0.1570999920  0.0000000000
 -0.1561999917  0.0000000000
 -0.1552999914  0.0000000000
 -0.1543999910  0.0000000000
 -0.1535000205  0.0000000000
 -0.1526000202  0.0000000000
 -0.1517000198  0.0000000000
 -0.1508000195  0.0000000000
 -0.1499000192  0.0000000000
 -0.1490000188  0.0000000000
 -0.1481000185  0.0000000000
 -0.1472000182  0.0000000000
 -0.1463000178  0.0000000000
 -0.1454000175  0.0000000000
 -0.1445000172  0.0000000000
 -0.1436000168  0.0000000000
 -0.1427000165  0.0000000000
 -0.1418000162  0.0000000000
 -0.1409000158  0.0000000000
 -0.1400000155  0.0000000000
 -0.1391000152  0.0000000000
 -0.1382000148  0.0000000000
 -0.1373000145  0.0000000000
 -0.1364000142  0.0000000000
 -0.1355000138  0.0000000000
 -0.1346000135  0.0000000000
 -0.1337000132  0.0000000000
 -0.1328000128  0.0000000000
 -0.1319000125  0.0000000000
 -0.1310000122  0.0000000000
 -0.1301000118  0.0000000000
 -0.1292000115  0.0000000000
 -0.1283000112  0.0000000000
 -0.1274000108  0.0000000000
 -0.1265000105  0.0000000000
 -0.1256000102  0.0000000000
 -0.1247000098  0.0000000000
 -0.1238000095  0.0000000000
 -0.1229000092  0.0000000000
 -0.1220000088  0.0000000000
 -0.1211000085  0.0000000000
 -0.1202000082  0.0000000000
 -0.1193000078  0.0000000000
 -0.1184000075  0.0000000000
 -0.1175000072  0.0000000000
 -0.1166000068  0.0000000000
 -0.1157000065  0.0000000000
 -0.1148000062  0.0000000000
 -0.1139000058  0.0000000000
 -0.1130000055  0.0000000000
 -0.1121000051  0.0000000000
 -0.1112000048  0.0000000000
 -0.1103000045  0.0000000000
 -0.1094000041  0.0000000000
 -0.1085000038  0.0000000000
 -0.1076000035  0.0000000000
 -0.1067000031  0.0000000000
 -0.1058000028  0.0000000000
 -0.1049000025  0.0000000000
 -0.1040000021  0.0000000000
 -0.1031000018  0.0000000000
 -0.1022000015  0.0000000000
 -0.1013000011  0.0000000000
 -0.1004000008  0.0000000000
 -0.0995000005  0.0000000000
 -0.0986000001  0.0000000000
 -0.0976999998  0.0000000000
 -0.0967999995  0.0000000000
 -0.0958999991  0.0000000000
 -0.0949999988  0.0000000000
 -0.0940999985  0.0000000000
 -0.0931999981  0.0000000000
 -0.0922999978  0.0000000000
 -0.0913999975  0.0000000000
 -0.0904999971  0.0000000000
 -0.0895999968  0.0000000000
 -0.0886999965  0.0000000000
 -0.0877999961  0.0000000000
 -0.0868999958  0.0000000000
 -0.0859999955  0.0000000000
 -0.0850999951  0.0000000000
 -0.0841999948  0.0000000000
 -0.0832999945  0.0000000000
 -0.0823999941  0.0000000000
 -0.0814999938  0.0000000000
 -0.0805999935  0.0000000000
 -0.0796999931  0.0000000000
 -0.0787999928  0.0000000000
 -0.0778999925  0.0000000000
 -0.0770000219  0.0000000000
 -0.0761000216  0.0000000000
 -0.0752000213  0.0000000000
 -0.0743000209  0.0000000000
 -0.0734000206  0.0000000000
 -0.0725000203  0.0000000000
 -0.0716000199  0.0000000000
 -0.0707000196  0.0000000000
 -0.0698000193  0.0000000000
 -0.0689000189  0.0000000000
 -0.0680000186  0.0000000000
 -0.0671000183  0.0000000000
 -0.0662000179  0.0000000000
 -0.0653000176  0.0000000000
 -0.0644000173  0.0000000000
 -0.0635000169  0.0000000000
 -0.0626000166  0.0000000000
 -0.0617000163  0.0000000000
 -0.0608000159  0.0000000000
 -0.0599000156  0.0000000000
 -0.0590000153  0.0000000000
 -0.0581000149  0.0000000000
 -0.0572000146  0.0000000000
 -0.0563000143  0.0000000000
 -0.0554000139  0.0000000000
 -0.0545000136  0.0000000000
 -0.0536000133  0.0000000000
 -0.0527000129  0.0000000000
 -0.0518000126  0.0000000000
 -0.0509000123  0.0000000000
 -0.0500000119  0.0000000000
  0.0000000000 -0.5000000000
  0.0000000000 -0.4990999997
  0.0000000000 -0.4981999993
  0.0000000000 -0.4972999990
  0.0000000000 -0.4963999987
  0.0000000000 -0.4954999983
  0.0000000000 -0.4945999980
  0.0000000000 -0.4936999977
  0.0000000000 -0.4927999973
  0.0000000000 -0.4918999970
  0.0000000000 -0.4909999967
  0.0000000000 -0.4900999963
  0.0000000000 -0.4891999960
  0.0000000000 -0.4882999957
  0.0000000000 -0.4873999953
  0.0000000000 -0.4864999950
  0.0000000000 -0.4855999947
  0.0000000000 -0.4846999943
  0.0000000000 -0.4837999940
  0.0000000000 -0.4828999937
  0.0000000000 -0.4819999933
  0.0000000000 -0.4810999930
  0.0000000000 -0.4801999927
  0.0000000000 -0.4792999923
  0.0000000000 -0.4783999920
  0.0000000000 -0.4774999917
  0.0000000000 -0.4765999913
  0.0000000000 -0.4756999910
  0.0000000000 -0.4747999907
  0.0000000000 -0.4738999903
  0.0000000000 -0.4729999900
  0.0000000000 -0.4720999897
  0.0000000000 -0.4711999893
  0.0000000000 -0.4702999890
  0.0000000000 -0.4693999887
  0.0000000000 -0.4684999883
  0.0000000000 -0.4675999880
  0.0000000000 -0.4666999876
  0.0000000000 -0.4657999873
  0.0000000000 -0.4649000168
  0.0000000000 -0.4639999866
  0.0000000000 -0.4631000161
  0.0000000000 -0.4621999860
  0.0000000000 -0.4613000154
  0.0000000000 -0.4603999853
  0.0000000000 -0.4595000148
  0.0000000000 -0.4585999846
  0.0000000000 -0.4577000141
  0.0000000000 -0.4567999840
  0.0000000000 -0.4559000134
  0.0000000000 -0.4550000131
  0.0000000000 -0.4541000128
  0.0000000000 -0.4532000124
  0.0000000000 -0.4523000121
  0.0000000000 -0.4514000118
  0.0000000000 -0.4505000114
  0.0000000000 -0.4496000111
  0.0000000000 -0.4487000108
  0.0000000000 -0.4478000104
  0.0000000000 -0.4469000101
  0.0000000000 -0.4460000098
  0.0000000000 -0.4451000094
  0.0000000000 -0.4442000091
  0.0000000000 -0.4433000088
  0.0000000000 -0.4424000084
  0.0000000000 -0.4415000081
  0.0000000000 -0.4406000078
  0.0000000000 -0.4397000074
  0.0000000000 -0.4388000071
  0.0000000000 -0.4379000068
  0.0000000000 -0.4370000064
  0.0000000000 -0.4361000061
  0.0000000000 -0.4352000058
  0.0000000000 -0.4343000054
  0.0000000000 -0.4334000051
  0.0000000000 -0.4325000048
  0.0000000000 -0.4316000044
  0.0000000000 -0.4307000041
  0.0000000000 -0.4298000038
  0.0000000000 -0.4289000034
  0.0000000000 -0.4280000031
  0.0000000000 -0.4271000028
  0.0000000000 -0.4262000024
  0.0000000000 -0.4253000021
  0.0000000000 -0.4244000018
  0.0000000000 -0.4235000014
  0.0000000000 -0.4226000011
  0.0000000000 -0.4217000008
  0.0000000000 -0.4208000004
  0.0000000000 -0.4199000001
  0.0000000000 -0.4189999998
  0.0000000000 -0.4180999994
  0.0000000000 -0.4171999991
  0.0000000000 -0.4162999988
  0.0000000000 -0.4153999984
  0.0000000000 -0.4144999981
  0.0000000000 -0.4135999978
  0.0000000000 -0.4126999974
  0.0000000000 -0.4117999971
  0.0000000000 -0.4108999968
  0.0000000000 -0.4099999964
  0.0000000000 -0.4090999961
  0.0000000000 -0.4081999958
  0.0000000000 -0.4072999954
  0.0000000000 -0.4063999951
  0.0000000000 -0.4054999948
  0.0000000000 -0.4045999944
  0.0000000000 -0.4036999941
  0.0000000000 -0.4027999938
  0.0000000000 -0.4018999934
  0.0000000000 -0.4009999931
  0.0000000000 -0.4000999928
  0.0000000000 -0.3991999924
  0.0000000000 -0.3982999921
  0.0000000000 -0.3973999918
  0.0000000000 -0.3964999914
  0.0000000000 -0.3955999911
  0.0000000000 -0.3946999907
  0.0000000000 -0.3938000202
  0.0000000000 -0.3928999901
  0.0000000000 -0.3920000196
  0.0000000000 -0.3910999894
  0.0000000000 -0.3902000189
  0.0000000000 -0.3892999887
  0.0000000000 -0.3884000182
  0.0000000000 -0.3874999881
  0.0000000000 -0.3866000175
  0.0000000000 -0.3856999874
  0.0000000000 -0.3848000169
  0.0000000000 -0.3838999867
  0.0000000000 -0.3830000162
  0.0000000000 -0.3820999861
  0.0000000000 -0.3812000155
  0.0000000000 -0.3802999854
  0.0000000000 -0.3794000149
  0.0000000000 -0.3784999847
  0.0000000000 -0.3776000142
  0.0000000000 -0.3766999841
  0.0000000000 -0.3758000135
  0.0000000000 -0.3748999834
  0.0000000000 -0.3740000129
  0.0000000000 -0.3730999827
  0.0000000000 -0.3722000122
  0.0000000000 -0.3712999821
  0.0000000000 -0.3704000115
  0.0000000000 -0.3694999814
  0.0000000000 -0.3686000109
  0.0000000000 -0.3676999807
  0.0000000000 -0.3668000102
  0.0000000000 -0.3658999801
  0.0000000000 -0.3650000095
  0.0000000000 -0.3641000092
  0.0000000000 -0.3632000089
  0.0000000000 -0.3623000085
  0.0000000000 -0.3614000082
  0.0000000000 -0.3605000079
  0.0000000000 -0.3596000075
  0.0000000000 -0.3587000072
  0.0000000000 -0.3578000069
  0.0000000000 -0.3569000065
  0.0000000000 -0.3560000062
  0.0000000000 -0.3551000059
  0.0000000000 -0.3542000055
  0.0000000000 -0.3533000052
  0.0000000000 -0.3524000049
  0.0000000000 -0.3515000045
  0.0000000000 -0.3506000042
  0.0000000000 -0.3497000039
  0.0000000000 -0.3488000035
  0.0000000000 -0.3479000032
  0.0000000000 -0.3470000029
  0.0000000000 -0.3461000025
  0.0000000000 -0.3452000022
  0.0000000000 -0.3443000019
  0.0000000000 -0.3434000015
  0.0000000000 -0.3425000012
  0.0000000000 -0.3416000009
  0.0000000000 -0.3407000005
  0.0000000000 -0.3398000002
  0.0000000000 -0.3388999999
  0.0000000000 -0.3379999995
  0.0000000000 -0.3370999992
  0.0000000000 -0.3361999989
  0.0000000000 -0.3352999985
  0.0000000000 -0.3343999982
  0.0000000000 -0.3334999979
  0.0000000000 -0.3325999975
  0.0000000000 -0.3316999972
  0.0000000000 -0.3307999969
  0.0000000000 -0.3298999965
  0.0000000000 -0.3289999962
  0.0000000000 -0.3280999959
  0.0000000000 -0.3271999955
  0.0000000000 -0.3263000250
  0.0000000000 -0.3253999949
  0.0000000000 -0.3245000243
  0.0000000000 -0.3235999942
  0.0000000000 -0.3227000237
  0.0000000000 -0.3217999935
  0.0000000000 -0.3209000230
  0.0000000000 -0.3199999928
  0.0000000000 -0.3191000223
  0.0000000000 -0.3181999922
  0.0000000000 -0.3173000216
  0.0000000000 -0.3163999915
  0.0000000000 -0.3155000210
  0.0000000000 -0.3145999908
  0.0000000000 -0.3137000203
  0.0000000000 -0.3127999902
  0.0000000000 -0.3119000196
  0.0000000000 -0.3109999895
  0.0000000000 -0.3101000190
  0.0000000000 -0.3091999888
  0.0000000000 -0.3083000183
  0.0000000000 -0.3073999882
  0.0000000000 -0.3065000176
  0.0000000000 -0.3055999875
  0.0000000000 -0.3047000170
  0.0000000000 -0.3037999868
  0.0000000000 -0.3029000163
  0.0000000000 -0.3019999862
  0.0000000000 -0.3011000156
  0.0000000000 -0.3001999855
  0.0000000000 -0.2993000150
  0.0000000000 -0.2983999848
  0.0000000000 -0.2975000143
  0.0000000000 -0.2965999842
  0.0000000000 -0.2957000136
  0.0000000000 -0.2947999835
  0.0000000000 -0.2939000130
  0.0000000000 -0.2929999828
  0.0000000000 -0.2921000123
  0.0000000000 -0.2911999822
  0.0000000000 -0.2903000116
  0.0000000000 -0.2893999815
  0.0000000000 -0.2885000110
  0.0000000000 -0.2876000106
  0.0000000000 -0.2867000103
  0.0000000000 -0.2858000100
  0.0000000000 -0.2849000096
  0.0000000000 -0.2840000093
  0.0000000000 -0.2831000090
  0.0000000000 -0.2822000086
  0.0000000000 -0.2813000083
  0.0000000000 -0.2804000080
  0.0000000000 -0.2795000076
  0.0000000000 -0.2786000073
  0.0000000000 -0.2777000070
  0.0000000000 -0.2768000066
  0.0000000000 -0.2759000063
  0.0000000000 -0.2750000060
  0.0000000000 -0.2741000056
  0.0000000000 -0.2732000053
  0.0000000000 -0.2723000050
  0.0000000000 -0.2714000046
  0.0000000000 -0.2705000043
  0.0000000000 -0.2696000040
  0.0000000000 -0.2687000036
  0.0000000000 -0.2678000033
  0.0000000000 -0.2669000030
  0.0000000000 -0.2660000026
  0.0000000000 -0.2651000023
  0.0000000000 -0.2642000020
  0.0000000000 -0.2633000016
  0.0000000000 -0.2624000013
  0.0000000000 -0.2615000010
  0.0000000000 -0.2606000006
  0.0000000000 -0.2597000003
  0.0000000000 -0.2588000000
  0.0000000000 -0.2578999996
  0.0000000000 -0.2569999993
  0.0000000000 -0.2560999990
  0.0000000000 -0.2551999986
  0.0000000000 -0.2542999983
  0.0000000000 -0.2533999979
  0.0000000000 -0.2524999976
  0.0000000000 -0.2515999973
  0.0000000000 -0.2506999969
  0.0000000000 -0.2497999966
  0.0000000000 -0.2488999963
  0.0000000000 -0.2479999959
  0.0000000000 -0.2470999956
  0.0000000000 -0.2461999953
  0.0000000000 -0.2452999949
  0.0000000000 -0.2443999946
  0.0000000000 -0.2434999943
  0.0000000000 -0.2425999939
  0.0000000000 -0.2416999936
  0.0000000000 -0.2407999933
  0.0000000000 -0.2398999929
  0.0000000000 -0.2389999926
  0.0000000000 -0.2380999923
  0.0000000000 -0.2371999919
  0.0000000000 -0.2362999916
  0.0000000000 -0.2353999913
  0.0000000000 -0.2344999909
  0.0000000000 -0.2335999906
  0.0000000000 -0.2326999903
  0.0000000000 -0.2317999899
  0.0000000000 -0.2309000194
  0.0000000000 -0.2300000191
  0.0000000000 -0.2291000187
  0.0000000000 -0.2282000184
  0.0000000000 -0.2273000181
  0.0000000000 -0.2264000177
  0.0000000000 -0.2255000174
  0.0000000000 -0.2246000171
  0.0000000000 -0.2237000167
  0.0000000000 -0.2228000164
  0.0000000000 -0.2219000161
  0.0000000000 -0.2210000157
  0.0000000000 -0.2201000154
  0.0000000000 -0.2192000151
  0.0000000000 -0.2183000147
  0.0000000000 -0.2174000144
  0.0000000000 -0.2165000141
  0.0000000000 -0.2156000137
  0.0000000000 -0.2147000134
  0.0000000000 -0.2138000131
  0.0000000000 -0.2129000127
  0.0000000000 -0.2120000124
  0.0000000000 -0.2111000121
  0.0000000000 -0.2102000117
  0.0000000000 -0.2093000114
  0.0000000000 -0.2084000111
  0.0000000000 -0.2075000107
  0.0000000000 -0.2066000104
  0.0000000000 -0.2057000101
  0.0000000000 -0.2048000097
  0.0000000000 -0.2039000094
  0.0000000000 -0.2030000091
  0.0000000000 -0.2021000087
  0.0000000000 -0.2012000084
  0.0000000000 -0.2003000081
  0.0000000000 -0.1994000077
  0.0000000000 -0.1985000074
  0.0000000000 -0.1976000071
  0.0000000000 -0.1967000067
  0.0000000000 -0.1958000064
  0.0000000000 -0.1949000061
  0.0000000000 -0.1940000057
  0.0000000000 -0.1931000054
  0.0000000000 -0.1922000051
  0.0000000000 -0.1913000047
  0.0000000000 -0.1904000044
  0.0000000000 -0.1895000041
  0.0000000000 -0.1886000037
  0.0000000000 -0.1877000034
  0.0000000000 -0.1868000031
  0.0000000000 -0.1859000027
  0.0000000000 -0.1850000024
  0.0000000000 -0.1841000021
  0.0000000000 -0.1832000017
  0.0000000000 -0.1823000014
  0.0000000000 -0.1814000010
  0.0000000000 -0.1805000007
  0.0000000000 -0.1796000004
  0.0000000000 -0.1787000000
  0.0000000000 -0.1777999997
  0.0000000000 -0.1768999994
  0.0000000000 -0.1759999990
  0.0000000000 -0.1750999987
  0.0000000000 -0.1741999984
  0.0000000000 -0.1732999980
  0.0000000000 -0.1723999977
  0.0000000000 -0.1714999974
  0.0000000000 -0.1705999970
  0.0000000000 -0.1696999967
  0.0000000000 -0.1687999964
  0.0000000000 -0.1678999960
  0.0000000000 -0.1669999957
  0.0000000000 -0.1660999954
  0.0000000000 -0.1651999950
  0.0000000000 -0.1642999947
  0.0000000000 -0.1633999944
  0.0000000000 -0.1624999940
  0.0000000000 -0.1615999937
  0.0000000000 -0.1606999934
  0.0000000000 -0.1597999930
  0.0000000000 -0.1588999927
  0.0000000000 -0.1579999924
  0.0000000000 -0.1570999920
  0.0000000000 -0.1561999917
  0.0000000000 -0.1552999914
  0.0000000000 -0.1543999910
  0.0000000000 -0.1535000205
  0.0000000000 -0.1526000202
  0.0000000000 -0.1517000198
  0.0000000000 -0.1508000195
  0.0000000000 -0.1499000192
  0.0000000000 -0.1490000188
  0.0000000000 -0.1481000185
  0.0000000000 -0.1472000182
  0.0000000000 -0.1463000178
  0.0000000000 -0.1454000175
  0.0000000000 -0.1445000172
  0.0000000000 -0.1436000168
  0.0000000000 -0.1427000165
  0.0000000000 -0.1418000162
  0.0000000000 -0.1409000158
  0.0000000000 -0.1400000155
  0.0000000000 -0.1391000152
  0.0000000000 -0.1382000148
  0.0000000000 -0.1373000145
  0.0000000000 -0.1364000142
  0.0000000000 -0.1355000138
  0.0000000000 -0.1346000135
  0.0000000000 -0.1337000132
  0.0000000000 -0.1328000128
  0.0000000000 -0.1319000125
  0.0000000000 -0.1310000122
  0.0000000000 -0.1301000118
  0.0000000000 -0.1292000115
  0.0000000000 -0.1283000112
  0.0000000000 -0.1274000108
  0.0000000000 -0.1265000105
  0.0000000000 -0.1256000102
  0.0000000000 -0.1247000098
  0.0000000000 -0.1238000095
  0.0000000000 -0.1229000092
  0.0000000000 -0.1220000088
  0.0000000000 -0.1211000085
  0.0000000000 -0.1202000082
  0.0000000000 -0.1193000078
  0.0000000000 -0.1184000075
  0.0000000000 -0.1175000072
  0.0000000000 -0.1166000068
  0.0000000000 -0.1157000065
  0.0000000000 -0.1148000062
  0.0000000000 -0.1139000058
  0.0000000000 -0.1130000055
  0.0000000000 -0.1121000051
  0.0000000000 -0.1112000048
  0.0000000000 -0.1103000045
  0.0000000000 -0.1094000041
  0.0000000000 -0.1085000038
  0.0000000000 -0.1076000035
  0.0000000000 -0.1067000031
  0.0000000000 -0.1058000028
  0.0000000000 -0.1049000025
  0.0000000000 -0.1040000021
  0.0000000000 -0.1031000018
  0.0000000000 -0.1022000015
  0.0000000000 -0.1013000011
  0.0000000000 -0.1004000008
  0.0000000000 -0.0995000005
  0.0000000000 -0.0986000001
  0.0000000000 -0.0976999998
  0.0000000000 -0.0967999995
  0.0000000000 -0.0958999991
  0.0000000000 -0.0949999988
  0.0000000000 -0.0940999985
  0.0000000000 -0.0931999981
  0.0000000000 -0.0922999978
  0.0000000000 -0.0913999975
  0.0000000000 -0.0904999971
  0.0000000000 -0.0895999968
  0.0000000000 -0.0886999965
  0.0000000000 -0.0877999961
  0.0000000000 -0.0868999958
  0.0000000000 -0.0859999955
  0.0000000000 -0.0850999951
  0.0000000000 -0.0841999948
  0.0000000000 -0.0832999945
  0.0000000000 -0.0823999941
  0.0000000000 -0.0814999938
  0.0000000000 -0.0805999935
  0.0000000000 -0.0796999931
  0.0000000000 -0.0787999928
  0.0000000000 -0.0778999925
  0.0000000000 -0.0770000219
  0.0000000000 -0.0761000216
  0.0000000000 -0.0752000213
  0.0000000000 -0.0743000209
  0.0000000000 -0.0734000206
  0.0000000000 -0.0725000203
  0.0000000000 -0.0716000199
  0.0000000000 -0.0707000196
  0.0000000000 -0.0698000193
  0.0000000000 -0.0689000189
  0.0000000000 -0.0680000186
  0.0000000000 -0.0671000183
  0.0000000000 -0.0662000179
  0.0000000000 -0.0653000176
  0.0000000000 -0.0644000173
  0.0000000000 -0.0635000169
  0.0000000000 -0.0626000166
  0.0000000000 -0.0617000163
  0.0000000000 -0.0608000159
  0.0000000000 -0.0599000156
  0.0000000000 -0.0590000153
  0.0000000000 -0.0581000149
  0.0000000000 -0.0572000146
  0.0000000000 -0.0563000143
  0.0000000000 -0.0554000139
  0.0000000000 -0.0545000136
  0.0000000000 -0.0536000133
  0.0000000000 -0.0527000129
  0.0000000000 -0.0518000126
  0.0000000000 -0.0509000123
  0.0000000000 -0.0500000119
 -0.0000005035 -0.0497756022
 -0.0000020142 -0.0495512082
 -0.0000045319 -0.0493268232
 -0.0000080566 -0.0491024518
 -0.0000125882 -0.0488780984
 -0.0000181267 -0.0486537677
 -0.0000246719 -0.0484294640
 -0.0000322238 -0.0482051920
 -0.0000407820 -0.0479809562
 -0.0000503466 -0.0477567610
 -0.0000609172 -0.0475326110
 -0.0000724937 -0.0473085107
 -0.0000850759 -0.0470844646
 -0.0000986634 -0.0468604773
 -0.0001132561 -0.0466365531
 -0.0001288535 -0.0464126967
 -0.0001454555 -0.0461889126
 -0.0001630616 -0.0459652053
 -0.0001816716 -0.0457415792
 -0.0002012850 -0.0455180388
 -0.0002219014 -0.0452945888
 -0.0002435205 -0.0450712335
 -0.0002661417 -0.0448479775
 -0.0002897647 -0.0446248253
 -0.0003143890 -0.0444017814
 -0.0003400140 -0.0441788502
 -0.0003666393 -0.0439560362
 -0.0003942643 -0.0437333440
 -0.0004228885 -0.0435107780
 -0.0004525112 -0.0432883427
 -0.0004831319 -0.0430660426
 -0.0005147500 -0.0428438822
 -0.0005473648 -0.0426218659
 -0.0005809757 -0.0423999982
 -0.0006155820 -0.0421782836
 -0.0006511830 -0.0419567266
 -0.0006877779 -0.0417353315
 -0.0007253662 -0.0415141029
 -0.0007639469 -0.0412930453
 -0.0008035193 -0.0410721630
 -0.0008440826 -0.0408514605
 -0.0008856361 -0.0406309423
 -0.0009281787 -0.0404106129
 -0.0009717098 -0.0401904765
 -0.0010162285 -0.0399705378
 -0.0010617337 -0.0397508011
 -0.0011082247 -0.0395312708
 -0.0011557004 -0.0393119513
 -0.0012041600 -0.0390928472
 -0.0012536024 -0.0388739627
 -0.0013040267 -0.0386553023
 -0.0013554317 -0.0384368705
 -0.0014078166 -0.0382186715
 -0.0014611803 -0.0380007099
 -0.0015155216 -0.0377829899
 -0.0015708394 -0.0375655160
 -0.0016271328 -0.0373482926
 -0.0016844004 -0.0371313240
 -0.0017426413 -0.0369146146
 -0.0018018541 -0.0366981687
 -0.0018620377 -0.0364819908
 -0.0019231910 -0.0362660852
 -0.0019853126 -0.0360504562
 -0.0020484013 -0.0358351082
 -0.0021124558 -0.0356200454
 -0.0021774749 -0.0354052723
 -0.0022434572 -0.0351907932
 -0.0023104015 -0.0349766124
 -0.0023783063 -0.0347627342
 -0.0024471703 -0.0345491629
 -0.0025169921 -0.0343359027
 -0.0025877703 -0.0341229581
 -0.0026595035 -0.0339103333
 -0.0027321902 -0.0336980326
 -0.0028058290 -0.0334860602
 -0.0028804184 -0.0332744205
 -0.0029559569 -0.0330631176
 -0.0030324429 -0.0328521559
 -0.0031098749 -0.0326415395
 -0.0031882514 -0.0324312728
 -0.0032675708 -0.0322213600
 -0.0033478315 -0.0320118053
 -0.0034290318 -0.0318026129
 -0.0035111702 -0.0315937870
 -0.0035942449 -0.0313853318
 -0.0036782543 -0.0311772516
 -0.0037631968 -0.0309695505
 -0.0038490706 -0.0307622328
 -0.0039358739 -0.0305553025
 -0.0040236050 -0.0303487639
 -0.0041122622 -0.0301426210
 -0.0042018437 -0.0299368782
 -0.0042923476 -0.0297315395
 -0.0043837722 -0.0295266090
 -0.0044761156 -0.0293220909
 -0.0045693759 -0.0291179892
 -0.0046635513 -0.0289143082
 -0.0047586399 -0.0287110519
 -0.0048546397 -0.0285082244
 -0.0049515488 -0.0283058298
 -0.0050493653 -0.0281038721
 -0.0051480872 -0.0279023555
 -0.0052477125 -0.0277012840
 -0.0053482392 -0.0275006616
 -0.0054496652 -0.0273004924
 -0.0055519886 -0.0271007804
 -0.0056552073 -0.0269015296
 -0.0057593192 -0.0267027441
 -0.0058643221 -0.0265044278
 -0.0059702141 -0.0263065848
 -0.0060769928 -0.0261092190
 -0.0061846563 -0.0259123345
 -0.0062932023 -0.0257159351
 -0.0064026287 -0.0255200248
 -0.0065129332 -0.0253246076
 -0.0066241136 -0.0251296874
 -0.0067361676 -0.0249352682
 -0.0068490931 -0.0247413538
 -0.0069628878 -0.0245479481
 -0.0070775493 -0.0243550551
 -0.0071930753 -0.0241626787
 -0.0073094636 -0.0239708227
 -0.0074267117 -0.0237794909
 -0.0075448173 -0.0235886873
 -0.0076637781 -0.0233984157
 -0.0077835916 -0.0232086799
 -0.0079042554 -0.0230194837
 -0.0080257672 -0.0228308309
 -0.0081481243 -0.0226427254
 -0.0082713245 -0.0224551709
 -0.0083953651 -0.0222681712
 -0.0085202438 -0.0220817301
 -0.0086459579 -0.0218958514
 -0.0087725050 -0.0217105387
 -0.0088998824 -0.0215257958
 -0.0090280878 -0.0213416264
 -0.0091571183 -0.0211580343
 -0.0092869716 -0.0209750231
 -0.0094176448 -0.0207925965
 -0.0095491355 -0.0206107582
 -0.0096814410 -0.0204295119
 -0.0098145585 -0.0202488612
 -0.0099484855 -0.0200688097
 -0.0100832191 -0.0198893611
 -0.0102187568 -0.0197105190
 -0.0103550957 -0.0195322870
 -0.0104922332 -0.0193546686
 -0.0106301665 -0.0191776676
 -0.0107688927 -0.0190012873
 -0.0109084091 -0.0188255314
 -0.0110487129 -0.0186504035
 -0.0111898013 -0.0184759069
 -0.0113316713 -0.0183020454
 -0.0114743203 -0.0181288223
 -0.0116177452 -0.0179562411
 -0.0117619432 -0.0177843054
 -0.0119069114 -0.0176130185
 -0.0120526468 -0.0174423840
 -0.0121991466 -0.0172724053
 -0.0123464078 -0.0171030858
 -0.0124944274 -0.0169344289
 -0.0126432025 -0.0167664379
 -0.0127927299 -0.0165991164
 -0.0129430069 -0.0164324676
 -0.0130940302 -0.0162664950
 -0.0132457968 -0.0161012018
 -0.0133983038 -0.0159365914
 -0.0135515480 -0.0157726671
 -0.0137055264 -0.0156094322
 -0.0138602357 -0.0154468900
 -0.0140156731 -0.0152850438
 -0.0141718352 -0.0151238968
 -0.0143287189 -0.0149634523
 -0.0144863212 -0.0148037135
 -0.0146446388 -0.0146446836
 -0.0148036684 -0.0144863658
 -0.0149634071 -0.0143287633
 -0.0151238514 -0.0141718794
 -0.0152849982 -0.0140157171
 -0.0154468442 -0.0138602795
 -0.0156093862 -0.0137055699
 -0.0157726209 -0.0135515914
 -0.0159365450 -0.0133983470
 -0.0161011552 -0.0132458398
 -0.0162664482 -0.0130940729
 -0.0164324207 -0.0129430494
 -0.0165990693 -0.0127927723
 -0.0167663906 -0.0126432446
 -0.0169343813 -0.0124944693
 -0.0171030380 -0.0123464495
 -0.0172723574 -0.0121991881
 -0.0174423359 -0.0120526881
 -0.0176129703 -0.0119069524
 -0.0177842569 -0.0117619840
 -0.0179561925 -0.0116177858
 -0.0181287734 -0.0114743607
 -0.0183019964 -0.0113317115
 -0.0184758577 -0.0111898412
 -0.0186503541 -0.0110487526
 -0.0188254819 -0.0109084486
 -0.0190012376 -0.0107689320
 -0.0191776177 -0.0106302055
 -0.0193546186 -0.0104922721
 -0.0195322367 -0.0103551344
 -0.0197104686 -0.0102187952
 -0.0198893105 -0.0100832573
 -0.0200687589 -0.0099485234
 -0.0202488102 -0.0098145962
 -0.0204294608 -0.0096814784
 -0.0206107069 -0.0095491728
 -0.0207925450 -0.0094176819
 -0.0209749715 -0.0092870084
 -0.0211579825 -0.0091571549
 -0.0213415745 -0.0090281241
 -0.0215257437 -0.0088999185
 -0.0217104864 -0.0087725408
 -0.0218957989 -0.0086459935
 -0.0220816775 -0.0085202791
 -0.0222681185 -0.0083954003
 -0.0224551180 -0.0082713594
 -0.0226426723 -0.0081481590
 -0.0228307777 -0.0080258016
 -0.0230194303 -0.0079042896
 -0.0232086263 -0.0077836256
 -0.0233983620 -0.0076638118
 -0.0235886335 -0.0075448508
 -0.0237794370 -0.0074267449
 -0.0239707686 -0.0073094966
 -0.0241626244 -0.0071931081
 -0.0243550007 -0.0070775818
 -0.0245478936 -0.0069629200
 -0.0247412991 -0.0068491252
 -0.0249352133 -0.0067361994
 -0.0251296324 -0.0066241451
 -0.0253245525 -0.0065129644
 -0.0255199695 -0.0064026597
 -0.0257158797 -0.0062932331
 -0.0259122789 -0.0061846869
 -0.0261091634 -0.0060770231
 -0.0263065290 -0.0059702441
 -0.0265043719 -0.0058643519
 -0.0267026880 -0.0057593487
 -0.0269014734 -0.0056552366
 -0.0271007240 -0.0055520177
 -0.0273004359 -0.0054496940
 -0.0275006050 -0.0053482677
 -0.0277012272 -0.0052477408
 -0.0279022986 -0.0051481152
 -0.0281038151 -0.0050493931
 -0.0283057727 -0.0049515763
 -0.0285081672 -0.0048546669
 -0.0287109946 -0.0047586669
 -0.0289142507 -0.0046635781
 -0.0291179316 -0.0045694024
 -0.0293220331 -0.0044761418
 -0.0295265511 -0.0043837982
 -0.0297314815 -0.0042923733
 -0.0299368201 -0.0042018691
 -0.0301425629 -0.0041122874
 -0.0303487056 -0.0040236299
 -0.0305552441 -0.0039358985
 -0.0307621743 -0.0038490949
 -0.0309694919 -0.0037632209
 -0.0311771929 -0.0036782782
 -0.0313852730 -0.0035942685
 -0.0315937281 -0.0035111935
 -0.0318025538 -0.0034290549
 -0.0320117461 -0.0033478543
 -0.0322213008 -0.0032675933
 -0.0324312135 -0.0031882737
 -0.0326414801 -0.0031098969
 -0.0328520963 -0.0030324646
 -0.0330630580 -0.0029559783
 -0.0332743607 -0.0028804396
 -0.0334860004 -0.0028058500
 -0.0336979727 -0.0027322109
 -0.0339102733 -0.0026595239
 -0.0341228980 -0.0025877905
 -0.0343358426 -0.0025170120
 -0.0345491026 -0.0024471899
 -0.0347626738 -0.0023783256
 -0.0349765520 -0.0023104205
 -0.0351907327 -0.0022434760
 -0.0354052117 -0.0021774934
 -0.0356199847 -0.0021124740
 -0.0358350474 -0.0020484192
 -0.0360503953 -0.0019853302
 -0.0362660243 -0.0019232084
 -0.0364819298 -0.0018620549
 -0.0366981076 -0.0018018710
 -0.0369145534 -0.0017426579
 -0.0371312627 -0.0016844168
 -0.0373482313 -0.0016271488
 -0.0375654546 -0.0015708552
 -0.0377829285 -0.0015155371
 -0.0380006484 -0.0014611955
 -0.0382186099 -0.0014078316
 -0.0384368088 -0.0013554464
 -0.0386552406 -0.0013040410
 -0.0388739009 -0.0012536165
 -0.0390927853 -0.0012041738
 -0.0393118894 -0.0011557140
 -0.0395312088 -0.0011082379
 -0.0397507390 -0.0010617467
 -0.0399704757 -0.0010162412
 -0.0401904144 -0.0009717223
 -0.0404105507 -0.0009281909
 -0.0406308801 -0.0008856479
 -0.0408513982 -0.0008440942
 -0.0410721006 -0.0008035306
 -0.0412929829 -0.0007639579
 -0.0415140405 -0.0007253769
 -0.0417352690 -0.0006877884
 -0.0419566640 -0.0006511932
 -0.0421782210 -0.0006155919
 -0.0423999356 -0.0005809853
 -0.0426218032 -0.0005473742
 -0.0428438195 -0.0005147591
 -0.0430659799 -0.0004831407
 -0.0432882799 -0.0004525197
 -0.0435107152 -0.0004228967
 -0.0437332811 -0.0003942722
 -0.0439559733 -0.0003666470
 -0.0441787872 -0.0003400214
 -0.0444017184 -0.0003143961
 -0.0446247623 -0.0002897716
 -0.0448479145 -0.0002661483
 -0.0450711705 -0.0002435267
 -0.0452945257 -0.0002219074
 -0.0455179757 -0.0002012907
 -0.0457415160 -0.0001816770
 -0.0459651421 -0.0001630667
 -0.0461888494 -0.0001454603
 -0.0464126335 -0.0001288581
 -0.0466364899 -0.0001132603
 -0.0468604140 -0.0000986674
 -0.0470844013 -0.0000850796
 -0.0473084474 -0.0000724972
 -0.0475325477 -0.0000609204
 -0.0477566977 -0.0000503494
 -0.0479808929 -0.0000407846
 -0.0482051287 -0.0000322260
 -0.0484294007 -0.0000246739
 -0.0486537043 -0.0000181284
 -0.0488780351 -0.0000125897
 -0.0491023884 -0.0000080577
 -0.0493267598 -0.0000045327
 -0.0495511448 -0.0000020148
 -0.0497755388 -0.0000005038
