      1      2     23     22
     22     23     44     43
     43     44     65     64
     64     65     86     85
     85     86    107    106
    106    107    128    127
    127    128    149    148
    148    149    170    169
    169    170    191    190
    190    191    212    211
    211    212    233    232
    232    233    254    253
    253    254    275    274
    274    275    296    295
    295    296    317    316
    316    317    338    337
    337    338    359    358
    358    359    380    379
    379    380    401    400
    400    401    422    421
      2      3     24     23
     23     24     45     44
     44     45     66     65
     65     66     87     86
     86     87    108    107
    107    108    129    128
    128    129    150    149
    149    150    171    170
    170    171    192    191
    191    192    213    212
    212    213    234    233
    233    234    255    254
    254    255    276    275
    275    276    297    296
    296    297    318    317
    317    318    339    338
    338    339    360    359
    359    360    381    380
    380    381    402    401
    401    402    423    422
      3      4     25     24
     24     25     46     45
     45     46     67     66
     66     67     88     87
     87     88    109    108
    108    109    130    129
    129    130    151    150
    150    151    172    171
    171    172    193    192
    192    193    214    213
    213    214    235    234
    234    235    256    255
    255    256    277    276
    276    277    298    297
    297    298    319    318
    318    319    340    339
    339    340    361    360
    360    361    382    381
    381    382    403    402
    402    403    424    423
      4      5     26     25
     25     26     47     46
     46     47     68     67
     67     68     89     88
     88     89    110    109
    109    110    131    130
    130    131    152    151
    151    152    173    172
    172    173    194    193
    193    194    215    214
    214    215    236    235
    235    236    257    256
    256    257    278    277
    277    278    299    298
    298    299    320    319
    319    320    341    340
    340    341    362    361
    361    362    383    382
    382    383    404    403
    403    404    425    424
      5      6     27     26
     26     27     48     47
     47     48     69     68
     68     69     90     89
     89     90    111    110
    110    111    132    131
    131    132    153    152
    152    153    174    173
    173    174    195    194
    194    195    216    215
    215    216    237    236
    236    237    258    257
    257    258    279    278
    278    279    300    299
    299    300    321    320
    320    321    342    341
    341    342    363    362
    362    363    384    383
    383    384    405    404
    404    405    426    425
      6      7     28     27
     27     28     49     48
     48     49     70     69
     69     70     91     90
     90     91    112    111
    111    112    133    132
    132    133    154    153
    153    154    175    174
    174    175    196    195
    195    196    217    216
    216    217    238    237
    237    238    259    258
    258    259    280    279
    279    280    301    300
    300    301    322    321
    321    322    343    342
    342    343    364    363
    363    364    385    384
    384    385    406    405
    405    406    427    426
      7      8     29     28
     28     29     50     49
     49     50     71     70
     70     71     92     91
     91     92    113    112
    112    113    134    133
    133    134    155    154
    154    155    176    175
    175    176    197    196
    196    197    218    217
    217    218    239    238
    238    239    260    259
    259    260    281    280
    280    281    302    301
    301    302    323    322
    322    323    344    343
    343    344    365    364
    364    365    386    385
    385    386    407    406
    406    407    428    427
      8      9     30     29
     29     30     51     50
     50     51     72     71
     71     72     93     92
     92     93    114    113
    113    114    135    134
    134    135    156    155
    155    156    177    176
    176    177    198    197
    197    198    219    218
    218    219    240    239
    239    240    261    260
    260    261    282    281
    281    282    303    302
    302    303    324    323
    323    324    345    344
    344    345    366    365
    365    366    387    386
    386    387    408    407
    407    408    429    428
      9     10     31     30
     30     31     52     51
     51     52     73     72
     72     73     94     93
     93     94    115    114
    114    115    136    135
    135    136    157    156
    156    157    178    177
    177    178    199    198
    198    199    220    219
    219    220    241    240
    240    241    262    261
    261    262    283    282
    282    283    304    303
    303    304    325    324
    324    325    346    345
    345    346    367    366
    366    367    388    387
    387    388    409    408
    408    409    430    429
     10     11     32     31
     31     32     53     52
     52     53     74     73
     73     74     95     94
     94     95    116    115
    115    116    137    136
    136    137    158    157
    157    158    179    178
    178    179    200    199
    199    200    221    220
    220    221    242    241
    241    242    263    262
    262    263    284    283
    283    284    305    304
    304    305    326    325
    325    326    347    346
    346    347    368    367
    367    368    389    388
    388    389    410    409
    409    410    431    430
     11     12     33     32
     32     33     54     53
     53     54     75     74
     74     75     96     95
     95     96    117    116
    116    117    138    137
    137    138    159    158
    158    159    180    179
    179    180    201    200
    200    201    222    221
    221    222    243    242
    242    243    264    263
    263    264    285    284
    284    285    306    305
    305    306    327    326
    326    327    348    347
    347    348    369    368
    368    369    390    389
    389    390    411    410
    410    411    432    431
     12     13     34     33
     33     34     55     54
     54     55     76     75
     75     76     97     96
     96     97    118    117
    117    118    139    138
    138    139    160    159
    159    160    181    180
    180    181    202    201
    201    202    223    222
    222    223    244    243
    243    244    265    264
    264    265    286    285
    285    286    307    306
    306    307    328    327
    327    328    349    348
    348    349    370    369
    369    370    391    390
    390    391    412    411
    411    412    433    432
     13     14     35     34
     34     35     56     55
     55     56     77     76
     76     77     98     97
     97     98    119    118
    118    119    140    139
    139    140    161    160
    160    161    182    181
    181    182    203    202
    202    203    224    223
    223    224    245    244
    244    245    266    265
    265    266    287    286
    286    287    308    307
    307    308    329    328
    328    329    350    349
    349    350    371    370
    370    371    392    391
    391    392    413    412
    412    413    434    433
     14     15     36     35
     35     36     57     56
     56     57     78     77
     77     78     99     98
     98     99    120    119
    119    120    141    140
    140    141    162    161
    161    162    183    182
    182    183    204    203
    203    204    225    224
    224    225    246    245
    245    246    267    266
    266    267    288    287
    287    288    309    308
    308    309    330    329
    329    330    351    350
    350    351    372    371
    371    372    393    392
    392    393    414    413
    413    414    435    434
     15     16     37     36
     36     37     58     57
     57     58     79     78
     78     79    100     99
     99    100    121    120
    120    121    142    141
    141    142    163    162
    162    163    184    183
    183    184    205    204
    204    205    226    225
    225    226    247    246
    246    247    268    267
    267    268    289    288
    288    289    310    309
    309    310    331    330
    330    331    352    351
    351    352    373    372
    372    373    394    393
    393    394    415    414
    414    415    436    435
     16     17     38     37
     37     38     59     58
     58     59     80     79
     79     80    101    100
    100    101    122    121
    121    122    143    142
    142    143    164    163
    163    164    185    184
    184    185    206    205
    205    206    227    226
    226    227    248    247
    247    248    269    268
    268    269    290    289
    289    290    311    310
    310    311    332    331
    331    332    353    352
    352    353    374    373
    373    374    395    394
    394    395    416    415
    415    416    437    436
     17     18     39     38
     38     39     60     59
     59     60     81     80
     80     81    102    101
    101    102    123    122
    122    123    144    143
    143    144    165    164
    164    165    186    185
    185    186    207    206
    206    207    228    227
    227    228    249    248
    248    249    270    269
    269    270    291    290
    290    291    312    311
    311    312    333    332
    332    333    354    353
    353    354    375    374
    374    375    396    395
    395    396    417    416
    416    417    438    437
     18     19     40     39
     39     40     61     60
     60     61     82     81
     81     82    103    102
    102    103    124    123
    123    124    145    144
    144    145    166    165
    165    166    187    186
    186    187    208    207
    207    208    229    228
    228    229    250    249
    249    250    271    270
    270    271    292    291
    291    292    313    312
    312    313    334    333
    333    334    355    354
    354    355    376    375
    375    376    397    396
    396    397    418    417
    417    418    439    438
     19     20     41     40
     40     41     62     61
     61     62     83     82
     82     83    104    103
    103    104    125    124
    124    125    146    145
    145    146    167    166
    166    167    188    187
    187    188    209    208
    208    209    230    229
    229    230    251    250
    250    251    272    271
    271    272    293    292
    292    293    314    313
    313    314    335    334
    334    335    356    355
    355    356    377    376
    376    377    398    397
    397    398    419    418
    418    419    440    439
     20     21     42     41
     41     42     63     62
     62     63     84     83
     83     84    105    104
    104    105    126    125
    125    126    147    146
    146    147    168    167
    167    168    189    188
    188    189    210    209
    209    210    231    230
    230    231    252    251
    251    252    273    272
    272    273    294    293
    293    294    315    314
    314    315    336    335
    335    336    357    356
    356    357    378    377
    377    378    399    398
    398    399    420    419
    419    420    441    440
