      1      2    103    102
    102    103    204    203
    203    204    305    304
    304    305    406    405
    405    406    507    506
    506    507    608    607
    607    608    709    708
    708    709    810    809
    809    810    911    910
    910    911   1012   1011
   1011   1012   1113   1112
   1112   1113   1214   1213
   1213   1214   1315   1314
   1314   1315   1416   1415
   1415   1416   1517   1516
   1516   1517   1618   1617
   1617   1618   1719   1718
   1718   1719   1820   1819
   1819   1820   1921   1920
   1920   1921   2022   2021
      2      3    104    103
    103    104    205    204
    204    205    306    305
    305    306    407    406
    406    407    508    507
    507    508    609    608
    608    609    710    709
    709    710    811    810
    810    811    912    911
    911    912   1013   1012
   1012   1013   1114   1113
   1113   1114   1215   1214
   1214   1215   1316   1315
   1315   1316   1417   1416
   1416   1417   1518   1517
   1517   1518   1619   1618
   1618   1619   1720   1719
   1719   1720   1821   1820
   1820   1821   1922   1921
   1921   1922   2023   2022
      3      4    105    104
    104    105    206    205
    205    206    307    306
    306    307    408    407
    407    408    509    508
    508    509    610    609
    609    610    711    710
    710    711    812    811
    811    812    913    912
    912    913   1014   1013
   1013   1014   1115   1114
   1114   1115   1216   1215
   1215   1216   1317   1316
   1316   1317   1418   1417
   1417   1418   1519   1518
   1518   1519   1620   1619
   1619   1620   1721   1720
   1720   1721   1822   1821
   1821   1822   1923   1922
   1922   1923   2024   2023
      4      5    106    105
    105    106    207    206
    206    207    308    307
    307    308    409    408
    408    409    510    509
    509    510    611    610
    610    611    712    711
    711    712    813    812
    812    813    914    913
    913    914   1015   1014
   1014   1015   1116   1115
   1115   1116   1217   1216
   1216   1217   1318   1317
   1317   1318   1419   1418
   1418   1419   1520   1519
   1519   1520   1621   1620
   1620   1621   1722   1721
   1721   1722   1823   1822
   1822   1823   1924   1923
   1923   1924   2025   2024
      5      6    107    106
    106    107    208    207
    207    208    309    308
    308    309    410    409
    409    410    511    510
    510    511    612    611
    611    612    713    712
    712    713    814    813
    813    814    915    914
    914    915   1016   1015
   1015   1016   1117   1116
   1116   1117   1218   1217
   1217   1218   1319   1318
   1318   1319   1420   1419
   1419   1420   1521   1520
   1520   1521   1622   1621
   1621   1622   1723   1722
   1722   1723   1824   1823
   1823   1824   1925   1924
   1924   1925   2026   2025
      6      7    108    107
    107    108    209    208
    208    209    310    309
    309    310    411    410
    410    411    512    511
    511    512    613    612
    612    613    714    713
    713    714    815    814
    814    815    916    915
    915    916   1017   1016
   1016   1017   1118   1117
   1117   1118   1219   1218
   1218   1219   1320   1319
   1319   1320   1421   1420
   1420   1421   1522   1521
   1521   1522   1623   1622
   1622   1623   1724   1723
   1723   1724   1825   1824
   1824   1825   1926   1925
   1925   1926   2027   2026
      7      8    109    108
    108    109    210    209
    209    210    311    310
    310    311    412    411
    411    412    513    512
    512    513    614    613
    613    614    715    714
    714    715    816    815
    815    816    917    916
    916    917   1018   1017
   1017   1018   1119   1118
   1118   1119   1220   1219
   1219   1220   1321   1320
   1320   1321   1422   1421
   1421   1422   1523   1522
   1522   1523   1624   1623
   1623   1624   1725   1724
   1724   1725   1826   1825
   1825   1826   1927   1926
   1926   1927   2028   2027
      8      9    110    109
    109    110    211    210
    210    211    312    311
    311    312    413    412
    412    413    514    513
    513    514    615    614
    614    615    716    715
    715    716    817    816
    816    817    918    917
    917    918   1019   1018
   1018   1019   1120   1119
   1119   1120   1221   1220
   1220   1221   1322   1321
   1321   1322   1423   1422
   1422   1423   1524   1523
   1523   1524   1625   1624
   1624   1625   1726   1725
   1725   1726   1827   1826
   1826   1827   1928   1927
   1927   1928   2029   2028
      9     10    111    110
    110    111    212    211
    211    212    313    312
    312    313    414    413
    413    414    515    514
    514    515    616    615
    615    616    717    716
    716    717    818    817
    817    818    919    918
    918    919   1020   1019
   1019   1020   1121   1120
   1120   1121   1222   1221
   1221   1222   1323   1322
   1322   1323   1424   1423
   1423   1424   1525   1524
   1524   1525   1626   1625
   1625   1626   1727   1726
   1726   1727   1828   1827
   1827   1828   1929   1928
   1928   1929   2030   2029
     10     11    112    111
    111    112    213    212
    212    213    314    313
    313    314    415    414
    414    415    516    515
    515    516    617    616
    616    617    718    717
    717    718    819    818
    818    819    920    919
    919    920   1021   1020
   1020   1021   1122   1121
   1121   1122   1223   1222
   1222   1223   1324   1323
   1323   1324   1425   1424
   1424   1425   1526   1525
   1525   1526   1627   1626
   1626   1627   1728   1727
   1727   1728   1829   1828
   1828   1829   1930   1929
   1929   1930   2031   2030
     11     12    113    112
    112    113    214    213
    213    214    315    314
    314    315    416    415
    415    416    517    516
    516    517    618    617
    617    618    719    718
    718    719    820    819
    819    820    921    920
    920    921   1022   1021
   1021   1022   1123   1122
   1122   1123   1224   1223
   1223   1224   1325   1324
   1324   1325   1426   1425
   1425   1426   1527   1526
   1526   1527   1628   1627
   1627   1628   1729   1728
   1728   1729   1830   1829
   1829   1830   1931   1930
   1930   1931   2032   2031
     12     13    114    113
    113    114    215    214
    214    215    316    315
    315    316    417    416
    416    417    518    517
    517    518    619    618
    618    619    720    719
    719    720    821    820
    820    821    922    921
    921    922   1023   1022
   1022   1023   1124   1123
   1123   1124   1225   1224
   1224   1225   1326   1325
   1325   1326   1427   1426
   1426   1427   1528   1527
   1527   1528   1629   1628
   1628   1629   1730   1729
   1729   1730   1831   1830
   1830   1831   1932   1931
   1931   1932   2033   2032
     13     14    115    114
    114    115    216    215
    215    216    317    316
    316    317    418    417
    417    418    519    518
    518    519    620    619
    619    620    721    720
    720    721    822    821
    821    822    923    922
    922    923   1024   1023
   1023   1024   1125   1124
   1124   1125   1226   1225
   1225   1226   1327   1326
   1326   1327   1428   1427
   1427   1428   1529   1528
   1528   1529   1630   1629
   1629   1630   1731   1730
   1730   1731   1832   1831
   1831   1832   1933   1932
   1932   1933   2034   2033
     14     15    116    115
    115    116    217    216
    216    217    318    317
    317    318    419    418
    418    419    520    519
    519    520    621    620
    620    621    722    721
    721    722    823    822
    822    823    924    923
    923    924   1025   1024
   1024   1025   1126   1125
   1125   1126   1227   1226
   1226   1227   1328   1327
   1327   1328   1429   1428
   1428   1429   1530   1529
   1529   1530   1631   1630
   1630   1631   1732   1731
   1731   1732   1833   1832
   1832   1833   1934   1933
   1933   1934   2035   2034
     15     16    117    116
    116    117    218    217
    217    218    319    318
    318    319    420    419
    419    420    521    520
    520    521    622    621
    621    622    723    722
    722    723    824    823
    823    824    925    924
    924    925   1026   1025
   1025   1026   1127   1126
   1126   1127   1228   1227
   1227   1228   1329   1328
   1328   1329   1430   1429
   1429   1430   1531   1530
   1530   1531   1632   1631
   1631   1632   1733   1732
   1732   1733   1834   1833
   1833   1834   1935   1934
   1934   1935   2036   2035
     16     17    118    117
    117    118    219    218
    218    219    320    319
    319    320    421    420
    420    421    522    521
    521    522    623    622
    622    623    724    723
    723    724    825    824
    824    825    926    925
    925    926   1027   1026
   1026   1027   1128   1127
   1127   1128   1229   1228
   1228   1229   1330   1329
   1329   1330   1431   1430
   1430   1431   1532   1531
   1531   1532   1633   1632
   1632   1633   1734   1733
   1733   1734   1835   1834
   1834   1835   1936   1935
   1935   1936   2037   2036
     17     18    119    118
    118    119    220    219
    219    220    321    320
    320    321    422    421
    421    422    523    522
    522    523    624    623
    623    624    725    724
    724    725    826    825
    825    826    927    926
    926    927   1028   1027
   1027   1028   1129   1128
   1128   1129   1230   1229
   1229   1230   1331   1330
   1330   1331   1432   1431
   1431   1432   1533   1532
   1532   1533   1634   1633
   1633   1634   1735   1734
   1734   1735   1836   1835
   1835   1836   1937   1936
   1936   1937   2038   2037
     18     19    120    119
    119    120    221    220
    220    221    322    321
    321    322    423    422
    422    423    524    523
    523    524    625    624
    624    625    726    725
    725    726    827    826
    826    827    928    927
    927    928   1029   1028
   1028   1029   1130   1129
   1129   1130   1231   1230
   1230   1231   1332   1331
   1331   1332   1433   1432
   1432   1433   1534   1533
   1533   1534   1635   1634
   1634   1635   1736   1735
   1735   1736   1837   1836
   1836   1837   1938   1937
   1937   1938   2039   2038
     19     20    121    120
    120    121    222    221
    221    222    323    322
    322    323    424    423
    423    424    525    524
    524    525    626    625
    625    626    727    726
    726    727    828    827
    827    828    929    928
    928    929   1030   1029
   1029   1030   1131   1130
   1130   1131   1232   1231
   1231   1232   1333   1332
   1332   1333   1434   1433
   1433   1434   1535   1534
   1534   1535   1636   1635
   1635   1636   1737   1736
   1736   1737   1838   1837
   1837   1838   1939   1938
   1938   1939   2040   2039
     20     21    122    121
    121    122    223    222
    222    223    324    323
    323    324    425    424
    424    425    526    525
    525    526    627    626
    626    627    728    727
    727    728    829    828
    828    829    930    929
    929    930   1031   1030
   1030   1031   1132   1131
   1131   1132   1233   1232
   1232   1233   1334   1333
   1333   1334   1435   1434
   1434   1435   1536   1535
   1535   1536   1637   1636
   1636   1637   1738   1737
   1737   1738   1839   1838
   1838   1839   1940   1939
   1939   1940   2041   2040
     21     22    123    122
    122    123    224    223
    223    224    325    324
    324    325    426    425
    425    426    527    526
    526    527    628    627
    627    628    729    728
    728    729    830    829
    829    830    931    930
    930    931   1032   1031
   1031   1032   1133   1132
   1132   1133   1234   1233
   1233   1234   1335   1334
   1334   1335   1436   1435
   1435   1436   1537   1536
   1536   1537   1638   1637
   1637   1638   1739   1738
   1738   1739   1840   1839
   1839   1840   1941   1940
   1940   1941   2042   2041
     22     23    124    123
    123    124    225    224
    224    225    326    325
    325    326    427    426
    426    427    528    527
    527    528    629    628
    628    629    730    729
    729    730    831    830
    830    831    932    931
    931    932   1033   1032
   1032   1033   1134   1133
   1133   1134   1235   1234
   1234   1235   1336   1335
   1335   1336   1437   1436
   1436   1437   1538   1537
   1537   1538   1639   1638
   1638   1639   1740   1739
   1739   1740   1841   1840
   1840   1841   1942   1941
   1941   1942   2043   2042
     23     24    125    124
    124    125    226    225
    225    226    327    326
    326    327    428    427
    427    428    529    528
    528    529    630    629
    629    630    731    730
    730    731    832    831
    831    832    933    932
    932    933   1034   1033
   1033   1034   1135   1134
   1134   1135   1236   1235
   1235   1236   1337   1336
   1336   1337   1438   1437
   1437   1438   1539   1538
   1538   1539   1640   1639
   1639   1640   1741   1740
   1740   1741   1842   1841
   1841   1842   1943   1942
   1942   1943   2044   2043
     24     25    126    125
    125    126    227    226
    226    227    328    327
    327    328    429    428
    428    429    530    529
    529    530    631    630
    630    631    732    731
    731    732    833    832
    832    833    934    933
    933    934   1035   1034
   1034   1035   1136   1135
   1135   1136   1237   1236
   1236   1237   1338   1337
   1337   1338   1439   1438
   1438   1439   1540   1539
   1539   1540   1641   1640
   1640   1641   1742   1741
   1741   1742   1843   1842
   1842   1843   1944   1943
   1943   1944   2045   2044
     25     26    127    126
    126    127    228    227
    227    228    329    328
    328    329    430    429
    429    430    531    530
    530    531    632    631
    631    632    733    732
    732    733    834    833
    833    834    935    934
    934    935   1036   1035
   1035   1036   1137   1136
   1136   1137   1238   1237
   1237   1238   1339   1338
   1338   1339   1440   1439
   1439   1440   1541   1540
   1540   1541   1642   1641
   1641   1642   1743   1742
   1742   1743   1844   1843
   1843   1844   1945   1944
   1944   1945   2046   2045
     26     27    128    127
    127    128    229    228
    228    229    330    329
    329    330    431    430
    430    431    532    531
    531    532    633    632
    632    633    734    733
    733    734    835    834
    834    835    936    935
    935    936   1037   1036
   1036   1037   1138   1137
   1137   1138   1239   1238
   1238   1239   1340   1339
   1339   1340   1441   1440
   1440   1441   1542   1541
   1541   1542   1643   1642
   1642   1643   1744   1743
   1743   1744   1845   1844
   1844   1845   1946   1945
   1945   1946   2047   2046
     27     28    129    128
    128    129    230    229
    229    230    331    330
    330    331    432    431
    431    432    533    532
    532    533    634    633
    633    634    735    734
    734    735    836    835
    835    836    937    936
    936    937   1038   1037
   1037   1038   1139   1138
   1138   1139   1240   1239
   1239   1240   1341   1340
   1340   1341   1442   1441
   1441   1442   1543   1542
   1542   1543   1644   1643
   1643   1644   1745   1744
   1744   1745   1846   1845
   1845   1846   1947   1946
   1946   1947   2048   2047
     28     29    130    129
    129    130    231    230
    230    231    332    331
    331    332    433    432
    432    433    534    533
    533    534    635    634
    634    635    736    735
    735    736    837    836
    836    837    938    937
    937    938   1039   1038
   1038   1039   1140   1139
   1139   1140   1241   1240
   1240   1241   1342   1341
   1341   1342   1443   1442
   1442   1443   1544   1543
   1543   1544   1645   1644
   1644   1645   1746   1745
   1745   1746   1847   1846
   1846   1847   1948   1947
   1947   1948   2049   2048
     29     30    131    130
    130    131    232    231
    231    232    333    332
    332    333    434    433
    433    434    535    534
    534    535    636    635
    635    636    737    736
    736    737    838    837
    837    838    939    938
    938    939   1040   1039
   1039   1040   1141   1140
   1140   1141   1242   1241
   1241   1242   1343   1342
   1342   1343   1444   1443
   1443   1444   1545   1544
   1544   1545   1646   1645
   1645   1646   1747   1746
   1746   1747   1848   1847
   1847   1848   1949   1948
   1948   1949   2050   2049
     30     31    132    131
    131    132    233    232
    232    233    334    333
    333    334    435    434
    434    435    536    535
    535    536    637    636
    636    637    738    737
    737    738    839    838
    838    839    940    939
    939    940   1041   1040
   1040   1041   1142   1141
   1141   1142   1243   1242
   1242   1243   1344   1343
   1343   1344   1445   1444
   1444   1445   1546   1545
   1545   1546   1647   1646
   1646   1647   1748   1747
   1747   1748   1849   1848
   1848   1849   1950   1949
   1949   1950   2051   2050
     31     32    133    132
    132    133    234    233
    233    234    335    334
    334    335    436    435
    435    436    537    536
    536    537    638    637
    637    638    739    738
    738    739    840    839
    839    840    941    940
    940    941   1042   1041
   1041   1042   1143   1142
   1142   1143   1244   1243
   1243   1244   1345   1344
   1344   1345   1446   1445
   1445   1446   1547   1546
   1546   1547   1648   1647
   1647   1648   1749   1748
   1748   1749   1850   1849
   1849   1850   1951   1950
   1950   1951   2052   2051
     32     33    134    133
    133    134    235    234
    234    235    336    335
    335    336    437    436
    436    437    538    537
    537    538    639    638
    638    639    740    739
    739    740    841    840
    840    841    942    941
    941    942   1043   1042
   1042   1043   1144   1143
   1143   1144   1245   1244
   1244   1245   1346   1345
   1345   1346   1447   1446
   1446   1447   1548   1547
   1547   1548   1649   1648
   1648   1649   1750   1749
   1749   1750   1851   1850
   1850   1851   1952   1951
   1951   1952   2053   2052
     33     34    135    134
    134    135    236    235
    235    236    337    336
    336    337    438    437
    437    438    539    538
    538    539    640    639
    639    640    741    740
    740    741    842    841
    841    842    943    942
    942    943   1044   1043
   1043   1044   1145   1144
   1144   1145   1246   1245
   1245   1246   1347   1346
   1346   1347   1448   1447
   1447   1448   1549   1548
   1548   1549   1650   1649
   1649   1650   1751   1750
   1750   1751   1852   1851
   1851   1852   1953   1952
   1952   1953   2054   2053
     34     35    136    135
    135    136    237    236
    236    237    338    337
    337    338    439    438
    438    439    540    539
    539    540    641    640
    640    641    742    741
    741    742    843    842
    842    843    944    943
    943    944   1045   1044
   1044   1045   1146   1145
   1145   1146   1247   1246
   1246   1247   1348   1347
   1347   1348   1449   1448
   1448   1449   1550   1549
   1549   1550   1651   1650
   1650   1651   1752   1751
   1751   1752   1853   1852
   1852   1853   1954   1953
   1953   1954   2055   2054
     35     36    137    136
    136    137    238    237
    237    238    339    338
    338    339    440    439
    439    440    541    540
    540    541    642    641
    641    642    743    742
    742    743    844    843
    843    844    945    944
    944    945   1046   1045
   1045   1046   1147   1146
   1146   1147   1248   1247
   1247   1248   1349   1348
   1348   1349   1450   1449
   1449   1450   1551   1550
   1550   1551   1652   1651
   1651   1652   1753   1752
   1752   1753   1854   1853
   1853   1854   1955   1954
   1954   1955   2056   2055
     36     37    138    137
    137    138    239    238
    238    239    340    339
    339    340    441    440
    440    441    542    541
    541    542    643    642
    642    643    744    743
    743    744    845    844
    844    845    946    945
    945    946   1047   1046
   1046   1047   1148   1147
   1147   1148   1249   1248
   1248   1249   1350   1349
   1349   1350   1451   1450
   1450   1451   1552   1551
   1551   1552   1653   1652
   1652   1653   1754   1753
   1753   1754   1855   1854
   1854   1855   1956   1955
   1955   1956   2057   2056
     37     38    139    138
    138    139    240    239
    239    240    341    340
    340    341    442    441
    441    442    543    542
    542    543    644    643
    643    644    745    744
    744    745    846    845
    845    846    947    946
    946    947   1048   1047
   1047   1048   1149   1148
   1148   1149   1250   1249
   1249   1250   1351   1350
   1350   1351   1452   1451
   1451   1452   1553   1552
   1552   1553   1654   1653
   1653   1654   1755   1754
   1754   1755   1856   1855
   1855   1856   1957   1956
   1956   1957   2058   2057
     38     39    140    139
    139    140    241    240
    240    241    342    341
    341    342    443    442
    442    443    544    543
    543    544    645    644
    644    645    746    745
    745    746    847    846
    846    847    948    947
    947    948   1049   1048
   1048   1049   1150   1149
   1149   1150   1251   1250
   1250   1251   1352   1351
   1351   1352   1453   1452
   1452   1453   1554   1553
   1553   1554   1655   1654
   1654   1655   1756   1755
   1755   1756   1857   1856
   1856   1857   1958   1957
   1957   1958   2059   2058
     39     40    141    140
    140    141    242    241
    241    242    343    342
    342    343    444    443
    443    444    545    544
    544    545    646    645
    645    646    747    746
    746    747    848    847
    847    848    949    948
    948    949   1050   1049
   1049   1050   1151   1150
   1150   1151   1252   1251
   1251   1252   1353   1352
   1352   1353   1454   1453
   1453   1454   1555   1554
   1554   1555   1656   1655
   1655   1656   1757   1756
   1756   1757   1858   1857
   1857   1858   1959   1958
   1958   1959   2060   2059
     40     41    142    141
    141    142    243    242
    242    243    344    343
    343    344    445    444
    444    445    546    545
    545    546    647    646
    646    647    748    747
    747    748    849    848
    848    849    950    949
    949    950   1051   1050
   1050   1051   1152   1151
   1151   1152   1253   1252
   1252   1253   1354   1353
   1353   1354   1455   1454
   1454   1455   1556   1555
   1555   1556   1657   1656
   1656   1657   1758   1757
   1757   1758   1859   1858
   1858   1859   1960   1959
   1959   1960   2061   2060
     41     42    143    142
    142    143    244    243
    243    244    345    344
    344    345    446    445
    445    446    547    546
    546    547    648    647
    647    648    749    748
    748    749    850    849
    849    850    951    950
    950    951   1052   1051
   1051   1052   1153   1152
   1152   1153   1254   1253
   1253   1254   1355   1354
   1354   1355   1456   1455
   1455   1456   1557   1556
   1556   1557   1658   1657
   1657   1658   1759   1758
   1758   1759   1860   1859
   1859   1860   1961   1960
   1960   1961   2062   2061
     42     43    144    143
    143    144    245    244
    244    245    346    345
    345    346    447    446
    446    447    548    547
    547    548    649    648
    648    649    750    749
    749    750    851    850
    850    851    952    951
    951    952   1053   1052
   1052   1053   1154   1153
   1153   1154   1255   1254
   1254   1255   1356   1355
   1355   1356   1457   1456
   1456   1457   1558   1557
   1557   1558   1659   1658
   1658   1659   1760   1759
   1759   1760   1861   1860
   1860   1861   1962   1961
   1961   1962   2063   2062
     43     44    145    144
    144    145    246    245
    245    246    347    346
    346    347    448    447
    447    448    549    548
    548    549    650    649
    649    650    751    750
    750    751    852    851
    851    852    953    952
    952    953   1054   1053
   1053   1054   1155   1154
   1154   1155   1256   1255
   1255   1256   1357   1356
   1356   1357   1458   1457
   1457   1458   1559   1558
   1558   1559   1660   1659
   1659   1660   1761   1760
   1760   1761   1862   1861
   1861   1862   1963   1962
   1962   1963   2064   2063
     44     45    146    145
    145    146    247    246
    246    247    348    347
    347    348    449    448
    448    449    550    549
    549    550    651    650
    650    651    752    751
    751    752    853    852
    852    853    954    953
    953    954   1055   1054
   1054   1055   1156   1155
   1155   1156   1257   1256
   1256   1257   1358   1357
   1357   1358   1459   1458
   1458   1459   1560   1559
   1559   1560   1661   1660
   1660   1661   1762   1761
   1761   1762   1863   1862
   1862   1863   1964   1963
   1963   1964   2065   2064
     45     46    147    146
    146    147    248    247
    247    248    349    348
    348    349    450    449
    449    450    551    550
    550    551    652    651
    651    652    753    752
    752    753    854    853
    853    854    955    954
    954    955   1056   1055
   1055   1056   1157   1156
   1156   1157   1258   1257
   1257   1258   1359   1358
   1358   1359   1460   1459
   1459   1460   1561   1560
   1560   1561   1662   1661
   1661   1662   1763   1762
   1762   1763   1864   1863
   1863   1864   1965   1964
   1964   1965   2066   2065
     46     47    148    147
    147    148    249    248
    248    249    350    349
    349    350    451    450
    450    451    552    551
    551    552    653    652
    652    653    754    753
    753    754    855    854
    854    855    956    955
    955    956   1057   1056
   1056   1057   1158   1157
   1157   1158   1259   1258
   1258   1259   1360   1359
   1359   1360   1461   1460
   1460   1461   1562   1561
   1561   1562   1663   1662
   1662   1663   1764   1763
   1763   1764   1865   1864
   1864   1865   1966   1965
   1965   1966   2067   2066
     47     48    149    148
    148    149    250    249
    249    250    351    350
    350    351    452    451
    451    452    553    552
    552    553    654    653
    653    654    755    754
    754    755    856    855
    855    856    957    956
    956    957   1058   1057
   1057   1058   1159   1158
   1158   1159   1260   1259
   1259   1260   1361   1360
   1360   1361   1462   1461
   1461   1462   1563   1562
   1562   1563   1664   1663
   1663   1664   1765   1764
   1764   1765   1866   1865
   1865   1866   1967   1966
   1966   1967   2068   2067
     48     49    150    149
    149    150    251    250
    250    251    352    351
    351    352    453    452
    452    453    554    553
    553    554    655    654
    654    655    756    755
    755    756    857    856
    856    857    958    957
    957    958   1059   1058
   1058   1059   1160   1159
   1159   1160   1261   1260
   1260   1261   1362   1361
   1361   1362   1463   1462
   1462   1463   1564   1563
   1563   1564   1665   1664
   1664   1665   1766   1765
   1765   1766   1867   1866
   1866   1867   1968   1967
   1967   1968   2069   2068
     49     50    151    150
    150    151    252    251
    251    252    353    352
    352    353    454    453
    453    454    555    554
    554    555    656    655
    655    656    757    756
    756    757    858    857
    857    858    959    958
    958    959   1060   1059
   1059   1060   1161   1160
   1160   1161   1262   1261
   1261   1262   1363   1362
   1362   1363   1464   1463
   1463   1464   1565   1564
   1564   1565   1666   1665
   1665   1666   1767   1766
   1766   1767   1868   1867
   1867   1868   1969   1968
   1968   1969   2070   2069
     50     51    152    151
    151    152    253    252
    252    253    354    353
    353    354    455    454
    454    455    556    555
    555    556    657    656
    656    657    758    757
    757    758    859    858
    858    859    960    959
    959    960   1061   1060
   1060   1061   1162   1161
   1161   1162   1263   1262
   1262   1263   1364   1363
   1363   1364   1465   1464
   1464   1465   1566   1565
   1565   1566   1667   1666
   1666   1667   1768   1767
   1767   1768   1869   1868
   1868   1869   1970   1969
   1969   1970   2071   2070
     51     52    153    152
    152    153    254    253
    253    254    355    354
    354    355    456    455
    455    456    557    556
    556    557    658    657
    657    658    759    758
    758    759    860    859
    859    860    961    960
    960    961   1062   1061
   1061   1062   1163   1162
   1162   1163   1264   1263
   1263   1264   1365   1364
   1364   1365   1466   1465
   1465   1466   1567   1566
   1566   1567   1668   1667
   1667   1668   1769   1768
   1768   1769   1870   1869
   1869   1870   1971   1970
   1970   1971   2072   2071
     52     53    154    153
    153    154    255    254
    254    255    356    355
    355    356    457    456
    456    457    558    557
    557    558    659    658
    658    659    760    759
    759    760    861    860
    860    861    962    961
    961    962   1063   1062
   1062   1063   1164   1163
   1163   1164   1265   1264
   1264   1265   1366   1365
   1365   1366   1467   1466
   1466   1467   1568   1567
   1567   1568   1669   1668
   1668   1669   1770   1769
   1769   1770   1871   1870
   1870   1871   1972   1971
   1971   1972   2073   2072
     53     54    155    154
    154    155    256    255
    255    256    357    356
    356    357    458    457
    457    458    559    558
    558    559    660    659
    659    660    761    760
    760    761    862    861
    861    862    963    962
    962    963   1064   1063
   1063   1064   1165   1164
   1164   1165   1266   1265
   1265   1266   1367   1366
   1366   1367   1468   1467
   1467   1468   1569   1568
   1568   1569   1670   1669
   1669   1670   1771   1770
   1770   1771   1872   1871
   1871   1872   1973   1972
   1972   1973   2074   2073
     54     55    156    155
    155    156    257    256
    256    257    358    357
    357    358    459    458
    458    459    560    559
    559    560    661    660
    660    661    762    761
    761    762    863    862
    862    863    964    963
    963    964   1065   1064
   1064   1065   1166   1165
   1165   1166   1267   1266
   1266   1267   1368   1367
   1367   1368   1469   1468
   1468   1469   1570   1569
   1569   1570   1671   1670
   1670   1671   1772   1771
   1771   1772   1873   1872
   1872   1873   1974   1973
   1973   1974   2075   2074
     55     56    157    156
    156    157    258    257
    257    258    359    358
    358    359    460    459
    459    460    561    560
    560    561    662    661
    661    662    763    762
    762    763    864    863
    863    864    965    964
    964    965   1066   1065
   1065   1066   1167   1166
   1166   1167   1268   1267
   1267   1268   1369   1368
   1368   1369   1470   1469
   1469   1470   1571   1570
   1570   1571   1672   1671
   1671   1672   1773   1772
   1772   1773   1874   1873
   1873   1874   1975   1974
   1974   1975   2076   2075
     56     57    158    157
    157    158    259    258
    258    259    360    359
    359    360    461    460
    460    461    562    561
    561    562    663    662
    662    663    764    763
    763    764    865    864
    864    865    966    965
    965    966   1067   1066
   1066   1067   1168   1167
   1167   1168   1269   1268
   1268   1269   1370   1369
   1369   1370   1471   1470
   1470   1471   1572   1571
   1571   1572   1673   1672
   1672   1673   1774   1773
   1773   1774   1875   1874
   1874   1875   1976   1975
   1975   1976   2077   2076
     57     58    159    158
    158    159    260    259
    259    260    361    360
    360    361    462    461
    461    462    563    562
    562    563    664    663
    663    664    765    764
    764    765    866    865
    865    866    967    966
    966    967   1068   1067
   1067   1068   1169   1168
   1168   1169   1270   1269
   1269   1270   1371   1370
   1370   1371   1472   1471
   1471   1472   1573   1572
   1572   1573   1674   1673
   1673   1674   1775   1774
   1774   1775   1876   1875
   1875   1876   1977   1976
   1976   1977   2078   2077
     58     59    160    159
    159    160    261    260
    260    261    362    361
    361    362    463    462
    462    463    564    563
    563    564    665    664
    664    665    766    765
    765    766    867    866
    866    867    968    967
    967    968   1069   1068
   1068   1069   1170   1169
   1169   1170   1271   1270
   1270   1271   1372   1371
   1371   1372   1473   1472
   1472   1473   1574   1573
   1573   1574   1675   1674
   1674   1675   1776   1775
   1775   1776   1877   1876
   1876   1877   1978   1977
   1977   1978   2079   2078
     59     60    161    160
    160    161    262    261
    261    262    363    362
    362    363    464    463
    463    464    565    564
    564    565    666    665
    665    666    767    766
    766    767    868    867
    867    868    969    968
    968    969   1070   1069
   1069   1070   1171   1170
   1170   1171   1272   1271
   1271   1272   1373   1372
   1372   1373   1474   1473
   1473   1474   1575   1574
   1574   1575   1676   1675
   1675   1676   1777   1776
   1776   1777   1878   1877
   1877   1878   1979   1978
   1978   1979   2080   2079
     60     61    162    161
    161    162    263    262
    262    263    364    363
    363    364    465    464
    464    465    566    565
    565    566    667    666
    666    667    768    767
    767    768    869    868
    868    869    970    969
    969    970   1071   1070
   1070   1071   1172   1171
   1171   1172   1273   1272
   1272   1273   1374   1373
   1373   1374   1475   1474
   1474   1475   1576   1575
   1575   1576   1677   1676
   1676   1677   1778   1777
   1777   1778   1879   1878
   1878   1879   1980   1979
   1979   1980   2081   2080
     61     62    163    162
    162    163    264    263
    263    264    365    364
    364    365    466    465
    465    466    567    566
    566    567    668    667
    667    668    769    768
    768    769    870    869
    869    870    971    970
    970    971   1072   1071
   1071   1072   1173   1172
   1172   1173   1274   1273
   1273   1274   1375   1374
   1374   1375   1476   1475
   1475   1476   1577   1576
   1576   1577   1678   1677
   1677   1678   1779   1778
   1778   1779   1880   1879
   1879   1880   1981   1980
   1980   1981   2082   2081
     62     63    164    163
    163    164    265    264
    264    265    366    365
    365    366    467    466
    466    467    568    567
    567    568    669    668
    668    669    770    769
    769    770    871    870
    870    871    972    971
    971    972   1073   1072
   1072   1073   1174   1173
   1173   1174   1275   1274
   1274   1275   1376   1375
   1375   1376   1477   1476
   1476   1477   1578   1577
   1577   1578   1679   1678
   1678   1679   1780   1779
   1779   1780   1881   1880
   1880   1881   1982   1981
   1981   1982   2083   2082
     63     64    165    164
    164    165    266    265
    265    266    367    366
    366    367    468    467
    467    468    569    568
    568    569    670    669
    669    670    771    770
    770    771    872    871
    871    872    973    972
    972    973   1074   1073
   1073   1074   1175   1174
   1174   1175   1276   1275
   1275   1276   1377   1376
   1376   1377   1478   1477
   1477   1478   1579   1578
   1578   1579   1680   1679
   1679   1680   1781   1780
   1780   1781   1882   1881
   1881   1882   1983   1982
   1982   1983   2084   2083
     64     65    166    165
    165    166    267    266
    266    267    368    367
    367    368    469    468
    468    469    570    569
    569    570    671    670
    670    671    772    771
    771    772    873    872
    872    873    974    973
    973    974   1075   1074
   1074   1075   1176   1175
   1175   1176   1277   1276
   1276   1277   1378   1377
   1377   1378   1479   1478
   1478   1479   1580   1579
   1579   1580   1681   1680
   1680   1681   1782   1781
   1781   1782   1883   1882
   1882   1883   1984   1983
   1983   1984   2085   2084
     65     66    167    166
    166    167    268    267
    267    268    369    368
    368    369    470    469
    469    470    571    570
    570    571    672    671
    671    672    773    772
    772    773    874    873
    873    874    975    974
    974    975   1076   1075
   1075   1076   1177   1176
   1176   1177   1278   1277
   1277   1278   1379   1378
   1378   1379   1480   1479
   1479   1480   1581   1580
   1580   1581   1682   1681
   1681   1682   1783   1782
   1782   1783   1884   1883
   1883   1884   1985   1984
   1984   1985   2086   2085
     66     67    168    167
    167    168    269    268
    268    269    370    369
    369    370    471    470
    470    471    572    571
    571    572    673    672
    672    673    774    773
    773    774    875    874
    874    875    976    975
    975    976   1077   1076
   1076   1077   1178   1177
   1177   1178   1279   1278
   1278   1279   1380   1379
   1379   1380   1481   1480
   1480   1481   1582   1581
   1581   1582   1683   1682
   1682   1683   1784   1783
   1783   1784   1885   1884
   1884   1885   1986   1985
   1985   1986   2087   2086
     67     68    169    168
    168    169    270    269
    269    270    371    370
    370    371    472    471
    471    472    573    572
    572    573    674    673
    673    674    775    774
    774    775    876    875
    875    876    977    976
    976    977   1078   1077
   1077   1078   1179   1178
   1178   1179   1280   1279
   1279   1280   1381   1380
   1380   1381   1482   1481
   1481   1482   1583   1582
   1582   1583   1684   1683
   1683   1684   1785   1784
   1784   1785   1886   1885
   1885   1886   1987   1986
   1986   1987   2088   2087
     68     69    170    169
    169    170    271    270
    270    271    372    371
    371    372    473    472
    472    473    574    573
    573    574    675    674
    674    675    776    775
    775    776    877    876
    876    877    978    977
    977    978   1079   1078
   1078   1079   1180   1179
   1179   1180   1281   1280
   1280   1281   1382   1381
   1381   1382   1483   1482
   1482   1483   1584   1583
   1583   1584   1685   1684
   1684   1685   1786   1785
   1785   1786   1887   1886
   1886   1887   1988   1987
   1987   1988   2089   2088
     69     70    171    170
    170    171    272    271
    271    272    373    372
    372    373    474    473
    473    474    575    574
    574    575    676    675
    675    676    777    776
    776    777    878    877
    877    878    979    978
    978    979   1080   1079
   1079   1080   1181   1180
   1180   1181   1282   1281
   1281   1282   1383   1382
   1382   1383   1484   1483
   1483   1484   1585   1584
   1584   1585   1686   1685
   1685   1686   1787   1786
   1786   1787   1888   1887
   1887   1888   1989   1988
   1988   1989   2090   2089
     70     71    172    171
    171    172    273    272
    272    273    374    373
    373    374    475    474
    474    475    576    575
    575    576    677    676
    676    677    778    777
    777    778    879    878
    878    879    980    979
    979    980   1081   1080
   1080   1081   1182   1181
   1181   1182   1283   1282
   1282   1283   1384   1383
   1383   1384   1485   1484
   1484   1485   1586   1585
   1585   1586   1687   1686
   1686   1687   1788   1787
   1787   1788   1889   1888
   1888   1889   1990   1989
   1989   1990   2091   2090
     71     72    173    172
    172    173    274    273
    273    274    375    374
    374    375    476    475
    475    476    577    576
    576    577    678    677
    677    678    779    778
    778    779    880    879
    879    880    981    980
    980    981   1082   1081
   1081   1082   1183   1182
   1182   1183   1284   1283
   1283   1284   1385   1384
   1384   1385   1486   1485
   1485   1486   1587   1586
   1586   1587   1688   1687
   1687   1688   1789   1788
   1788   1789   1890   1889
   1889   1890   1991   1990
   1990   1991   2092   2091
     72     73    174    173
    173    174    275    274
    274    275    376    375
    375    376    477    476
    476    477    578    577
    577    578    679    678
    678    679    780    779
    779    780    881    880
    880    881    982    981
    981    982   1083   1082
   1082   1083   1184   1183
   1183   1184   1285   1284
   1284   1285   1386   1385
   1385   1386   1487   1486
   1486   1487   1588   1587
   1587   1588   1689   1688
   1688   1689   1790   1789
   1789   1790   1891   1890
   1890   1891   1992   1991
   1991   1992   2093   2092
     73     74    175    174
    174    175    276    275
    275    276    377    376
    376    377    478    477
    477    478    579    578
    578    579    680    679
    679    680    781    780
    780    781    882    881
    881    882    983    982
    982    983   1084   1083
   1083   1084   1185   1184
   1184   1185   1286   1285
   1285   1286   1387   1386
   1386   1387   1488   1487
   1487   1488   1589   1588
   1588   1589   1690   1689
   1689   1690   1791   1790
   1790   1791   1892   1891
   1891   1892   1993   1992
   1992   1993   2094   2093
     74     75    176    175
    175    176    277    276
    276    277    378    377
    377    378    479    478
    478    479    580    579
    579    580    681    680
    680    681    782    781
    781    782    883    882
    882    883    984    983
    983    984   1085   1084
   1084   1085   1186   1185
   1185   1186   1287   1286
   1286   1287   1388   1387
   1387   1388   1489   1488
   1488   1489   1590   1589
   1589   1590   1691   1690
   1690   1691   1792   1791
   1791   1792   1893   1892
   1892   1893   1994   1993
   1993   1994   2095   2094
     75     76    177    176
    176    177    278    277
    277    278    379    378
    378    379    480    479
    479    480    581    580
    580    581    682    681
    681    682    783    782
    782    783    884    883
    883    884    985    984
    984    985   1086   1085
   1085   1086   1187   1186
   1186   1187   1288   1287
   1287   1288   1389   1388
   1388   1389   1490   1489
   1489   1490   1591   1590
   1590   1591   1692   1691
   1691   1692   1793   1792
   1792   1793   1894   1893
   1893   1894   1995   1994
   1994   1995   2096   2095
     76     77    178    177
    177    178    279    278
    278    279    380    379
    379    380    481    480
    480    481    582    581
    581    582    683    682
    682    683    784    783
    783    784    885    884
    884    885    986    985
    985    986   1087   1086
   1086   1087   1188   1187
   1187   1188   1289   1288
   1288   1289   1390   1389
   1389   1390   1491   1490
   1490   1491   1592   1591
   1591   1592   1693   1692
   1692   1693   1794   1793
   1793   1794   1895   1894
   1894   1895   1996   1995
   1995   1996   2097   2096
     77     78    179    178
    178    179    280    279
    279    280    381    380
    380    381    482    481
    481    482    583    582
    582    583    684    683
    683    684    785    784
    784    785    886    885
    885    886    987    986
    986    987   1088   1087
   1087   1088   1189   1188
   1188   1189   1290   1289
   1289   1290   1391   1390
   1390   1391   1492   1491
   1491   1492   1593   1592
   1592   1593   1694   1693
   1693   1694   1795   1794
   1794   1795   1896   1895
   1895   1896   1997   1996
   1996   1997   2098   2097
     78     79    180    179
    179    180    281    280
    280    281    382    381
    381    382    483    482
    482    483    584    583
    583    584    685    684
    684    685    786    785
    785    786    887    886
    886    887    988    987
    987    988   1089   1088
   1088   1089   1190   1189
   1189   1190   1291   1290
   1290   1291   1392   1391
   1391   1392   1493   1492
   1492   1493   1594   1593
   1593   1594   1695   1694
   1694   1695   1796   1795
   1795   1796   1897   1896
   1896   1897   1998   1997
   1997   1998   2099   2098
     79     80    181    180
    180    181    282    281
    281    282    383    382
    382    383    484    483
    483    484    585    584
    584    585    686    685
    685    686    787    786
    786    787    888    887
    887    888    989    988
    988    989   1090   1089
   1089   1090   1191   1190
   1190   1191   1292   1291
   1291   1292   1393   1392
   1392   1393   1494   1493
   1493   1494   1595   1594
   1594   1595   1696   1695
   1695   1696   1797   1796
   1796   1797   1898   1897
   1897   1898   1999   1998
   1998   1999   2100   2099
     80     81    182    181
    181    182    283    282
    282    283    384    383
    383    384    485    484
    484    485    586    585
    585    586    687    686
    686    687    788    787
    787    788    889    888
    888    889    990    989
    989    990   1091   1090
   1090   1091   1192   1191
   1191   1192   1293   1292
   1292   1293   1394   1393
   1393   1394   1495   1494
   1494   1495   1596   1595
   1595   1596   1697   1696
   1696   1697   1798   1797
   1797   1798   1899   1898
   1898   1899   2000   1999
   1999   2000   2101   2100
     81     82    183    182
    182    183    284    283
    283    284    385    384
    384    385    486    485
    485    486    587    586
    586    587    688    687
    687    688    789    788
    788    789    890    889
    889    890    991    990
    990    991   1092   1091
   1091   1092   1193   1192
   1192   1193   1294   1293
   1293   1294   1395   1394
   1394   1395   1496   1495
   1495   1496   1597   1596
   1596   1597   1698   1697
   1697   1698   1799   1798
   1798   1799   1900   1899
   1899   1900   2001   2000
   2000   2001   2102   2101
     82     83    184    183
    183    184    285    284
    284    285    386    385
    385    386    487    486
    486    487    588    587
    587    588    689    688
    688    689    790    789
    789    790    891    890
    890    891    992    991
    991    992   1093   1092
   1092   1093   1194   1193
   1193   1194   1295   1294
   1294   1295   1396   1395
   1395   1396   1497   1496
   1496   1497   1598   1597
   1597   1598   1699   1698
   1698   1699   1800   1799
   1799   1800   1901   1900
   1900   1901   2002   2001
   2001   2002   2103   2102
     83     84    185    184
    184    185    286    285
    285    286    387    386
    386    387    488    487
    487    488    589    588
    588    589    690    689
    689    690    791    790
    790    791    892    891
    891    892    993    992
    992    993   1094   1093
   1093   1094   1195   1194
   1194   1195   1296   1295
   1295   1296   1397   1396
   1396   1397   1498   1497
   1497   1498   1599   1598
   1598   1599   1700   1699
   1699   1700   1801   1800
   1800   1801   1902   1901
   1901   1902   2003   2002
   2002   2003   2104   2103
     84     85    186    185
    185    186    287    286
    286    287    388    387
    387    388    489    488
    488    489    590    589
    589    590    691    690
    690    691    792    791
    791    792    893    892
    892    893    994    993
    993    994   1095   1094
   1094   1095   1196   1195
   1195   1196   1297   1296
   1296   1297   1398   1397
   1397   1398   1499   1498
   1498   1499   1600   1599
   1599   1600   1701   1700
   1700   1701   1802   1801
   1801   1802   1903   1902
   1902   1903   2004   2003
   2003   2004   2105   2104
     85     86    187    186
    186    187    288    287
    287    288    389    388
    388    389    490    489
    489    490    591    590
    590    591    692    691
    691    692    793    792
    792    793    894    893
    893    894    995    994
    994    995   1096   1095
   1095   1096   1197   1196
   1196   1197   1298   1297
   1297   1298   1399   1398
   1398   1399   1500   1499
   1499   1500   1601   1600
   1600   1601   1702   1701
   1701   1702   1803   1802
   1802   1803   1904   1903
   1903   1904   2005   2004
   2004   2005   2106   2105
     86     87    188    187
    187    188    289    288
    288    289    390    389
    389    390    491    490
    490    491    592    591
    591    592    693    692
    692    693    794    793
    793    794    895    894
    894    895    996    995
    995    996   1097   1096
   1096   1097   1198   1197
   1197   1198   1299   1298
   1298   1299   1400   1399
   1399   1400   1501   1500
   1500   1501   1602   1601
   1601   1602   1703   1702
   1702   1703   1804   1803
   1803   1804   1905   1904
   1904   1905   2006   2005
   2005   2006   2107   2106
     87     88    189    188
    188    189    290    289
    289    290    391    390
    390    391    492    491
    491    492    593    592
    592    593    694    693
    693    694    795    794
    794    795    896    895
    895    896    997    996
    996    997   1098   1097
   1097   1098   1199   1198
   1198   1199   1300   1299
   1299   1300   1401   1400
   1400   1401   1502   1501
   1501   1502   1603   1602
   1602   1603   1704   1703
   1703   1704   1805   1804
   1804   1805   1906   1905
   1905   1906   2007   2006
   2006   2007   2108   2107
     88     89    190    189
    189    190    291    290
    290    291    392    391
    391    392    493    492
    492    493    594    593
    593    594    695    694
    694    695    796    795
    795    796    897    896
    896    897    998    997
    997    998   1099   1098
   1098   1099   1200   1199
   1199   1200   1301   1300
   1300   1301   1402   1401
   1401   1402   1503   1502
   1502   1503   1604   1603
   1603   1604   1705   1704
   1704   1705   1806   1805
   1805   1806   1907   1906
   1906   1907   2008   2007
   2007   2008   2109   2108
     89     90    191    190
    190    191    292    291
    291    292    393    392
    392    393    494    493
    493    494    595    594
    594    595    696    695
    695    696    797    796
    796    797    898    897
    897    898    999    998
    998    999   1100   1099
   1099   1100   1201   1200
   1200   1201   1302   1301
   1301   1302   1403   1402
   1402   1403   1504   1503
   1503   1504   1605   1604
   1604   1605   1706   1705
   1705   1706   1807   1806
   1806   1807   1908   1907
   1907   1908   2009   2008
   2008   2009   2110   2109
     90     91    192    191
    191    192    293    292
    292    293    394    393
    393    394    495    494
    494    495    596    595
    595    596    697    696
    696    697    798    797
    797    798    899    898
    898    899   1000    999
    999   1000   1101   1100
   1100   1101   1202   1201
   1201   1202   1303   1302
   1302   1303   1404   1403
   1403   1404   1505   1504
   1504   1505   1606   1605
   1605   1606   1707   1706
   1706   1707   1808   1807
   1807   1808   1909   1908
   1908   1909   2010   2009
   2009   2010   2111   2110
     91     92    193    192
    192    193    294    293
    293    294    395    394
    394    395    496    495
    495    496    597    596
    596    597    698    697
    697    698    799    798
    798    799    900    899
    899    900   1001   1000
   1000   1001   1102   1101
   1101   1102   1203   1202
   1202   1203   1304   1303
   1303   1304   1405   1404
   1404   1405   1506   1505
   1505   1506   1607   1606
   1606   1607   1708   1707
   1707   1708   1809   1808
   1808   1809   1910   1909
   1909   1910   2011   2010
   2010   2011   2112   2111
     92     93    194    193
    193    194    295    294
    294    295    396    395
    395    396    497    496
    496    497    598    597
    597    598    699    698
    698    699    800    799
    799    800    901    900
    900    901   1002   1001
   1001   1002   1103   1102
   1102   1103   1204   1203
   1203   1204   1305   1304
   1304   1305   1406   1405
   1405   1406   1507   1506
   1506   1507   1608   1607
   1607   1608   1709   1708
   1708   1709   1810   1809
   1809   1810   1911   1910
   1910   1911   2012   2011
   2011   2012   2113   2112
     93     94    195    194
    194    195    296    295
    295    296    397    396
    396    397    498    497
    497    498    599    598
    598    599    700    699
    699    700    801    800
    800    801    902    901
    901    902   1003   1002
   1002   1003   1104   1103
   1103   1104   1205   1204
   1204   1205   1306   1305
   1305   1306   1407   1406
   1406   1407   1508   1507
   1507   1508   1609   1608
   1608   1609   1710   1709
   1709   1710   1811   1810
   1810   1811   1912   1911
   1911   1912   2013   2012
   2012   2013   2114   2113
     94     95    196    195
    195    196    297    296
    296    297    398    397
    397    398    499    498
    498    499    600    599
    599    600    701    700
    700    701    802    801
    801    802    903    902
    902    903   1004   1003
   1003   1004   1105   1104
   1104   1105   1206   1205
   1205   1206   1307   1306
   1306   1307   1408   1407
   1407   1408   1509   1508
   1508   1509   1610   1609
   1609   1610   1711   1710
   1710   1711   1812   1811
   1811   1812   1913   1912
   1912   1913   2014   2013
   2013   2014   2115   2114
     95     96    197    196
    196    197    298    297
    297    298    399    398
    398    399    500    499
    499    500    601    600
    600    601    702    701
    701    702    803    802
    802    803    904    903
    903    904   1005   1004
   1004   1005   1106   1105
   1105   1106   1207   1206
   1206   1207   1308   1307
   1307   1308   1409   1408
   1408   1409   1510   1509
   1509   1510   1611   1610
   1610   1611   1712   1711
   1711   1712   1813   1812
   1812   1813   1914   1913
   1913   1914   2015   2014
   2014   2015   2116   2115
     96     97    198    197
    197    198    299    298
    298    299    400    399
    399    400    501    500
    500    501    602    601
    601    602    703    702
    702    703    804    803
    803    804    905    904
    904    905   1006   1005
   1005   1006   1107   1106
   1106   1107   1208   1207
   1207   1208   1309   1308
   1308   1309   1410   1409
   1409   1410   1511   1510
   1510   1511   1612   1611
   1611   1612   1713   1712
   1712   1713   1814   1813
   1813   1814   1915   1914
   1914   1915   2016   2015
   2015   2016   2117   2116
     97     98    199    198
    198    199    300    299
    299    300    401    400
    400    401    502    501
    501    502    603    602
    602    603    704    703
    703    704    805    804
    804    805    906    905
    905    906   1007   1006
   1006   1007   1108   1107
   1107   1108   1209   1208
   1208   1209   1310   1309
   1309   1310   1411   1410
   1410   1411   1512   1511
   1511   1512   1613   1612
   1612   1613   1714   1713
   1713   1714   1815   1814
   1814   1815   1916   1915
   1915   1916   2017   2016
   2016   2017   2118   2117
     98     99    200    199
    199    200    301    300
    300    301    402    401
    401    402    503    502
    502    503    604    603
    603    604    705    704
    704    705    806    805
    805    806    907    906
    906    907   1008   1007
   1007   1008   1109   1108
   1108   1109   1210   1209
   1209   1210   1311   1310
   1310   1311   1412   1411
   1411   1412   1513   1512
   1512   1513   1614   1613
   1613   1614   1715   1714
   1714   1715   1816   1815
   1815   1816   1917   1916
   1916   1917   2018   2017
   2017   2018   2119   2118
     99    100    201    200
    200    201    302    301
    301    302    403    402
    402    403    504    503
    503    504    605    604
    604    605    706    705
    705    706    807    806
    806    807    908    907
    907    908   1009   1008
   1008   1009   1110   1109
   1109   1110   1211   1210
   1210   1211   1312   1311
   1311   1312   1413   1412
   1412   1413   1514   1513
   1513   1514   1615   1614
   1614   1615   1716   1715
   1715   1716   1817   1816
   1816   1817   1918   1917
   1917   1918   2019   2018
   2018   2019   2120   2119
    100    101    202    201
    201    202    303    302
    302    303    404    403
    403    404    505    504
    504    505    606    605
    605    606    707    706
    706    707    808    807
    807    808    909    908
    908    909   1010   1009
   1009   1010   1111   1110
   1110   1111   1212   1211
   1211   1212   1313   1312
   1312   1313   1414   1413
   1413   1414   1515   1514
   1514   1515   1616   1615
   1615   1616   1717   1716
   1716   1717   1818   1817
   1817   1818   1919   1918
   1918   1919   2020   2019
   2019   2020   2121   2120
