   0.00000   0.00000
   0.03000   0.00000
   0.06000   0.00000
   0.09000   0.00000
   0.12000   0.00000
   0.15000   0.00000
   0.18000   0.00000
   0.21000   0.00000
   0.24000   0.00000
   0.27000   0.00000
   0.30000   0.00000
   0.33000   0.00000
   0.36000   0.00000
   0.39000   0.00000
   0.42000   0.00000
   0.45000   0.00000
   0.48000   0.00000
   0.51000   0.00000
   0.54000   0.00000
   0.57000   0.00000
   0.60000   0.00000
   0.00000   0.03000
   0.03000   0.03000
   0.06000   0.03000
   0.09000   0.03000
   0.12000   0.03000
   0.15000   0.03000
   0.18000   0.03000
   0.21000   0.03000
   0.24000   0.03000
   0.27000   0.03000
   0.30000   0.03000
   0.33000   0.03000
   0.36000   0.03000
   0.39000   0.03000
   0.42000   0.03000
   0.45000   0.03000
   0.48000   0.03000
   0.51000   0.03000
   0.54000   0.03000
   0.57000   0.03000
   0.60000   0.03000
   0.00000   0.06000
   0.03000   0.06000
   0.06000   0.06000
   0.09000   0.06000
   0.12000   0.06000
   0.15000   0.06000
   0.18000   0.06000
   0.21000   0.06000
   0.24000   0.06000
   0.27000   0.06000
   0.30000   0.06000
   0.33000   0.06000
   0.36000   0.06000
   0.39000   0.06000
   0.42000   0.06000
   0.45000   0.06000
   0.48000   0.06000
   0.51000   0.06000
   0.54000   0.06000
   0.57000   0.06000
   0.60000   0.06000
   0.00000   0.09000
   0.03000   0.09000
   0.06000   0.09000
   0.09000   0.09000
   0.12000   0.09000
   0.15000   0.09000
   0.18000   0.09000
   0.21000   0.09000
   0.24000   0.09000
   0.27000   0.09000
   0.30000   0.09000
   0.33000   0.09000
   0.36000   0.09000
   0.39000   0.09000
   0.42000   0.09000
   0.45000   0.09000
   0.48000   0.09000
   0.51000   0.09000
   0.54000   0.09000
   0.57000   0.09000
   0.60000   0.09000
   0.00000   0.12000
   0.03000   0.12000
   0.06000   0.12000
   0.09000   0.12000
   0.12000   0.12000
   0.15000   0.12000
   0.18000   0.12000
   0.21000   0.12000
   0.24000   0.12000
   0.27000   0.12000
   0.30000   0.12000
   0.33000   0.12000
   0.36000   0.12000
   0.39000   0.12000
   0.42000   0.12000
   0.45000   0.12000
   0.48000   0.12000
   0.51000   0.12000
   0.54000   0.12000
   0.57000   0.12000
   0.60000   0.12000
   0.00000   0.15000
   0.03000   0.15000
   0.06000   0.15000
   0.09000   0.15000
   0.12000   0.15000
   0.15000   0.15000
   0.18000   0.15000
   0.21000   0.15000
   0.24000   0.15000
   0.27000   0.15000
   0.30000   0.15000
   0.33000   0.15000
   0.36000   0.15000
   0.39000   0.15000
   0.42000   0.15000
   0.45000   0.15000
   0.48000   0.15000
   0.51000   0.15000
   0.54000   0.15000
   0.57000   0.15000
   0.60000   0.15000
   0.00000   0.18000
   0.03000   0.18000
   0.06000   0.18000
   0.09000   0.18000
   0.12000   0.18000
   0.15000   0.18000
   0.18000   0.18000
   0.21000   0.18000
   0.24000   0.18000
   0.27000   0.18000
   0.30000   0.18000
   0.33000   0.18000
   0.36000   0.18000
   0.39000   0.18000
   0.42000   0.18000
   0.45000   0.18000
   0.48000   0.18000
   0.51000   0.18000
   0.54000   0.18000
   0.57000   0.18000
   0.60000   0.18000
   0.00000   0.21000
   0.03000   0.21000
   0.06000   0.21000
   0.09000   0.21000
   0.12000   0.21000
   0.15000   0.21000
   0.18000   0.21000
   0.21000   0.21000
   0.24000   0.21000
   0.27000   0.21000
   0.30000   0.21000
   0.33000   0.21000
   0.36000   0.21000
   0.39000   0.21000
   0.42000   0.21000
   0.45000   0.21000
   0.48000   0.21000
   0.51000   0.21000
   0.54000   0.21000
   0.57000   0.21000
   0.60000   0.21000
   0.00000   0.24000
   0.03000   0.24000
   0.06000   0.24000
   0.09000   0.24000
   0.12000   0.24000
   0.15000   0.24000
   0.18000   0.24000
   0.21000   0.24000
   0.24000   0.24000
   0.27000   0.24000
   0.30000   0.24000
   0.33000   0.24000
   0.36000   0.24000
   0.39000   0.24000
   0.42000   0.24000
   0.45000   0.24000
   0.48000   0.24000
   0.51000   0.24000
   0.54000   0.24000
   0.57000   0.24000
   0.60000   0.24000
   0.00000   0.27000
   0.03000   0.27000
   0.06000   0.27000
   0.09000   0.27000
   0.12000   0.27000
   0.15000   0.27000
   0.18000   0.27000
   0.21000   0.27000
   0.24000   0.27000
   0.27000   0.27000
   0.30000   0.27000
   0.33000   0.27000
   0.36000   0.27000
   0.39000   0.27000
   0.42000   0.27000
   0.45000   0.27000
   0.48000   0.27000
   0.51000   0.27000
   0.54000   0.27000
   0.57000   0.27000
   0.60000   0.27000
   0.00000   0.30000
   0.03000   0.30000
   0.06000   0.30000
   0.09000   0.30000
   0.12000   0.30000
   0.15000   0.30000
   0.18000   0.30000
   0.21000   0.30000
   0.24000   0.30000
   0.27000   0.30000
   0.30000   0.30000
   0.33000   0.30000
   0.36000   0.30000
   0.39000   0.30000
   0.42000   0.30000
   0.45000   0.30000
   0.48000   0.30000
   0.51000   0.30000
   0.54000   0.30000
   0.57000   0.30000
   0.60000   0.30000
   0.00000   0.33000
   0.03000   0.33000
   0.06000   0.33000
   0.09000   0.33000
   0.12000   0.33000
   0.15000   0.33000
   0.18000   0.33000
   0.21000   0.33000
   0.24000   0.33000
   0.27000   0.33000
   0.30000   0.33000
   0.33000   0.33000
   0.36000   0.33000
   0.39000   0.33000
   0.42000   0.33000
   0.45000   0.33000
   0.48000   0.33000
   0.51000   0.33000
   0.54000   0.33000
   0.57000   0.33000
   0.60000   0.33000
   0.00000   0.36000
   0.03000   0.36000
   0.06000   0.36000
   0.09000   0.36000
   0.12000   0.36000
   0.15000   0.36000
   0.18000   0.36000
   0.21000   0.36000
   0.24000   0.36000
   0.27000   0.36000
   0.30000   0.36000
   0.33000   0.36000
   0.36000   0.36000
   0.39000   0.36000
   0.42000   0.36000
   0.45000   0.36000
   0.48000   0.36000
   0.51000   0.36000
   0.54000   0.36000
   0.57000   0.36000
   0.60000   0.36000
   0.00000   0.39000
   0.03000   0.39000
   0.06000   0.39000
   0.09000   0.39000
   0.12000   0.39000
   0.15000   0.39000
   0.18000   0.39000
   0.21000   0.39000
   0.24000   0.39000
   0.27000   0.39000
   0.30000   0.39000
   0.33000   0.39000
   0.36000   0.39000
   0.39000   0.39000
   0.42000   0.39000
   0.45000   0.39000
   0.48000   0.39000
   0.51000   0.39000
   0.54000   0.39000
   0.57000   0.39000
   0.60000   0.39000
   0.00000   0.42000
   0.03000   0.42000
   0.06000   0.42000
   0.09000   0.42000
   0.12000   0.42000
   0.15000   0.42000
   0.18000   0.42000
   0.21000   0.42000
   0.24000   0.42000
   0.27000   0.42000
   0.30000   0.42000
   0.33000   0.42000
   0.36000   0.42000
   0.39000   0.42000
   0.42000   0.42000
   0.45000   0.42000
   0.48000   0.42000
   0.51000   0.42000
   0.54000   0.42000
   0.57000   0.42000
   0.60000   0.42000
   0.00000   0.45000
   0.03000   0.45000
   0.06000   0.45000
   0.09000   0.45000
   0.12000   0.45000
   0.15000   0.45000
   0.18000   0.45000
   0.21000   0.45000
   0.24000   0.45000
   0.27000   0.45000
   0.30000   0.45000
   0.33000   0.45000
   0.36000   0.45000
   0.39000   0.45000
   0.42000   0.45000
   0.45000   0.45000
   0.48000   0.45000
   0.51000   0.45000
   0.54000   0.45000
   0.57000   0.45000
   0.60000   0.45000
   0.00000   0.48000
   0.03000   0.48000
   0.06000   0.48000
   0.09000   0.48000
   0.12000   0.48000
   0.15000   0.48000
   0.18000   0.48000
   0.21000   0.48000
   0.24000   0.48000
   0.27000   0.48000
   0.30000   0.48000
   0.33000   0.48000
   0.36000   0.48000
   0.39000   0.48000
   0.42000   0.48000
   0.45000   0.48000
   0.48000   0.48000
   0.51000   0.48000
   0.54000   0.48000
   0.57000   0.48000
   0.60000   0.48000
   0.00000   0.51000
   0.03000   0.51000
   0.06000   0.51000
   0.09000   0.51000
   0.12000   0.51000
   0.15000   0.51000
   0.18000   0.51000
   0.21000   0.51000
   0.24000   0.51000
   0.27000   0.51000
   0.30000   0.51000
   0.33000   0.51000
   0.36000   0.51000
   0.39000   0.51000
   0.42000   0.51000
   0.45000   0.51000
   0.48000   0.51000
   0.51000   0.51000
   0.54000   0.51000
   0.57000   0.51000
   0.60000   0.51000
   0.00000   0.54000
   0.03000   0.54000
   0.06000   0.54000
   0.09000   0.54000
   0.12000   0.54000
   0.15000   0.54000
   0.18000   0.54000
   0.21000   0.54000
   0.24000   0.54000
   0.27000   0.54000
   0.30000   0.54000
   0.33000   0.54000
   0.36000   0.54000
   0.39000   0.54000
   0.42000   0.54000
   0.45000   0.54000
   0.48000   0.54000
   0.51000   0.54000
   0.54000   0.54000
   0.57000   0.54000
   0.60000   0.54000
   0.00000   0.57000
   0.03000   0.57000
   0.06000   0.57000
   0.09000   0.57000
   0.12000   0.57000
   0.15000   0.57000
   0.18000   0.57000
   0.21000   0.57000
   0.24000   0.57000
   0.27000   0.57000
   0.30000   0.57000
   0.33000   0.57000
   0.36000   0.57000
   0.39000   0.57000
   0.42000   0.57000
   0.45000   0.57000
   0.48000   0.57000
   0.51000   0.57000
   0.54000   0.57000
   0.57000   0.57000
   0.60000   0.57000
   0.00000   0.60000
   0.03000   0.60000
   0.06000   0.60000
   0.09000   0.60000
   0.12000   0.60000
   0.15000   0.60000
   0.18000   0.60000
   0.21000   0.60000
   0.24000   0.60000
   0.27000   0.60000
   0.30000   0.60000
   0.33000   0.60000
   0.36000   0.60000
   0.39000   0.60000
   0.42000   0.60000
   0.45000   0.60000
   0.48000   0.60000
   0.51000   0.60000
   0.54000   0.60000
   0.57000   0.60000
   0.60000   0.60000
