16	 57	 58	 15
15	 58	 59	 14
14	 59	 60	 13
13	 60	 61	 12
12	 61	 62	 11
11	 62	 63	 10
10	 63	 64	 9
9	 64	 1	 2
20	 53	 54	 19
19	 54	 55	 18
18	 55	 56	 17
17	 56	 57	 16
24	 49	 50	 23
23	 50	 51	 22
22	 51	 52	 21
21	 52	 53	 20
27	 46	 47	 26
26	 47	 48	 25
25	 48	 49	 24
46	 27	 28	 45
45	 28	 29	 44
44	 29	 30	 43
43	 30	 31	 42
42	 31	 32	 41
41	 32	 33	 40
40	 33	 34	 39
39	 34	 35	 38
38	 35	 36	 37
37	 36	 3	 4
71	 108	 109	 70
70	 109	 110	 69
69	 110	 111	 68
68	 111	 112	 67
67	 112	 113	 66
66	 113	 114	 65
65	 114	 5	 6
75	 104	 105	 74
74	 105	 106	 73
73	 106	 107	 72
72	 107	 108	 71
78	 101	 102	 77
77	 102	 103	 76
76	 103	 104	 75
80	 99	 100	 79
79	 100	 101	 78
99	 80	 81	 98
98	 81	 82	 97
97	 82	 83	 96
96	 83	 84	 95
95	 84	 85	 94
94	 85	 86	 93
93	 86	 87	 92
92	 87	 88	 91
91	 88	 89	 90
90	 89	 4	 3
122	 159	 160	 121
121	 160	 161	 120
120	 161	 162	 119
119	 162	 163	 118
118	 163	 164	 117
117	 164	 165	 116
116	 165	 166	 115
115	 166	 6	 5
126	 155	 156	 125
125	 156	 157	 124
124	 157	 158	 123
123	 158	 159	 122
136	 145	 146	 135
135	 146	 147	 134
134	 147	 148	 133
133	 148	 149	 132
132	 149	 150	 131
131	 150	 151	 130
130	 151	 152	 129
129	 152	 153	 128
128	 153	 154	 127
127	 154	 155	 126
145	 136	 137	 144
144	 137	 138	 143
143	 138	 139	 142
142	 139	 140	 141
141	 140	 7	 8
173	 210	 211	 172
172	 211	 212	 171
171	 212	 213	 170
170	 213	 214	 169
169	 214	 215	 168
168	 215	 216	 167
167	 216	 2	 1
177	 206	 207	 176
176	 207	 208	 175
175	 208	 209	 174
174	 209	 210	 173
180	 203	 204	 179
179	 204	 205	 178
178	 205	 206	 177
182	 201	 202	 181
181	 202	 203	 180
201	 182	 183	 200
200	 183	 184	 199
199	 184	 185	 198
198	 185	 186	 197
197	 186	 187	 196
196	 187	 188	 195
195	 188	 189	 194
194	 189	 190	 193
193	 190	 191	 192
192	 191	 8	 7
