0.000000	 0.590000	
0.000000	 0.600000	
-0.600000	 0.000000	
-0.590000	 0.000000	
0.000000	 -0.600000	
0.000000	 -0.590000	
0.600000	 0.000000	
0.590000	 0.000000	
-0.031402	 0.599178	
-0.062717	 0.596713	
-0.093861	 0.592613	
-0.124747	 0.586889	
-0.155291	 0.579556	
-0.185410	 0.570634	
-0.215021	 0.560148	
-0.244042	 0.548127	
-0.275190	 0.533170	
-0.305425	 0.516445	
-0.334647	 0.498007	
-0.362760	 0.477918	
-0.384388	 0.460702	
-0.405200	 0.442508	
-0.425152	 0.423375	
-0.444201	 0.403343	
-0.463481	 0.381033	
-0.481641	 0.357802	
-0.498637	 0.333708	
-0.517440	 0.303736	
-0.534444	 0.272708	
-0.549589	 0.240731	
-0.562823	 0.207918	
-0.574100	 0.174381	
-0.583381	 0.140238	
-0.590633	 0.105608	
-0.595831	 0.070610	
-0.598957	 0.035366	
-0.588974	 0.034777	
-0.585900	 0.069433	
-0.580789	 0.103848	
-0.573658	 0.137901	
-0.564532	 0.171475	
-0.553443	 0.204453	
-0.540430	 0.236719	
-0.525537	 0.268163	
-0.508816	 0.298674	
-0.490327	 0.328146	
-0.473613	 0.351839	
-0.455756	 0.374682	
-0.436798	 0.396620	
-0.418066	 0.416318	
-0.398446	 0.435133	
-0.377981	 0.453024	
-0.356714	 0.469953	
-0.329070	 0.489707	
-0.300335	 0.507838	
-0.270603	 0.524284	
-0.239975	 0.538992	
-0.211437	 0.550812	
-0.182320	 0.561123	
-0.152703	 0.569896	
-0.122668	 0.577107	
-0.092296	 0.582736	
-0.061672	 0.586768	
-0.030878	 0.589191	
-0.035284	 -0.588944	
-0.070443	 -0.585780	
-0.105349	 -0.580519	
-0.139877	 -0.573179	
-0.173906	 -0.563788	
-0.207311	 -0.552379	
-0.239574	 -0.539170	
-0.270474	 -0.524351	
-0.300293	 -0.507862	
-0.329056	 -0.489716	
-0.356714	 -0.469953	
-0.384894	 -0.447165	
-0.411623	 -0.422690	
-0.436798	 -0.396620	
-0.464825	 -0.363370	
-0.490327	 -0.328146	
-0.508816	 -0.298674	
-0.525537	 -0.268163	
-0.540430	 -0.236719	
-0.553443	 -0.204453	
-0.564532	 -0.171475	
-0.573658	 -0.137901	
-0.580789	 -0.103848	
-0.585900	 -0.069433	
-0.588974	 -0.034777	
-0.598957	 -0.035366	
-0.595831	 -0.070610	
-0.590633	 -0.105608	
-0.583381	 -0.140238	
-0.574100	 -0.174381	
-0.562823	 -0.207918	
-0.549589	 -0.240731	
-0.534444	 -0.272708	
-0.517440	 -0.303736	
-0.498637	 -0.333708	
-0.472703	 -0.369529	
-0.444201	 -0.403343	
-0.418599	 -0.429854	
-0.391418	 -0.454744	
-0.362760	 -0.477918	
-0.334643	 -0.498010	
-0.305409	 -0.516454	
-0.275141	 -0.533195	
-0.243479	 -0.548378	
-0.210632	 -0.561813	
-0.176787	 -0.573364	
-0.142226	 -0.582900	
-0.107127	 -0.590359	
-0.071634	 -0.595708	
-0.035882	 -0.598926	
0.031402	 -0.599178	
0.062717	 -0.596713	
0.093861	 -0.592613	
0.124747	 -0.586889	
0.155291	 -0.579556	
0.185410	 -0.570634	
0.215021	 -0.560148	
0.244042	 -0.548127	
0.275190	 -0.533170	
0.305425	 -0.516445	
0.334647	 -0.498007	
0.362981	 -0.477750	
0.390370	 -0.455644	
0.416504	 -0.431885	
0.441223	 -0.406599	
0.464418	 -0.379890	
0.486001	 -0.351856	
0.505896	 -0.322599	
0.524031	 -0.292218	
0.540344	 -0.260822	
0.554779	 -0.228518	
0.567284	 -0.195420	
0.580137	 -0.153106	
0.589838	 -0.109959	
0.595476	 -0.073537	
0.598868	 -0.036838	
0.588887	 -0.036224	
0.585552	 -0.072312	
0.580008	 -0.108126	
0.570468	 -0.150554	
0.557829	 -0.192163	
0.545532	 -0.224710	
0.531339	 -0.256475	
0.515297	 -0.287348	
0.497464	 -0.317222	
0.477901	 -0.345993	
0.456676	 -0.373560	
0.433865	 -0.399827	
0.409549	 -0.424700	
0.383821	 -0.448087	
0.357011	 -0.469726	
0.329172	 -0.489638	
0.300370	 -0.507817	
0.270615	 -0.524278	
0.239975	 -0.538992	
0.211437	 -0.550812	
0.182320	 -0.561123	
0.152703	 -0.569896	
0.122668	 -0.577107	
0.092296	 -0.582736	
0.061672	 -0.586768	
0.030878	 -0.589191	
0.035284	 0.588944	
0.070443	 0.585780	
0.105349	 0.580519	
0.139877	 0.573179	
0.173906	 0.563788	
0.207311	 0.552379	
0.239574	 0.539170	
0.270474	 0.524351	
0.300293	 0.507862	
0.329056	 0.489716	
0.356714	 0.469953	
0.384894	 0.447165	
0.411623	 0.422690	
0.436798	 0.396620	
0.464825	 0.363370	
0.490327	 0.328146	
0.508816	 0.298674	
0.525537	 0.268163	
0.540430	 0.236719	
0.553443	 0.204453	
0.564532	 0.171475	
0.573658	 0.137901	
0.580789	 0.103848	
0.585900	 0.069433	
0.588974	 0.034777	
0.598957	 0.035366	
0.595831	 0.070610	
0.590633	 0.105608	
0.583381	 0.140238	
0.574100	 0.174381	
0.562823	 0.207918	
0.549589	 0.240731	
0.534444	 0.272708	
0.517440	 0.303736	
0.498637	 0.333708	
0.472703	 0.369529	
0.444201	 0.403343	
0.418599	 0.429854	
0.391418	 0.454744	
0.362760	 0.477918	
0.334643	 0.498010	
0.305409	 0.516454	
0.275141	 0.533195	
0.243479	 0.548378	
0.210632	 0.561813	
0.176787	 0.573364	
0.142226	 0.582900	
0.107127	 0.590359	
0.071634	 0.595708	
0.035882	 0.598926	
