           1           2           4          13          11          34
          50          57          39
           2          11          13          14          12          39
          57          61          40
           3          12          14           9           8          40
          61          55          35
           4           4           3          15          13          50
          52          59          57
           5          13          15          16          14          57
          59          63          61
           6          14          16          10           9          61
          63          56          55
           7           3           1           7          15          52
          44          46          59
           8          15           7           6          16          59
          46          48          63
           9          16           6           5          10          63
          48          41          56
          10          34          50          57          39          33
          49          58          37
          11          39          57          61          40          37
          58          62          38
          12          40          61          55          35          38
          62          53          36
          13          50          52          59          57          49
          51          60          58
          14          57          59          63          61          58
          60          64          62
          15          61          63          56          55          62
          64          54          53
          16          52          44          46          59          51
          43          45          60
          17          59          46          48          63          60
          45          47          64
          18          63          48          41          56          64
          47          42          54
          19          33          49          58          37          17
          28          29          19
          20          37          58          62          38          19
          29          31          20
          21          38          62          53          36          20
          31          22          18
          22          49          51          60          58          28
          27          30          29
          23          58          60          64          62          29
          30          32          31
          24          62          64          54          53          31
          32          23          22
          25          51          43          45          60          27
          24          26          30
          26          60          45          47          64          30
          26          25          32
          27          64          47          42          54          32
          25          21          23
          28          18          22          53          36          67
          73         105          98
          29          36          53          55          35          98
         105         109          97
          30          35          55           9           8          97
         109         101          95
          31          22          23          54          53          73
          74         107         105
          32          53          54          56          55         105
         107         111         109
          33          55          56          10           9         109
         111         102         101
          34          23          21          42          54          74
          71          83         107
          35          54          42          41          56         107
          83          82         111
          36          56          41           5          10         111
          82          79         102
          37          67          73         105          98          66
          75         106         100
          38          98         105         109          97         100
         106         110          99
          39          97         109         101          95          99
         110         103          96
          40          73          74         107         105          75
          76         108         106
          41         105         107         111         109         106
         108         112         110
          42         109         111         102         101         110
         112         104         103
          43          74          71          83         107          76
          72          85         108
          44         107          83          82         111         108
          85          84         112
          45         111          82          79         102         112
          84          78         104
          46          66          75         106         100          65
          69          92          90
          47         100         106         110          99          90
          92          91          89
          48          99         110         103          96          89
          91          87          86
          49          75          76         108         106          69
          70          94          92
          50         106         108         112         110          92
          94          93          91
          51         110         112         104         103          91
          93          88          87
          52          76          72          85         108          70
          68          81          94
          53         108          85          84         112          94
          81          80          93
          54         112          84          78         104          93
          80          77          88
          55          24          43          45          26         117
         135         141         118
          56          26          45          47          25         118
         141         145         120
          57          25          47          42          21         120
         145          83          71
          58          43          44          46          45         135
         133         143         141
          59          45          46          48          47         141
         143         147         145
          60          47          48          41          42         145
         147          82          83
          61          44           1           7          46         133
         131         137         143
          62          46           7           6          48         143
         137         139         147
          63          48           6           5          41         147
         139          79          82
          64         117         135         141         118         116
         136         142         119
          65         118         141         145         120         119
         142         146         121
          66         120         145          83          71         121
         146          85          72
          67         135         133         143         141         136
         134         144         142
          68         141         143         147         145         142
         144         148         146
          69         145         147          82          83         146
         148          84          85
          70         133         131         137         143         134
         132         138         144
          71         143         137         139         147         144
         138         140         148
          72         147         139          79          82         148
         140          78          84
          73         116         136         142         119         113
         124         129         114
          74         119         142         146         121         114
         129         130         115
          75         121         146          85          72         115
         130          81          68
          76         136         134         144         142         124
         123         127         129
          77         142         144         148         146         129
         127         128         130
          78         146         148          84          85         130
         128          80          81
          79         134         132         138         144         123
         122         125         127
          80         144         138         140         148         127
         125         126         128
          81         148         140          78          84         128
         126          77          80
          82          24          26          30          27         117
         118         168         161
          83          27          30          29          28         161
         168         172         160
          84          28          29          19          17         160
         172         164         158
          85          26          25          32          30         118
         120         170         168
          86          30          32          31          29         168
         170         174         172
          87          29          31          20          19         172
         174         165         164
          88          25          21          23          32         120
          71          74         170
          89          32          23          22          31         170
          74          73         174
          90          31          22          18          20         174
          73          67         165
          91         117         118         168         161         116
         119         169         163
          92         161         168         172         160         163
         169         173         162
          93         160         172         164         158         162
         173         166         159
          94         118         120         170         168         119
         121         171         169
          95         168         170         174         172         169
         171         175         173
          96         172         174         165         164         173
         175         167         166
          97         120          71          74         170         121
          72          76         171
          98         170          74          73         174         171
          76          75         175
          99         174          73          67         165         175
          75          66         167
         100         116         119         169         163         113
         114         155         153
         101         163         169         173         162         153
         155         154         152
         102         162         173         166         159         152
         154         150         149
         103         119         121         171         169         114
         115         157         155
         104         169         171         175         173         155
         157         156         154
         105         173         175         167         166         154
         156         151         150
         106         121          72          76         171         115
          68          70         157
         107         171          76          75         175         157
          70          69         156
         108         175          75          66         167         156
          69          65         151
         109           2          11          13           4         195
         197         216         210
         110           4          13          15           3         210
         216         220         211
         111           3          15           7           1         211
         220         206         201
         112          11          12          14          13         197
         199         218         216
         113          13          14          16          15         216
         218         222         220
         114          15          16           6           7         220
         222         207         206
         115          12           8           9          14         199
         192         213         218
         116          14           9          10          16         218
         213         215         222
         117          16          10           5           6         222
         215         202         207
         118         195         197         216         210         194
         196         217         208
         119         210         216         220         211         208
         217         221         209
         120         211         220         206         201         209
         221         204         200
         121         197         199         218         216         196
         198         219         217
         122         216         218         222         220         217
         219         223         221
         123         220         222         207         206         221
         223         205         204
         124         199         192         213         218         198
         193         212         219
         125         218         213         215         222         219
         212         214         223
         126         222         215         202         207         223
         214         203         205
         127         194         196         217         208         177
         186         188         179
         128         208         217         221         209         179
         188         190         178
         129         209         221         204         200         178
         190         182         176
         130         196         198         219         217         186
         187         189         188
         131         217         219         223         221         188
         189         191         190
         132         221         223         205         204         190
         191         181         182
         133         198         193         212         219         187
         183         184         189
         134         219         212         214         223         189
         184         185         191
         135         223         214         203         205         191
         185         180         181
         136         183         193         212         184         231
         250         252         232
         137         184         212         214         185         232
         252         256         234
         138         185         214         203         180         234
         256         240         225
         139         193         192         213         212         250
         248         254         252
         140         212         213         215         214         252
         254         258         256
         141         214         215         202         203         256
         258         238         240
         142         192           8           9         213         248
          95         101         254
         143         213           9          10         215         254
         101         102         258
         144         215          10           5         202         258
         102          79         238
         145         231         250         252         232         230
         251         253         233
         146         232         252         256         234         233
         253         257         235
         147         234         256         240         225         235
         257         241         226
         148         250         248         254         252         251
         249         255         253
         149         252         254         258         256         253
         255         259         257
         150         256         258         238         240         257
         259         239         241
         151         248          95         101         254         249
          96         103         255
         152         254         101         102         258         255
         103         104         259
         153         258         102          79         238         259
         104          78         239
         154         230         251         253         233         227
         243         246         228
         155         233         253         257         235         228
         246         247         229
         156         235         257         241         226         229
         247         237         224
         157         251         249         255         253         243
         242         244         246
         158         253         255         259         257         246
         244         245         247
         159         257         259         239         241         247
         245         236         237
         160         249          96         103         255         242
          86          87         244
         161         255         103         104         259         244
          87          88         245
         162         259         104          78         239         245
          88          77         236
         163         176         182         204         200         262
         265         279         276
         164         200         204         206         201         276
         279         283         275
         165         201         206           7           1         275
         283         137         131
         166         182         181         205         204         265
         266         281         279
         167         204         205         207         206         279
         281         285         283
         168         206         207           6           7         283
         285         139         137
         169         181         180         203         205         266
         225         240         281
         170         205         203         202         207         281
         240         238         285
         171         207         202           5           6         285
         238          79         139
         172         262         265         279         276         261
         267         280         278
         173         276         279         283         275         278
         280         284         277
         174         275         283         137         131         277
         284         138         132
         175         265         266         281         279         267
         268         282         280
         176         279         281         285         283         280
         282         286         284
         177         283         285         139         137         284
         286         140         138
         178         266         225         240         281         268
         226         241         282
         179         281         240         238         285         282
         241         239         286
         180         285         238          79         139         286
         239          78         140
         181         261         267         280         278         260
         263         272         270
         182         278         280         284         277         270
         272         271         269
         183         277         284         138         132         269
         271         125         122
         184         267         268         282         280         263
         264         274         272
         185         280         282         286         284         272
         274         273         271
         186         284         286         140         138         271
         273         126         125
         187         268         226         241         282         264
         224         237         274
         188         282         241         239         286         274
         237         236         273
         189         286         239          78         140         273
         236          77         126
         190         176         178         190         182         262
         300         306         265
         191         182         190         191         181         265
         306         310         266
         192         181         191         185         180         266
         310         234         225
         193         178         179         188         190         300
         298         308         306
         194         190         188         189         191         306
         308         312         310
         195         191         189         184         185         310
         312         232         234
         196         179         177         186         188         298
         296         302         308
         197         188         186         187         189         308
         302         304         312
         198         189         187         183         184         312
         304         231         232
         199         262         300         306         265         261
         301         307         267
         200         265         306         310         266         267
         307         311         268
         201         266         310         234         225         268
         311         235         226
         202         300         298         308         306         301
         299         309         307
         203         306         308         312         310         307
         309         313         311
         204         310         312         232         234         311
         313         233         235
         205         298         296         302         308         299
         297         303         309
         206         308         302         304         312         309
         303         305         313
         207         312         304         231         232         313
         305         230         233
         208         261         301         307         267         260
         289         294         263
         209         267         307         311         268         263
         294         295         264
         210         268         311         235         226         264
         295         229         224
         211         301         299         309         307         289
         288         292         294
         212         307         309         313         311         294
         292         293         295
         213         311         313         233         235         295
         293         228         229
         214         299         297         303         309         288
         287         290         292
         215         309         303         305         313         292
         290         291         293
         216         313         305         230         233         293
         291         227         228
         217           2          11         322         321          34
          39         354         348
         218         321         322         323         320         348
         354         358         349
         219         320         323         319         317         349
         358         344         339
         220          11          12         324         322          39
          40         356         354
         221         322         324         325         323         354
         356         360         358
         222         323         325         318         319         358
         360         345         344
         223          12           8         315         324          40
          35         351         356
         224         324         315         316         325         356
         351         353         360
         225         325         316         314         318         360
         353         340         345
         226          34          39         354         348          33
          37         355         346
         227         348         354         358         349         346
         355         359         347
         228         349         358         344         339         347
         359         342         338
         229          39          40         356         354          37
          38         357         355
         230         354         356         360         358         355
         357         361         359
         231         358         360         345         344         359
         361         343         342
         232          40          35         351         356          38
          36         350         357
         233         356         351         353         360         357
         350         352         361
         234         360         353         340         345         361
         352         341         343
         235          33          37         355         346          17
          19         334         328
         236         346         355         359         347         328
         334         336         327
         237         347         359         342         338         327
         336         331         326
         238          37          38         357         355          19
          20         335         334
         239         355         357         361         359         334
         335         337         336
         240         359         361         343         342         336
         337         330         331
         241          38          36         350         357          20
          18         332         335
         242         357         350         352         361         335
         332         333         337
         243         361         352         341         343         337
         333         329         330
         244          18          36         350         332          67
          98         390         367
         245         332         350         352         333         367
         390         394         369
         246         333         352         341         329         369
         394         378         363
         247          36          35         351         350          98
          97         392         390
         248         350         351         353         352         390
         392         396         394
         249         352         353         340         341         394
         396         376         378
         250          35           8         315         351          97
          95         386         392
         251         351         315         316         353         392
         386         388         396
         252         353         316         314         340         396
         388         375         376
         253          67          98         390         367          66
         100         391         368
         254         367         390         394         369         368
         391         395         370
         255         369         394         378         363         370
         395         379         364
         256          98          97         392         390         100
          99         393         391
         257         390         392         396         394         391
         393         397         395
         258         394         396         376         378         395
         397         377         379
         259          97          95         386         392          99
          96         387         393
         260         392         386         388         396         393
         387         389         397
         261         396         388         375         376         397
         389         374         377
         262          66         100         391         368          65
          90         384         365
         263         368         391         395         370         365
         384         385         366
         264         370         395         379         364         366
         385         373         362
         265         100          99         393         391          90
          89         382         384
         266         391         393         397         395         384
         382         383         385
         267         395         397         377         379         385
         383         372         373
         268          99          96         387         393          89
          86         380         382
         269         393         387         389         397         382
         380         381         383
         270         397         389         374         377         383
         381         371         372
         271         326         331         342         338         400
         403         426         419
         272         338         342         344         339         419
         426         430         418
         273         339         344         319         317         418
         430         422         416
         274         331         330         343         342         403
         404         428         426
         275         342         343         345         344         426
         428         432         430
         276         344         345         318         319         430
         432         423         422
         277         330         329         341         343         404
         363         378         428
         278         343         341         340         345         428
         378         376         432
         279         345         340         314         318         432
         376         375         423
         280         400         403         426         419         399
         405         427         421
         281         419         426         430         418         421
         427         431         420
         282         418         430         422         416         420
         431         424         417
         283         403         404         428         426         405
         406         429         427
         284         426         428         432         430         427
         429         433         431
         285         430         432         423         422         431
         433         425         424
         286         404         363         378         428         406
         364         379         429
         287         428         378         376         432         429
         379         377         433
         288         432         376         375         423         433
         377         374         425
         289         399         405         427         421         398
         401         413         411
         290         421         427         431         420         411
         413         412         410
         291         420         431         424         417         410
         412         408         407
         292         405         406         429         427         401
         402         415         413
         293         427         429         433         431         413
         415         414         412
         294         431         433         425         424         412
         414         409         408
         295         406         364         379         429         402
         362         373         415
         296         429         379         377         433         415
         373         372         414
         297         433         377         374         425         414
         372         371         409
         298         326         327         336         331         400
         442         444         403
         299         331         336         337         330         403
         444         448         404
         300         330         337         333         329         404
         448         369         363
         301         327         328         334         336         442
         440         446         444
         302         336         334         335         337         444
         446         450         448
         303         337         335         332         333         448
         450         367         369
         304         328          17          19         334         440
         158         164         446
         305         334          19          20         335         446
         164         165         450
         306         335          20          18         332         450
         165          67         367
         307         400         442         444         403         399
         443         445         405
         308         403         444         448         404         405
         445         449         406
         309         404         448         369         363         406
         449         370         364
         310         442         440         446         444         443
         441         447         445
         311         444         446         450         448         445
         447         451         449
         312         448         450         367         369         449
         451         368         370
         313         440         158         164         446         441
         159         166         447
         314         446         164         165         450         447
         166         167         451
         315         450         165          67         367         451
         167          66         368
         316         399         443         445         405         398
         435         438         401
         317         405         445         449         406         401
         438         439         402
         318         406         449         370         364         402
         439         366         362
         319         443         441         447         445         435
         434         436         438
         320         445         447         451         449         438
         436         437         439
         321         449         451         368         370         439
         437         365         366
         322         441         159         166         447         434
         149         150         436
         323         447         166         167         451         436
         150         151         437
         324         451         167          66         368         437
         151          65         365
         325           2         321         322          11         195
         473         480         197
         326          11         322         324          12         197
         480         484         199
         327          12         324         315           8         199
         484         478         192
         328         321         320         323         322         473
         475         482         480
         329         322         323         325         324         480
         482         486         484
         330         324         325         316         315         484
         486         479         478
         331         320         317         319         323         475
         467         469         482
         332         323         319         318         325         482
         469         471         486
         333         325         318         314         316         486
         471         464         479
         334         195         473         480         197         194
         472         481         196
         335         197         480         484         199         196
         481         485         198
         336         199         484         478         192         198
         485         476         193
         337         473         475         482         480         472
         474         483         481
         338         480         482         486         484         481
         483         487         485
         339         484         486         479         478         485
         487         477         476
         340         475         467         469         482         474
         466         468         483
         341         482         469         471         486         483
         468         470         487
         342         486         471         464         479         487
         470         465         477
         343         194         472         481         196         177
         459         460         186
         344         196         481         485         198         186
         460         462         187
         345         198         485         476         193         187
         462         453         183
         346         472         474         483         481         459
         458         461         460
         347         481         483         487         485         460
         461         463         462
         348         485         487         477         476         462
         463         454         453
         349         474         466         468         483         458
         455         457         461
         350         483         468         470         487         461
         457         456         463
         351         487         470         465         477         463
         456         452         454
         352         183         453         476         193         231
         493         507         250
         353         193         476         478         192         250
         507         511         248
         354         192         478         315           8         248
         511         386          95
         355         453         454         477         476         493
         494         509         507
         356         476         477         479         478         507
         509         513         511
         357         478         479         316         315         511
         513         388         386
         358         454         452         465         477         494
         491         500         509
         359         477         465         464         479         509
         500         499         513
         360         479         464         314         316         513
         499         375         388
         361         231         493         507         250         230
         495         508         251
         362         250         507         511         248         251
         508         512         249
         363         248         511         386          95         249
         512         387          96
         364         493         494         509         507         495
         496         510         508
         365         507         509         513         511         508
         510         514         512
         366         511         513         388         386         512
         514         389         387
         367         494         491         500         509         496
         492         502         510
         368         509         500         499         513         510
         502         501         514
         369         513         499         375         388         514
         501         374         389
         370         230         495         508         251         227
         489         504         243
         371         251         508         512         249         243
         504         503         242
         372         249         512         387          96         242
         503         380          86
         373         495         496         510         508         489
         490         506         504
         374         508         510         514         512         504
         506         505         503
         375         512         514         389         387         503
         505         381         380
         376         496         492         502         510         490
         488         498         506
         377         510         502         501         514         506
         498         497         505
         378         514         501         374         389         505
         497         371         381
         379         455         466         468         457         519
         532         534         520
         380         457         468         470         456         520
         534         538         522
         381         456         470         465         452         522
         538         500         491
         382         466         467         469         468         532
         530         536         534
         383         468         469         471         470         534
         536         540         538
         384         470         471         464         465         538
         540         499         500
         385         467         317         319         469         530
         416         422         536
         386         469         319         318         471         536
         422         423         540
         387         471         318         314         464         540
         423         375         499
         388         519         532         534         520         518
         533         535         521
         389         520         534         538         522         521
         535         539         523
         390         522         538         500         491         523
         539         502         492
         391         532         530         536         534         533
         531         537         535
         392         534         536         540         538         535
         537         541         539
         393         538         540         499         500         539
         541         501         502
         394         530         416         422         536         531
         417         424         537
         395         536         422         423         540         537
         424         425         541
         396         540         423         375         499         541
         425         374         501
         397         518         533         535         521         515
         525         528         516
         398         521         535         539         523         516
         528         529         517
         399         523         539         502         492         517
         529         498         488
         400         533         531         537         535         525
         524         526         528
         401         535         537         541         539         528
         526         527         529
         402         539         541         501         502         529
         527         497         498
         403         531         417         424         537         524
         407         408         526
         404         537         424         425         541         526
         408         409         527
         405         541         425         374         501         527
         409         371         497
         406         455         457         461         458         519
         520         552         549
         407         458         461         460         459         549
         552         556         548
         408         459         460         186         177         548
         556         302         296
         409         457         456         463         461         520
         522         554         552
         410         461         463         462         460         552
         554         558         556
         411         460         462         187         186         556
         558         304         302
         412         456         452         454         463         522
         491         494         554
         413         463         454         453         462         554
         494         493         558
         414         462         453         183         187         558
         493         231         304
         415         519         520         552         549         518
         521         553         551
         416         549         552         556         548         551
         553         557         550
         417         548         556         302         296         550
         557         303         297
         418         520         522         554         552         521
         523         555         553
         419         552         554         558         556         553
         555         559         557
         420         556         558         304         302         557
         559         305         303
         421         522         491         494         554         523
         492         496         555
         422         554         494         493         558         555
         496         495         559
         423         558         493         231         304         559
         495         230         305
         424         518         521         553         551         515
         516         545         543
         425         551         553         557         550         543
         545         544         542
         426         550         557         303         297         542
         544         290         287
         427         521         523         555         553         516
         517         547         545
         428         553         555         559         557         545
         547         546         544
         429         557         559         305         303         544
         546         291         290
         430         523         492         496         555         517
         488         490         547
         431         555         496         495         559         547
         490         489         546
         432         559         495         230         305         546
         489         227         291
         433           2         561         568           4          34
         587         600          50
         434           4         568         569           3          50
         600         604          52
         435           3         569         567           1          52
         604         594          44
         436         561         562         570         568         587
         589         602         600
         437         568         570         571         569         600
         602         606         604
         438         569         571         566         567         604
         606         595         594
         439         562         560         564         570         589
         584         597         602
         440         570         564         565         571         602
         597         599         606
         441         571         565         563         566         606
         599         590         595
         442          34         587         600          50          33
         586         601          49
         443          50         600         604          52          49
         601         605          51
         444          52         604         594          44          51
         605         592          43
         445         587         589         602         600         586
         588         603         601
         446         600         602         606         604         601
         603         607         605
         447         604         606         595         594         605
         607         593         592
         448         589         584         597         602         588
         585         596         603
         449         602         597         599         606         603
         596         598         607
         450         606         599         590         595         607
         598         591         593
         451          33         586         601          49          17
         578         580          28
         452          49         601         605          51          28
         580         582          27
         453          51         605         592          43          27
         582         574          24
         454         586         588         603         601         578
         579         581         580
         455         601         603         607         605         580
         581         583         582
         456         605         607         593         592         582
         583         573         574
         457         588         585         596         603         579
         575         576         581
         458         603         596         598         607         581
         576         577         583
         459         607         598         591         593         583
         577         572         573
         460         575         585         596         576         615
         642         648         616
         461         576         596         598         577         616
         648         652         618
         462         577         598         591         572         618
         652         627         609
         463         585         584         597         596         642
         640         650         648
         464         596         597         599         598         648
         650         654         652
         465         598         599         590         591         652
         654         625         627
         466         584         560         564         597         640
         638         644         650
         467         597         564         565         599         650
         644         646         654
         468         599         565         563         590         654
         646         624         625
         469         615         642         648         616         614
         643         649         617
         470         616         648         652         618         617
         649         653         619
         471         618         652         627         609         619
         653         628         610
         472         642         640         650         648         643
         641         651         649
         473         648         650         654         652         649
         651         655         653
         474         652         654         625         627         653
         655         626         628
         475         640         638         644         650         641
         639         645         651
         476         650         644         646         654         651
         645         647         655
         477         654         646         624         625         655
         647         623         626
         478         614         643         649         617         611
         631         636         612
         479         617         649         653         619         612
         636         637         613
         480         619         653         628         610         613
         637         622         608
         481         643         641         651         649         631
         630         634         636
         482         649         651         655         653         636
         634         635         637
         483         653         655         626         628         637
         635         621         622
         484         641         639         645         651         630
         629         632         634
         485         651         645         647         655         634
         632         633         635
         486         655         647         623         626         635
         633         620         621
         487          24         574         592          43         117
         658         672         135
         488          43         592         594          44         135
         672         676         133
         489          44         594         567           1         133
         676         668         131
         490         574         573         593         592         658
         659         674         672
         491         592         593         595         594         672
         674         678         676
         492         594         595         566         567         676
         678         669         668
         493         573         572         591         593         659
         609         627         674
         494         593         591         590         595         674
         627         625         678
         495         595         590         563         566         678
         625         624         669
         496         117         658         672         135         116
         660         673         136
         497         135         672         676         133         136
         673         677         134
         498         133         676         668         131         134
         677         670         132
         499         658         659         674         672         660
         661         675         673
         500         672         674         678         676         673
         675         679         677
         501         676         678         669         668         677
         679         671         670
         502         659         609         627         674         661
         610         628         675
         503         674         627         625         678         675
         628         626         679
         504         678         625         624         669         679
         626         623         671
         505         116         660         673         136         113
         656         665         124
         506         136         673         677         134         124
         665         664         123
         507         134         677         670         132         123
         664         662         122
         508         660         661         675         673         656
         657         667         665
         509         673         675         679         677         665
         667         666         664
         510         677         679         671         670         664
         666         663         662
         511         661         610         628         675         657
         608         622         667
         512         675         628         626         679         667
         622         621         666
         513         679         626         623         671         666
         621         620         663
         514          24          27         582         574         117
         161         690         658
         515         574         582         583         573         658
         690         694         659
         516         573         583         577         572         659
         694         618         609
         517          27          28         580         582         161
         160         692         690
         518         582         580         581         583         690
         692         696         694
         519         583         581         576         577         694
         696         616         618
         520          28          17         578         580         160
         158         686         692
         521         580         578         579         581         692
         686         688         696
         522         581         579         575         576         696
         688         615         616
         523         117         161         690         658         116
         163         691         660
         524         658         690         694         659         660
         691         695         661
         525         659         694         618         609         661
         695         619         610
         526         161         160         692         690         163
         162         693         691
         527         690         692         696         694         691
         693         697         695
         528         694         696         616         618         695
         697         617         619
         529         160         158         686         692         162
         159         687         693
         530         692         686         688         696         693
         687         689         697
         531         696         688         615         616         697
         689         614         617
         532         116         163         691         660         113
         153         684         656
         533         660         691         695         661         656
         684         685         657
         534         661         695         619         610         657
         685         613         608
         535         163         162         693         691         153
         152         682         684
         536         691         693         697         695         684
         682         683         685
         537         695         697         617         619         685
         683         612         613
         538         162         159         687         693         152
         149         680         682
         539         693         687         689         697         682
         680         681         683
         540         697         689         614         617         683
         681         611         612
         541           2           4         568         561         195
         210         726         714
         542         561         568         570         562         714
         726         730         715
         543         562         570         564         560         715
         730         724         710
         544           4           3         569         568         210
         211         728         726
         545         568         569         571         570         726
         728         732         730
         546         570         571         565         564         730
         732         725         724
         547           3           1         567         569         211
         201         719         728
         548         569         567         566         571         728
         719         721         732
         549         571         566         563         565         732
         721         716         725
         550         195         210         726         714         194
         208         727         712
         551         714         726         730         715         712
         727         731         713
         552         715         730         724         710         713
         731         722         711
         553         210         211         728         726         208
         209         729         727
         554         726         728         732         730         727
         729         733         731
         555         730         732         725         724         731
         733         723         722
         556         211         201         719         728         209
         200         718         729
         557         728         719         721         732         729
         718         720         733
         558         732         721         716         725         733
         720         717         723
         559         194         208         727         712         177
         179         706         699
         560         712         727         731         713         699
         706         708         700
         561         713         731         722         711         700
         708         702         698
         562         208         209         729         727         179
         178         707         706
         563         727         729         733         731         706
         707         709         708
         564         731         733         723         722         708
         709         703         702
         565         209         200         718         729         178
         176         705         707
         566         729         718         720         733         707
         705         704         709
         567         733         720         717         723         709
         704         701         703
         568         698         702         722         711         736
         742         762         759
         569         711         722         724         710         759
         762         766         758
         570         710         724         564         560         758
         766         644         638
         571         702         703         723         722         742
         743         764         762
         572         722         723         725         724         762
         764         768         766
         573         724         725         565         564         766
         768         646         644
         574         703         701         717         723         743
         740         749         764
         575         723         717         716         725         764
         749         748         768
         576         725         716         563         565         768
         748         624         646
         577         736         742         762         759         735
         744         763         761
         578         759         762         766         758         761
         763         767         760
         579         758         766         644         638         760
         767         645         639
         580         742         743         764         762         744
         745         765         763
         581         762         764         768         766         763
         765         769         767
         582         766         768         646         644         767
         769         647         645
         583         743         740         749         764         745
         741         751         765
         584         764         749         748         768         765
         751         750         769
         585         768         748         624         646         769
         750         623         647
         586         735         744         763         761         734
         738         755         753
         587         761         763         767         760         753
         755         754         752
         588         760         767         645         639         752
         754         632         629
         589         744         745         765         763         738
         739         757         755
         590         763         765         769         767         755
         757         756         754
         591         767         769         647         645         754
         756         633         632
         592         745         741         751         765         739
         737         747         757
         593         765         751         750         769         757
         747         746         756
         594         769         750         623         647         756
         746         620         633
         595         176         200         718         705         262
         276         780         772
         596         705         718         720         704         772
         780         784         774
         597         704         720         717         701         774
         784         749         740
         598         200         201         719         718         276
         275         782         780
         599         718         719         721         720         780
         782         786         784
         600         720         721         716         717         784
         786         748         749
         601         201           1         567         719         275
         131         668         782
         602         719         567         566         721         782
         668         669         786
         603         721         566         563         716         786
         669         624         748
         604         262         276         780         772         261
         278         781         773
         605         772         780         784         774         773
         781         785         775
         606         774         784         749         740         775
         785         751         741
         607         276         275         782         780         278
         277         783         781
         608         780         782         786         784         781
         783         787         785
         609         784         786         748         749         785
         787         750         751
         610         275         131         668         782         277
         132         670         783
         611         782         668         669         786         783
         670         671         787
         612         786         669         624         748         787
         671         623         750
         613         261         278         781         773         260
         270         778         770
         614         773         781         785         775         770
         778         779         771
         615         775         785         751         741         771
         779         747         737
         616         278         277         783         781         270
         269         776         778
         617         781         783         787         785         778
         776         777         779
         618         785         787         750         751         779
         777         746         747
         619         277         132         670         783         269
         122         662         776
         620         783         670         671         787         776
         662         663         777
         621         787         671         623         750         777
         663         620         746
         622         176         705         707         178         262
         772         798         300
         623         178         707         706         179         300
         798         802         298
         624         179         706         699         177         298
         802         794         296
         625         705         704         709         707         772
         774         800         798
         626         707         709         708         706         798
         800         804         802
         627         706         708         700         699         802
         804         795         794
         628         704         701         703         709         774
         740         743         800
         629         709         703         702         708         800
         743         742         804
         630         708         702         698         700         804
         742         736         795
         631         262         772         798         300         261
         773         799         301
         632         300         798         802         298         301
         799         803         299
         633         298         802         794         296         299
         803         796         297
         634         772         774         800         798         773
         775         801         799
         635         798         800         804         802         799
         801         805         803
         636         802         804         795         794         803
         805         797         796
         637         774         740         743         800         775
         741         745         801
         638         800         743         742         804         801
         745         744         805
         639         804         742         736         795         805
         744         735         797
         640         261         773         799         301         260
         770         791         289
         641         301         799         803         299         289
         791         790         288
         642         299         803         796         297         288
         790         788         287
         643         773         775         801         799         770
         771         793         791
         644         799         801         805         803         791
         793         792         790
         645         803         805         797         796         790
         792         789         788
         646         775         741         745         801         771
         737         739         793
         647         801         745         744         805         793
         739         738         792
         648         805         744         735         797         792
         738         734         789
         649           2         321         811         561          34
         348         834         587
         650         561         811         812         562         587
         834         838         589
         651         562         812         809         560         589
         838         832         584
         652         321         320         813         811         348
         349         836         834
         653         811         813         814         812         834
         836         840         838
         654         812         814         810         809         838
         840         833         832
         655         320         317         808         813         349
         339         827         836
         656         813         808         807         814         836
         827         829         840
         657         814         807         806         810         840
         829         824         833
         658          34         348         834         587          33
         346         835         586
         659         587         834         838         589         586
         835         839         588
         660         589         838         832         584         588
         839         830         585
         661         348         349         836         834         346
         347         837         835
         662         834         836         840         838         835
         837         841         839
         663         838         840         833         832         839
         841         831         830
         664         349         339         827         836         347
         338         826         837
         665         836         827         829         840         837
         826         828         841
         666         840         829         824         833         841
         828         825         831
         667          33         346         835         586          17
         328         820         578
         668         586         835         839         588         578
         820         822         579
         669         588         839         830         585         579
         822         816         575
         670         346         347         837         835         328
         327         821         820
         671         835         837         841         839         820
         821         823         822
         672         839         841         831         830         822
         823         817         816
         673         347         338         826         837         327
         326         819         821
         674         837         826         828         841         821
         819         818         823
         675         841         828         825         831         823
         818         815         817
         676         575         816         830         585         615
         847         870         642
         677         585         830         832         584         642
         870         874         640
         678         584         832         809         560         640
         874         866         638
         679         816         817         831         830         847
         848         872         870
         680         830         831         833         832         870
         872         876         874
         681         832         833         810         809         874
         876         867         866
         682         817         815         825         831         848
         845         857         872
         683         831         825         824         833         872
         857         856         876
         684         833         824         806         810         876
         856         853         867
         685         615         847         870         642         614
         849         871         643
         686         642         870         874         640         643
         871         875         641
         687         640         874         866         638         641
         875         868         639
         688         847         848         872         870         849
         850         873         871
         689         870         872         876         874         871
         873         877         875
         690         874         876         867         866         875
         877         869         868
         691         848         845         857         872         850
         846         859         873
         692         872         857         856         876         873
         859         858         877
         693         876         856         853         867         877
         858         852         869
         694         614         849         871         643         611
         843         863         631
         695         643         871         875         641         631
         863         862         630
         696         641         875         868         639         630
         862         860         629
         697         849         850         873         871         843
         844         865         863
         698         871         873         877         875         863
         865         864         862
         699         875         877         869         868         862
         864         861         860
         700         850         846         859         873         844
         842         855         865
         701         873         859         858         877         865
         855         854         864
         702         877         858         852         869         864
         854         851         861
         703         326         338         826         819         400
         419         894         880
         704         819         826         828         818         880
         894         898         882
         705         818         828         825         815         882
         898         857         845
         706         338         339         827         826         419
         418         896         894
         707         826         827         829         828         894
         896         900         898
         708         828         829         824         825         898
         900         856         857
         709         339         317         808         827         418
         416         890         896
         710         827         808         807         829         896
         890         892         900
         711         829         807         806         824         900
         892         853         856
         712         400         419         894         880         399
         421         895         881
         713         880         894         898         882         881
         895         899         883
         714         882         898         857         845         883
         899         859         846
         715         419         418         896         894         421
         420         897         895
         716         894         896         900         898         895
         897         901         899
         717         898         900         856         857         899
         901         858         859
         718         418         416         890         896         420
         417         891         897
         719         896         890         892         900         897
         891         893         901
         720         900         892         853         856         901
         893         852         858
         721         399         421         895         881         398
         411         888         878
         722         881         895         899         883         878
         888         889         879
         723         883         899         859         846         879
         889         855         842
         724         421         420         897         895         411
         410         886         888
         725         895         897         901         899         888
         886         887         889
         726         899         901         858         859         889
         887         854         855
         727         420         417         891         897         410
         407         884         886
         728         897         891         893         901         886
         884         885         887
         729         901         893         852         858         887
         885         851         854
         730         326         819         821         327         400
         880         906         442
         731         327         821         820         328         442
         906         910         440
         732         328         820         578          17         440
         910         686         158
         733         819         818         823         821         880
         882         908         906
         734         821         823         822         820         906
         908         912         910
         735         820         822         579         578         910
         912         688         686
         736         818         815         817         823         882
         845         848         908
         737         823         817         816         822         908
         848         847         912
         738         822         816         575         579         912
         847         615         688
         739         400         880         906         442         399
         881         907         443
         740         442         906         910         440         443
         907         911         441
         741         440         910         686         158         441
         911         687         159
         742         880         882         908         906         881
         883         909         907
         743         906         908         912         910         907
         909         913         911
         744         910         912         688         686         911
         913         689         687
         745         882         845         848         908         883
         846         850         909
         746         908         848         847         912         909
         850         849         913
         747         912         847         615         688         913
         849         614         689
         748         399         881         907         443         398
         878         903         435
         749         443         907         911         441         435
         903         902         434
         750         441         911         687         159         434
         902         680         149
         751         881         883         909         907         878
         879         905         903
         752         907         909         913         911         903
         905         904         902
         753         911         913         689         687         902
         904         681         680
         754         883         846         850         909         879
         842         844         905
         755         909         850         849         913         905
         844         843         904
         756         913         849         614         689         904
         843         611         681
         757           2         561         811         321         195
         714         933         473
         758         321         811         813         320         473
         933         937         475
         759         320         813         808         317         475
         937         927         467
         760         561         562         812         811         714
         715         935         933
         761         811         812         814         813         933
         935         939         937
         762         813         814         807         808         937
         939         928         927
         763         562         560         809         812         715
         710         930         935
         764         812         809         810         814         935
         930         932         939
         765         814         810         806         807         939
         932         923         928
         766         195         714         933         473         194
         712         934         472
         767         473         933         937         475         472
         934         938         474
         768         475         937         927         467         474
         938         925         466
         769         714         715         935         933         712
         713         936         934
         770         933         935         939         937         934
         936         940         938
         771         937         939         928         927         938
         940         926         925
         772         715         710         930         935         713
         711         929         936
         773         935         930         932         939         936
         929         931         940
         774         939         932         923         928         940
         931         924         926
         775         194         712         934         472         177
         699         919         459
         776         472         934         938         474         459
         919         921         458
         777         474         938         925         466         458
         921         916         455
         778         712         713         936         934         699
         700         920         919
         779         934         936         940         938         919
         920         922         921
         780         938         940         926         925         921
         922         915         916
         781         713         711         929         936         700
         698         917         920
         782         936         929         931         940         920
         917         918         922
         783         940         931         924         926         922
         918         914         915
         784         698         711         929         917         736
         759         960         946
         785         917         929         931         918         946
         960         964         948
         786         918         931         924         914         948
         964         954         942
         787         711         710         930         929         759
         758         962         960
         788         929         930         932         931         960
         962         966         964
         789         931         932         923         924         964
         966         952         954
         790         710         560         809         930         758
         638         866         962
         791         930         809         810         932         962
         866         867         966
         792         932         810         806         923         966
         867         853         952
         793         736         759         960         946         735
         761         961         947
         794         946         960         964         948         947
         961         965         949
         795         948         964         954         942         949
         965         955         943
         796         759         758         962         960         761
         760         963         961
         797         960         962         966         964         961
         963         967         965
         798         964         966         952         954         965
         967         953         955
         799         758         638         866         962         760
         639         868         963
         800         962         866         867         966         963
         868         869         967
         801         966         867         853         952         967
         869         852         953
         802         735         761         961         947         734
         753         958         944
         803         947         961         965         949         944
         958         959         945
         804         949         965         955         943         945
         959         951         941
         805         761         760         963         961         753
         752         956         958
         806         961         963         967         965         958
         956         957         959
         807         965         967         953         955         959
         957         950         951
         808         760         639         868         963         752
         629         860         956
         809         963         868         869         967         956
         860         861         957
         810         967         869         852         953         957
         861         851         950
         811         455         916         925         466         519
         970         978         532
         812         466         925         927         467         532
         978         982         530
         813         467         927         808         317         530
         982         890         416
         814         916         915         926         925         970
         971         980         978
         815         925         926         928         927         978
         980         984         982
         816         927         928         807         808         982
         984         892         890
         817         915         914         924         926         971
         942         954         980
         818         926         924         923         928         980
         954         952         984
         819         928         923         806         807         984
         952         853         892
         820         519         970         978         532         518
         972         979         533
         821         532         978         982         530         533
         979         983         531
         822         530         982         890         416         531
         983         891         417
         823         970         971         980         978         972
         973         981         979
         824         978         980         984         982         979
         981         985         983
         825         982         984         892         890         983
         985         893         891
         826         971         942         954         980         973
         943         955         981
         827         980         954         952         984         981
         955         953         985
         828         984         952         853         892         985
         953         852         893
         829         518         972         979         533         515
         968         975         525
         830         533         979         983         531         525
         975         974         524
         831         531         983         891         417         524
         974         884         407
         832         972         973         981         979         968
         969         977         975
         833         979         981         985         983         975
         977         976         974
         834         983         985         893         891         974
         976         885         884
         835         973         943         955         981         969
         941         951         977
         836         981         955         953         985         977
         951         950         976
         837         985         953         852         893         976
         950         851         885
         838         455         458         921         916         519
         549         990         970
         839         916         921         922         915         970
         990         994         971
         840         915         922         918         914         971
         994         948         942
         841         458         459         919         921         549
         548         992         990
         842         921         919         920         922         990
         992         996         994
         843         922         920         917         918         994
         996         946         948
         844         459         177         699         919         548
         296         794         992
         845         919         699         700         920         992
         794         795         996
         846         920         700         698         917         996
         795         736         946
         847         519         549         990         970         518
         551         991         972
         848         970         990         994         971         972
         991         995         973
         849         971         994         948         942         973
         995         949         943
         850         549         548         992         990         551
         550         993         991
         851         990         992         996         994         991
         993         997         995
         852         994         996         946         948         995
         997         947         949
         853         548         296         794         992         550
         297         796         993
         854         992         794         795         996         993
         796         797         997
         855         996         795         736         946         997
         797         735         947
         856         518         551         991         972         515
         543         988         968
         857         972         991         995         973         968
         988         989         969
         858         973         995         949         943         969
         989         945         941
         859         551         550         993         991         543
         542         986         988
         860         991         993         997         995         988
         986         987         989
         861         995         997         947         949         989
         987         944         945
         862         550         297         796         993         542
         287         788         986
         863         993         796         797         997         986
         788         789         987
         864         997         797         735         947         987
         789         734         944
