0 1     /ninit,initdir
2 0 1   /npr,npdis,ntprint
1 1       /nprint(i)
2 1
0 0     /nbouc,nchkread
2 4     /nint,nis
801 768 801 768
1    /nump

1	1	2	71	48	0	0	0	0	0
2	2	3	72	71	0	0	0	0	0
3	3	4	73	72	0	0	0	0	0
4	4	5	74	73	0	0	0	0	0
5	5	6	75	74	0	0	0	0	0
6	6	7	76	75	0	0	0	0	0
7	7	8	77	76	0	0	0	0	0
8	8	9	50	77	0	0	0	0	0
9	48	71	78	47	0	0	0	0	0
10	71	72	79	78	0	0	0	0	0
11	72	73	80	79	0	0	0	0	0
12	73	74	81	80	0	0	0	0	0
13	74	75	82	81	0	0	0	0	0
14	75	76	83	82	0	0	0	0	0
15	76	77	84	83	0	0	0	0	0
16	77	50	51	84	0	0	0	0	0
17	47	78	85	46	0	0	0	0	0
18	78	79	86	85	0	0	0	0	0
19	79	80	87	86	0	0	0	0	0
20	80	81	88	87	0	0	0	0	0
21	81	82	89	88	0	0	0	0	0
22	82	83	90	89	0	0	0	0	0
23	83	84	91	90	0	0	0	0	0
24	84	51	52	91	0	0	0	0	0
25	46	85	92	45	0	0	0	0	0
26	85	86	93	92	0	0	0	0	0
27	86	87	94	93	0	0	0	0	0
28	87	88	95	94	0	0	0	0	0
29	88	89	96	95	0	0	0	0	0
30	89	90	97	96	0	0	0	0	0
31	90	91	98	97	0	0	0	0	0
32	91	52	53	98	0	0	0	0	0
33	45	92	99	44	0	0	0	0	0
34	92	93	100	99	0	0	0	0	0
35	93	94	101	100	0	0	0	0	0
36	94	95	102	101	0	0	0	0	0
37	95	96	103	102	0	0	0	0	0
38	96	97	104	103	0	0	0	0	0
39	97	98	105	104	0	0	0	0	0
40	98	53	54	105	0	0	0	0	0
41	44	99	106	43	0	0	0	0	0
42	99	100	107	106	0	0	0	0	0
43	100	101	108	107	0	0	0	0	0
44	101	102	109	108	0	0	0	0	0
45	102	103	110	109	0	0	0	0	0
46	103	104	111	110	0	0	0	0	0
47	104	105	112	111	0	0	0	0	0
48	105	54	55	112	0	0	0	0	0
49	43	106	113	42	0	0	0	0	0
50	106	107	114	113	0	0	0	0	0
51	107	108	115	114	0	0	0	0	0
52	108	109	116	115	0	0	0	0	0
53	109	110	117	116	0	0	0	0	0
54	110	111	118	117	0	0	0	0	0
55	111	112	119	118	0	0	0	0	0
56	112	55	56	119	0	0	0	0	0
57	42	113	64	41	0	0	0	0	0
58	113	114	65	64	0	0	0	0	0
59	114	115	66	65	0	0	0	0	0
60	115	116	67	66	0	0	0	0	0
61	116	117	68	67	0	0	0	0	0
62	117	118	69	68	0	0	0	0	0
63	118	119	70	69	0	0	0	0	0
64	119	56	49	70	0	0	0	0	0
65	16	17	18	120	0	0	0	0	0
66	120	18	19	121	0	0	0	0	0
67	121	19	20	122	0	0	0	0	0
68	122	20	21	123	0	0	0	0	0
69	123	21	22	124	0	0	0	0	0
70	124	22	23	125	0	0	0	0	0
71	125	23	24	126	0	0	0	0	0
72	126	24	25	57	0	0	0	0	0
73	15	16	120	127	0	0	0	0	0
74	127	120	121	128	0	0	0	0	0
75	128	121	122	129	0	0	0	0	0
76	129	122	123	130	0	0	0	0	0
77	130	123	124	131	0	0	0	0	0
78	131	124	125	132	0	0	0	0	0
79	132	125	126	133	0	0	0	0	0
80	133	126	57	58	0	0	0	0	0
81	14	15	127	134	0	0	0	0	0
82	134	127	128	135	0	0	0	0	0
83	135	128	129	136	0	0	0	0	0
84	136	129	130	137	0	0	0	0	0
85	137	130	131	138	0	0	0	0	0
86	138	131	132	139	0	0	0	0	0
87	139	132	133	140	0	0	0	0	0
88	140	133	58	59	0	0	0	0	0
89	13	14	134	141	0	0	0	0	0
90	141	134	135	142	0	0	0	0	0
91	142	135	136	143	0	0	0	0	0
92	143	136	137	144	0	0	0	0	0
93	144	137	138	145	0	0	0	0	0
94	145	138	139	146	0	0	0	0	0
95	146	139	140	147	0	0	0	0	0
96	147	140	59	60	0	0	0	0	0
97	12	13	141	148	0	0	0	0	0
98	148	141	142	149	0	0	0	0	0
99	149	142	143	150	0	0	0	0	0
100	150	143	144	151	0	0	0	0	0
101	151	144	145	152	0	0	0	0	0
102	152	145	146	153	0	0	0	0	0
103	153	146	147	154	0	0	0	0	0
104	154	147	60	61	0	0	0	0	0
105	11	12	148	155	0	0	0	0	0
106	155	148	149	156	0	0	0	0	0
107	156	149	150	157	0	0	0	0	0
108	157	150	151	158	0	0	0	0	0
109	158	151	152	159	0	0	0	0	0
110	159	152	153	160	0	0	0	0	0
111	160	153	154	161	0	0	0	0	0
112	161	154	61	62	0	0	0	0	0
113	10	11	155	162	0	0	0	0	0
114	162	155	156	163	0	0	0	0	0
115	163	156	157	164	0	0	0	0	0
116	164	157	158	165	0	0	0	0	0
117	165	158	159	166	0	0	0	0	0
118	166	159	160	167	0	0	0	0	0
119	167	160	161	168	0	0	0	0	0
120	168	161	62	63	0	0	0	0	0
121	9	10	162	50	0	0	0	0	0
122	50	162	163	51	0	0	0	0	0
123	51	163	164	52	0	0	0	0	0
124	52	164	165	53	0	0	0	0	0
125	53	165	166	54	0	0	0	0	0
126	54	166	167	55	0	0	0	0	0
127	55	167	168	56	0	0	0	0	0
128	56	168	63	49	0	0	0	0	0
129	169	32	33	34	0	0	0	0	0
130	35	170	169	34	0	0	0	0	0
131	36	171	170	35	0	0	0	0	0
132	37	172	171	36	0	0	0	0	0
133	38	173	172	37	0	0	0	0	0
134	39	174	173	38	0	0	0	0	0
135	40	175	174	39	0	0	0	0	0
136	41	64	175	40	0	0	0	0	0
137	176	31	32	169	0	0	0	0	0
138	177	176	169	170	0	0	0	0	0
139	171	178	177	170	0	0	0	0	0
140	172	179	178	171	0	0	0	0	0
141	173	180	179	172	0	0	0	0	0
142	174	181	180	173	0	0	0	0	0
143	175	182	181	174	0	0	0	0	0
144	64	65	182	175	0	0	0	0	0
145	183	30	31	176	0	0	0	0	0
146	184	183	176	177	0	0	0	0	0
147	185	184	177	178	0	0	0	0	0
148	179	186	185	178	0	0	0	0	0
149	180	187	186	179	0	0	0	0	0
150	181	188	187	180	0	0	0	0	0
151	182	189	188	181	0	0	0	0	0
152	65	66	189	182	0	0	0	0	0
153	190	29	30	183	0	0	0	0	0
154	191	190	183	184	0	0	0	0	0
155	192	191	184	185	0	0	0	0	0
156	193	192	185	186	0	0	0	0	0
157	187	194	193	186	0	0	0	0	0
158	188	195	194	187	0	0	0	0	0
159	189	196	195	188	0	0	0	0	0
160	66	67	196	189	0	0	0	0	0
161	197	28	29	190	0	0	0	0	0
162	198	197	190	191	0	0	0	0	0
163	199	198	191	192	0	0	0	0	0
164	200	199	192	193	0	0	0	0	0
165	201	200	193	194	0	0	0	0	0
166	195	202	201	194	0	0	0	0	0
167	196	203	202	195	0	0	0	0	0
168	67	68	203	196	0	0	0	0	0
169	204	27	28	197	0	0	0	0	0
170	205	204	197	198	0	0	0	0	0
171	206	205	198	199	0	0	0	0	0
172	207	206	199	200	0	0	0	0	0
173	208	207	200	201	0	0	0	0	0
174	209	208	201	202	0	0	0	0	0
175	203	210	209	202	0	0	0	0	0
176	68	69	210	203	0	0	0	0	0
177	211	26	27	204	0	0	0	0	0
178	212	211	204	205	0	0	0	0	0
179	213	212	205	206	0	0	0	0	0
180	214	213	206	207	0	0	0	0	0
181	215	214	207	208	0	0	0	0	0
182	216	215	208	209	0	0	0	0	0
183	217	216	209	210	0	0	0	0	0
184	69	70	217	210	0	0	0	0	0
185	57	25	26	211	0	0	0	0	0
186	58	57	211	212	0	0	0	0	0
187	59	58	212	213	0	0	0	0	0
188	60	59	213	214	0	0	0	0	0
189	61	60	214	215	0	0	0	0	0
190	62	61	215	216	0	0	0	0	0
191	63	62	216	217	0	0	0	0	0
192	49	63	217	70	0	0	0	0	0
193	1	48	271	248	0	0	0	0	0
194	48	47	272	271	0	0	0	0	0
195	47	46	273	272	0	0	0	0	0
196	46	45	274	273	0	0	0	0	0
197	45	44	275	274	0	0	0	0	0
198	44	43	276	275	0	0	0	0	0
199	43	42	277	276	0	0	0	0	0
200	42	41	250	277	0	0	0	0	0
201	248	271	278	247	0	0	0	0	0
202	271	272	279	278	0	0	0	0	0
203	272	273	280	279	0	0	0	0	0
204	273	274	281	280	0	0	0	0	0
205	274	275	282	281	0	0	0	0	0
206	275	276	283	282	0	0	0	0	0
207	276	277	284	283	0	0	0	0	0
208	277	250	251	284	0	0	0	0	0
209	247	278	285	246	0	0	0	0	0
210	278	279	286	285	0	0	0	0	0
211	279	280	287	286	0	0	0	0	0
212	280	281	288	287	0	0	0	0	0
213	281	282	289	288	0	0	0	0	0
214	282	283	290	289	0	0	0	0	0
215	283	284	291	290	0	0	0	0	0
216	284	251	252	291	0	0	0	0	0
217	246	285	292	245	0	0	0	0	0
218	285	286	293	292	0	0	0	0	0
219	286	287	294	293	0	0	0	0	0
220	287	288	295	294	0	0	0	0	0
221	288	289	296	295	0	0	0	0	0
222	289	290	297	296	0	0	0	0	0
223	290	291	298	297	0	0	0	0	0
224	291	252	253	298	0	0	0	0	0
225	245	292	299	244	0	0	0	0	0
226	292	293	300	299	0	0	0	0	0
227	293	294	301	300	0	0	0	0	0
228	294	295	302	301	0	0	0	0	0
229	295	296	303	302	0	0	0	0	0
230	296	297	304	303	0	0	0	0	0
231	297	298	305	304	0	0	0	0	0
232	298	253	254	305	0	0	0	0	0
233	244	299	306	243	0	0	0	0	0
234	299	300	307	306	0	0	0	0	0
235	300	301	308	307	0	0	0	0	0
236	301	302	309	308	0	0	0	0	0
237	302	303	310	309	0	0	0	0	0
238	303	304	311	310	0	0	0	0	0
239	304	305	312	311	0	0	0	0	0
240	305	254	255	312	0	0	0	0	0
241	243	306	313	242	0	0	0	0	0
242	306	307	314	313	0	0	0	0	0
243	307	308	315	314	0	0	0	0	0
244	308	309	316	315	0	0	0	0	0
245	309	310	317	316	0	0	0	0	0
246	310	311	318	317	0	0	0	0	0
247	311	312	319	318	0	0	0	0	0
248	312	255	256	319	0	0	0	0	0
249	242	313	264	241	0	0	0	0	0
250	313	314	265	264	0	0	0	0	0
251	314	315	266	265	0	0	0	0	0
252	315	316	267	266	0	0	0	0	0
253	316	317	268	267	0	0	0	0	0
254	317	318	269	268	0	0	0	0	0
255	318	319	270	269	0	0	0	0	0
256	319	256	249	270	0	0	0	0	0
257	34	33	218	320	0	0	0	0	0
258	320	218	219	321	0	0	0	0	0
259	321	219	220	322	0	0	0	0	0
260	322	220	221	323	0	0	0	0	0
261	323	221	222	324	0	0	0	0	0
262	324	222	223	325	0	0	0	0	0
263	325	223	224	326	0	0	0	0	0
264	326	224	225	257	0	0	0	0	0
265	35	34	320	327	0	0	0	0	0
266	327	320	321	328	0	0	0	0	0
267	328	321	322	329	0	0	0	0	0
268	329	322	323	330	0	0	0	0	0
269	330	323	324	331	0	0	0	0	0
270	331	324	325	332	0	0	0	0	0
271	332	325	326	333	0	0	0	0	0
272	333	326	257	258	0	0	0	0	0
273	36	35	327	334	0	0	0	0	0
274	334	327	328	335	0	0	0	0	0
275	335	328	329	336	0	0	0	0	0
276	336	329	330	337	0	0	0	0	0
277	337	330	331	338	0	0	0	0	0
278	338	331	332	339	0	0	0	0	0
279	339	332	333	340	0	0	0	0	0
280	340	333	258	259	0	0	0	0	0
281	37	36	334	341	0	0	0	0	0
282	341	334	335	342	0	0	0	0	0
283	342	335	336	343	0	0	0	0	0
284	343	336	337	344	0	0	0	0	0
285	344	337	338	345	0	0	0	0	0
286	345	338	339	346	0	0	0	0	0
287	346	339	340	347	0	0	0	0	0
288	347	340	259	260	0	0	0	0	0
289	38	37	341	348	0	0	0	0	0
290	348	341	342	349	0	0	0	0	0
291	349	342	343	350	0	0	0	0	0
292	350	343	344	351	0	0	0	0	0
293	351	344	345	352	0	0	0	0	0
294	352	345	346	353	0	0	0	0	0
295	353	346	347	354	0	0	0	0	0
296	354	347	260	261	0	0	0	0	0
297	39	38	348	355	0	0	0	0	0
298	355	348	349	356	0	0	0	0	0
299	356	349	350	357	0	0	0	0	0
300	357	350	351	358	0	0	0	0	0
301	358	351	352	359	0	0	0	0	0
302	359	352	353	360	0	0	0	0	0
303	360	353	354	361	0	0	0	0	0
304	361	354	261	262	0	0	0	0	0
305	40	39	355	362	0	0	0	0	0
306	362	355	356	363	0	0	0	0	0
307	363	356	357	364	0	0	0	0	0
308	364	357	358	365	0	0	0	0	0
309	365	358	359	366	0	0	0	0	0
310	366	359	360	367	0	0	0	0	0
311	367	360	361	368	0	0	0	0	0
312	368	361	262	263	0	0	0	0	0
313	41	40	362	250	0	0	0	0	0
314	250	362	363	251	0	0	0	0	0
315	251	363	364	252	0	0	0	0	0
316	252	364	365	253	0	0	0	0	0
317	253	365	366	254	0	0	0	0	0
318	254	366	367	255	0	0	0	0	0
319	255	367	368	256	0	0	0	0	0
320	256	368	263	249	0	0	0	0	0
321	369	232	233	234	0	0	0	0	0
322	235	370	369	234	0	0	0	0	0
323	236	371	370	235	0	0	0	0	0
324	237	372	371	236	0	0	0	0	0
325	238	373	372	237	0	0	0	0	0
326	239	374	373	238	0	0	0	0	0
327	240	375	374	239	0	0	0	0	0
328	241	264	375	240	0	0	0	0	0
329	376	231	232	369	0	0	0	0	0
330	377	376	369	370	0	0	0	0	0
331	371	378	377	370	0	0	0	0	0
332	372	379	378	371	0	0	0	0	0
333	373	380	379	372	0	0	0	0	0
334	374	381	380	373	0	0	0	0	0
335	375	382	381	374	0	0	0	0	0
336	264	265	382	375	0	0	0	0	0
337	383	230	231	376	0	0	0	0	0
338	384	383	376	377	0	0	0	0	0
339	385	384	377	378	0	0	0	0	0
340	379	386	385	378	0	0	0	0	0
341	380	387	386	379	0	0	0	0	0
342	381	388	387	380	0	0	0	0	0
343	382	389	388	381	0	0	0	0	0
344	265	266	389	382	0	0	0	0	0
345	390	229	230	383	0	0	0	0	0
346	391	390	383	384	0	0	0	0	0
347	392	391	384	385	0	0	0	0	0
348	393	392	385	386	0	0	0	0	0
349	387	394	393	386	0	0	0	0	0
350	388	395	394	387	0	0	0	0	0
351	389	396	395	388	0	0	0	0	0
352	266	267	396	389	0	0	0	0	0
353	397	228	229	390	0	0	0	0	0
354	398	397	390	391	0	0	0	0	0
355	399	398	391	392	0	0	0	0	0
356	400	399	392	393	0	0	0	0	0
357	401	400	393	394	0	0	0	0	0
358	395	402	401	394	0	0	0	0	0
359	396	403	402	395	0	0	0	0	0
360	267	268	403	396	0	0	0	0	0
361	404	227	228	397	0	0	0	0	0
362	405	404	397	398	0	0	0	0	0
363	406	405	398	399	0	0	0	0	0
364	407	406	399	400	0	0	0	0	0
365	408	407	400	401	0	0	0	0	0
366	409	408	401	402	0	0	0	0	0
367	403	410	409	402	0	0	0	0	0
368	268	269	410	403	0	0	0	0	0
369	411	226	227	404	0	0	0	0	0
370	412	411	404	405	0	0	0	0	0
371	413	412	405	406	0	0	0	0	0
372	414	413	406	407	0	0	0	0	0
373	415	414	407	408	0	0	0	0	0
374	416	415	408	409	0	0	0	0	0
375	417	416	409	410	0	0	0	0	0
376	269	270	417	410	0	0	0	0	0
377	257	225	226	411	0	0	0	0	0
378	258	257	411	412	0	0	0	0	0
379	259	258	412	413	0	0	0	0	0
380	260	259	413	414	0	0	0	0	0
381	261	260	414	415	0	0	0	0	0
382	262	261	415	416	0	0	0	0	0
383	263	262	416	417	0	0	0	0	0
384	249	263	417	270	0	0	0	0	0
385	1	248	471	448	0	0	0	0	0
386	248	247	472	471	0	0	0	0	0
387	247	246	473	472	0	0	0	0	0
388	246	245	474	473	0	0	0	0	0
389	245	244	475	474	0	0	0	0	0
390	244	243	476	475	0	0	0	0	0
391	243	242	477	476	0	0	0	0	0
392	242	241	450	477	0	0	0	0	0
393	448	471	478	447	0	0	0	0	0
394	471	472	479	478	0	0	0	0	0
395	472	473	480	479	0	0	0	0	0
396	473	474	481	480	0	0	0	0	0
397	474	475	482	481	0	0	0	0	0
398	475	476	483	482	0	0	0	0	0
399	476	477	484	483	0	0	0	0	0
400	477	450	451	484	0	0	0	0	0
401	447	478	485	446	0	0	0	0	0
402	478	479	486	485	0	0	0	0	0
403	479	480	487	486	0	0	0	0	0
404	480	481	488	487	0	0	0	0	0
405	481	482	489	488	0	0	0	0	0
406	482	483	490	489	0	0	0	0	0
407	483	484	491	490	0	0	0	0	0
408	484	451	452	491	0	0	0	0	0
409	446	485	492	445	0	0	0	0	0
410	485	486	493	492	0	0	0	0	0
411	486	487	494	493	0	0	0	0	0
412	487	488	495	494	0	0	0	0	0
413	488	489	496	495	0	0	0	0	0
414	489	490	497	496	0	0	0	0	0
415	490	491	498	497	0	0	0	0	0
416	491	452	453	498	0	0	0	0	0
417	445	492	499	444	0	0	0	0	0
418	492	493	500	499	0	0	0	0	0
419	493	494	501	500	0	0	0	0	0
420	494	495	502	501	0	0	0	0	0
421	495	496	503	502	0	0	0	0	0
422	496	497	504	503	0	0	0	0	0
423	497	498	505	504	0	0	0	0	0
424	498	453	454	505	0	0	0	0	0
425	444	499	506	443	0	0	0	0	0
426	499	500	507	506	0	0	0	0	0
427	500	501	508	507	0	0	0	0	0
428	501	502	509	508	0	0	0	0	0
429	502	503	510	509	0	0	0	0	0
430	503	504	511	510	0	0	0	0	0
431	504	505	512	511	0	0	0	0	0
432	505	454	455	512	0	0	0	0	0
433	443	506	513	442	0	0	0	0	0
434	506	507	514	513	0	0	0	0	0
435	507	508	515	514	0	0	0	0	0
436	508	509	516	515	0	0	0	0	0
437	509	510	517	516	0	0	0	0	0
438	510	511	518	517	0	0	0	0	0
439	511	512	519	518	0	0	0	0	0
440	512	455	456	519	0	0	0	0	0
441	442	513	464	441	0	0	0	0	0
442	513	514	465	464	0	0	0	0	0
443	514	515	466	465	0	0	0	0	0
444	515	516	467	466	0	0	0	0	0
445	516	517	468	467	0	0	0	0	0
446	517	518	469	468	0	0	0	0	0
447	518	519	470	469	0	0	0	0	0
448	519	456	449	470	0	0	0	0	0
449	234	233	418	520	0	0	0	0	0
450	520	418	419	521	0	0	0	0	0
451	521	419	420	522	0	0	0	0	0
452	522	420	421	523	0	0	0	0	0
453	523	421	422	524	0	0	0	0	0
454	524	422	423	525	0	0	0	0	0
455	525	423	424	526	0	0	0	0	0
456	526	424	425	457	0	0	0	0	0
457	235	234	520	527	0	0	0	0	0
458	527	520	521	528	0	0	0	0	0
459	528	521	522	529	0	0	0	0	0
460	529	522	523	530	0	0	0	0	0
461	530	523	524	531	0	0	0	0	0
462	531	524	525	532	0	0	0	0	0
463	532	525	526	533	0	0	0	0	0
464	533	526	457	458	0	0	0	0	0
465	236	235	527	534	0	0	0	0	0
466	534	527	528	535	0	0	0	0	0
467	535	528	529	536	0	0	0	0	0
468	536	529	530	537	0	0	0	0	0
469	537	530	531	538	0	0	0	0	0
470	538	531	532	539	0	0	0	0	0
471	539	532	533	540	0	0	0	0	0
472	540	533	458	459	0	0	0	0	0
473	237	236	534	541	0	0	0	0	0
474	541	534	535	542	0	0	0	0	0
475	542	535	536	543	0	0	0	0	0
476	543	536	537	544	0	0	0	0	0
477	544	537	538	545	0	0	0	0	0
478	545	538	539	546	0	0	0	0	0
479	546	539	540	547	0	0	0	0	0
480	547	540	459	460	0	0	0	0	0
481	238	237	541	548	0	0	0	0	0
482	548	541	542	549	0	0	0	0	0
483	549	542	543	550	0	0	0	0	0
484	550	543	544	551	0	0	0	0	0
485	551	544	545	552	0	0	0	0	0
486	552	545	546	553	0	0	0	0	0
487	553	546	547	554	0	0	0	0	0
488	554	547	460	461	0	0	0	0	0
489	239	238	548	555	0	0	0	0	0
490	555	548	549	556	0	0	0	0	0
491	556	549	550	557	0	0	0	0	0
492	557	550	551	558	0	0	0	0	0
493	558	551	552	559	0	0	0	0	0
494	559	552	553	560	0	0	0	0	0
495	560	553	554	561	0	0	0	0	0
496	561	554	461	462	0	0	0	0	0
497	240	239	555	562	0	0	0	0	0
498	562	555	556	563	0	0	0	0	0
499	563	556	557	564	0	0	0	0	0
500	564	557	558	565	0	0	0	0	0
501	565	558	559	566	0	0	0	0	0
502	566	559	560	567	0	0	0	0	0
503	567	560	561	568	0	0	0	0	0
504	568	561	462	463	0	0	0	0	0
505	241	240	562	450	0	0	0	0	0
506	450	562	563	451	0	0	0	0	0
507	451	563	564	452	0	0	0	0	0
508	452	564	565	453	0	0	0	0	0
509	453	565	566	454	0	0	0	0	0
510	454	566	567	455	0	0	0	0	0
511	455	567	568	456	0	0	0	0	0
512	456	568	463	449	0	0	0	0	0
513	569	432	433	434	0	0	0	0	0
514	435	570	569	434	0	0	0	0	0
515	436	571	570	435	0	0	0	0	0
516	437	572	571	436	0	0	0	0	0
517	438	573	572	437	0	0	0	0	0
518	439	574	573	438	0	0	0	0	0
519	440	575	574	439	0	0	0	0	0
520	441	464	575	440	0	0	0	0	0
521	576	431	432	569	0	0	0	0	0
522	577	576	569	570	0	0	0	0	0
523	571	578	577	570	0	0	0	0	0
524	572	579	578	571	0	0	0	0	0
525	573	580	579	572	0	0	0	0	0
526	574	581	580	573	0	0	0	0	0
527	575	582	581	574	0	0	0	0	0
528	464	465	582	575	0	0	0	0	0
529	583	430	431	576	0	0	0	0	0
530	584	583	576	577	0	0	0	0	0
531	585	584	577	578	0	0	0	0	0
532	579	586	585	578	0	0	0	0	0
533	580	587	586	579	0	0	0	0	0
534	581	588	587	580	0	0	0	0	0
535	582	589	588	581	0	0	0	0	0
536	465	466	589	582	0	0	0	0	0
537	590	429	430	583	0	0	0	0	0
538	591	590	583	584	0	0	0	0	0
539	592	591	584	585	0	0	0	0	0
540	593	592	585	586	0	0	0	0	0
541	587	594	593	586	0	0	0	0	0
542	588	595	594	587	0	0	0	0	0
543	589	596	595	588	0	0	0	0	0
544	466	467	596	589	0	0	0	0	0
545	597	428	429	590	0	0	0	0	0
546	598	597	590	591	0	0	0	0	0
547	599	598	591	592	0	0	0	0	0
548	600	599	592	593	0	0	0	0	0
549	601	600	593	594	0	0	0	0	0
550	595	602	601	594	0	0	0	0	0
551	596	603	602	595	0	0	0	0	0
552	467	468	603	596	0	0	0	0	0
553	604	427	428	597	0	0	0	0	0
554	605	604	597	598	0	0	0	0	0
555	606	605	598	599	0	0	0	0	0
556	607	606	599	600	0	0	0	0	0
557	608	607	600	601	0	0	0	0	0
558	609	608	601	602	0	0	0	0	0
559	603	610	609	602	0	0	0	0	0
560	468	469	610	603	0	0	0	0	0
561	611	426	427	604	0	0	0	0	0
562	612	611	604	605	0	0	0	0	0
563	613	612	605	606	0	0	0	0	0
564	614	613	606	607	0	0	0	0	0
565	615	614	607	608	0	0	0	0	0
566	616	615	608	609	0	0	0	0	0
567	617	616	609	610	0	0	0	0	0
568	469	470	617	610	0	0	0	0	0
569	457	425	426	611	0	0	0	0	0
570	458	457	611	612	0	0	0	0	0
571	459	458	612	613	0	0	0	0	0
572	460	459	613	614	0	0	0	0	0
573	461	460	614	615	0	0	0	0	0
574	462	461	615	616	0	0	0	0	0
575	463	462	616	617	0	0	0	0	0
576	449	463	617	470	0	0	0	0	0
577	1	448	655	2	0	0	0	0	0
578	448	447	656	655	0	0	0	0	0
579	447	446	657	656	0	0	0	0	0
580	446	445	658	657	0	0	0	0	0
581	445	444	659	658	0	0	0	0	0
582	444	443	660	659	0	0	0	0	0
583	443	442	661	660	0	0	0	0	0
584	442	441	634	661	0	0	0	0	0
585	2	655	662	3	0	0	0	0	0
586	655	656	663	662	0	0	0	0	0
587	656	657	664	663	0	0	0	0	0
588	657	658	665	664	0	0	0	0	0
589	658	659	666	665	0	0	0	0	0
590	659	660	667	666	0	0	0	0	0
591	660	661	668	667	0	0	0	0	0
592	661	634	635	668	0	0	0	0	0
593	3	662	669	4	0	0	0	0	0
594	662	663	670	669	0	0	0	0	0
595	663	664	671	670	0	0	0	0	0
596	664	665	672	671	0	0	0	0	0
597	665	666	673	672	0	0	0	0	0
598	666	667	674	673	0	0	0	0	0
599	667	668	675	674	0	0	0	0	0
600	668	635	636	675	0	0	0	0	0
601	4	669	676	5	0	0	0	0	0
602	669	670	677	676	0	0	0	0	0
603	670	671	678	677	0	0	0	0	0
604	671	672	679	678	0	0	0	0	0
605	672	673	680	679	0	0	0	0	0
606	673	674	681	680	0	0	0	0	0
607	674	675	682	681	0	0	0	0	0
608	675	636	637	682	0	0	0	0	0
609	5	676	683	6	0	0	0	0	0
610	676	677	684	683	0	0	0	0	0
611	677	678	685	684	0	0	0	0	0
612	678	679	686	685	0	0	0	0	0
613	679	680	687	686	0	0	0	0	0
614	680	681	688	687	0	0	0	0	0
615	681	682	689	688	0	0	0	0	0
616	682	637	638	689	0	0	0	0	0
617	6	683	690	7	0	0	0	0	0
618	683	684	691	690	0	0	0	0	0
619	684	685	692	691	0	0	0	0	0
620	685	686	693	692	0	0	0	0	0
621	686	687	694	693	0	0	0	0	0
622	687	688	695	694	0	0	0	0	0
623	688	689	696	695	0	0	0	0	0
624	689	638	639	696	0	0	0	0	0
625	7	690	697	8	0	0	0	0	0
626	690	691	698	697	0	0	0	0	0
627	691	692	699	698	0	0	0	0	0
628	692	693	700	699	0	0	0	0	0
629	693	694	701	700	0	0	0	0	0
630	694	695	702	701	0	0	0	0	0
631	695	696	703	702	0	0	0	0	0
632	696	639	640	703	0	0	0	0	0
633	8	697	648	9	0	0	0	0	0
634	697	698	649	648	0	0	0	0	0
635	698	699	650	649	0	0	0	0	0
636	699	700	651	650	0	0	0	0	0
637	700	701	652	651	0	0	0	0	0
638	701	702	653	652	0	0	0	0	0
639	702	703	654	653	0	0	0	0	0
640	703	640	633	654	0	0	0	0	0
641	434	433	618	704	0	0	0	0	0
642	704	618	619	705	0	0	0	0	0
643	705	619	620	706	0	0	0	0	0
644	706	620	621	707	0	0	0	0	0
645	707	621	622	708	0	0	0	0	0
646	708	622	623	709	0	0	0	0	0
647	709	623	624	710	0	0	0	0	0
648	710	624	625	641	0	0	0	0	0
649	435	434	704	711	0	0	0	0	0
650	711	704	705	712	0	0	0	0	0
651	712	705	706	713	0	0	0	0	0
652	713	706	707	714	0	0	0	0	0
653	714	707	708	715	0	0	0	0	0
654	715	708	709	716	0	0	0	0	0
655	716	709	710	717	0	0	0	0	0
656	717	710	641	642	0	0	0	0	0
657	436	435	711	718	0	0	0	0	0
658	718	711	712	719	0	0	0	0	0
659	719	712	713	720	0	0	0	0	0
660	720	713	714	721	0	0	0	0	0
661	721	714	715	722	0	0	0	0	0
662	722	715	716	723	0	0	0	0	0
663	723	716	717	724	0	0	0	0	0
664	724	717	642	643	0	0	0	0	0
665	437	436	718	725	0	0	0	0	0
666	725	718	719	726	0	0	0	0	0
667	726	719	720	727	0	0	0	0	0
668	727	720	721	728	0	0	0	0	0
669	728	721	722	729	0	0	0	0	0
670	729	722	723	730	0	0	0	0	0
671	730	723	724	731	0	0	0	0	0
672	731	724	643	644	0	0	0	0	0
673	438	437	725	732	0	0	0	0	0
674	732	725	726	733	0	0	0	0	0
675	733	726	727	734	0	0	0	0	0
676	734	727	728	735	0	0	0	0	0
677	735	728	729	736	0	0	0	0	0
678	736	729	730	737	0	0	0	0	0
679	737	730	731	738	0	0	0	0	0
680	738	731	644	645	0	0	0	0	0
681	439	438	732	739	0	0	0	0	0
682	739	732	733	740	0	0	0	0	0
683	740	733	734	741	0	0	0	0	0
684	741	734	735	742	0	0	0	0	0
685	742	735	736	743	0	0	0	0	0
686	743	736	737	744	0	0	0	0	0
687	744	737	738	745	0	0	0	0	0
688	745	738	645	646	0	0	0	0	0
689	440	439	739	746	0	0	0	0	0
690	746	739	740	747	0	0	0	0	0
691	747	740	741	748	0	0	0	0	0
692	748	741	742	749	0	0	0	0	0
693	749	742	743	750	0	0	0	0	0
694	750	743	744	751	0	0	0	0	0
695	751	744	745	752	0	0	0	0	0
696	752	745	646	647	0	0	0	0	0
697	441	440	746	634	0	0	0	0	0
698	634	746	747	635	0	0	0	0	0
699	635	747	748	636	0	0	0	0	0
700	636	748	749	637	0	0	0	0	0
701	637	749	750	638	0	0	0	0	0
702	638	750	751	639	0	0	0	0	0
703	639	751	752	640	0	0	0	0	0
704	640	752	647	633	0	0	0	0	0
705	753	632	17	16	0	0	0	0	0
706	15	754	753	16	0	0	0	0	0
707	14	755	754	15	0	0	0	0	0
708	13	756	755	14	0	0	0	0	0
709	12	757	756	13	0	0	0	0	0
710	11	758	757	12	0	0	0	0	0
711	10	759	758	11	0	0	0	0	0
712	9	648	759	10	0	0	0	0	0
713	760	631	632	753	0	0	0	0	0
714	761	760	753	754	0	0	0	0	0
715	755	762	761	754	0	0	0	0	0
716	756	763	762	755	0	0	0	0	0
717	757	764	763	756	0	0	0	0	0
718	758	765	764	757	0	0	0	0	0
719	759	766	765	758	0	0	0	0	0
720	648	649	766	759	0	0	0	0	0
721	767	630	631	760	0	0	0	0	0
722	768	767	760	761	0	0	0	0	0
723	769	768	761	762	0	0	0	0	0
724	763	770	769	762	0	0	0	0	0
725	764	771	770	763	0	0	0	0	0
726	765	772	771	764	0	0	0	0	0
727	766	773	772	765	0	0	0	0	0
728	649	650	773	766	0	0	0	0	0
729	774	629	630	767	0	0	0	0	0
730	775	774	767	768	0	0	0	0	0
731	776	775	768	769	0	0	0	0	0
732	777	776	769	770	0	0	0	0	0
733	771	778	777	770	0	0	0	0	0
734	772	779	778	771	0	0	0	0	0
735	773	780	779	772	0	0	0	0	0
736	650	651	780	773	0	0	0	0	0
737	781	628	629	774	0	0	0	0	0
738	782	781	774	775	0	0	0	0	0
739	783	782	775	776	0	0	0	0	0
740	784	783	776	777	0	0	0	0	0
741	785	784	777	778	0	0	0	0	0
742	779	786	785	778	0	0	0	0	0
743	780	787	786	779	0	0	0	0	0
744	651	652	787	780	0	0	0	0	0
745	788	627	628	781	0	0	0	0	0
746	789	788	781	782	0	0	0	0	0
747	790	789	782	783	0	0	0	0	0
748	791	790	783	784	0	0	0	0	0
749	792	791	784	785	0	0	0	0	0
750	793	792	785	786	0	0	0	0	0
751	787	794	793	786	0	0	0	0	0
752	652	653	794	787	0	0	0	0	0
753	795	626	627	788	0	0	0	0	0
754	796	795	788	789	0	0	0	0	0
755	797	796	789	790	0	0	0	0	0
756	798	797	790	791	0	0	0	0	0
757	799	798	791	792	0	0	0	0	0
758	800	799	792	793	0	0	0	0	0
759	801	800	793	794	0	0	0	0	0
760	653	654	801	794	0	0	0	0	0
761	641	625	626	795	0	0	0	0	0
762	642	641	795	796	0	0	0	0	0
763	643	642	796	797	0	0	0	0	0
764	644	643	797	798	0	0	0	0	0
765	645	644	798	799	0	0	0	0	0
766	646	645	799	800	0	0	0	0	0
767	647	646	800	801	0	0	0	0	0
768	633	647	801	654	0	0	0	0	0


1	0.0	1.0	1.0	0
2	0.0	1.0	0.9375	0
3	0.0	1.0	0.875	0
4	0.0	1.0	0.8125	0
5	0.0	1.0	0.75	0
6	0.0	1.0	0.6875	0
7	0.0	1.0	0.625	0
8	0.0	1.0	0.5625	0
9	0.0	1.0	0.5	0
10	0.0	1.0	0.4375	0
11	0.0	1.0	0.375	0
12	0.0	1.0	0.3125	0
13	0.0	1.0	0.25	0
14	0.0	1.0	0.1875	0
15	0.0	1.0	0.125	0
16	0.0	1.0	0.0625	0
17	0.0	1.0	0.0	0
18	0.0	1.09801714033	0.004815273328	0
19	0.0	1.195090322016	0.019214719597	0
20	0.0	1.290284677254	0.043059664268	0
21	0.0	1.382683432365	0.076120467489	0
22	0.0	1.471396736826	0.118078735652	0
23	0.0	1.55557023302	0.168530387697	0
24	0.0	1.634393284164	0.226989546637	0
25	0.0	1.707106781187	0.292893218813	0
26	0.0	1.773010453363	0.365606715836	0
27	0.0	1.831469612303	0.44442976698	0
28	0.0	1.881921264348	0.528603263174	0
29	0.0	1.923879532511	0.617316567635	0
30	0.0	1.956940335732	0.709715322746	0
31	0.0	1.980785280403	0.804909677984	0
32	0.0	1.995184726672	0.90198285967	0
33	0.0	2.0	1.0	0
34	0.0	1.9375	1.0	0
35	0.0	1.875	1.0	0
36	0.0	1.8125	1.0	0
37	0.0	1.75	1.0	0
38	0.0	1.6875	1.0	0
39	0.0	1.625	1.0	0
40	0.0	1.5625	1.0	0
41	0.0	1.5	1.0	0
42	0.0	1.4375	1.0	0
43	0.0	1.375	1.0	0
44	0.0	1.3125	1.0	0
45	0.0	1.25	1.0	0
46	0.0	1.1875	1.0	0
47	0.0	1.125	1.0	0
48	0.0	1.0625	1.0	0
49	0.0	1.471404520791	0.528595479209	0
50	0.0	1.065277725815	0.483273593065	0
51	0.0	1.129629318156	0.474073182228	0
52	0.0	1.192386330621	0.471422900808	0
53	0.0	1.253098847819	0.474434827057	0
54	0.0	1.311480455378	0.482315456065	0
55	0.0	1.367365782683	0.494364378516	0
56	0.0	1.420678061758	0.509968712428	0
57	0.0	1.677643998637	0.322356001363	0
58	0.0	1.648181216088	0.351818783912	0
59	0.0	1.618718433538	0.381281566462	0
60	0.0	1.589255650989	0.410744349011	0
61	0.0	1.559792868439	0.440207131561	0
62	0.0	1.53033008589	0.46966991411	0
63	0.0	1.50086730334	0.49913269666	0
64	0.0	1.516726406935	0.934722274185	0
65	0.0	1.525926817772	0.870370681844	0
66	0.0	1.528577099192	0.807613669379	0
67	0.0	1.525565172943	0.746901152181	0
68	0.0	1.517684543935	0.688519544622	0
69	0.0	1.505635621484	0.632634217317	0
70	0.0	1.490031287572	0.579321938242	0
71	0.0	1.08470549983	0.91529450017	0
72	0.0	1.08616954308	0.84529603499	0
73	0.0	1.083992488175	0.78119208754	0
74	0.0	1.080743690832	0.719732447766	0
75	0.0	1.077080703465	0.659661222374	0
76	0.0	1.073228609112	0.600404412803	0
77	0.0	1.069279909916	0.541664783354	0
78	0.0	1.15470396501	0.91383045692	0
79	0.0	1.162045304022	0.837954695978	0
80	0.0	1.161318372724	0.769613487544	0
81	0.0	1.157132245609	0.706026245217	0
82	0.0	1.151263430657	0.645506866794	0
83	0.0	1.144497089605	0.58705104299	0
84	0.0	1.137217784172	0.530039235696	0
85	0.0	1.21880791246	0.916007511825	0
86	0.0	1.230386512456	0.838681627276	0
87	0.0	1.232019412577	0.767980587423	0
88	0.0	1.228285535878	0.702492497391	0
89	0.0	1.221474494829	0.640935153816	0
90	0.0	1.212808046753	0.582340691787	0
91	0.0	1.20297589374	0.526006405966	0
92	0.0	1.280267552234	0.919256309168	0
93	0.0	1.293973754783	0.842867754391	0
94	0.0	1.297507502609	0.771714464122	0
95	0.0	1.294627825494	0.705372174506	0
96	0.0	1.287589961716	0.643122628394	0
97	0.0	1.27778511651	0.584265193849	0
98	0.0	1.26609624767	0.528199655836	0
99	0.0	1.340338777626	0.922919296535	0
100	0.0	1.354493133206	0.848736569343	0
101	0.0	1.359064846184	0.778525505171	0
102	0.0	1.356877371606	0.712410038284	0
103	0.0	1.349870542775	0.650129457225	0
104	0.0	1.339387365503	0.591291327915	0
105	0.0	1.326368335189	0.535482549819	0
106	0.0	1.399595587197	0.926771390888	0
107	0.0	1.41294895701	0.855502910395	0
108	0.0	1.417659308213	0.787191953247	0
109	0.0	1.415734806151	0.72221488349	0
110	0.0	1.408708672085	0.660612634497	0
111	0.0	1.397747564417	0.602252435583	0
112	0.0	1.38374017248	0.546918834506	0
113	0.0	1.458335216646	0.930720090084	0
114	0.0	1.469960764304	0.862782215828	0
115	0.0	1.473993594034	0.79702410626	0
116	0.0	1.471800344164	0.73390375233	0
117	0.0	1.464517450181	0.673631664811	0
118	0.0	1.453081165494	0.61625982752	0
119	0.0	1.438258890423	0.561741109577	0
120	0.0	1.093927180613	0.064599802798	0
121	0.0	1.18692130463	0.076008967786	0
122	0.0	1.278077286053	0.096513007489	0
123	0.0	1.36652785008	0.125812753433	0
124	0.0	1.451450888814	0.163530066536	0
125	0.0	1.532076047557	0.209214096458	0
126	0.0	1.607690514734	0.262347996465	0
127	0.0	1.089836833852	0.124388183409	0
128	0.0	1.178750049774	0.13281426827	0
129	0.0	1.265864753548	0.149983045201	0
130	0.0	1.350364645439	0.175523210553	0
131	0.0	1.431496882864	0.208996507499	0
132	0.0	1.508575777985	0.24990684542	0
133	0.0	1.580985407323	0.297709283928	0
134	0.0	1.085746005024	0.184181257706	0
135	0.0	1.170576043645	0.189632904814	0
136	0.0	1.253645979147	0.203473025461	0
137	0.0	1.334192302596	0.22525515982	0
138	0.0	1.411533217142	0.254480649081	0
139	0.0	1.485068391214	0.290610088548	0
140	0.0	1.554277597113	0.333073838049	0
141	0.0	1.081654565693	0.243980133299	0
142	0.0	1.162398603955	0.246467836644	0
143	0.0	1.241419526855	0.256987096644	0
144	0.0	1.31800887785	0.275012783065	0
145	0.0	1.391557998601	0.299985709187	0
146	0.0	1.461552606719	0.331325608961	0
147	0.0	1.527566639269	0.368442178887	0
148	0.0	1.077562338105	0.303786295997	0
149	0.0	1.154216805504	0.303322967962	0
150	0.0	1.229183488118	0.31053064232	0
151	0.0	1.301811838222	0.324801420874	0
152	0.0	1.371568807257	0.345515734981	0
153	0.0	1.438026817906	0.372055617574	0
154	0.0	1.500851985737	0.403814943033	0
155	0.0	1.073469069396	0.363601786248	0
156	0.0	1.146029362909	0.360203557631	0
157	0.0	1.216935271956	0.36411077741	0
158	0.0	1.285597821439	0.374628003194	0
159	0.0	1.3515625	0.391075887964	0
160	0.0	1.41448898152	0.412802889399	0
161	0.0	1.474132953488	0.439192918161	0
162	0.0	1.069374387937	0.423429484524	0
163	0.0	1.137834439001	0.41711686206	0
164	0.0	1.204671273481	0.417737104078	0
165	0.0	1.269362269097	0.424501687001	0
166	0.0	1.331534920122	0.436672855107	0
167	0.0	1.39093645889	0.453570955443	0
168	0.0	1.447408680272	0.474577090652	0
169	0.0	1.935400197202	0.906072819387	0
170	0.0	1.875611816591	0.910163166148	0
171	0.0	1.815818742294	0.914253994976	0
172	0.0	1.756019866701	0.918345434307	0
173	0.0	1.696213704003	0.922437661895	0
174	0.0	1.636398213752	0.926530930604	0
175	0.0	1.576570515476	0.930625612063	0
176	0.0	1.923991032214	0.81307869537	0
177	0.0	1.86718573173	0.821249950226	0
178	0.0	1.810367095186	0.829423956355	0
179	0.0	1.753532163356	0.837601396045	0
180	0.0	1.696677032038	0.845783194496	0
181	0.0	1.639796442369	0.853970637091	0
182	0.0	1.58288313794	0.862165560999	0
183	0.0	1.903486992511	0.721922713947	0
184	0.0	1.850016954799	0.734135246452	0
185	0.0	1.796526974539	0.746354020853	0
186	0.0	1.743012903356	0.758580473145	0
187	0.0	1.68946935768	0.770816511882	0
188	0.0	1.63588922259	0.783064728044	0
189	0.0	1.582262895922	0.795328726519	0
190	0.0	1.874187246567	0.63347214992	0
191	0.0	1.824476789447	0.649635354561	0
192	0.0	1.77474484018	0.665807697404	0
193	0.0	1.724987216935	0.68199112215	0
194	0.0	1.675198579126	0.698188161778	0
195	0.0	1.625371996806	0.714402178561	0
196	0.0	1.575498312999	0.730637730903	0
197	0.0	1.836469933464	0.548549111186	0
198	0.0	1.791003492501	0.568503117136	0
199	0.0	1.745519350919	0.588466782858	0
200	0.0	1.700014290813	0.608442001399	0
201	0.0	1.654484265019	0.628431192743	0
202	0.0	1.608924112036	0.6484375	0
203	0.0	1.563327144893	0.668465079878	0
204	0.0	1.790785903542	0.467923952443	0
205	0.0	1.75009315458	0.491424222015	0
206	0.0	1.709389911452	0.514931608786	0
207	0.0	1.668674391039	0.538447393281	0
208	0.0	1.627944382426	0.561973182094	0
209	0.0	1.587197110601	0.58551101848	0
210	0.0	1.546429044557	0.60906354111	0
211	0.0	1.737652003535	0.392309485266	0
212	0.0	1.702290716072	0.419014592677	0
213	0.0	1.666926161951	0.445722402887	0
214	0.0	1.631557821113	0.472433360731	0
215	0.0	1.596185056967	0.499148014263	0
216	0.0	1.560807081839	0.525867046512	0
217	0.0	1.525422909348	0.552591319728	0
218	0.0	1.995184726672	1.09801714033	0
219	0.0	1.980785280403	1.195090322016	0
220	0.0	1.956940335732	1.290284677254	0
221	0.0	1.923879532511	1.382683432365	0
222	0.0	1.881921264348	1.471396736826	0
223	0.0	1.831469612303	1.55557023302	0
224	0.0	1.773010453363	1.634393284164	0
225	0.0	1.707106781187	1.707106781187	0
226	0.0	1.634393284164	1.773010453363	0
227	0.0	1.55557023302	1.831469612303	0
228	0.0	1.471396736826	1.881921264348	0
229	0.0	1.382683432365	1.923879532511	0
230	0.0	1.290284677254	1.956940335732	0
231	0.0	1.195090322016	1.980785280403	0
232	0.0	1.09801714033	1.995184726672	0
233	0.0	1.0	2.0	0
234	0.0	1.0	1.9375	0
235	0.0	1.0	1.875	0
236	0.0	1.0	1.8125	0
237	0.0	1.0	1.75	0
238	0.0	1.0	1.6875	0
239	0.0	1.0	1.625	0
240	0.0	1.0	1.5625	0
241	0.0	1.0	1.5	0
242	0.0	1.0	1.4375	0
243	0.0	1.0	1.375	0
244	0.0	1.0	1.3125	0
245	0.0	1.0	1.25	0
246	0.0	1.0	1.1875	0
247	0.0	1.0	1.125	0
248	0.0	1.0	1.0625	0
249	0.0	1.471404520791	1.471404520791	0
250	0.0	1.516726406935	1.065277725815	0
251	0.0	1.525926817772	1.129629318156	0
252	0.0	1.528577099192	1.192386330621	0
253	0.0	1.525565172943	1.253098847819	0
254	0.0	1.517684543935	1.311480455378	0
255	0.0	1.505635621484	1.367365782683	0
256	0.0	1.490031287572	1.420678061758	0
257	0.0	1.677643998637	1.677643998637	0
258	0.0	1.648181216088	1.648181216088	0
259	0.0	1.618718433538	1.618718433538	0
260	0.0	1.589255650989	1.589255650989	0
261	0.0	1.559792868439	1.559792868439	0
262	0.0	1.53033008589	1.53033008589	0
263	0.0	1.50086730334	1.50086730334	0
264	0.0	1.065277725815	1.516726406935	0
265	0.0	1.129629318156	1.525926817772	0
266	0.0	1.192386330621	1.528577099192	0
267	0.0	1.253098847819	1.525565172943	0
268	0.0	1.311480455378	1.517684543935	0
269	0.0	1.367365782683	1.505635621484	0
270	0.0	1.420678061758	1.490031287572	0
271	0.0	1.08470549983	1.08470549983	0
272	0.0	1.15470396501	1.08616954308	0
273	0.0	1.21880791246	1.083992488175	0
274	0.0	1.280267552234	1.080743690832	0
275	0.0	1.340338777626	1.077080703465	0
276	0.0	1.399595587197	1.073228609112	0
277	0.0	1.458335216646	1.069279909916	0
278	0.0	1.08616954308	1.15470396501	0
279	0.0	1.162045304022	1.162045304022	0
280	0.0	1.230386512456	1.161318372724	0
281	0.0	1.293973754783	1.157132245609	0
282	0.0	1.354493133206	1.151263430657	0
283	0.0	1.41294895701	1.144497089605	0
284	0.0	1.469960764304	1.137217784172	0
285	0.0	1.083992488175	1.21880791246	0
286	0.0	1.161318372724	1.230386512456	0
287	0.0	1.232019412577	1.232019412577	0
288	0.0	1.297507502609	1.228285535878	0
289	0.0	1.359064846184	1.221474494829	0
290	0.0	1.417659308213	1.212808046753	0
291	0.0	1.473993594034	1.20297589374	0
292	0.0	1.080743690832	1.280267552234	0
293	0.0	1.157132245609	1.293973754783	0
294	0.0	1.228285535878	1.297507502609	0
295	0.0	1.294627825494	1.294627825494	0
296	0.0	1.356877371606	1.287589961716	0
297	0.0	1.415734806151	1.27778511651	0
298	0.0	1.471800344164	1.26609624767	0
299	0.0	1.077080703465	1.340338777626	0
300	0.0	1.151263430657	1.354493133206	0
301	0.0	1.221474494829	1.359064846184	0
302	0.0	1.287589961716	1.356877371606	0
303	0.0	1.349870542775	1.349870542775	0
304	0.0	1.408708672085	1.339387365503	0
305	0.0	1.464517450181	1.326368335189	0
306	0.0	1.073228609112	1.399595587197	0
307	0.0	1.144497089605	1.41294895701	0
308	0.0	1.212808046753	1.417659308213	0
309	0.0	1.27778511651	1.415734806151	0
310	0.0	1.339387365503	1.408708672085	0
311	0.0	1.397747564417	1.397747564417	0
312	0.0	1.453081165494	1.38374017248	0
313	0.0	1.069279909916	1.458335216646	0
314	0.0	1.137217784172	1.469960764304	0
315	0.0	1.20297589374	1.473993594034	0
316	0.0	1.26609624767	1.471800344164	0
317	0.0	1.326368335189	1.464517450181	0
318	0.0	1.38374017248	1.453081165494	0
319	0.0	1.438258890423	1.438258890423	0
320	0.0	1.935400197202	1.093927180613	0
321	0.0	1.923991032214	1.18692130463	0
322	0.0	1.903486992511	1.278077286053	0
323	0.0	1.874187246567	1.36652785008	0
324	0.0	1.836469933464	1.451450888814	0
325	0.0	1.790785903542	1.532076047557	0
326	0.0	1.737652003535	1.607690514734	0
327	0.0	1.875611816591	1.089836833852	0
328	0.0	1.86718573173	1.178750049774	0
329	0.0	1.850016954799	1.265864753548	0
330	0.0	1.824476789447	1.350364645439	0
331	0.0	1.791003492501	1.431496882864	0
332	0.0	1.75009315458	1.508575777985	0
333	0.0	1.702290716072	1.580985407323	0
334	0.0	1.815818742294	1.085746005024	0
335	0.0	1.810367095186	1.170576043645	0
336	0.0	1.796526974539	1.253645979147	0
337	0.0	1.77474484018	1.334192302596	0
338	0.0	1.745519350919	1.411533217142	0
339	0.0	1.709389911452	1.485068391214	0
340	0.0	1.666926161951	1.554277597113	0
341	0.0	1.756019866701	1.081654565693	0
342	0.0	1.753532163356	1.162398603955	0
343	0.0	1.743012903356	1.241419526855	0
344	0.0	1.724987216935	1.31800887785	0
345	0.0	1.700014290813	1.391557998601	0
346	0.0	1.668674391039	1.461552606719	0
347	0.0	1.631557821113	1.527566639269	0
348	0.0	1.696213704003	1.077562338105	0
349	0.0	1.696677032038	1.154216805504	0
350	0.0	1.68946935768	1.229183488118	0
351	0.0	1.675198579126	1.301811838222	0
352	0.0	1.654484265019	1.371568807257	0
353	0.0	1.627944382426	1.438026817906	0
354	0.0	1.596185056967	1.500851985737	0
355	0.0	1.636398213752	1.073469069396	0
356	0.0	1.639796442369	1.146029362909	0
357	0.0	1.63588922259	1.216935271956	0
358	0.0	1.625371996806	1.285597821439	0
359	0.0	1.608924112036	1.3515625	0
360	0.0	1.587197110601	1.41448898152	0
361	0.0	1.560807081839	1.474132953488	0
362	0.0	1.576570515476	1.069374387937	0
363	0.0	1.58288313794	1.137834439001	0
364	0.0	1.582262895922	1.204671273481	0
365	0.0	1.575498312999	1.269362269097	0
366	0.0	1.563327144893	1.331534920122	0
367	0.0	1.546429044557	1.39093645889	0
368	0.0	1.525422909348	1.447408680272	0
369	0.0	1.093927180613	1.935400197202	0
370	0.0	1.089836833852	1.875611816591	0
371	0.0	1.085746005024	1.815818742294	0
372	0.0	1.081654565693	1.756019866701	0
373	0.0	1.077562338105	1.696213704003	0
374	0.0	1.073469069396	1.636398213752	0
375	0.0	1.069374387937	1.576570515476	0
376	0.0	1.18692130463	1.923991032214	0
377	0.0	1.178750049774	1.86718573173	0
378	0.0	1.170576043645	1.810367095186	0
379	0.0	1.162398603955	1.753532163356	0
380	0.0	1.154216805504	1.696677032038	0
381	0.0	1.146029362909	1.639796442369	0
382	0.0	1.137834439001	1.58288313794	0
383	0.0	1.278077286053	1.903486992511	0
384	0.0	1.265864753548	1.850016954799	0
385	0.0	1.253645979147	1.796526974539	0
386	0.0	1.241419526855	1.743012903356	0
387	0.0	1.229183488118	1.68946935768	0
388	0.0	1.216935271956	1.63588922259	0
389	0.0	1.204671273481	1.582262895922	0
390	0.0	1.36652785008	1.874187246567	0
391	0.0	1.350364645439	1.824476789447	0
392	0.0	1.334192302596	1.77474484018	0
393	0.0	1.31800887785	1.724987216935	0
394	0.0	1.301811838222	1.675198579126	0
395	0.0	1.285597821439	1.625371996806	0
396	0.0	1.269362269097	1.575498312999	0
397	0.0	1.451450888814	1.836469933464	0
398	0.0	1.431496882864	1.791003492501	0
399	0.0	1.411533217142	1.745519350919	0
400	0.0	1.391557998601	1.700014290813	0
401	0.0	1.371568807257	1.654484265019	0
402	0.0	1.3515625	1.608924112036	0
403	0.0	1.331534920122	1.563327144893	0
404	0.0	1.532076047557	1.790785903542	0
405	0.0	1.508575777985	1.75009315458	0
406	0.0	1.485068391214	1.709389911452	0
407	0.0	1.461552606719	1.668674391039	0
408	0.0	1.438026817906	1.627944382426	0
409	0.0	1.41448898152	1.587197110601	0
410	0.0	1.39093645889	1.546429044557	0
411	0.0	1.607690514734	1.737652003535	0
412	0.0	1.580985407323	1.702290716072	0
413	0.0	1.554277597113	1.666926161951	0
414	0.0	1.527566639269	1.631557821113	0
415	0.0	1.500851985737	1.596185056967	0
416	0.0	1.474132953488	1.560807081839	0
417	0.0	1.447408680272	1.525422909348	0
418	0.0	0.90198285967	1.995184726672	0
419	0.0	0.804909677984	1.980785280403	0
420	0.0	0.709715322746	1.956940335732	0
421	0.0	0.617316567635	1.923879532511	0
422	0.0	0.528603263174	1.881921264348	0
423	0.0	0.44442976698	1.831469612303	0
424	0.0	0.365606715836	1.773010453363	0
425	0.0	0.292893218813	1.707106781187	0
426	0.0	0.226989546637	1.634393284164	0
427	0.0	0.168530387697	1.55557023302	0
428	0.0	0.118078735652	1.471396736826	0
429	0.0	0.076120467489	1.382683432365	0
430	0.0	0.043059664268	1.290284677254	0
431	0.0	0.019214719597	1.195090322016	0
432	0.0	0.004815273328	1.09801714033	0
433	0.0	0.0	1.0	0
434	0.0	0.0625	1.0	0
435	0.0	0.125	1.0	0
436	0.0	0.1875	1.0	0
437	0.0	0.25	1.0	0
438	0.0	0.3125	1.0	0
439	0.0	0.375	1.0	0
440	0.0	0.4375	1.0	0
441	0.0	0.5	1.0	0
442	0.0	0.5625	1.0	0
443	0.0	0.625	1.0	0
444	0.0	0.6875	1.0	0
445	0.0	0.75	1.0	0
446	0.0	0.8125	1.0	0
447	0.0	0.875	1.0	0
448	0.0	0.9375	1.0	0
449	0.0	0.528595479209	1.471404520791	0
450	0.0	0.934722274185	1.516726406935	0
451	0.0	0.870370681844	1.525926817772	0
452	0.0	0.807613669379	1.528577099192	0
453	0.0	0.746901152181	1.525565172943	0
454	0.0	0.688519544622	1.517684543935	0
455	0.0	0.632634217317	1.505635621484	0
456	0.0	0.579321938242	1.490031287572	0
457	0.0	0.322356001363	1.677643998637	0
458	0.0	0.351818783912	1.648181216088	0
459	0.0	0.381281566462	1.618718433538	0
460	0.0	0.410744349011	1.589255650989	0
461	0.0	0.440207131561	1.559792868439	0
462	0.0	0.46966991411	1.53033008589	0
463	0.0	0.49913269666	1.50086730334	0
464	0.0	0.483273593065	1.065277725815	0
465	0.0	0.474073182228	1.129629318156	0
466	0.0	0.471422900808	1.192386330621	0
467	0.0	0.474434827057	1.253098847819	0
468	0.0	0.482315456065	1.311480455378	0
469	0.0	0.494364378516	1.367365782683	0
470	0.0	0.509968712428	1.420678061758	0
471	0.0	0.91529450017	1.08470549983	0
472	0.0	0.91383045692	1.15470396501	0
473	0.0	0.916007511825	1.21880791246	0
474	0.0	0.919256309168	1.280267552234	0
475	0.0	0.922919296535	1.340338777626	0
476	0.0	0.926771390888	1.399595587197	0
477	0.0	0.930720090084	1.458335216646	0
478	0.0	0.84529603499	1.08616954308	0
479	0.0	0.837954695978	1.162045304022	0
480	0.0	0.838681627276	1.230386512456	0
481	0.0	0.842867754391	1.293973754783	0
482	0.0	0.848736569343	1.354493133206	0
483	0.0	0.855502910395	1.41294895701	0
484	0.0	0.862782215828	1.469960764304	0
485	0.0	0.78119208754	1.083992488175	0
486	0.0	0.769613487544	1.161318372724	0
487	0.0	0.767980587423	1.232019412577	0
488	0.0	0.771714464122	1.297507502609	0
489	0.0	0.778525505171	1.359064846184	0
490	0.0	0.787191953247	1.417659308213	0
491	0.0	0.79702410626	1.473993594034	0
492	0.0	0.719732447766	1.080743690832	0
493	0.0	0.706026245217	1.157132245609	0
494	0.0	0.702492497391	1.228285535878	0
495	0.0	0.705372174506	1.294627825494	0
496	0.0	0.712410038284	1.356877371606	0
497	0.0	0.72221488349	1.415734806151	0
498	0.0	0.73390375233	1.471800344164	0
499	0.0	0.659661222374	1.077080703465	0
500	0.0	0.645506866794	1.151263430657	0
501	0.0	0.640935153816	1.221474494829	0
502	0.0	0.643122628394	1.287589961716	0
503	0.0	0.650129457225	1.349870542775	0
504	0.0	0.660612634497	1.408708672085	0
505	0.0	0.673631664811	1.464517450181	0
506	0.0	0.600404412803	1.073228609112	0
507	0.0	0.58705104299	1.144497089605	0
508	0.0	0.582340691787	1.212808046753	0
509	0.0	0.584265193849	1.27778511651	0
510	0.0	0.591291327915	1.339387365503	0
511	0.0	0.602252435583	1.397747564417	0
512	0.0	0.61625982752	1.453081165494	0
513	0.0	0.541664783354	1.069279909916	0
514	0.0	0.530039235696	1.137217784172	0
515	0.0	0.526006405966	1.20297589374	0
516	0.0	0.528199655836	1.26609624767	0
517	0.0	0.535482549819	1.326368335189	0
518	0.0	0.546918834506	1.38374017248	0
519	0.0	0.561741109577	1.438258890423	0
520	0.0	0.906072819387	1.935400197202	0
521	0.0	0.81307869537	1.923991032214	0
522	0.0	0.721922713947	1.903486992511	0
523	0.0	0.63347214992	1.874187246567	0
524	0.0	0.548549111186	1.836469933464	0
525	0.0	0.467923952443	1.790785903542	0
526	0.0	0.392309485266	1.737652003535	0
527	0.0	0.910163166148	1.875611816591	0
528	0.0	0.821249950226	1.86718573173	0
529	0.0	0.734135246452	1.850016954799	0
530	0.0	0.649635354561	1.824476789447	0
531	0.0	0.568503117136	1.791003492501	0
532	0.0	0.491424222015	1.75009315458	0
533	0.0	0.419014592677	1.702290716072	0
534	0.0	0.914253994976	1.815818742294	0
535	0.0	0.829423956355	1.810367095186	0
536	0.0	0.746354020853	1.796526974539	0
537	0.0	0.665807697404	1.77474484018	0
538	0.0	0.588466782858	1.745519350919	0
539	0.0	0.514931608786	1.709389911452	0
540	0.0	0.445722402887	1.666926161951	0
541	0.0	0.918345434307	1.756019866701	0
542	0.0	0.837601396045	1.753532163356	0
543	0.0	0.758580473145	1.743012903356	0
544	0.0	0.68199112215	1.724987216935	0
545	0.0	0.608442001399	1.700014290813	0
546	0.0	0.538447393281	1.668674391039	0
547	0.0	0.472433360731	1.631557821113	0
548	0.0	0.922437661895	1.696213704003	0
549	0.0	0.845783194496	1.696677032038	0
550	0.0	0.770816511882	1.68946935768	0
551	0.0	0.698188161778	1.675198579126	0
552	0.0	0.628431192743	1.654484265019	0
553	0.0	0.561973182094	1.627944382426	0
554	0.0	0.499148014263	1.596185056967	0
555	0.0	0.926530930604	1.636398213752	0
556	0.0	0.853970637091	1.639796442369	0
557	0.0	0.783064728044	1.63588922259	0
558	0.0	0.714402178561	1.625371996806	0
559	0.0	0.6484375	1.608924112036	0
560	0.0	0.58551101848	1.587197110601	0
561	0.0	0.525867046512	1.560807081839	0
562	0.0	0.930625612063	1.576570515476	0
563	0.0	0.862165560999	1.58288313794	0
564	0.0	0.795328726519	1.582262895922	0
565	0.0	0.730637730903	1.575498312999	0
566	0.0	0.668465079878	1.563327144893	0
567	0.0	0.60906354111	1.546429044557	0
568	0.0	0.552591319728	1.525422909348	0
569	0.0	0.064599802798	1.093927180613	0
570	0.0	0.124388183409	1.089836833852	0
571	0.0	0.184181257706	1.085746005024	0
572	0.0	0.243980133299	1.081654565693	0
573	0.0	0.303786295997	1.077562338105	0
574	0.0	0.363601786248	1.073469069396	0
575	0.0	0.423429484524	1.069374387937	0
576	0.0	0.076008967786	1.18692130463	0
577	0.0	0.13281426827	1.178750049774	0
578	0.0	0.189632904814	1.170576043645	0
579	0.0	0.246467836644	1.162398603955	0
580	0.0	0.303322967962	1.154216805504	0
581	0.0	0.360203557631	1.146029362909	0
582	0.0	0.41711686206	1.137834439001	0
583	0.0	0.096513007489	1.278077286053	0
584	0.0	0.149983045201	1.265864753548	0
585	0.0	0.203473025461	1.253645979147	0
586	0.0	0.256987096644	1.241419526855	0
587	0.0	0.31053064232	1.229183488118	0
588	0.0	0.36411077741	1.216935271956	0
589	0.0	0.417737104078	1.204671273481	0
590	0.0	0.125812753433	1.36652785008	0
591	0.0	0.175523210553	1.350364645439	0
592	0.0	0.22525515982	1.334192302596	0
593	0.0	0.275012783065	1.31800887785	0
594	0.0	0.324801420874	1.301811838222	0
595	0.0	0.374628003194	1.285597821439	0
596	0.0	0.424501687001	1.269362269097	0
597	0.0	0.163530066536	1.451450888814	0
598	0.0	0.208996507499	1.431496882864	0
599	0.0	0.254480649081	1.411533217142	0
600	0.0	0.299985709187	1.391557998601	0
601	0.0	0.345515734981	1.371568807257	0
602	0.0	0.391075887964	1.3515625	0
603	0.0	0.436672855107	1.331534920122	0
604	0.0	0.209214096458	1.532076047557	0
605	0.0	0.24990684542	1.508575777985	0
606	0.0	0.290610088548	1.485068391214	0
607	0.0	0.331325608961	1.461552606719	0
608	0.0	0.372055617574	1.438026817906	0
609	0.0	0.412802889399	1.41448898152	0
610	0.0	0.453570955443	1.39093645889	0
611	0.0	0.262347996465	1.607690514734	0
612	0.0	0.297709283928	1.580985407323	0
613	0.0	0.333073838049	1.554277597113	0
614	0.0	0.368442178887	1.527566639269	0
615	0.0	0.403814943033	1.500851985737	0
616	0.0	0.439192918161	1.474132953488	0
617	0.0	0.474577090652	1.447408680272	0
618	0.0	0.004815273328	0.90198285967	0
619	0.0	0.019214719597	0.804909677984	0
620	0.0	0.043059664268	0.709715322746	0
621	0.0	0.076120467489	0.617316567635	0
622	0.0	0.118078735652	0.528603263174	0
623	0.0	0.168530387697	0.44442976698	0
624	0.0	0.226989546637	0.365606715836	0
625	0.0	0.292893218813	0.292893218813	0
626	0.0	0.365606715836	0.226989546637	0
627	0.0	0.44442976698	0.168530387697	0
628	0.0	0.528603263174	0.118078735652	0
629	0.0	0.617316567635	0.076120467489	0
630	0.0	0.709715322746	0.043059664268	0
631	0.0	0.804909677984	0.019214719597	0
632	0.0	0.90198285967	0.004815273328	0
633	0.0	0.528595479209	0.528595479209	0
634	0.0	0.483273593065	0.934722274185	0
635	0.0	0.474073182228	0.870370681844	0
636	0.0	0.471422900808	0.807613669379	0
637	0.0	0.474434827057	0.746901152181	0
638	0.0	0.482315456065	0.688519544622	0
639	0.0	0.494364378516	0.632634217317	0
640	0.0	0.509968712428	0.579321938242	0
641	0.0	0.322356001363	0.322356001363	0
642	0.0	0.351818783912	0.351818783912	0
643	0.0	0.381281566462	0.381281566462	0
644	0.0	0.410744349011	0.410744349011	0
645	0.0	0.440207131561	0.440207131561	0
646	0.0	0.46966991411	0.46966991411	0
647	0.0	0.49913269666	0.49913269666	0
648	0.0	0.934722274185	0.483273593065	0
649	0.0	0.870370681844	0.474073182228	0
650	0.0	0.807613669379	0.471422900808	0
651	0.0	0.746901152181	0.474434827057	0
652	0.0	0.688519544622	0.482315456065	0
653	0.0	0.632634217317	0.494364378516	0
654	0.0	0.579321938242	0.509968712428	0
655	0.0	0.91529450017	0.91529450017	0
656	0.0	0.84529603499	0.91383045692	0
657	0.0	0.78119208754	0.916007511825	0
658	0.0	0.719732447766	0.919256309168	0
659	0.0	0.659661222374	0.922919296535	0
660	0.0	0.600404412803	0.926771390888	0
661	0.0	0.541664783354	0.930720090084	0
662	0.0	0.91383045692	0.84529603499	0
663	0.0	0.837954695978	0.837954695978	0
664	0.0	0.769613487544	0.838681627276	0
665	0.0	0.706026245217	0.842867754391	0
666	0.0	0.645506866794	0.848736569343	0
667	0.0	0.58705104299	0.855502910395	0
668	0.0	0.530039235696	0.862782215828	0
669	0.0	0.916007511825	0.78119208754	0
670	0.0	0.838681627276	0.769613487544	0
671	0.0	0.767980587423	0.767980587423	0
672	0.0	0.702492497391	0.771714464122	0
673	0.0	0.640935153816	0.778525505171	0
674	0.0	0.582340691787	0.787191953247	0
675	0.0	0.526006405966	0.79702410626	0
676	0.0	0.919256309168	0.719732447766	0
677	0.0	0.842867754391	0.706026245217	0
678	0.0	0.771714464122	0.702492497391	0
679	0.0	0.705372174506	0.705372174506	0
680	0.0	0.643122628394	0.712410038284	0
681	0.0	0.584265193849	0.72221488349	0
682	0.0	0.528199655836	0.73390375233	0
683	0.0	0.922919296535	0.659661222374	0
684	0.0	0.848736569343	0.645506866794	0
685	0.0	0.778525505171	0.640935153816	0
686	0.0	0.712410038284	0.643122628394	0
687	0.0	0.650129457225	0.650129457225	0
688	0.0	0.591291327915	0.660612634497	0
689	0.0	0.535482549819	0.673631664811	0
690	0.0	0.926771390888	0.600404412803	0
691	0.0	0.855502910395	0.58705104299	0
692	0.0	0.787191953247	0.582340691787	0
693	0.0	0.72221488349	0.584265193849	0
694	0.0	0.660612634497	0.591291327915	0
695	0.0	0.602252435583	0.602252435583	0
696	0.0	0.546918834506	0.61625982752	0
697	0.0	0.930720090084	0.541664783354	0
698	0.0	0.862782215828	0.530039235696	0
699	0.0	0.79702410626	0.526006405966	0
700	0.0	0.73390375233	0.528199655836	0
701	0.0	0.673631664811	0.535482549819	0
702	0.0	0.61625982752	0.546918834506	0
703	0.0	0.561741109577	0.561741109577	0
704	0.0	0.064599802798	0.906072819387	0
705	0.0	0.076008967786	0.81307869537	0
706	0.0	0.096513007489	0.721922713947	0
707	0.0	0.125812753433	0.63347214992	0
708	0.0	0.163530066536	0.548549111186	0
709	0.0	0.209214096458	0.467923952443	0
710	0.0	0.262347996465	0.392309485266	0
711	0.0	0.124388183409	0.910163166148	0
712	0.0	0.13281426827	0.821249950226	0
713	0.0	0.149983045201	0.734135246452	0
714	0.0	0.175523210553	0.649635354561	0
715	0.0	0.208996507499	0.568503117136	0
716	0.0	0.24990684542	0.491424222015	0
717	0.0	0.297709283928	0.419014592677	0
718	0.0	0.184181257706	0.914253994976	0
719	0.0	0.189632904814	0.829423956355	0
720	0.0	0.203473025461	0.746354020853	0
721	0.0	0.22525515982	0.665807697404	0
722	0.0	0.254480649081	0.588466782858	0
723	0.0	0.290610088548	0.514931608786	0
724	0.0	0.333073838049	0.445722402887	0
725	0.0	0.243980133299	0.918345434307	0
726	0.0	0.246467836644	0.837601396045	0
727	0.0	0.256987096644	0.758580473145	0
728	0.0	0.275012783065	0.68199112215	0
729	0.0	0.299985709187	0.608442001399	0
730	0.0	0.331325608961	0.538447393281	0
731	0.0	0.368442178887	0.472433360731	0
732	0.0	0.303786295997	0.922437661895	0
733	0.0	0.303322967962	0.845783194496	0
734	0.0	0.31053064232	0.770816511882	0
735	0.0	0.324801420874	0.698188161778	0
736	0.0	0.345515734981	0.628431192743	0
737	0.0	0.372055617574	0.561973182094	0
738	0.0	0.403814943033	0.499148014263	0
739	0.0	0.363601786248	0.926530930604	0
740	0.0	0.360203557631	0.853970637091	0
741	0.0	0.36411077741	0.783064728044	0
742	0.0	0.374628003194	0.714402178561	0
743	0.0	0.391075887964	0.6484375	0
744	0.0	0.412802889399	0.58551101848	0
745	0.0	0.439192918161	0.525867046512	0
746	0.0	0.423429484524	0.930625612063	0
747	0.0	0.41711686206	0.862165560999	0
748	0.0	0.417737104078	0.795328726519	0
749	0.0	0.424501687001	0.730637730903	0
750	0.0	0.436672855107	0.668465079878	0
751	0.0	0.453570955443	0.60906354111	0
752	0.0	0.474577090652	0.552591319728	0
753	0.0	0.906072819387	0.064599802798	0
754	0.0	0.910163166148	0.124388183409	0
755	0.0	0.914253994976	0.184181257706	0
756	0.0	0.918345434307	0.243980133299	0
757	0.0	0.922437661895	0.303786295997	0
758	0.0	0.926530930604	0.363601786248	0
759	0.0	0.930625612063	0.423429484524	0
760	0.0	0.81307869537	0.076008967786	0
761	0.0	0.821249950226	0.13281426827	0
762	0.0	0.829423956355	0.189632904814	0
763	0.0	0.837601396045	0.246467836644	0
764	0.0	0.845783194496	0.303322967962	0
765	0.0	0.853970637091	0.360203557631	0
766	0.0	0.862165560999	0.41711686206	0
767	0.0	0.721922713947	0.096513007489	0
768	0.0	0.734135246452	0.149983045201	0
769	0.0	0.746354020853	0.203473025461	0
770	0.0	0.758580473145	0.256987096644	0
771	0.0	0.770816511882	0.31053064232	0
772	0.0	0.783064728044	0.36411077741	0
773	0.0	0.795328726519	0.417737104078	0
774	0.0	0.63347214992	0.125812753433	0
775	0.0	0.649635354561	0.175523210553	0
776	0.0	0.665807697404	0.22525515982	0
777	0.0	0.68199112215	0.275012783065	0
778	0.0	0.698188161778	0.324801420874	0
779	0.0	0.714402178561	0.374628003194	0
780	0.0	0.730637730903	0.424501687001	0
781	0.0	0.548549111186	0.163530066536	0
782	0.0	0.568503117136	0.208996507499	0
783	0.0	0.588466782858	0.254480649081	0
784	0.0	0.608442001399	0.299985709187	0
785	0.0	0.628431192743	0.345515734981	0
786	0.0	0.6484375	0.391075887964	0
787	0.0	0.668465079878	0.436672855107	0
788	0.0	0.467923952443	0.209214096458	0
789	0.0	0.491424222015	0.24990684542	0
790	0.0	0.514931608786	0.290610088548	0
791	0.0	0.538447393281	0.331325608961	0
792	0.0	0.561973182094	0.372055617574	0
793	0.0	0.58551101848	0.412802889399	0
794	0.0	0.60906354111	0.453570955443	0
795	0.0	0.392309485266	0.262347996465	0
796	0.0	0.419014592677	0.297709283928	0
797	0.0	0.445722402887	0.333073838049	0
798	0.0	0.472433360731	0.368442178887	0
799	0.0	0.499148014263	0.403814943033	0
800	0.0	0.525867046512	0.439192918161	0
801	0.0	0.552591319728	0.474577090652	0

0 0 0 0

3
1
0  0  /numfn,numeb  
0.0d0 0.0d0 / fbacc(1),fbacc(2)
1
1
0.5d0 0

0.293d5 0.177d5 1410.0d2 2.0d0 / rc1,rc2,rk,density of str

2.d4 0.0001d0 0.0001d0 0.0d0 0.0d0

1.0d0 1.0d0 1.0d-2 1.0d-2

0.25d0 0.5d0

0.0d0 -980.0d0





