 0 1     /ninit=0/1 no/yes apply bc;initdir=1/2=initial disp/velocity
 2 0 1   /npr,npdis,ntprint
 1 1     /nprint(i)
 2 1
 0 0     /nbouc,nchkread
 2 8     /nint,nis
 3		 /nsd_solid = number of dimensions in the solid domain
 1		 /nrigid = 0/1  no/yes treat the solid as a rigid body

 1 0 1	 /fem|ibm(1|0), tec|ens(1|0), (1/0)with/without disturbance
 0 0.0d0 0.0d0			/n_ibmfv,applyv applyf
 4  npmax
 4
 3  npout()
 7
 8
 5.0d-28    /threshold
 1			/ndelta, 1=RKPM(nonuniform)->the only option for now

 325 192  325 192		/nnd,numel,nnda,numela
 1       /nump
 1		 /n_solid = number of the same structure
 0.0  0.0  0.0   /shift(3,n_solid)the position of the center of the structure
   
1	1	2	15	14	66	67	80	79	0
2	2	3	16	15	67	68	81	80  0
3	3	4	17	16	68	69	82	81	0
4	4	5	18	17	69	70	83	82	0 
5	5	6	19	18	70	71	84	83 	0
6	6	7	20	19	71	72	85	84 	0
7	7	8	21	20	72	73	86	85 	0
8	8	9	22	21	73	74	87	86 	0
9	9	10	23	22	74	75	88	87 	0
10	10	11	24	23	75	76	89	88 	0
11	11	12	25	24	76	77	90	89 	0
12	12	13	26	25	77	78	91	90 	0
13	14	15	28	27	79	80	93	92 	0
14	15	16	29	28	80	81	94	93 	0
15	16	17	30	29	81	82	95	94 	0
16	17	18	31	30	82	83	96	95 	0
17	18	19	32	31	83	84	97	96 	0
18	19	20	33	32	84	85	98	97 	0
19	20	21	34	33	85	86	99	98 	0
20	21	22	35	34	86	87	100	99 	0
21	22	23	36	35	87	88	101	100 	0
22	23	24	37	36	88	89	102	101 	0
23	24	25	38	37	89	90	103	102 	0
24	25	26	39	38	90	91	104	103 	0
25	27	28	41	40	92	93	106	105 	0
26	28	29	42	41	93	94	107	106 	0
27	29	30	43	42	94	95	108	107 	0
28	30	31	44	43	95	96	109	108 	0
29	31	32	45	44	96	97	110	109 	0
30	32	33	46	45	97	98	111	110 	0
31	33	34	47	46	98	99	112	111 	0
32	34	35	48	47	99	100	113	112 	0
33	35	36	49	48	100	101	114	113 	0
34	36	37	50	49	101	102	115	114 	0
35	37	38	51	50	102	103	116	115 	0
36	38	39	52	51	103	104	117	116 	0
37	40	41	54	53	105	106	119	118 	0
38	41	42	55	54	106	107	120	119 	0
39	42	43	56	55	107	108	121	120 	0
40	43	44	57	56	108	109	122	121 	0
41	44	45	58	57	109	110	123	122 	0
42	45	46	59	58	110	111	124	123 	0
43	46	47	60	59	111	112	125	124 	0
44	47	48	61	60	112	113	126	125 	0
45	48	49	62	61	113	114	127	126 	0
46	49	50	63	62	114	115	128	127 	0
47	50	51	64	63	115	116	129	128 	0
48	51	52	65	64	116	117	130	129 	0
49	66	67	80	79	131	132	145	144 	0
50	67	68	81	80	132	133	146	145 	0
51	68	69	82	81	133	134	147	146 	0
52	69	70	83	82	134	135	148	147 	0
53	70	71	84	83	135	136	149	148 	0
54	71	72	85	84	136	137	150	149 	0
55	72	73	86	85	137	138	151	150 	0
56	73	74	87	86	138	139	152	151 	0
57	74	75	88	87	139	140	153	152 	0
58	75	76	89	88	140	141	154	153 	0
59	76	77	90	89	141	142	155	154 	0
60	77	78	91	90	142	143	156	155 	0
61	79	80	93	92	144	145	158	157 	0
62	80	81	94	93	145	146	159	158 	0
63	81	82	95	94	146	147	160	159 	0
64	82	83	96	95	147	148	161	160 	0
65	83	84	97	96	148	149	162	161 	0
66	84	85	98	97	149	150	163	162 	0
67	85	86	99	98	150	151	164	163 	0
68	86	87	100	99	151	152	165	164 	0
69	87	88	101	100	152	153	166	165 	0
70	88	89	102	101	153	154	167	166 	0
71	89	90	103	102	154	155	168	167 	0
72	90	91	104	103	155	156	169	168 	0
73	92	93	106	105	157	158	171	170 	0
74	93	94	107	106	158	159	172	171 	0
75	94	95	108	107	159	160	173	172 	0
76	95	96	109	108	160	161	174	173 	0
77	96	97	110	109	161	162	175	174 	0
78	97	98	111	110	162	163	176	175 	0
79	98	99	112	111	163	164	177	176 	0
80	99	100	113	112	164	165	178	177 	0
81	100	101	114	113	165	166	179	178 	0
82	101	102	115	114	166	167	180	179 	0
83	102	103	116	115	167	168	181	180 	0
84	103	104	117	116	168	169	182	181 	0
85	105	106	119	118	170	171	184	183 	0
86	106	107	120	119	171	172	185	184 	0
87	107	108	121	120	172	173	186	185 	0
88	108	109	122	121	173	174	187	186 	0
89	109	110	123	122	174	175	188	187 	0
90	110	111	124	123	175	176	189	188 	0
91	111	112	125	124	176	177	190	189 	0
92	112	113	126	125	177	178	191	190 	0
93	113	114	127	126	178	179	192	191 	0
94	114	115	128	127	179	180	193	192 	0
95	115	116	129	128	180	181	194	193 	0
96	116	117	130	129	181	182	195	194 	0
97	131	132	145	144	196	197	210	209 	0
98	132	133	146	145	197	198	211	210 	0
99	133	134	147	146	198	199	212	211 	0
100	134	135	148	147	199	200	213	212 	0
101	135	136	149	148	200	201	214	213 	0
102	136	137	150	149	201	202	215	214 	0
103	137	138	151	150	202	203	216	215 	0
104	138	139	152	151	203	204	217	216 	0
105	139	140	153	152	204	205	218	217 	0
106	140	141	154	153	205	206	219	218 	0
107	141	142	155	154	206	207	220	219 	0
108	142	143	156	155	207	208	221	220 	0
109	144	145	158	157	209	210	223	222 	0
110	145	146	159	158	210	211	224	223 	0
111	146	147	160	159	211	212	225	224 	0
112	147	148	161	160	212	213	226	225 	0
113	148	149	162	161	213	214	227	226 	0
114	149	150	163	162	214	215	228	227 	0
115	150	151	164	163	215	216	229	228 	0
116	151	152	165	164	216	217	230	229 	0
117	152	153	166	165	217	218	231	230 	0
118	153	154	167	166	218	219	232	231 	0
119	154	155	168	167	219	220	233	232 	0
120	155	156	169	168	220	221	234	233 	0
121	157	158	171	170	222	223	236	235 	0
122	158	159	172	171	223	224	237	236 	0
123	159	160	173	172	224	225	238	237 	0
124	160	161	174	173	225	226	239	238 	0
125	161	162	175	174	226	227	240	239 	0
126	162	163	176	175	227	228	241	240 	0
127	163	164	177	176	228	229	242	241 	0
128	164	165	178	177	229	230	243	242 	0
129	165	166	179	178	230	231	244	243 	0
130	166	167	180	179	231	232	245	244 	0
131	167	168	181	180	232	233	246	245 	0
132	168	169	182	181	233	234	247	246 	0
133	170	171	184	183	235	236	249	248 	0
134	171	172	185	184	236	237	250	249 	0
135	172	173	186	185	237	238	251	250 	0
136	173	174	187	186	238	239	252	251 	0
137	174	175	188	187	239	240	253	252 	0
138	175	176	189	188	240	241	254	253 	0
139	176	177	190	189	241	242	255	254 	0
140	177	178	191	190	242	243	256	255 	0
141	178	179	192	191	243	244	257	256 	0
142	179	180	193	192	244	245	258	257 	0
143	180	181	194	193	245	246	259	258 	0
144	181	182	195	194	246	247	260	259 	0
145	196	197	210	209	261	262	275	274 	0
146	197	198	211	210	262	263	276	275 	0
147	198	199	212	211	263	264	277	276 	0
148	199	200	213	212	264	265	278	277 	0
149	200	201	214	213	265	266	279	278 	0
150	201	202	215	214	266	267	280	279 	0
151	202	203	216	215	267	268	281	280 	0
152	203	204	217	216	268	269	282	281 	0
153	204	205	218	217	269	270	283	282 	0
154	205	206	219	218	270	271	284	283 	0
155	206	207	220	219	271	272	285	284 	0
156	207	208	221	220	272	273	286	285 	0
157	209	210	223	222	274	275	288	287 	0
158	210	211	224	223	275	276	289	288 	0
159	211	212	225	224	276	277	290	289 	0
160	212	213	226	225	277	278	291	290 	0
161	213	214	227	226	278	279	292	291 	0
162	214	215	228	227	279	280	293	292 	0
163	215	216	229	228	280	281	294	293 	0
164	216	217	230	229	281	282	295	294 	0
165	217	218	231	230	282	283	296	295 	0
166	218	219	232	231	283	284	297	296 	0
167	219	220	233	232	284	285	298	297 	0
168	220	221	234	233	285	286	299	298 	0
169	222	223	236	235	287	288	301	300 	0
170	223	224	237	236	288	289	302	301 	0
171	224	225	238	237	289	290	303	302 	0
172	225	226	239	238	290	291	304	303 	0
173	226	227	240	239	291	292	305	304 	0
174	227	228	241	240	292	293	306	305 	0
175	228	229	242	241	293	294	307	306 	0
176	229	230	243	242	294	295	308	307 	0
177	230	231	244	243	295	296	309	308 	0
178	231	232	245	244	296	297	310	309 	0
179	232	233	246	245	297	298	311	310 	0
180	233	234	247	246	298	299	312	311 	0
181	235	236	249	248	300	301	314	313 	0
182	236	237	250	249	301	302	315	314 	0
183	237	238	251	250	302	303	316	315 	0
184	238	239	252	251	303	304	317	316 	0
185	239	240	253	252	304	305	318	317 	0
186	240	241	254	253	305	306	319	318 	0
187	241	242	255	254	306	307	320	319 	0
188	242	243	256	255	307	308	321	320 	0
189	243	244	257	256	308	309	322	321 	0
190	244	245	258	257	309	310	323	322 	0
191	245	246	259	258	310	311	324	323 	0
192	246	247	260	259	311	312	325	324 	0



1	0.0	6.0	0.0	0
2	0.0	5.5	0.0	0
3	0.0	5.0	0.0	0
4	0.0	4.5	0.0	0
5	0.0	4.0	0.0	0
6	0.0	3.5	0.0	0
7	0.0	3.0	0.0	0
8	0.0	2.5	0.0	0
9	0.0	2.0	0.0	0
10	0.0	1.5	0.0	0
11	0.0	1.0	0.0	0
12	0.0	0.5	0.0	0
13	0.0	0.0	0.0	0
14	0.0	6.0	0.5	0
15	0.0	5.5	0.5	0
16	0.0	5.0	0.5	0
17	0.0	4.5	0.5	0
18	0.0	4.0	0.5	0
19	0.0	3.5	0.5	0
20	0.0	3.0	0.5	0
21	0.0	2.5	0.5	0
22	0.0	2.0	0.5	0
23	0.0	1.5	0.5	0
24	0.0	1.0	0.5	0
25	0.0	0.5	0.5	0
26	0.0	0.0	0.5	0
27	0.0	6.0	1.0	0
28	0.0	5.5	1.0	0
29	0.0	5.0	1.0	0
30	0.0	4.5	1.0	0
31	0.0	4.0	1.0	0
32	0.0	3.5	1.0	0
33	0.0	3.0	1.0	0
34	0.0	2.5	1.0	0
35	0.0	2.0	1.0	0
36	0.0	1.5	1.0	0
37	0.0	1.0	1.0	0
38	0.0	0.5	1.0	0
39	0.0	0.0	1.0	0
40	0.0	6.0	1.5	0
41	0.0	5.5	1.5	0
42	0.0	5.0	1.5	0
43	0.0	4.5	1.5	0
44	0.0	4.0	1.5	0
45	0.0	3.5	1.5	0
46	0.0	3.0	1.5	0
47	0.0	2.5	1.5	0
48	0.0	2.0	1.5	0
49	0.0	1.5	1.5	0
50	0.0	1.0	1.5	0
51	0.0	0.5	1.5	0
52	0.0	0.0	1.5	0
53	0.0	6.0	2.0	0
54	0.0	5.5	2.0	0
55	0.0	5.0	2.0	0
56	0.0	4.5	2.0	0
57	0.0	4.0	2.0	0
58	0.0	3.5	2.0	0
59	0.0	3.0	2.0	0
60	0.0	2.5	2.0	0
61	0.0	2.0	2.0	0
62	0.0	1.5	2.0	0
63	0.0	1.0	2.0	0
64	0.0	0.5	2.0	0
65	0.0	0.0	2.0	0
66	0.5	6.0	0.0	0
67	0.5	5.5	0.0	0
68	0.5	5.0	0.0	0
69	0.5	4.5	0.0	0
70	0.5	4.0	0.0	0
71	0.5	3.5	0.0	0
72	0.5	3.0	0.0	0
73	0.5	2.5	0.0	0
74	0.5	2.0	0.0	0
75	0.5	1.5	0.0	0
76	0.5	1.0	0.0	0
77	0.5	0.5	0.0	0
78	0.5	0.0	0.0	0
79	0.5	6.0	0.5	0
80	0.5	5.5	0.5	0
81	0.5	5.0	0.5	0
82	0.5	4.5	0.5	0
83	0.5	4.0	0.5	0
84	0.5	3.5	0.5	0
85	0.5	3.0	0.5	0
86	0.5	2.5	0.5	0
87	0.5	2.0	0.5	0
88	0.5	1.5	0.5	0
89	0.5	1.0	0.5	0
90	0.5	0.5	0.5	0
91	0.5	0.0	0.5	0
92	0.5	6.0	1.0	0
93	0.5	5.5	1.0	0
94	0.5	5.0	1.0	0
95	0.5	4.5	1.0	0
96	0.5	4.0	1.0	0
97	0.5	3.5	1.0	0
98	0.5	3.0	1.0	0
99	0.5	2.5	1.0	0
100	0.5	2.0	1.0	0
101	0.5	1.5	1.0	0
102	0.5	1.0	1.0	0
103	0.5	0.5	1.0	0
104	0.5	0.0	1.0	0
105	0.5	6.0	1.5	0
106	0.5	5.5	1.5	0
107	0.5	5.0	1.5	0
108	0.5	4.5	1.5	0
109	0.5	4.0	1.5	0
110	0.5	3.5	1.5	0
111	0.5	3.0	1.5	0
112	0.5	2.5	1.5	0
113	0.5	2.0	1.5	0
114	0.5	1.5	1.5	0
115	0.5	1.0	1.5	0
116	0.5	0.5	1.5	0
117	0.5	0.0	1.5	0
118	0.5	6.0	2.0	0
119	0.5	5.5	2.0	0
120	0.5	5.0	2.0	0
121	0.5	4.5	2.0	0
122	0.5	4.0	2.0	0
123	0.5	3.5	2.0	0
124	0.5	3.0	2.0	0
125	0.5	2.5	2.0	0
126	0.5	2.0	2.0	0
127	0.5	1.5	2.0	0
128	0.5	1.0	2.0	0
129	0.5	0.5	2.0	0
130	0.5	0.0	2.0	0
131	1.0	6.0	0.0	0
132	1.0	5.5	0.0	0
133	1.0	5.0	0.0	0
134	1.0	4.5	0.0	0
135	1.0	4.0	0.0	0
136	1.0	3.5	0.0	0
137	1.0	3.0	0.0	0
138	1.0	2.5	0.0	0
139	1.0	2.0	0.0	0
140	1.0	1.5	0.0	0
141	1.0	1.0	0.0	0
142	1.0	0.5	0.0	0
143	1.0	0.0	0.0	0
144	1.0	6.0	0.5	0
145	1.0	5.5	0.5	0
146	1.0	5.0	0.5	0
147	1.0	4.5	0.5	0
148	1.0	4.0	0.5	0
149	1.0	3.5	0.5	0
150	1.0	3.0	0.5	0
151	1.0	2.5	0.5	0
152	1.0	2.0	0.5	0
153	1.0	1.5	0.5	0
154	1.0	1.0	0.5	0
155	1.0	0.5	0.5	0
156	1.0	0.0	0.5	0
157	1.0	6.0	1.0	0
158	1.0	5.5	1.0	0
159	1.0	5.0	1.0	0
160	1.0	4.5	1.0	0
161	1.0	4.0	1.0	0
162	1.0	3.5	1.0	0
163	1.0	3.0	1.0	0
164	1.0	2.5	1.0	0
165	1.0	2.0	1.0	0
166	1.0	1.5	1.0	0
167	1.0	1.0	1.0	0
168	1.0	0.5	1.0	0
169	1.0	0.0	1.0	0
170	1.0	6.0	1.5	0
171	1.0	5.5	1.5	0
172	1.0	5.0	1.5	0
173	1.0	4.5	1.5	0
174	1.0	4.0	1.5	0
175	1.0	3.5	1.5	0
176	1.0	3.0	1.5	0
177	1.0	2.5	1.5	0
178	1.0	2.0	1.5	0
179	1.0	1.5	1.5	0
180	1.0	1.0	1.5	0
181	1.0	0.5	1.5	0
182	1.0	0.0	1.5	0
183	1.0	6.0	2.0	0
184	1.0	5.5	2.0	0
185	1.0	5.0	2.0	0
186	1.0	4.5	2.0	0
187	1.0	4.0	2.0	0
188	1.0	3.5	2.0	0
189	1.0	3.0	2.0	0
190	1.0	2.5	2.0	0
191	1.0	2.0	2.0	0
192	1.0	1.5	2.0	0
193	1.0	1.0	2.0	0
194	1.0	0.5	2.0	0
195	1.0	0.0	2.0	0
196	1.5	6.0	0.0	0
197	1.5	5.5	0.0	0
198	1.5	5.0	0.0	0
199	1.5	4.5	0.0	0
200	1.5	4.0	0.0	0
201	1.5	3.5	0.0	0
202	1.5	3.0	0.0	0
203	1.5	2.5	0.0	0
204	1.5	2.0	0.0	0
205	1.5	1.5	0.0	0
206	1.5	1.0	0.0	0
207	1.5	0.5	0.0	0
208	1.5	0.0	0.0	0
209	1.5	6.0	0.5	0
210	1.5	5.5	0.5	0
211	1.5	5.0	0.5	0
212	1.5	4.5	0.5	0
213	1.5	4.0	0.5	0
214	1.5	3.5	0.5	0
215	1.5	3.0	0.5	0
216	1.5	2.5	0.5	0
217	1.5	2.0	0.5	0
218	1.5	1.5	0.5	0
219	1.5	1.0	0.5	0
220	1.5	0.5	0.5	0
221	1.5	0.0	0.5	0
222	1.5	6.0	1.0	0
223	1.5	5.5	1.0	0
224	1.5	5.0	1.0	0
225	1.5	4.5	1.0	0
226	1.5	4.0	1.0	0
227	1.5	3.5	1.0	0
228	1.5	3.0	1.0	0
229	1.5	2.5	1.0	0
230	1.5	2.0	1.0	0
231	1.5	1.5	1.0	0
232	1.5	1.0	1.0	0
233	1.5	0.5	1.0	0
234	1.5	0.0	1.0	0
235	1.5	6.0	1.5	0
236	1.5	5.5	1.5	0
237	1.5	5.0	1.5	0
238	1.5	4.5	1.5	0
239	1.5	4.0	1.5	0
240	1.5	3.5	1.5	0
241	1.5	3.0	1.5	0
242	1.5	2.5	1.5	0
243	1.5	2.0	1.5	0
244	1.5	1.5	1.5	0
245	1.5	1.0	1.5	0
246	1.5	0.5	1.5	0
247	1.5	0.0	1.5	0
248	1.5	6.0	2.0	0
249	1.5	5.5	2.0	0
250	1.5	5.0	2.0	0
251	1.5	4.5	2.0	0
252	1.5	4.0	2.0	0
253	1.5	3.5	2.0	0
254	1.5	3.0	2.0	0
255	1.5	2.5	2.0	0
256	1.5	2.0	2.0	0
257	1.5	1.5	2.0	0
258	1.5	1.0	2.0	0
259	1.5	0.5	2.0	0
260	1.5	0.0	2.0	0
261	2.0	6.0	0.0	0
262	2.0	5.5	0.0	0
263	2.0	5.0	0.0	0
264	2.0	4.5	0.0	0
265	2.0	4.0	0.0	0
266	2.0	3.5	0.0	0
267	2.0	3.0	0.0	0
268	2.0	2.5	0.0	0
269	2.0	2.0	0.0	0
270	2.0	1.5	0.0	0
271	2.0	1.0	0.0	0
272	2.0	0.5	0.0	0
273	2.0	0.0	0.0	0
274	2.0	6.0	0.5	0
275	2.0	5.5	0.5	0
276	2.0	5.0	0.5	0
277	2.0	4.5	0.5	0
278	2.0	4.0	0.5	0
279	2.0	3.5	0.5	0
280	2.0	3.0	0.5	0
281	2.0	2.5	0.5	0
282	2.0	2.0	0.5	0
283	2.0	1.5	0.5	0
284	2.0	1.0	0.5	0
285	2.0	0.5	0.5	0
286	2.0	0.0	0.5	0
287	2.0	6.0	1.0	0
288	2.0	5.5	1.0	0
289	2.0	5.0	1.0	0
290	2.0	4.5	1.0	0
291	2.0	4.0	1.0	0
292	2.0	3.5	1.0	0
293	2.0	3.0	1.0	0
294	2.0	2.5	1.0	0
295	2.0	2.0	1.0	0
296	2.0	1.5	1.0	0
297	2.0	1.0	1.0	0
298	2.0	0.5	1.0	0
299	2.0	0.0	1.0	0
300	2.0	6.0	1.5	0
301	2.0	5.5	1.5	0
302	2.0	5.0	1.5	0
303	2.0	4.5	1.5	0
304	2.0	4.0	1.5	0
305	2.0	3.5	1.5	0
306	2.0	3.0	1.5	0
307	2.0	2.5	1.5	0
308	2.0	2.0	1.5	0
309	2.0	1.5	1.5	0
310	2.0	1.0	1.5	0
311	2.0	0.5	1.5	0
312	2.0	0.0	1.5	0
313	2.0	6.0	2.0	0
314	2.0	5.5	2.0	0
315	2.0	5.0	2.0	0
316	2.0	4.5	2.0	0
317	2.0	4.0	2.0	0
318	2.0	3.5	2.0	0
319	2.0	3.0	2.0	0
320	2.0	2.5	2.0	0
321	2.0	2.0	2.0	0
322	2.0	1.5	2.0	0
323	2.0	1.0	2.0	0
324	2.0	0.5	2.0	0
325	2.0	0.0	2.0	0
 
 0 1 0 0 /numskew,numgb,intnum,numct
 111111	  /ndirgb of (numgb): 111111:all sides,110111:fix x-dir,101111:fix y-dir

25			/numdir of (numgb)

13   0.0  0.0  0.0
26    0.0  0.0  0.0
39    0.0  0.0  0.0
52    0.0  0.0  0.0
65   0.0  0.0  0.0
78    0.0  0.0  0.0
91    0.0  0.0  0.0
104   0.0  0.0  0.0
117   0.0  0.0  0.0
130   0.0  0.0  0.0
143   0.0  0.0  0.0
156   0.0  0.0  0.0
169   0.0  0.0  0.0
182   0.0  0.0  0.0
195   0.0  0.0  0.0
208   0.0  0.0  0.0
221   0.0  0.0  0.0
234   0.0  0.0  0.0
247   0.0  0.0  0.0
260   0.0  0.0  0.0
273   0.0  0.0  0.0
286   0.0  0.0  0.0
299   0.0  0.0  0.0
312   0.0  0.0  0.0
325   0.0  0.0  0.0

 3     /ntfun - time step
 1     /nina-data print out step
 2  0  /numfn,numeb
 261 3 -100.0d0   /nodefn,ndirfn,ftem of (numfn)
 313 3 -100.0d0
 0.0d0 0.0d0 0.0d0/ fbacc(1),fbacc(2),fbacc(3)
 1   /nfuns(1)
 1   /nfuns(2)
 1   /nfuns(3)
 1.0d0 0  /thic, nreact
  
 0.293d6 0.177d6 1410.0d3 2.0d0      / rc1,rc2,rk,density diff s-f
  
 2.d4 0.0001d0 0.0001d0 0.0d0 0.0d0  /xk,xtedis,xstretch,xvisc,xviss
  
 1.0d0 1.0d0 1.0d-2 1.0d-2  /vnorm,fnorm,vtol,ftol
  
 0.25d0 0.5d0  /alpha,beta
  
 0.0d0 0.0d0 0.0d0 /xmg1,xmg2,xmg3
  
