           1  0.000000000000000E+000   10.5000000000000     
           2  0.000000000000000E+000   10.4687500000000     
           3  0.000000000000000E+000   10.4375000000000     
           4  0.000000000000000E+000   10.4062500000000     
           5  0.000000000000000E+000   10.3750000000000     
           6  0.000000000000000E+000   10.3437500000000     
           7  0.000000000000000E+000   10.3125000000000     
           8  0.000000000000000E+000   10.2812500000000     
           9  0.000000000000000E+000   10.2500000000000     
          10  0.000000000000000E+000   10.2187500000000     
          11  0.000000000000000E+000   10.1875000000000     
          12  0.000000000000000E+000   10.1562500000000     
          13  0.000000000000000E+000   10.1250000000000     
          14  0.000000000000000E+000   10.0937500000000     
          15  0.000000000000000E+000   10.0625000000000     
          16  0.000000000000000E+000   10.0312500000000     
          17  0.000000000000000E+000   10.0000000000000     
          18  4.900857016500004E-002   10.0024076366640     
          19  9.754516100800004E-002   10.0096073597985     
          20  0.145142338627000        10.0215298321340     
          21  0.191341716182500        10.0380602337445     
          22  0.235698368413000        10.0590393678260     
          23  0.277785116510000        10.0842651938485     
          24  0.317196642082000        10.1134947733185     
          25  0.353553390593500        10.1464466094065     
          26  0.386505226681500        10.1828033579180     
          27  0.415734806151500        10.2222148834900     
          28  0.440960632174000        10.2643016315870     
          29  0.461939766255500        10.3086582838175     
          30  0.478470167866000        10.3548576613730     
          31  0.490392640201500        10.4024548389920     
          32  0.497592363336000        10.4509914298350     
          33  0.500000000000000        10.5000000000000     
          34  0.468750000000000        10.5000000000000     
          35  0.437500000000000        10.5000000000000     
          36  0.406250000000000        10.5000000000000     
          37  0.375000000000000        10.5000000000000     
          38  0.343750000000000        10.5000000000000     
          39  0.312500000000000        10.5000000000000     
          40  0.281250000000000        10.5000000000000     
          41  0.250000000000000        10.5000000000000     
          42  0.218750000000000        10.5000000000000     
          43  0.187500000000000        10.5000000000000     
          44  0.156250000000000        10.5000000000000     
          45  0.125000000000000        10.5000000000000     
          46  9.375000000000000E-002   10.5000000000000     
          47  6.250000000000000E-002   10.5000000000000     
          48  3.125000000000000E-002   10.5000000000000     
          49  0.235702260395500        10.2642977396045     
          50  3.263886290749995E-002   10.2416367965325     
          51  6.481465907799999E-002   10.2370365911140     
          52  9.619316531050004E-002   10.2357114504040     
          53  0.126549423909500        10.2372174135285     
          54  0.155740227689000        10.2411577280325     
          55  0.183682891341500        10.2471821892580     
          56  0.210339030879000        10.2549843562140     
          57  0.338821999318500        10.1611780006815     
          58  0.324090608044000        10.1759093919560     
          59  0.309359216769000        10.1906407832310     
          60  0.294627825494500        10.2053721745055     
          61  0.279896434219500        10.2201035657805     
          62  0.265165042945000        10.2348349570550     
          63  0.250433651670000        10.2495663483300     
          64  0.258363203467500        10.4673611370925     
          65  0.262963408886000        10.4351853409220     
          66  0.264288549596000        10.4038068346895     
          67  0.262782586471500        10.3734505760905     
          68  0.258842271967500        10.3442597723110     
          69  0.252817810742000        10.3163171086585     
          70  0.245015643786000        10.2896609691210     
          71  4.235274991500004E-002   10.4576472500850     
          72  4.308477154000001E-002   10.4226480174950     
          73  4.199624408750002E-002   10.3905960437700     
          74  4.037184541600003E-002   10.3598662238830     
          75  3.854035173250003E-002   10.3298306111870     
          76  3.661430455600001E-002   10.3002022064015     
          77  3.463995495799999E-002   10.2708323916770     
          78  7.735198250499997E-002   10.4569152284600     
          79  8.102265201100001E-002   10.4189773479890     
          80  8.065918636199998E-002   10.3848067437720     
          81  7.856612280450004E-002   10.3530131226085     
          82  7.563171532849999E-002   10.3227534333970     
          83  7.224854480249998E-002   10.2935255214950     
          84  6.860889208599996E-002   10.2650196178480     
          85  0.109403956230000        10.4580037559125     
          86  0.115193256228000        10.4193408136380     
          87  0.116009706288500        10.3839902937115     
          88  0.114142767939000        10.3512462486955     
          89  0.110737247414500        10.3204675769080     
          90  0.106404023376500        10.2911703458935     
          91  0.101487946870000        10.2630032029830     
          92  0.140133776117000        10.4596281545840     
          93  0.146986877391500        10.4214338771955     
          94  0.148753751304500        10.3858572320610     
          95  0.147313912747000        10.3526860872530     
          96  0.143794980858000        10.3215613141970     
          97  0.138892558255000        10.2921325969245     
          98  0.133048123835000        10.2640998279180     
          99  0.170169388813000        10.4614596482675     
         100  0.177246566603000        10.4243682846715     
         101  0.179532423092000        10.3892627525855     
         102  0.178438685803000        10.3562050191420     
         103  0.174935271387500        10.3250647286125     
         104  0.169693682751500        10.2956456639575     
         105  0.163184167594500        10.2677412749095     
         106  0.199797793598500        10.4633856954440     
         107  0.206474478505000        10.4277514551975     
         108  0.208829654106500        10.3935959766235     
         109  0.207867403075500        10.3611074417450     
         110  0.204354336042500        10.3303063172485     
         111  0.198873782208500        10.3011262177915     
         112  0.191870086240000        10.2734594172530     
         113  0.229167608323000        10.4653600450420     
         114  0.234980382152000        10.4313911079140     
         115  0.236996797017000        10.3985120531300     
         116  0.235900172082000        10.3669518761650     
         117  0.232258725090500        10.3368158324055     
         118  0.226540582747000        10.3081299137600     
         119  0.219129445211500        10.2808705547885     
         120  4.696359030649999E-002   10.0322999013990     
         121  9.346065231500000E-002   10.0380044838930     
         122  0.139038643026500        10.0482565037445     
         123  0.183263925040000        10.0629063767165     
         124  0.225725444407000        10.0817650332680     
         125  0.266038023778500        10.1046070482290     
         126  0.303845257367000        10.1311739982325     
         127  4.491841692599996E-002   10.0621940917045     
         128  8.937502488700000E-002   10.0664071341350     
         129  0.132932376774000        10.0749915226005     
         130  0.175182322719500        10.0877616052765     
         131  0.215748441432000        10.1044982537495     
         132  0.254287888992500        10.1249534227100     
         133  0.290492703661500        10.1488546419640     
         134  4.287300251199999E-002   10.0920906288530     
         135  8.528802182249995E-002   10.0948164524070     
         136  0.126822989573500        10.1017365127305     
         137  0.167096151298000        10.1126275799100     
         138  0.205766608571000        10.1272403245405     
         139  0.242534195607000        10.1453050442740     
         140  0.277138798556500        10.1665369190245     
         141  4.082728284649995E-002   10.1219900666495     
         142  8.119930197750003E-002   10.1232339183220     
         143  0.120709763427500        10.1284935483220     
         144  0.159004438925000        10.1375063915325     
         145  0.195778999300500        10.1499928545935     
         146  0.230776303359500        10.1656628044805     
         147  0.263783319634500        10.1842210894435     
         148  3.878116905249995E-002   10.1518931479985     
         149  7.710840275200004E-002   10.1516614839810     
         150  0.114591744059000        10.1552653211600     
         151  0.150905919111000        10.1624007104370     
         152  0.185784403628500        10.1727578674905     
         153  0.219013408953000        10.1860278087870     
         154  0.250425992868500        10.2019074715165     
         155  3.673453469800003E-002   10.1818008931240     
         156  7.301468145449996E-002   10.1801017788155     
         157  0.108467635978000        10.1820553887050     
         158  0.142798910719500        10.1873140015970     
         159  0.175781250000000        10.1955379439820     
         160  0.207244490760000        10.2064014446995     
         161  0.237066476744000        10.2195964590805     
         162  3.468719396849995E-002   10.2117147422620     
         163  6.891721950050000E-002   10.2085584310300     
         164  0.102335636740500        10.2088685520390     
         165  0.134681134548500        10.2122508435005     
         166  0.165767460061000        10.2183364275535     
         167  0.195468229445000        10.2267854777215     
         168  0.223704340136000        10.2372885453260     
         169  0.467700098601000        10.4530364096935     
         170  0.437805908295500        10.4550815830740     
         171  0.407909371147000        10.4571269974880     
         172  0.378009933350500        10.4591727171535     
         173  0.348106852001500        10.4612188309475     
         174  0.318199106876000        10.4632654653020     
         175  0.288285257738000        10.4653128060315     
         176  0.461995516107000        10.4065393476850     
         177  0.433592865865000        10.4106249751130     
         178  0.405183547593000        10.4147119781775     
         179  0.376766081678000        10.4188006980225     
         180  0.348338516019000        10.4228915972480     
         181  0.319898221184500        10.4269853185455     
         182  0.291441568970000        10.4310827804995     
         183  0.451743496255500        10.3609613569735     
         184  0.425008477399500        10.3670676232260     
         185  0.398263487269500        10.3731770104265     
         186  0.371506451678000        10.3792902365725     
         187  0.344734678840000        10.3854082559410     
         188  0.317944611295000        10.3915323640220     
         189  0.291131447961000        10.3976643632595     
         190  0.437093623283500        10.3167360749600     
         191  0.412238394723500        10.3248176772805     
         192  0.387372420090000        10.3329038487020     
         193  0.362493608467500        10.3409955610750     
         194  0.337599289563000        10.3490940808890     
         195  0.312685998403000        10.3572010892805     
         196  0.287749156499500        10.3653188654515     
         197  0.418234966732000        10.2742745555930     
         198  0.395501746250500        10.2842515585680     
         199  0.372759675459500        10.2942333914290     
         200  0.350007145406500        10.3042210006995     
         201  0.327242132509500        10.3142155963715     
         202  0.304462056018000        10.3242187500000     
         203  0.281663572446500        10.3342325399390     
         204  0.395392951771000        10.2339619762215     
         205  0.375046577290000        10.2457121110075     
         206  0.354694955726000        10.2574658043930     
         207  0.334337195519500        10.2692236966405     
         208  0.313972191213000        10.2809865910470     
         209  0.293598555300500        10.2927555092400     
         210  0.273214522278500        10.3045317705550     
         211  0.368826001767500        10.1961547426330     
         212  0.351145358036000        10.2095072963385     
         213  0.333463080975500        10.2228612014435     
         214  0.315778910556500        10.2362166803655     
         215  0.298092528483500        10.2495740071315     
         216  0.280403540919500        10.2629335232560     
         217  0.262711454674000        10.2762956598640     
         218  0.497592363336000        10.5490085701650     
         219  0.490392640201500        10.5975451610080     
         220  0.478470167866000        10.6451423386270     
         221  0.461939766255500        10.6913417161825     
         222  0.440960632174000        10.7356983684130     
         223  0.415734806151500        10.7777851165100     
         224  0.386505226681500        10.8171966420820     
         225  0.353553390593500        10.8535533905935     
         226  0.317196642082000        10.8865052266815     
         227  0.277785116510000        10.9157348061515     
         228  0.235698368413000        10.9409606321740     
         229  0.191341716182500        10.9619397662555     
         230  0.145142338627000        10.9784701678660     
         231  9.754516100800004E-002   10.9903926402015     
         232  4.900857016500004E-002   10.9975923633360     
         233  0.000000000000000E+000   11.0000000000000     
         234  0.000000000000000E+000   10.9687500000000     
         235  0.000000000000000E+000   10.9375000000000     
         236  0.000000000000000E+000   10.9062500000000     
         237  0.000000000000000E+000   10.8750000000000     
         238  0.000000000000000E+000   10.8437500000000     
         239  0.000000000000000E+000   10.8125000000000     
         240  0.000000000000000E+000   10.7812500000000     
         241  0.000000000000000E+000   10.7500000000000     
         242  0.000000000000000E+000   10.7187500000000     
         243  0.000000000000000E+000   10.6875000000000     
         244  0.000000000000000E+000   10.6562500000000     
         245  0.000000000000000E+000   10.6250000000000     
         246  0.000000000000000E+000   10.5937500000000     
         247  0.000000000000000E+000   10.5625000000000     
         248  0.000000000000000E+000   10.5312500000000     
         249  0.235702260395500        10.7357022603955     
         250  0.258363203467500        10.5326388629075     
         251  0.262963408886000        10.5648146590780     
         252  0.264288549596000        10.5961931653105     
         253  0.262782586471500        10.6265494239095     
         254  0.258842271967500        10.6557402276890     
         255  0.252817810742000        10.6836828913415     
         256  0.245015643786000        10.7103390308790     
         257  0.338821999318500        10.8388219993185     
         258  0.324090608044000        10.8240906080440     
         259  0.309359216769000        10.8093592167690     
         260  0.294627825494500        10.7946278254945     
         261  0.279896434219500        10.7798964342195     
         262  0.265165042945000        10.7651650429450     
         263  0.250433651670000        10.7504336516700     
         264  3.263886290749995E-002   10.7583632034675     
         265  6.481465907799999E-002   10.7629634088860     
         266  9.619316531050004E-002   10.7642885495960     
         267  0.126549423909500        10.7627825864715     
         268  0.155740227689000        10.7588422719675     
         269  0.183682891341500        10.7528178107420     
         270  0.210339030879000        10.7450156437860     
         271  4.235274991500004E-002   10.5423527499150     
         272  7.735198250499997E-002   10.5430847715400     
         273  0.109403956230000        10.5419962440875     
         274  0.140133776117000        10.5403718454160     
         275  0.170169388813000        10.5385403517325     
         276  0.199797793598500        10.5366143045560     
         277  0.229167608323000        10.5346399549580     
         278  4.308477154000001E-002   10.5773519825050     
         279  8.102265201100001E-002   10.5810226520110     
         280  0.115193256228000        10.5806591863620     
         281  0.146986877391500        10.5785661228045     
         282  0.177246566603000        10.5756317153285     
         283  0.206474478505000        10.5722485448025     
         284  0.234980382152000        10.5686088920860     
         285  4.199624408750002E-002   10.6094039562300     
         286  8.065918636199998E-002   10.6151932562280     
         287  0.116009706288500        10.6160097062885     
         288  0.148753751304500        10.6141427679390     
         289  0.179532423092000        10.6107372474145     
         290  0.208829654106500        10.6064040233765     
         291  0.236996797017000        10.6014879468700     
         292  4.037184541600003E-002   10.6401337761170     
         293  7.856612280450004E-002   10.6469868773915     
         294  0.114142767939000        10.6487537513045     
         295  0.147313912747000        10.6473139127470     
         296  0.178438685803000        10.6437949808580     
         297  0.207867403075500        10.6388925582550     
         298  0.235900172082000        10.6330481238350     
         299  3.854035173250003E-002   10.6701693888130     
         300  7.563171532849999E-002   10.6772465666030     
         301  0.110737247414500        10.6795324230920     
         302  0.143794980858000        10.6784386858030     
         303  0.174935271387500        10.6749352713875     
         304  0.204354336042500        10.6696936827515     
         305  0.232258725090500        10.6631841675945     
         306  3.661430455600001E-002   10.6997977935985     
         307  7.224854480249998E-002   10.7064744785050     
         308  0.106404023376500        10.7088296541065     
         309  0.138892558255000        10.7078674030755     
         310  0.169693682751500        10.7043543360425     
         311  0.198873782208500        10.6988737822085     
         312  0.226540582747000        10.6918700862400     
         313  3.463995495799999E-002   10.7291676083230     
         314  6.860889208599996E-002   10.7349803821520     
         315  0.101487946870000        10.7369967970170     
         316  0.133048123835000        10.7359001720820     
         317  0.163184167594500        10.7322587250905     
         318  0.191870086240000        10.7265405827470     
         319  0.219129445211500        10.7191294452115     
         320  0.467700098601000        10.5469635903065     
         321  0.461995516107000        10.5934606523150     
         322  0.451743496255500        10.6390386430265     
         323  0.437093623283500        10.6832639250400     
         324  0.418234966732000        10.7257254444070     
         325  0.395392951771000        10.7660380237785     
         326  0.368826001767500        10.8038452573670     
         327  0.437805908295500        10.5449184169260     
         328  0.433592865865000        10.5893750248870     
         329  0.425008477399500        10.6329323767740     
         330  0.412238394723500        10.6751823227195     
         331  0.395501746250500        10.7157484414320     
         332  0.375046577290000        10.7542878889925     
         333  0.351145358036000        10.7904927036615     
         334  0.407909371147000        10.5428730025120     
         335  0.405183547593000        10.5852880218225     
         336  0.398263487269500        10.6268229895735     
         337  0.387372420090000        10.6670961512980     
         338  0.372759675459500        10.7057666085710     
         339  0.354694955726000        10.7425341956070     
         340  0.333463080975500        10.7771387985565     
         341  0.378009933350500        10.5408272828465     
         342  0.376766081678000        10.5811993019775     
         343  0.371506451678000        10.6207097634275     
         344  0.362493608467500        10.6590044389250     
         345  0.350007145406500        10.6957789993005     
         346  0.334337195519500        10.7307763033595     
         347  0.315778910556500        10.7637833196345     
         348  0.348106852001500        10.5387811690525     
         349  0.348338516019000        10.5771084027520     
         350  0.344734678840000        10.6145917440590     
         351  0.337599289563000        10.6509059191110     
         352  0.327242132509500        10.6857844036285     
         353  0.313972191213000        10.7190134089530     
         354  0.298092528483500        10.7504259928685     
         355  0.318199106876000        10.5367345346980     
         356  0.319898221184500        10.5730146814545     
         357  0.317944611295000        10.6084676359780     
         358  0.312685998403000        10.6427989107195     
         359  0.304462056018000        10.6757812500000     
         360  0.293598555300500        10.7072444907600     
         361  0.280403540919500        10.7370664767440     
         362  0.288285257738000        10.5346871939685     
         363  0.291441568970000        10.5689172195005     
         364  0.291131447961000        10.6023356367405     
         365  0.287749156499500        10.6346811345485     
         366  0.281663572446500        10.6657674600610     
         367  0.273214522278500        10.6954682294450     
         368  0.262711454674000        10.7237043401360     
         369  4.696359030649999E-002   10.9677000986010     
         370  4.491841692599996E-002   10.9378059082955     
         371  4.287300251199999E-002   10.9079093711470     
         372  4.082728284649995E-002   10.8780099333505     
         373  3.878116905249995E-002   10.8481068520015     
         374  3.673453469800003E-002   10.8181991068760     
         375  3.468719396849995E-002   10.7882852577380     
         376  9.346065231500000E-002   10.9619955161070     
         377  8.937502488700000E-002   10.9335928658650     
         378  8.528802182249995E-002   10.9051835475930     
         379  8.119930197750003E-002   10.8767660816780     
         380  7.710840275200004E-002   10.8483385160190     
         381  7.301468145449996E-002   10.8198982211845     
         382  6.891721950050000E-002   10.7914415689700     
         383  0.139038643026500        10.9517434962555     
         384  0.132932376774000        10.9250084773995     
         385  0.126822989573500        10.8982634872695     
         386  0.120709763427500        10.8715064516780     
         387  0.114591744059000        10.8447346788400     
         388  0.108467635978000        10.8179446112950     
         389  0.102335636740500        10.7911314479610     
         390  0.183263925040000        10.9370936232835     
         391  0.175182322719500        10.9122383947235     
         392  0.167096151298000        10.8873724200900     
         393  0.159004438925000        10.8624936084675     
         394  0.150905919111000        10.8375992895630     
         395  0.142798910719500        10.8126859984030     
         396  0.134681134548500        10.7877491564995     
         397  0.225725444407000        10.9182349667320     
         398  0.215748441432000        10.8955017462505     
         399  0.205766608571000        10.8727596754595     
         400  0.195778999300500        10.8500071454065     
         401  0.185784403628500        10.8272421325095     
         402  0.175781250000000        10.8044620560180     
         403  0.165767460061000        10.7816635724465     
         404  0.266038023778500        10.8953929517710     
         405  0.254287888992500        10.8750465772900     
         406  0.242534195607000        10.8546949557260     
         407  0.230776303359500        10.8343371955195     
         408  0.219013408953000        10.8139721912130     
         409  0.207244490760000        10.7935985553005     
         410  0.195468229445000        10.7732145222785     
         411  0.303845257367000        10.8688260017675     
         412  0.290492703661500        10.8511453580360     
         413  0.277138798556500        10.8334630809755     
         414  0.263783319634500        10.8157789105565     
         415  0.250425992868500        10.7980925284835     
         416  0.237066476744000        10.7804035409195     
         417  0.223704340136000        10.7627114546740     
         418 -4.900857016499999E-002   10.9975923633360     
         419 -9.754516100799998E-002   10.9903926402015     
         420 -0.145142338627000        10.9784701678660     
         421 -0.191341716182500        10.9619397662555     
         422 -0.235698368413000        10.9409606321740     
         423 -0.277785116510000        10.9157348061515     
         424 -0.317196642082000        10.8865052266815     
         425 -0.353553390593500        10.8535533905935     
         426 -0.386505226681500        10.8171966420820     
         427 -0.415734806151500        10.7777851165100     
         428 -0.440960632174000        10.7356983684130     
         429 -0.461939766255500        10.6913417161825     
         430 -0.478470167866000        10.6451423386270     
         431 -0.490392640201500        10.5975451610080     
         432 -0.497592363336000        10.5490085701650     
         433 -0.500000000000000        10.5000000000000     
         434 -0.468750000000000        10.5000000000000     
         435 -0.437500000000000        10.5000000000000     
         436 -0.406250000000000        10.5000000000000     
         437 -0.375000000000000        10.5000000000000     
         438 -0.343750000000000        10.5000000000000     
         439 -0.312500000000000        10.5000000000000     
         440 -0.281250000000000        10.5000000000000     
         441 -0.250000000000000        10.5000000000000     
         442 -0.218750000000000        10.5000000000000     
         443 -0.187500000000000        10.5000000000000     
         444 -0.156250000000000        10.5000000000000     
         445 -0.125000000000000        10.5000000000000     
         446 -9.375000000000000E-002   10.5000000000000     
         447 -6.250000000000000E-002   10.5000000000000     
         448 -3.125000000000000E-002   10.5000000000000     
         449 -0.235702260395500        10.7357022603955     
         450 -3.263886290750001E-002   10.7583632034675     
         451 -6.481465907799999E-002   10.7629634088860     
         452 -9.619316531049998E-002   10.7642885495960     
         453 -0.126549423909500        10.7627825864715     
         454 -0.155740227689000        10.7588422719675     
         455 -0.183682891341500        10.7528178107420     
         456 -0.210339030879000        10.7450156437860     
         457 -0.338821999318500        10.8388219993185     
         458 -0.324090608044000        10.8240906080440     
         459 -0.309359216769000        10.8093592167690     
         460 -0.294627825494500        10.7946278254945     
         461 -0.279896434219500        10.7798964342195     
         462 -0.265165042945000        10.7651650429450     
         463 -0.250433651670000        10.7504336516700     
         464 -0.258363203467500        10.5326388629075     
         465 -0.262963408886000        10.5648146590780     
         466 -0.264288549596000        10.5961931653105     
         467 -0.262782586471500        10.6265494239095     
         468 -0.258842271967500        10.6557402276890     
         469 -0.252817810742000        10.6836828913415     
         470 -0.245015643786000        10.7103390308790     
         471 -4.235274991499999E-002   10.5423527499150     
         472 -4.308477154000001E-002   10.5773519825050     
         473 -4.199624408750002E-002   10.6094039562300     
         474 -4.037184541599997E-002   10.6401337761170     
         475 -3.854035173249998E-002   10.6701693888130     
         476 -3.661430455600001E-002   10.6997977935985     
         477 -3.463995495799999E-002   10.7291676083230     
         478 -7.735198250500003E-002   10.5430847715400     
         479 -8.102265201100001E-002   10.5810226520110     
         480 -8.065918636199998E-002   10.6151932562280     
         481 -7.856612280449998E-002   10.6469868773915     
         482 -7.563171532849999E-002   10.6772465666030     
         483 -7.224854480249998E-002   10.7064744785050     
         484 -6.860889208600002E-002   10.7349803821520     
         485 -0.109403956230000        10.5419962440875     
         486 -0.115193256228000        10.5806591863620     
         487 -0.116009706288500        10.6160097062885     
         488 -0.114142767939000        10.6487537513045     
         489 -0.110737247414500        10.6795324230920     
         490 -0.106404023376500        10.7088296541065     
         491 -0.101487946870000        10.7369967970170     
         492 -0.140133776117000        10.5403718454160     
         493 -0.146986877391500        10.5785661228045     
         494 -0.148753751304500        10.6141427679390     
         495 -0.147313912747000        10.6473139127470     
         496 -0.143794980858000        10.6784386858030     
         497 -0.138892558255000        10.7078674030755     
         498 -0.133048123835000        10.7359001720820     
         499 -0.170169388813000        10.5385403517325     
         500 -0.177246566603000        10.5756317153285     
         501 -0.179532423092000        10.6107372474145     
         502 -0.178438685803000        10.6437949808580     
         503 -0.174935271387500        10.6749352713875     
         504 -0.169693682751500        10.7043543360425     
         505 -0.163184167594500        10.7322587250905     
         506 -0.199797793598500        10.5366143045560     
         507 -0.206474478505000        10.5722485448025     
         508 -0.208829654106500        10.6064040233765     
         509 -0.207867403075500        10.6388925582550     
         510 -0.204354336042500        10.6696936827515     
         511 -0.198873782208500        10.6988737822085     
         512 -0.191870086240000        10.7265405827470     
         513 -0.229167608323000        10.5346399549580     
         514 -0.234980382152000        10.5686088920860     
         515 -0.236996797017000        10.6014879468700     
         516 -0.235900172082000        10.6330481238350     
         517 -0.232258725090500        10.6631841675945     
         518 -0.226540582747000        10.6918700862400     
         519 -0.219129445211500        10.7191294452115     
         520 -4.696359030649999E-002   10.9677000986010     
         521 -9.346065231500000E-002   10.9619955161070     
         522 -0.139038643026500        10.9517434962555     
         523 -0.183263925040000        10.9370936232835     
         524 -0.225725444407000        10.9182349667320     
         525 -0.266038023778500        10.8953929517710     
         526 -0.303845257367000        10.8688260017675     
         527 -4.491841692600002E-002   10.9378059082955     
         528 -8.937502488700000E-002   10.9335928658650     
         529 -0.132932376774000        10.9250084773995     
         530 -0.175182322719500        10.9122383947235     
         531 -0.215748441432000        10.8955017462505     
         532 -0.254287888992500        10.8750465772900     
         533 -0.290492703661500        10.8511453580360     
         534 -4.287300251199999E-002   10.9079093711470     
         535 -8.528802182250000E-002   10.9051835475930     
         536 -0.126822989573500        10.8982634872695     
         537 -0.167096151298000        10.8873724200900     
         538 -0.205766608571000        10.8727596754595     
         539 -0.242534195607000        10.8546949557260     
         540 -0.277138798556500        10.8334630809755     
         541 -4.082728284650000E-002   10.8780099333505     
         542 -8.119930197750003E-002   10.8767660816780     
         543 -0.120709763427500        10.8715064516780     
         544 -0.159004438925000        10.8624936084675     
         545 -0.195778999300500        10.8500071454065     
         546 -0.230776303359500        10.8343371955195     
         547 -0.263783319634500        10.8157789105565     
         548 -3.878116905250001E-002   10.8481068520015     
         549 -7.710840275199998E-002   10.8483385160190     
         550 -0.114591744059000        10.8447346788400     
         551 -0.150905919111000        10.8375992895630     
         552 -0.185784403628500        10.8272421325095     
         553 -0.219013408953000        10.8139721912130     
         554 -0.250425992868500        10.7980925284835     
         555 -3.673453469799998E-002   10.8181991068760     
         556 -7.301468145450002E-002   10.8198982211845     
         557 -0.108467635978000        10.8179446112950     
         558 -0.142798910719500        10.8126859984030     
         559 -0.175781250000000        10.8044620560180     
         560 -0.207244490760000        10.7935985553005     
         561 -0.237066476744000        10.7804035409195     
         562 -3.468719396850001E-002   10.7882852577380     
         563 -6.891721950050000E-002   10.7914415689700     
         564 -0.102335636740500        10.7911314479610     
         565 -0.134681134548500        10.7877491564995     
         566 -0.165767460061000        10.7816635724465     
         567 -0.195468229445000        10.7732145222785     
         568 -0.223704340136000        10.7627114546740     
         569 -0.467700098601000        10.5469635903065     
         570 -0.437805908295500        10.5449184169260     
         571 -0.407909371147000        10.5428730025120     
         572 -0.378009933350500        10.5408272828465     
         573 -0.348106852001500        10.5387811690525     
         574 -0.318199106876000        10.5367345346980     
         575 -0.288285257738000        10.5346871939685     
         576 -0.461995516107000        10.5934606523150     
         577 -0.433592865865000        10.5893750248870     
         578 -0.405183547593000        10.5852880218225     
         579 -0.376766081678000        10.5811993019775     
         580 -0.348338516019000        10.5771084027520     
         581 -0.319898221184500        10.5730146814545     
         582 -0.291441568970000        10.5689172195005     
         583 -0.451743496255500        10.6390386430265     
         584 -0.425008477399500        10.6329323767740     
         585 -0.398263487269500        10.6268229895735     
         586 -0.371506451678000        10.6207097634275     
         587 -0.344734678840000        10.6145917440590     
         588 -0.317944611295000        10.6084676359780     
         589 -0.291131447961000        10.6023356367405     
         590 -0.437093623283500        10.6832639250400     
         591 -0.412238394723500        10.6751823227195     
         592 -0.387372420090000        10.6670961512980     
         593 -0.362493608467500        10.6590044389250     
         594 -0.337599289563000        10.6509059191110     
         595 -0.312685998403000        10.6427989107195     
         596 -0.287749156499500        10.6346811345485     
         597 -0.418234966732000        10.7257254444070     
         598 -0.395501746250500        10.7157484414320     
         599 -0.372759675459500        10.7057666085710     
         600 -0.350007145406500        10.6957789993005     
         601 -0.327242132509500        10.6857844036285     
         602 -0.304462056018000        10.6757812500000     
         603 -0.281663572446500        10.6657674600610     
         604 -0.395392951771000        10.7660380237785     
         605 -0.375046577290000        10.7542878889925     
         606 -0.354694955726000        10.7425341956070     
         607 -0.334337195519500        10.7307763033595     
         608 -0.313972191213000        10.7190134089530     
         609 -0.293598555300500        10.7072444907600     
         610 -0.273214522278500        10.6954682294450     
         611 -0.368826001767500        10.8038452573670     
         612 -0.351145358036000        10.7904927036615     
         613 -0.333463080975500        10.7771387985565     
         614 -0.315778910556500        10.7637833196345     
         615 -0.298092528483500        10.7504259928685     
         616 -0.280403540919500        10.7370664767440     
         617 -0.262711454674000        10.7237043401360     
         618 -0.497592363336000        10.4509914298350     
         619 -0.490392640201500        10.4024548389920     
         620 -0.478470167866000        10.3548576613730     
         621 -0.461939766255500        10.3086582838175     
         622 -0.440960632174000        10.2643016315870     
         623 -0.415734806151500        10.2222148834900     
         624 -0.386505226681500        10.1828033579180     
         625 -0.353553390593500        10.1464466094065     
         626 -0.317196642082000        10.1134947733185     
         627 -0.277785116510000        10.0842651938485     
         628 -0.235698368413000        10.0590393678260     
         629 -0.191341716182500        10.0380602337445     
         630 -0.145142338627000        10.0215298321340     
         631 -9.754516100799998E-002   10.0096073597985     
         632 -4.900857016499999E-002   10.0024076366640     
         633 -0.235702260395500        10.2642977396045     
         634 -0.258363203467500        10.4673611370925     
         635 -0.262963408886000        10.4351853409220     
         636 -0.264288549596000        10.4038068346895     
         637 -0.262782586471500        10.3734505760905     
         638 -0.258842271967500        10.3442597723110     
         639 -0.252817810742000        10.3163171086585     
         640 -0.245015643786000        10.2896609691210     
         641 -0.338821999318500        10.1611780006815     
         642 -0.324090608044000        10.1759093919560     
         643 -0.309359216769000        10.1906407832310     
         644 -0.294627825494500        10.2053721745055     
         645 -0.279896434219500        10.2201035657805     
         646 -0.265165042945000        10.2348349570550     
         647 -0.250433651670000        10.2495663483300     
         648 -3.263886290750001E-002   10.2416367965325     
         649 -6.481465907799999E-002   10.2370365911140     
         650 -9.619316531049998E-002   10.2357114504040     
         651 -0.126549423909500        10.2372174135285     
         652 -0.155740227689000        10.2411577280325     
         653 -0.183682891341500        10.2471821892580     
         654 -0.210339030879000        10.2549843562140     
         655 -4.235274991499999E-002   10.4576472500850     
         656 -7.735198250500003E-002   10.4569152284600     
         657 -0.109403956230000        10.4580037559125     
         658 -0.140133776117000        10.4596281545840     
         659 -0.170169388813000        10.4614596482675     
         660 -0.199797793598500        10.4633856954440     
         661 -0.229167608323000        10.4653600450420     
         662 -4.308477154000001E-002   10.4226480174950     
         663 -8.102265201100001E-002   10.4189773479890     
         664 -0.115193256228000        10.4193408136380     
         665 -0.146986877391500        10.4214338771955     
         666 -0.177246566603000        10.4243682846715     
         667 -0.206474478505000        10.4277514551975     
         668 -0.234980382152000        10.4313911079140     
         669 -4.199624408750002E-002   10.3905960437700     
         670 -8.065918636199998E-002   10.3848067437720     
         671 -0.116009706288500        10.3839902937115     
         672 -0.148753751304500        10.3858572320610     
         673 -0.179532423092000        10.3892627525855     
         674 -0.208829654106500        10.3935959766235     
         675 -0.236996797017000        10.3985120531300     
         676 -4.037184541599997E-002   10.3598662238830     
         677 -7.856612280449998E-002   10.3530131226085     
         678 -0.114142767939000        10.3512462486955     
         679 -0.147313912747000        10.3526860872530     
         680 -0.178438685803000        10.3562050191420     
         681 -0.207867403075500        10.3611074417450     
         682 -0.235900172082000        10.3669518761650     
         683 -3.854035173249998E-002   10.3298306111870     
         684 -7.563171532849999E-002   10.3227534333970     
         685 -0.110737247414500        10.3204675769080     
         686 -0.143794980858000        10.3215613141970     
         687 -0.174935271387500        10.3250647286125     
         688 -0.204354336042500        10.3303063172485     
         689 -0.232258725090500        10.3368158324055     
         690 -3.661430455600001E-002   10.3002022064015     
         691 -7.224854480249998E-002   10.2935255214950     
         692 -0.106404023376500        10.2911703458935     
         693 -0.138892558255000        10.2921325969245     
         694 -0.169693682751500        10.2956456639575     
         695 -0.198873782208500        10.3011262177915     
         696 -0.226540582747000        10.3081299137600     
         697 -3.463995495799999E-002   10.2708323916770     
         698 -6.860889208600002E-002   10.2650196178480     
         699 -0.101487946870000        10.2630032029830     
         700 -0.133048123835000        10.2640998279180     
         701 -0.163184167594500        10.2677412749095     
         702 -0.191870086240000        10.2734594172530     
         703 -0.219129445211500        10.2808705547885     
         704 -0.467700098601000        10.4530364096935     
         705 -0.461995516107000        10.4065393476850     
         706 -0.451743496255500        10.3609613569735     
         707 -0.437093623283500        10.3167360749600     
         708 -0.418234966732000        10.2742745555930     
         709 -0.395392951771000        10.2339619762215     
         710 -0.368826001767500        10.1961547426330     
         711 -0.437805908295500        10.4550815830740     
         712 -0.433592865865000        10.4106249751130     
         713 -0.425008477399500        10.3670676232260     
         714 -0.412238394723500        10.3248176772805     
         715 -0.395501746250500        10.2842515585680     
         716 -0.375046577290000        10.2457121110075     
         717 -0.351145358036000        10.2095072963385     
         718 -0.407909371147000        10.4571269974880     
         719 -0.405183547593000        10.4147119781775     
         720 -0.398263487269500        10.3731770104265     
         721 -0.387372420090000        10.3329038487020     
         722 -0.372759675459500        10.2942333914290     
         723 -0.354694955726000        10.2574658043930     
         724 -0.333463080975500        10.2228612014435     
         725 -0.378009933350500        10.4591727171535     
         726 -0.376766081678000        10.4188006980225     
         727 -0.371506451678000        10.3792902365725     
         728 -0.362493608467500        10.3409955610750     
         729 -0.350007145406500        10.3042210006995     
         730 -0.334337195519500        10.2692236966405     
         731 -0.315778910556500        10.2362166803655     
         732 -0.348106852001500        10.4612188309475     
         733 -0.348338516019000        10.4228915972480     
         734 -0.344734678840000        10.3854082559410     
         735 -0.337599289563000        10.3490940808890     
         736 -0.327242132509500        10.3142155963715     
         737 -0.313972191213000        10.2809865910470     
         738 -0.298092528483500        10.2495740071315     
         739 -0.318199106876000        10.4632654653020     
         740 -0.319898221184500        10.4269853185455     
         741 -0.317944611295000        10.3915323640220     
         742 -0.312685998403000        10.3572010892805     
         743 -0.304462056018000        10.3242187500000     
         744 -0.293598555300500        10.2927555092400     
         745 -0.280403540919500        10.2629335232560     
         746 -0.288285257738000        10.4653128060315     
         747 -0.291441568970000        10.4310827804995     
         748 -0.291131447961000        10.3976643632595     
         749 -0.287749156499500        10.3653188654515     
         750 -0.281663572446500        10.3342325399390     
         751 -0.273214522278500        10.3045317705550     
         752 -0.262711454674000        10.2762956598640     
         753 -4.696359030649999E-002   10.0322999013990     
         754 -4.491841692600002E-002   10.0621940917045     
         755 -4.287300251199999E-002   10.0920906288530     
         756 -4.082728284650000E-002   10.1219900666495     
         757 -3.878116905250001E-002   10.1518931479985     
         758 -3.673453469799998E-002   10.1818008931240     
         759 -3.468719396850001E-002   10.2117147422620     
         760 -9.346065231500000E-002   10.0380044838930     
         761 -8.937502488700000E-002   10.0664071341350     
         762 -8.528802182250000E-002   10.0948164524070     
         763 -8.119930197750003E-002   10.1232339183220     
         764 -7.710840275199998E-002   10.1516614839810     
         765 -7.301468145450002E-002   10.1801017788155     
         766 -6.891721950050000E-002   10.2085584310300     
         767 -0.139038643026500        10.0482565037445     
         768 -0.132932376774000        10.0749915226005     
         769 -0.126822989573500        10.1017365127305     
         770 -0.120709763427500        10.1284935483220     
         771 -0.114591744059000        10.1552653211600     
         772 -0.108467635978000        10.1820553887050     
         773 -0.102335636740500        10.2088685520390     
         774 -0.183263925040000        10.0629063767165     
         775 -0.175182322719500        10.0877616052765     
         776 -0.167096151298000        10.1126275799100     
         777 -0.159004438925000        10.1375063915325     
         778 -0.150905919111000        10.1624007104370     
         779 -0.142798910719500        10.1873140015970     
         780 -0.134681134548500        10.2122508435005     
         781 -0.225725444407000        10.0817650332680     
         782 -0.215748441432000        10.1044982537495     
         783 -0.205766608571000        10.1272403245405     
         784 -0.195778999300500        10.1499928545935     
         785 -0.185784403628500        10.1727578674905     
         786 -0.175781250000000        10.1955379439820     
         787 -0.165767460061000        10.2183364275535     
         788 -0.266038023778500        10.1046070482290     
         789 -0.254287888992500        10.1249534227100     
         790 -0.242534195607000        10.1453050442740     
         791 -0.230776303359500        10.1656628044805     
         792 -0.219013408953000        10.1860278087870     
         793 -0.207244490760000        10.2064014446995     
         794 -0.195468229445000        10.2267854777215     
         795 -0.303845257367000        10.1311739982325     
         796 -0.290492703661500        10.1488546419640     
         797 -0.277138798556500        10.1665369190245     
         798 -0.263783319634500        10.1842210894435     
         799 -0.250425992868500        10.2019074715165     
         800 -0.237066476744000        10.2195964590805     
         801 -0.223704340136000        10.2372885453260     
