1	 6	 7	 86	 85	 0
2	 7	 8	 87	 86	 0
3	 8	 9	 88	 87	 0
4	 9	 10	 89	 88	 0
5	 10	 11	 90	 89	 0
6	 11	 12	 91	 90	 0
7	 12	 13	 92	 91	 0
8	 13	 1	 14	 92	 0
9	 85	 86	 93	 84	 0
10	 86	 87	 94	 93	 0
11	 87	 88	 95	 94	 0
12	 88	 89	 96	 95	 0
13	 89	 90	 97	 96	 0
14	 90	 91	 98	 97	 0
15	 91	 92	 99	 98	 0
16	 92	 14	 15	 99	 0
17	 84	 93	 100	 83	 0
18	 93	 94	 101	 100	 0
19	 94	 95	 102	 101	 0
20	 95	 96	 103	 102	 0
21	 96	 97	 104	 103	 0
22	 97	 98	 105	 104	 0
23	 98	 99	 106	 105	 0
24	 99	 15	 16	 106	 0
25	 83	 100	 107	 82	 0
26	 100	 101	 108	 107	 0
27	 101	 102	 109	 108	 0
28	 102	 103	 110	 109	 0
29	 103	 104	 111	 110	 0
30	 104	 105	 112	 111	 0
31	 105	 106	 113	 112	 0
32	 106	 16	 17	 113	 0
33	 82	 107	 114	 81	 0
34	 107	 108	 115	 114	 0
35	 108	 109	 116	 115	 0
36	 109	 110	 117	 116	 0
37	 110	 111	 118	 117	 0
38	 111	 112	 119	 118	 0
39	 112	 113	 120	 119	 0
40	 113	 17	 18	 120	 0
41	 81	 114	 80	 73	 0
42	 114	 115	 79	 80	 0
43	 115	 116	 78	 79	 0
44	 116	 117	 77	 78	 0
45	 117	 118	 76	 77	 0
46	 118	 119	 75	 76	 0
47	 119	 120	 74	 75	 0
48	 120	 18	 19	 74	 0
49	 19	 2	 20	 74	 0
50	 74	 20	 21	 75	 0
51	 75	 21	 22	 76	 0
52	 76	 22	 23	 77	 0
53	 77	 23	 24	 78	 0
54	 78	 24	 25	 79	 0
55	 79	 25	 26	 80	 0
56	 80	 26	 27	 73	 0
57	 27	 28	 81	 73	 0
58	 28	 29	 82	 81	 0
59	 29	 30	 83	 82	 0
60	 30	 31	 84	 83	 0
61	 31	 32	 85	 84	 0
62	 32	 3	 6	 85	 0
63	 37	 38	 130	 125	 0
64	 38	 39	 131	 130	 0
65	 39	 40	 132	 131	 0
66	 40	 2	 19	 132	 0
67	 125	 130	 124	 121	 0
68	 130	 131	 123	 124	 0
69	 131	 132	 122	 123	 0
70	 132	 19	 18	 122	 0
71	 18	 17	 133	 122	 0
72	 17	 16	 134	 133	 0
73	 16	 15	 135	 134	 0
74	 15	 14	 136	 135	 0
75	 14	 1	 41	 136	 0
76	 122	 133	 137	 123	 0
77	 133	 134	 138	 137	 0
78	 134	 135	 139	 138	 0
79	 135	 136	 140	 139	 0
80	 136	 41	 42	 140	 0
81	 123	 137	 141	 124	 0
82	 137	 138	 142	 141	 0
83	 138	 139	 143	 142	 0
84	 139	 140	 144	 143	 0
85	 140	 42	 43	 144	 0
86	 124	 141	 129	 121	 0
87	 141	 142	 128	 129	 0
88	 142	 143	 127	 128	 0
89	 143	 144	 126	 127	 0
90	 144	 43	 44	 126	 0
91	 44	 45	 145	 126	 0
92	 45	 4	 33	 145	 0
93	 126	 145	 146	 127	 0
94	 145	 33	 34	 146	 0
95	 127	 146	 147	 128	 0
96	 146	 34	 35	 147	 0
97	 128	 147	 148	 129	 0
98	 147	 35	 36	 148	 0
99	 129	 148	 125	 121	 0
100	 148	 36	 37	 125	 0
101	 51	 52	 156	 149	 0
102	 52	 53	 155	 156	 0
103	 53	 54	 154	 155	 0
104	 54	 55	 153	 154	 0
105	 55	 56	 152	 153	 0
106	 56	 57	 151	 152	 0
107	 57	 58	 150	 151	 0
108	 58	 5	 59	 150	 0
109	 59	 60	 162	 150	 0
110	 60	 61	 163	 162	 0
111	 61	 62	 164	 163	 0
112	 62	 63	 165	 164	 0
113	 63	 64	 166	 165	 0
114	 64	 1	 13	 166	 0
115	 150	 162	 167	 151	 0
116	 162	 163	 168	 167	 0
117	 163	 164	 169	 168	 0
118	 164	 165	 170	 169	 0
119	 165	 166	 171	 170	 0
120	 166	 13	 12	 171	 0
121	 151	 167	 172	 152	 0
122	 167	 168	 173	 172	 0
123	 168	 169	 174	 173	 0
124	 169	 170	 175	 174	 0
125	 170	 171	 176	 175	 0
126	 171	 12	 11	 176	 0
127	 152	 172	 177	 153	 0
128	 172	 173	 178	 177	 0
129	 173	 174	 179	 178	 0
130	 174	 175	 180	 179	 0
131	 175	 176	 181	 180	 0
132	 176	 11	 10	 181	 0
133	 153	 177	 182	 154	 0
134	 177	 178	 183	 182	 0
135	 178	 179	 184	 183	 0
136	 179	 180	 185	 184	 0
137	 180	 181	 186	 185	 0
138	 181	 10	 9	 186	 0
139	 154	 182	 187	 155	 0
140	 182	 183	 188	 187	 0
141	 183	 184	 189	 188	 0
142	 184	 185	 190	 189	 0
143	 185	 186	 191	 190	 0
144	 186	 9	 8	 191	 0
145	 155	 187	 192	 156	 0
146	 187	 188	 193	 192	 0
147	 188	 189	 194	 193	 0
148	 189	 190	 195	 194	 0
149	 190	 191	 196	 195	 0
150	 191	 8	 7	 196	 0
151	 156	 192	 161	 149	 0
152	 192	 193	 160	 161	 0
153	 193	 194	 159	 160	 0
154	 194	 195	 158	 159	 0
155	 195	 196	 157	 158	 0
156	 196	 7	 6	 157	 0
157	 6	 3	 46	 157	 0
158	 157	 46	 47	 158	 0
159	 158	 47	 48	 159	 0
160	 159	 48	 49	 160	 0
161	 160	 49	 50	 161	 0
162	 161	 50	 51	 149	 0
163	 44	 43	 206	 204	 0
164	 43	 42	 207	 206	 0
165	 42	 41	 208	 207	 0
166	 41	 1	 64	 208	 0
167	 204	 206	 209	 203	 0
168	 206	 207	 210	 209	 0
169	 207	 208	 211	 210	 0
170	 208	 64	 63	 211	 0
171	 203	 209	 212	 202	 0
172	 209	 210	 213	 212	 0
173	 210	 211	 214	 213	 0
174	 211	 63	 62	 214	 0
175	 202	 212	 215	 201	 0
176	 212	 213	 216	 215	 0
177	 213	 214	 217	 216	 0
178	 214	 62	 61	 217	 0
179	 201	 215	 200	 197	 0
180	 215	 216	 199	 200	 0
181	 216	 217	 198	 199	 0
182	 217	 61	 60	 198	 0
183	 60	 59	 218	 198	 0
184	 59	 5	 65	 218	 0
185	 198	 218	 219	 199	 0
186	 218	 65	 66	 219	 0
187	 199	 219	 220	 200	 0
188	 219	 66	 67	 220	 0
189	 200	 220	 205	 197	 0
190	 220	 67	 68	 205	 0
191	 68	 69	 221	 205	 0
192	 69	 70	 222	 221	 0
193	 70	 71	 223	 222	 0
194	 71	 72	 224	 223	 0
195	 72	 4	 45	 224	 0
196	 205	 221	 201	 197	 0
197	 221	 222	 202	 201	 0
198	 222	 223	 203	 202	 0
199	 223	 224	 204	 203	 0
200	 224	 45	 44	 204	 0