       1       2      43      42
      42      43      84      83
      83      84     125     124
     124     125     166     165
     165     166     207     206
     206     207     248     247
     247     248     289     288
     288     289     330     329
     329     330     371     370
     370     371     412     411
     411     412     453     452
     452     453     494     493
     493     494     535     534
     534     535     576     575
     575     576     617     616
     616     617     658     657
     657     658     699     698
     698     699     740     739
     739     740     781     780
     780     781     822     821
     821     822     863     862
     862     863     904     903
     903     904     945     944
     944     945     986     985
     985     986    1027    1026
    1026    1027    1068    1067
    1067    1068    1109    1108
    1108    1109    1150    1149
    1149    1150    1191    1190
    1190    1191    1232    1231
    1231    1232    1273    1272
    1272    1273    1314    1313
    1313    1314    1355    1354
    1354    1355    1396    1395
    1395    1396    1437    1436
    1436    1437    1478    1477
    1477    1478    1519    1518
    1518    1519    1560    1559
    1559    1560    1601    1600
    1600    1601    1642    1641
       2       3      44      43
      43      44      85      84
      84      85     126     125
     125     126     167     166
     166     167     208     207
     207     208     249     248
     248     249     290     289
     289     290     331     330
     330     331     372     371
     371     372     413     412
     412     413     454     453
     453     454     495     494
     494     495     536     535
     535     536     577     576
     576     577     618     617
     617     618     659     658
     658     659     700     699
     699     700     741     740
     740     741     782     781
     781     782     823     822
     822     823     864     863
     863     864     905     904
     904     905     946     945
     945     946     987     986
     986     987    1028    1027
    1027    1028    1069    1068
    1068    1069    1110    1109
    1109    1110    1151    1150
    1150    1151    1192    1191
    1191    1192    1233    1232
    1232    1233    1274    1273
    1273    1274    1315    1314
    1314    1315    1356    1355
    1355    1356    1397    1396
    1396    1397    1438    1437
    1437    1438    1479    1478
    1478    1479    1520    1519
    1519    1520    1561    1560
    1560    1561    1602    1601
    1601    1602    1643    1642
       3       4      45      44
      44      45      86      85
      85      86     127     126
     126     127     168     167
     167     168     209     208
     208     209     250     249
     249     250     291     290
     290     291     332     331
     331     332     373     372
     372     373     414     413
     413     414     455     454
     454     455     496     495
     495     496     537     536
     536     537     578     577
     577     578     619     618
     618     619     660     659
     659     660     701     700
     700     701     742     741
     741     742     783     782
     782     783     824     823
     823     824     865     864
     864     865     906     905
     905     906     947     946
     946     947     988     987
     987     988    1029    1028
    1028    1029    1070    1069
    1069    1070    1111    1110
    1110    1111    1152    1151
    1151    1152    1193    1192
    1192    1193    1234    1233
    1233    1234    1275    1274
    1274    1275    1316    1315
    1315    1316    1357    1356
    1356    1357    1398    1397
    1397    1398    1439    1438
    1438    1439    1480    1479
    1479    1480    1521    1520
    1520    1521    1562    1561
    1561    1562    1603    1602
    1602    1603    1644    1643
       4       5      46      45
      45      46      87      86
      86      87     128     127
     127     128     169     168
     168     169     210     209
     209     210     251     250
     250     251     292     291
     291     292     333     332
     332     333     374     373
     373     374     415     414
     414     415     456     455
     455     456     497     496
     496     497     538     537
     537     538     579     578
     578     579     620     619
     619     620     661     660
     660     661     702     701
     701     702     743     742
     742     743     784     783
     783     784     825     824
     824     825     866     865
     865     866     907     906
     906     907     948     947
     947     948     989     988
     988     989    1030    1029
    1029    1030    1071    1070
    1070    1071    1112    1111
    1111    1112    1153    1152
    1152    1153    1194    1193
    1193    1194    1235    1234
    1234    1235    1276    1275
    1275    1276    1317    1316
    1316    1317    1358    1357
    1357    1358    1399    1398
    1398    1399    1440    1439
    1439    1440    1481    1480
    1480    1481    1522    1521
    1521    1522    1563    1562
    1562    1563    1604    1603
    1603    1604    1645    1644
       5       6      47      46
      46      47      88      87
      87      88     129     128
     128     129     170     169
     169     170     211     210
     210     211     252     251
     251     252     293     292
     292     293     334     333
     333     334     375     374
     374     375     416     415
     415     416     457     456
     456     457     498     497
     497     498     539     538
     538     539     580     579
     579     580     621     620
     620     621     662     661
     661     662     703     702
     702     703     744     743
     743     744     785     784
     784     785     826     825
     825     826     867     866
     866     867     908     907
     907     908     949     948
     948     949     990     989
     989     990    1031    1030
    1030    1031    1072    1071
    1071    1072    1113    1112
    1112    1113    1154    1153
    1153    1154    1195    1194
    1194    1195    1236    1235
    1235    1236    1277    1276
    1276    1277    1318    1317
    1317    1318    1359    1358
    1358    1359    1400    1399
    1399    1400    1441    1440
    1440    1441    1482    1481
    1481    1482    1523    1522
    1522    1523    1564    1563
    1563    1564    1605    1604
    1604    1605    1646    1645
       6       7      48      47
      47      48      89      88
      88      89     130     129
     129     130     171     170
     170     171     212     211
     211     212     253     252
     252     253     294     293
     293     294     335     334
     334     335     376     375
     375     376     417     416
     416     417     458     457
     457     458     499     498
     498     499     540     539
     539     540     581     580
     580     581     622     621
     621     622     663     662
     662     663     704     703
     703     704     745     744
     744     745     786     785
     785     786     827     826
     826     827     868     867
     867     868     909     908
     908     909     950     949
     949     950     991     990
     990     991    1032    1031
    1031    1032    1073    1072
    1072    1073    1114    1113
    1113    1114    1155    1154
    1154    1155    1196    1195
    1195    1196    1237    1236
    1236    1237    1278    1277
    1277    1278    1319    1318
    1318    1319    1360    1359
    1359    1360    1401    1400
    1400    1401    1442    1441
    1441    1442    1483    1482
    1482    1483    1524    1523
    1523    1524    1565    1564
    1564    1565    1606    1605
    1605    1606    1647    1646
       7       8      49      48
      48      49      90      89
      89      90     131     130
     130     131     172     171
     171     172     213     212
     212     213     254     253
     253     254     295     294
     294     295     336     335
     335     336     377     376
     376     377     418     417
     417     418     459     458
     458     459     500     499
     499     500     541     540
     540     541     582     581
     581     582     623     622
     622     623     664     663
     663     664     705     704
     704     705     746     745
     745     746     787     786
     786     787     828     827
     827     828     869     868
     868     869     910     909
     909     910     951     950
     950     951     992     991
     991     992    1033    1032
    1032    1033    1074    1073
    1073    1074    1115    1114
    1114    1115    1156    1155
    1155    1156    1197    1196
    1196    1197    1238    1237
    1237    1238    1279    1278
    1278    1279    1320    1319
    1319    1320    1361    1360
    1360    1361    1402    1401
    1401    1402    1443    1442
    1442    1443    1484    1483
    1483    1484    1525    1524
    1524    1525    1566    1565
    1565    1566    1607    1606
    1606    1607    1648    1647
       8       9      50      49
      49      50      91      90
      90      91     132     131
     131     132     173     172
     172     173     214     213
     213     214     255     254
     254     255     296     295
     295     296     337     336
     336     337     378     377
     377     378     419     418
     418     419     460     459
     459     460     501     500
     500     501     542     541
     541     542     583     582
     582     583     624     623
     623     624     665     664
     664     665     706     705
     705     706     747     746
     746     747     788     787
     787     788     829     828
     828     829     870     869
     869     870     911     910
     910     911     952     951
     951     952     993     992
     992     993    1034    1033
    1033    1034    1075    1074
    1074    1075    1116    1115
    1115    1116    1157    1156
    1156    1157    1198    1197
    1197    1198    1239    1238
    1238    1239    1280    1279
    1279    1280    1321    1320
    1320    1321    1362    1361
    1361    1362    1403    1402
    1402    1403    1444    1443
    1443    1444    1485    1484
    1484    1485    1526    1525
    1525    1526    1567    1566
    1566    1567    1608    1607
    1607    1608    1649    1648
       9      10      51      50
      50      51      92      91
      91      92     133     132
     132     133     174     173
     173     174     215     214
     214     215     256     255
     255     256     297     296
     296     297     338     337
     337     338     379     378
     378     379     420     419
     419     420     461     460
     460     461     502     501
     501     502     543     542
     542     543     584     583
     583     584     625     624
     624     625     666     665
     665     666     707     706
     706     707     748     747
     747     748     789     788
     788     789     830     829
     829     830     871     870
     870     871     912     911
     911     912     953     952
     952     953     994     993
     993     994    1035    1034
    1034    1035    1076    1075
    1075    1076    1117    1116
    1116    1117    1158    1157
    1157    1158    1199    1198
    1198    1199    1240    1239
    1239    1240    1281    1280
    1280    1281    1322    1321
    1321    1322    1363    1362
    1362    1363    1404    1403
    1403    1404    1445    1444
    1444    1445    1486    1485
    1485    1486    1527    1526
    1526    1527    1568    1567
    1567    1568    1609    1608
    1608    1609    1650    1649
      10      11      52      51
      51      52      93      92
      92      93     134     133
     133     134     175     174
     174     175     216     215
     215     216     257     256
     256     257     298     297
     297     298     339     338
     338     339     380     379
     379     380     421     420
     420     421     462     461
     461     462     503     502
     502     503     544     543
     543     544     585     584
     584     585     626     625
     625     626     667     666
     666     667     708     707
     707     708     749     748
     748     749     790     789
     789     790     831     830
     830     831     872     871
     871     872     913     912
     912     913     954     953
     953     954     995     994
     994     995    1036    1035
    1035    1036    1077    1076
    1076    1077    1118    1117
    1117    1118    1159    1158
    1158    1159    1200    1199
    1199    1200    1241    1240
    1240    1241    1282    1281
    1281    1282    1323    1322
    1322    1323    1364    1363
    1363    1364    1405    1404
    1404    1405    1446    1445
    1445    1446    1487    1486
    1486    1487    1528    1527
    1527    1528    1569    1568
    1568    1569    1610    1609
    1609    1610    1651    1650
      11      12      53      52
      52      53      94      93
      93      94     135     134
     134     135     176     175
     175     176     217     216
     216     217     258     257
     257     258     299     298
     298     299     340     339
     339     340     381     380
     380     381     422     421
     421     422     463     462
     462     463     504     503
     503     504     545     544
     544     545     586     585
     585     586     627     626
     626     627     668     667
     667     668     709     708
     708     709     750     749
     749     750     791     790
     790     791     832     831
     831     832     873     872
     872     873     914     913
     913     914     955     954
     954     955     996     995
     995     996    1037    1036
    1036    1037    1078    1077
    1077    1078    1119    1118
    1118    1119    1160    1159
    1159    1160    1201    1200
    1200    1201    1242    1241
    1241    1242    1283    1282
    1282    1283    1324    1323
    1323    1324    1365    1364
    1364    1365    1406    1405
    1405    1406    1447    1446
    1446    1447    1488    1487
    1487    1488    1529    1528
    1528    1529    1570    1569
    1569    1570    1611    1610
    1610    1611    1652    1651
      12      13      54      53
      53      54      95      94
      94      95     136     135
     135     136     177     176
     176     177     218     217
     217     218     259     258
     258     259     300     299
     299     300     341     340
     340     341     382     381
     381     382     423     422
     422     423     464     463
     463     464     505     504
     504     505     546     545
     545     546     587     586
     586     587     628     627
     627     628     669     668
     668     669     710     709
     709     710     751     750
     750     751     792     791
     791     792     833     832
     832     833     874     873
     873     874     915     914
     914     915     956     955
     955     956     997     996
     996     997    1038    1037
    1037    1038    1079    1078
    1078    1079    1120    1119
    1119    1120    1161    1160
    1160    1161    1202    1201
    1201    1202    1243    1242
    1242    1243    1284    1283
    1283    1284    1325    1324
    1324    1325    1366    1365
    1365    1366    1407    1406
    1406    1407    1448    1447
    1447    1448    1489    1488
    1488    1489    1530    1529
    1529    1530    1571    1570
    1570    1571    1612    1611
    1611    1612    1653    1652
      13      14      55      54
      54      55      96      95
      95      96     137     136
     136     137     178     177
     177     178     219     218
     218     219     260     259
     259     260     301     300
     300     301     342     341
     341     342     383     382
     382     383     424     423
     423     424     465     464
     464     465     506     505
     505     506     547     546
     546     547     588     587
     587     588     629     628
     628     629     670     669
     669     670     711     710
     710     711     752     751
     751     752     793     792
     792     793     834     833
     833     834     875     874
     874     875     916     915
     915     916     957     956
     956     957     998     997
     997     998    1039    1038
    1038    1039    1080    1079
    1079    1080    1121    1120
    1120    1121    1162    1161
    1161    1162    1203    1202
    1202    1203    1244    1243
    1243    1244    1285    1284
    1284    1285    1326    1325
    1325    1326    1367    1366
    1366    1367    1408    1407
    1407    1408    1449    1448
    1448    1449    1490    1489
    1489    1490    1531    1530
    1530    1531    1572    1571
    1571    1572    1613    1612
    1612    1613    1654    1653
      14      15      56      55
      55      56      97      96
      96      97     138     137
     137     138     179     178
     178     179     220     219
     219     220     261     260
     260     261     302     301
     301     302     343     342
     342     343     384     383
     383     384     425     424
     424     425     466     465
     465     466     507     506
     506     507     548     547
     547     548     589     588
     588     589     630     629
     629     630     671     670
     670     671     712     711
     711     712     753     752
     752     753     794     793
     793     794     835     834
     834     835     876     875
     875     876     917     916
     916     917     958     957
     957     958     999     998
     998     999    1040    1039
    1039    1040    1081    1080
    1080    1081    1122    1121
    1121    1122    1163    1162
    1162    1163    1204    1203
    1203    1204    1245    1244
    1244    1245    1286    1285
    1285    1286    1327    1326
    1326    1327    1368    1367
    1367    1368    1409    1408
    1408    1409    1450    1449
    1449    1450    1491    1490
    1490    1491    1532    1531
    1531    1532    1573    1572
    1572    1573    1614    1613
    1613    1614    1655    1654
      15      16      57      56
      56      57      98      97
      97      98     139     138
     138     139     180     179
     179     180     221     220
     220     221     262     261
     261     262     303     302
     302     303     344     343
     343     344     385     384
     384     385     426     425
     425     426     467     466
     466     467     508     507
     507     508     549     548
     548     549     590     589
     589     590     631     630
     630     631     672     671
     671     672     713     712
     712     713     754     753
     753     754     795     794
     794     795     836     835
     835     836     877     876
     876     877     918     917
     917     918     959     958
     958     959    1000     999
     999    1000    1041    1040
    1040    1041    1082    1081
    1081    1082    1123    1122
    1122    1123    1164    1163
    1163    1164    1205    1204
    1204    1205    1246    1245
    1245    1246    1287    1286
    1286    1287    1328    1327
    1327    1328    1369    1368
    1368    1369    1410    1409
    1409    1410    1451    1450
    1450    1451    1492    1491
    1491    1492    1533    1532
    1532    1533    1574    1573
    1573    1574    1615    1614
    1614    1615    1656    1655
      16      17      58      57
      57      58      99      98
      98      99     140     139
     139     140     181     180
     180     181     222     221
     221     222     263     262
     262     263     304     303
     303     304     345     344
     344     345     386     385
     385     386     427     426
     426     427     468     467
     467     468     509     508
     508     509     550     549
     549     550     591     590
     590     591     632     631
     631     632     673     672
     672     673     714     713
     713     714     755     754
     754     755     796     795
     795     796     837     836
     836     837     878     877
     877     878     919     918
     918     919     960     959
     959     960    1001    1000
    1000    1001    1042    1041
    1041    1042    1083    1082
    1082    1083    1124    1123
    1123    1124    1165    1164
    1164    1165    1206    1205
    1205    1206    1247    1246
    1246    1247    1288    1287
    1287    1288    1329    1328
    1328    1329    1370    1369
    1369    1370    1411    1410
    1410    1411    1452    1451
    1451    1452    1493    1492
    1492    1493    1534    1533
    1533    1534    1575    1574
    1574    1575    1616    1615
    1615    1616    1657    1656
      17      18      59      58
      58      59     100      99
      99     100     141     140
     140     141     182     181
     181     182     223     222
     222     223     264     263
     263     264     305     304
     304     305     346     345
     345     346     387     386
     386     387     428     427
     427     428     469     468
     468     469     510     509
     509     510     551     550
     550     551     592     591
     591     592     633     632
     632     633     674     673
     673     674     715     714
     714     715     756     755
     755     756     797     796
     796     797     838     837
     837     838     879     878
     878     879     920     919
     919     920     961     960
     960     961    1002    1001
    1001    1002    1043    1042
    1042    1043    1084    1083
    1083    1084    1125    1124
    1124    1125    1166    1165
    1165    1166    1207    1206
    1206    1207    1248    1247
    1247    1248    1289    1288
    1288    1289    1330    1329
    1329    1330    1371    1370
    1370    1371    1412    1411
    1411    1412    1453    1452
    1452    1453    1494    1493
    1493    1494    1535    1534
    1534    1535    1576    1575
    1575    1576    1617    1616
    1616    1617    1658    1657
      18      19      60      59
      59      60     101     100
     100     101     142     141
     141     142     183     182
     182     183     224     223
     223     224     265     264
     264     265     306     305
     305     306     347     346
     346     347     388     387
     387     388     429     428
     428     429     470     469
     469     470     511     510
     510     511     552     551
     551     552     593     592
     592     593     634     633
     633     634     675     674
     674     675     716     715
     715     716     757     756
     756     757     798     797
     797     798     839     838
     838     839     880     879
     879     880     921     920
     920     921     962     961
     961     962    1003    1002
    1002    1003    1044    1043
    1043    1044    1085    1084
    1084    1085    1126    1125
    1125    1126    1167    1166
    1166    1167    1208    1207
    1207    1208    1249    1248
    1248    1249    1290    1289
    1289    1290    1331    1330
    1330    1331    1372    1371
    1371    1372    1413    1412
    1412    1413    1454    1453
    1453    1454    1495    1494
    1494    1495    1536    1535
    1535    1536    1577    1576
    1576    1577    1618    1617
    1617    1618    1659    1658
      19      20      61      60
      60      61     102     101
     101     102     143     142
     142     143     184     183
     183     184     225     224
     224     225     266     265
     265     266     307     306
     306     307     348     347
     347     348     389     388
     388     389     430     429
     429     430     471     470
     470     471     512     511
     511     512     553     552
     552     553     594     593
     593     594     635     634
     634     635     676     675
     675     676     717     716
     716     717     758     757
     757     758     799     798
     798     799     840     839
     839     840     881     880
     880     881     922     921
     921     922     963     962
     962     963    1004    1003
    1003    1004    1045    1044
    1044    1045    1086    1085
    1085    1086    1127    1126
    1126    1127    1168    1167
    1167    1168    1209    1208
    1208    1209    1250    1249
    1249    1250    1291    1290
    1290    1291    1332    1331
    1331    1332    1373    1372
    1372    1373    1414    1413
    1413    1414    1455    1454
    1454    1455    1496    1495
    1495    1496    1537    1536
    1536    1537    1578    1577
    1577    1578    1619    1618
    1618    1619    1660    1659
      20      21      62      61
      61      62     103     102
     102     103     144     143
     143     144     185     184
     184     185     226     225
     225     226     267     266
     266     267     308     307
     307     308     349     348
     348     349     390     389
     389     390     431     430
     430     431     472     471
     471     472     513     512
     512     513     554     553
     553     554     595     594
     594     595     636     635
     635     636     677     676
     676     677     718     717
     717     718     759     758
     758     759     800     799
     799     800     841     840
     840     841     882     881
     881     882     923     922
     922     923     964     963
     963     964    1005    1004
    1004    1005    1046    1045
    1045    1046    1087    1086
    1086    1087    1128    1127
    1127    1128    1169    1168
    1168    1169    1210    1209
    1209    1210    1251    1250
    1250    1251    1292    1291
    1291    1292    1333    1332
    1332    1333    1374    1373
    1373    1374    1415    1414
    1414    1415    1456    1455
    1455    1456    1497    1496
    1496    1497    1538    1537
    1537    1538    1579    1578
    1578    1579    1620    1619
    1619    1620    1661    1660
      21      22      63      62
      62      63     104     103
     103     104     145     144
     144     145     186     185
     185     186     227     226
     226     227     268     267
     267     268     309     308
     308     309     350     349
     349     350     391     390
     390     391     432     431
     431     432     473     472
     472     473     514     513
     513     514     555     554
     554     555     596     595
     595     596     637     636
     636     637     678     677
     677     678     719     718
     718     719     760     759
     759     760     801     800
     800     801     842     841
     841     842     883     882
     882     883     924     923
     923     924     965     964
     964     965    1006    1005
    1005    1006    1047    1046
    1046    1047    1088    1087
    1087    1088    1129    1128
    1128    1129    1170    1169
    1169    1170    1211    1210
    1210    1211    1252    1251
    1251    1252    1293    1292
    1292    1293    1334    1333
    1333    1334    1375    1374
    1374    1375    1416    1415
    1415    1416    1457    1456
    1456    1457    1498    1497
    1497    1498    1539    1538
    1538    1539    1580    1579
    1579    1580    1621    1620
    1620    1621    1662    1661
      22      23      64      63
      63      64     105     104
     104     105     146     145
     145     146     187     186
     186     187     228     227
     227     228     269     268
     268     269     310     309
     309     310     351     350
     350     351     392     391
     391     392     433     432
     432     433     474     473
     473     474     515     514
     514     515     556     555
     555     556     597     596
     596     597     638     637
     637     638     679     678
     678     679     720     719
     719     720     761     760
     760     761     802     801
     801     802     843     842
     842     843     884     883
     883     884     925     924
     924     925     966     965
     965     966    1007    1006
    1006    1007    1048    1047
    1047    1048    1089    1088
    1088    1089    1130    1129
    1129    1130    1171    1170
    1170    1171    1212    1211
    1211    1212    1253    1252
    1252    1253    1294    1293
    1293    1294    1335    1334
    1334    1335    1376    1375
    1375    1376    1417    1416
    1416    1417    1458    1457
    1457    1458    1499    1498
    1498    1499    1540    1539
    1539    1540    1581    1580
    1580    1581    1622    1621
    1621    1622    1663    1662
      23      24      65      64
      64      65     106     105
     105     106     147     146
     146     147     188     187
     187     188     229     228
     228     229     270     269
     269     270     311     310
     310     311     352     351
     351     352     393     392
     392     393     434     433
     433     434     475     474
     474     475     516     515
     515     516     557     556
     556     557     598     597
     597     598     639     638
     638     639     680     679
     679     680     721     720
     720     721     762     761
     761     762     803     802
     802     803     844     843
     843     844     885     884
     884     885     926     925
     925     926     967     966
     966     967    1008    1007
    1007    1008    1049    1048
    1048    1049    1090    1089
    1089    1090    1131    1130
    1130    1131    1172    1171
    1171    1172    1213    1212
    1212    1213    1254    1253
    1253    1254    1295    1294
    1294    1295    1336    1335
    1335    1336    1377    1376
    1376    1377    1418    1417
    1417    1418    1459    1458
    1458    1459    1500    1499
    1499    1500    1541    1540
    1540    1541    1582    1581
    1581    1582    1623    1622
    1622    1623    1664    1663
      24      25      66      65
      65      66     107     106
     106     107     148     147
     147     148     189     188
     188     189     230     229
     229     230     271     270
     270     271     312     311
     311     312     353     352
     352     353     394     393
     393     394     435     434
     434     435     476     475
     475     476     517     516
     516     517     558     557
     557     558     599     598
     598     599     640     639
     639     640     681     680
     680     681     722     721
     721     722     763     762
     762     763     804     803
     803     804     845     844
     844     845     886     885
     885     886     927     926
     926     927     968     967
     967     968    1009    1008
    1008    1009    1050    1049
    1049    1050    1091    1090
    1090    1091    1132    1131
    1131    1132    1173    1172
    1172    1173    1214    1213
    1213    1214    1255    1254
    1254    1255    1296    1295
    1295    1296    1337    1336
    1336    1337    1378    1377
    1377    1378    1419    1418
    1418    1419    1460    1459
    1459    1460    1501    1500
    1500    1501    1542    1541
    1541    1542    1583    1582
    1582    1583    1624    1623
    1623    1624    1665    1664
      25      26      67      66
      66      67     108     107
     107     108     149     148
     148     149     190     189
     189     190     231     230
     230     231     272     271
     271     272     313     312
     312     313     354     353
     353     354     395     394
     394     395     436     435
     435     436     477     476
     476     477     518     517
     517     518     559     558
     558     559     600     599
     599     600     641     640
     640     641     682     681
     681     682     723     722
     722     723     764     763
     763     764     805     804
     804     805     846     845
     845     846     887     886
     886     887     928     927
     927     928     969     968
     968     969    1010    1009
    1009    1010    1051    1050
    1050    1051    1092    1091
    1091    1092    1133    1132
    1132    1133    1174    1173
    1173    1174    1215    1214
    1214    1215    1256    1255
    1255    1256    1297    1296
    1296    1297    1338    1337
    1337    1338    1379    1378
    1378    1379    1420    1419
    1419    1420    1461    1460
    1460    1461    1502    1501
    1501    1502    1543    1542
    1542    1543    1584    1583
    1583    1584    1625    1624
    1624    1625    1666    1665
      26      27      68      67
      67      68     109     108
     108     109     150     149
     149     150     191     190
     190     191     232     231
     231     232     273     272
     272     273     314     313
     313     314     355     354
     354     355     396     395
     395     396     437     436
     436     437     478     477
     477     478     519     518
     518     519     560     559
     559     560     601     600
     600     601     642     641
     641     642     683     682
     682     683     724     723
     723     724     765     764
     764     765     806     805
     805     806     847     846
     846     847     888     887
     887     888     929     928
     928     929     970     969
     969     970    1011    1010
    1010    1011    1052    1051
    1051    1052    1093    1092
    1092    1093    1134    1133
    1133    1134    1175    1174
    1174    1175    1216    1215
    1215    1216    1257    1256
    1256    1257    1298    1297
    1297    1298    1339    1338
    1338    1339    1380    1379
    1379    1380    1421    1420
    1420    1421    1462    1461
    1461    1462    1503    1502
    1502    1503    1544    1543
    1543    1544    1585    1584
    1584    1585    1626    1625
    1625    1626    1667    1666
      27      28      69      68
      68      69     110     109
     109     110     151     150
     150     151     192     191
     191     192     233     232
     232     233     274     273
     273     274     315     314
     314     315     356     355
     355     356     397     396
     396     397     438     437
     437     438     479     478
     478     479     520     519
     519     520     561     560
     560     561     602     601
     601     602     643     642
     642     643     684     683
     683     684     725     724
     724     725     766     765
     765     766     807     806
     806     807     848     847
     847     848     889     888
     888     889     930     929
     929     930     971     970
     970     971    1012    1011
    1011    1012    1053    1052
    1052    1053    1094    1093
    1093    1094    1135    1134
    1134    1135    1176    1175
    1175    1176    1217    1216
    1216    1217    1258    1257
    1257    1258    1299    1298
    1298    1299    1340    1339
    1339    1340    1381    1380
    1380    1381    1422    1421
    1421    1422    1463    1462
    1462    1463    1504    1503
    1503    1504    1545    1544
    1544    1545    1586    1585
    1585    1586    1627    1626
    1626    1627    1668    1667
      28      29      70      69
      69      70     111     110
     110     111     152     151
     151     152     193     192
     192     193     234     233
     233     234     275     274
     274     275     316     315
     315     316     357     356
     356     357     398     397
     397     398     439     438
     438     439     480     479
     479     480     521     520
     520     521     562     561
     561     562     603     602
     602     603     644     643
     643     644     685     684
     684     685     726     725
     725     726     767     766
     766     767     808     807
     807     808     849     848
     848     849     890     889
     889     890     931     930
     930     931     972     971
     971     972    1013    1012
    1012    1013    1054    1053
    1053    1054    1095    1094
    1094    1095    1136    1135
    1135    1136    1177    1176
    1176    1177    1218    1217
    1217    1218    1259    1258
    1258    1259    1300    1299
    1299    1300    1341    1340
    1340    1341    1382    1381
    1381    1382    1423    1422
    1422    1423    1464    1463
    1463    1464    1505    1504
    1504    1505    1546    1545
    1545    1546    1587    1586
    1586    1587    1628    1627
    1627    1628    1669    1668
      29      30      71      70
      70      71     112     111
     111     112     153     152
     152     153     194     193
     193     194     235     234
     234     235     276     275
     275     276     317     316
     316     317     358     357
     357     358     399     398
     398     399     440     439
     439     440     481     480
     480     481     522     521
     521     522     563     562
     562     563     604     603
     603     604     645     644
     644     645     686     685
     685     686     727     726
     726     727     768     767
     767     768     809     808
     808     809     850     849
     849     850     891     890
     890     891     932     931
     931     932     973     972
     972     973    1014    1013
    1013    1014    1055    1054
    1054    1055    1096    1095
    1095    1096    1137    1136
    1136    1137    1178    1177
    1177    1178    1219    1218
    1218    1219    1260    1259
    1259    1260    1301    1300
    1300    1301    1342    1341
    1341    1342    1383    1382
    1382    1383    1424    1423
    1423    1424    1465    1464
    1464    1465    1506    1505
    1505    1506    1547    1546
    1546    1547    1588    1587
    1587    1588    1629    1628
    1628    1629    1670    1669
      30      31      72      71
      71      72     113     112
     112     113     154     153
     153     154     195     194
     194     195     236     235
     235     236     277     276
     276     277     318     317
     317     318     359     358
     358     359     400     399
     399     400     441     440
     440     441     482     481
     481     482     523     522
     522     523     564     563
     563     564     605     604
     604     605     646     645
     645     646     687     686
     686     687     728     727
     727     728     769     768
     768     769     810     809
     809     810     851     850
     850     851     892     891
     891     892     933     932
     932     933     974     973
     973     974    1015    1014
    1014    1015    1056    1055
    1055    1056    1097    1096
    1096    1097    1138    1137
    1137    1138    1179    1178
    1178    1179    1220    1219
    1219    1220    1261    1260
    1260    1261    1302    1301
    1301    1302    1343    1342
    1342    1343    1384    1383
    1383    1384    1425    1424
    1424    1425    1466    1465
    1465    1466    1507    1506
    1506    1507    1548    1547
    1547    1548    1589    1588
    1588    1589    1630    1629
    1629    1630    1671    1670
      31      32      73      72
      72      73     114     113
     113     114     155     154
     154     155     196     195
     195     196     237     236
     236     237     278     277
     277     278     319     318
     318     319     360     359
     359     360     401     400
     400     401     442     441
     441     442     483     482
     482     483     524     523
     523     524     565     564
     564     565     606     605
     605     606     647     646
     646     647     688     687
     687     688     729     728
     728     729     770     769
     769     770     811     810
     810     811     852     851
     851     852     893     892
     892     893     934     933
     933     934     975     974
     974     975    1016    1015
    1015    1016    1057    1056
    1056    1057    1098    1097
    1097    1098    1139    1138
    1138    1139    1180    1179
    1179    1180    1221    1220
    1220    1221    1262    1261
    1261    1262    1303    1302
    1302    1303    1344    1343
    1343    1344    1385    1384
    1384    1385    1426    1425
    1425    1426    1467    1466
    1466    1467    1508    1507
    1507    1508    1549    1548
    1548    1549    1590    1589
    1589    1590    1631    1630
    1630    1631    1672    1671
      32      33      74      73
      73      74     115     114
     114     115     156     155
     155     156     197     196
     196     197     238     237
     237     238     279     278
     278     279     320     319
     319     320     361     360
     360     361     402     401
     401     402     443     442
     442     443     484     483
     483     484     525     524
     524     525     566     565
     565     566     607     606
     606     607     648     647
     647     648     689     688
     688     689     730     729
     729     730     771     770
     770     771     812     811
     811     812     853     852
     852     853     894     893
     893     894     935     934
     934     935     976     975
     975     976    1017    1016
    1016    1017    1058    1057
    1057    1058    1099    1098
    1098    1099    1140    1139
    1139    1140    1181    1180
    1180    1181    1222    1221
    1221    1222    1263    1262
    1262    1263    1304    1303
    1303    1304    1345    1344
    1344    1345    1386    1385
    1385    1386    1427    1426
    1426    1427    1468    1467
    1467    1468    1509    1508
    1508    1509    1550    1549
    1549    1550    1591    1590
    1590    1591    1632    1631
    1631    1632    1673    1672
      33      34      75      74
      74      75     116     115
     115     116     157     156
     156     157     198     197
     197     198     239     238
     238     239     280     279
     279     280     321     320
     320     321     362     361
     361     362     403     402
     402     403     444     443
     443     444     485     484
     484     485     526     525
     525     526     567     566
     566     567     608     607
     607     608     649     648
     648     649     690     689
     689     690     731     730
     730     731     772     771
     771     772     813     812
     812     813     854     853
     853     854     895     894
     894     895     936     935
     935     936     977     976
     976     977    1018    1017
    1017    1018    1059    1058
    1058    1059    1100    1099
    1099    1100    1141    1140
    1140    1141    1182    1181
    1181    1182    1223    1222
    1222    1223    1264    1263
    1263    1264    1305    1304
    1304    1305    1346    1345
    1345    1346    1387    1386
    1386    1387    1428    1427
    1427    1428    1469    1468
    1468    1469    1510    1509
    1509    1510    1551    1550
    1550    1551    1592    1591
    1591    1592    1633    1632
    1632    1633    1674    1673
      34      35      76      75
      75      76     117     116
     116     117     158     157
     157     158     199     198
     198     199     240     239
     239     240     281     280
     280     281     322     321
     321     322     363     362
     362     363     404     403
     403     404     445     444
     444     445     486     485
     485     486     527     526
     526     527     568     567
     567     568     609     608
     608     609     650     649
     649     650     691     690
     690     691     732     731
     731     732     773     772
     772     773     814     813
     813     814     855     854
     854     855     896     895
     895     896     937     936
     936     937     978     977
     977     978    1019    1018
    1018    1019    1060    1059
    1059    1060    1101    1100
    1100    1101    1142    1141
    1141    1142    1183    1182
    1182    1183    1224    1223
    1223    1224    1265    1264
    1264    1265    1306    1305
    1305    1306    1347    1346
    1346    1347    1388    1387
    1387    1388    1429    1428
    1428    1429    1470    1469
    1469    1470    1511    1510
    1510    1511    1552    1551
    1551    1552    1593    1592
    1592    1593    1634    1633
    1633    1634    1675    1674
      35      36      77      76
      76      77     118     117
     117     118     159     158
     158     159     200     199
     199     200     241     240
     240     241     282     281
     281     282     323     322
     322     323     364     363
     363     364     405     404
     404     405     446     445
     445     446     487     486
     486     487     528     527
     527     528     569     568
     568     569     610     609
     609     610     651     650
     650     651     692     691
     691     692     733     732
     732     733     774     773
     773     774     815     814
     814     815     856     855
     855     856     897     896
     896     897     938     937
     937     938     979     978
     978     979    1020    1019
    1019    1020    1061    1060
    1060    1061    1102    1101
    1101    1102    1143    1142
    1142    1143    1184    1183
    1183    1184    1225    1224
    1224    1225    1266    1265
    1265    1266    1307    1306
    1306    1307    1348    1347
    1347    1348    1389    1388
    1388    1389    1430    1429
    1429    1430    1471    1470
    1470    1471    1512    1511
    1511    1512    1553    1552
    1552    1553    1594    1593
    1593    1594    1635    1634
    1634    1635    1676    1675
      36      37      78      77
      77      78     119     118
     118     119     160     159
     159     160     201     200
     200     201     242     241
     241     242     283     282
     282     283     324     323
     323     324     365     364
     364     365     406     405
     405     406     447     446
     446     447     488     487
     487     488     529     528
     528     529     570     569
     569     570     611     610
     610     611     652     651
     651     652     693     692
     692     693     734     733
     733     734     775     774
     774     775     816     815
     815     816     857     856
     856     857     898     897
     897     898     939     938
     938     939     980     979
     979     980    1021    1020
    1020    1021    1062    1061
    1061    1062    1103    1102
    1102    1103    1144    1143
    1143    1144    1185    1184
    1184    1185    1226    1225
    1225    1226    1267    1266
    1266    1267    1308    1307
    1307    1308    1349    1348
    1348    1349    1390    1389
    1389    1390    1431    1430
    1430    1431    1472    1471
    1471    1472    1513    1512
    1512    1513    1554    1553
    1553    1554    1595    1594
    1594    1595    1636    1635
    1635    1636    1677    1676
      37      38      79      78
      78      79     120     119
     119     120     161     160
     160     161     202     201
     201     202     243     242
     242     243     284     283
     283     284     325     324
     324     325     366     365
     365     366     407     406
     406     407     448     447
     447     448     489     488
     488     489     530     529
     529     530     571     570
     570     571     612     611
     611     612     653     652
     652     653     694     693
     693     694     735     734
     734     735     776     775
     775     776     817     816
     816     817     858     857
     857     858     899     898
     898     899     940     939
     939     940     981     980
     980     981    1022    1021
    1021    1022    1063    1062
    1062    1063    1104    1103
    1103    1104    1145    1144
    1144    1145    1186    1185
    1185    1186    1227    1226
    1226    1227    1268    1267
    1267    1268    1309    1308
    1308    1309    1350    1349
    1349    1350    1391    1390
    1390    1391    1432    1431
    1431    1432    1473    1472
    1472    1473    1514    1513
    1513    1514    1555    1554
    1554    1555    1596    1595
    1595    1596    1637    1636
    1636    1637    1678    1677
      38      39      80      79
      79      80     121     120
     120     121     162     161
     161     162     203     202
     202     203     244     243
     243     244     285     284
     284     285     326     325
     325     326     367     366
     366     367     408     407
     407     408     449     448
     448     449     490     489
     489     490     531     530
     530     531     572     571
     571     572     613     612
     612     613     654     653
     653     654     695     694
     694     695     736     735
     735     736     777     776
     776     777     818     817
     817     818     859     858
     858     859     900     899
     899     900     941     940
     940     941     982     981
     981     982    1023    1022
    1022    1023    1064    1063
    1063    1064    1105    1104
    1104    1105    1146    1145
    1145    1146    1187    1186
    1186    1187    1228    1227
    1227    1228    1269    1268
    1268    1269    1310    1309
    1309    1310    1351    1350
    1350    1351    1392    1391
    1391    1392    1433    1432
    1432    1433    1474    1473
    1473    1474    1515    1514
    1514    1515    1556    1555
    1555    1556    1597    1596
    1596    1597    1638    1637
    1637    1638    1679    1678
      39      40      81      80
      80      81     122     121
     121     122     163     162
     162     163     204     203
     203     204     245     244
     244     245     286     285
     285     286     327     326
     326     327     368     367
     367     368     409     408
     408     409     450     449
     449     450     491     490
     490     491     532     531
     531     532     573     572
     572     573     614     613
     613     614     655     654
     654     655     696     695
     695     696     737     736
     736     737     778     777
     777     778     819     818
     818     819     860     859
     859     860     901     900
     900     901     942     941
     941     942     983     982
     982     983    1024    1023
    1023    1024    1065    1064
    1064    1065    1106    1105
    1105    1106    1147    1146
    1146    1147    1188    1187
    1187    1188    1229    1228
    1228    1229    1270    1269
    1269    1270    1311    1310
    1310    1311    1352    1351
    1351    1352    1393    1392
    1392    1393    1434    1433
    1433    1434    1475    1474
    1474    1475    1516    1515
    1515    1516    1557    1556
    1556    1557    1598    1597
    1597    1598    1639    1638
    1638    1639    1680    1679
      40      41      82      81
      81      82     123     122
     122     123     164     163
     163     164     205     204
     204     205     246     245
     245     246     287     286
     286     287     328     327
     327     328     369     368
     368     369     410     409
     409     410     451     450
     450     451     492     491
     491     492     533     532
     532     533     574     573
     573     574     615     614
     614     615     656     655
     655     656     697     696
     696     697     738     737
     737     738     779     778
     778     779     820     819
     819     820     861     860
     860     861     902     901
     901     902     943     942
     942     943     984     983
     983     984    1025    1024
    1024    1025    1066    1065
    1065    1066    1107    1106
    1106    1107    1148    1147
    1147    1148    1189    1188
    1188    1189    1230    1229
    1229    1230    1271    1270
    1270    1271    1312    1311
    1311    1312    1353    1352
    1352    1353    1394    1393
    1393    1394    1435    1434
    1434    1435    1476    1475
    1475    1476    1517    1516
    1516    1517    1558    1557
    1557    1558    1599    1598
    1598    1599    1640    1639
    1639    1640    1681    1680
