1	 0.000000	 0.540000	 0
2	 0.000000	 0.550000	 0
3	 -0.600000	 0.000000	 0
4	 -0.590000	 0.000000	 0
5	 0.000000	 -0.550000	 0
6	 0.000000	 -0.540000	 0
7	 0.600000	 0.000000	 0
8	 0.590000	 0.000000	 0
9	 -0.031402	 0.548400	 0
10	 -0.062717	 0.546144	 0
11	 -0.093861	 0.542392	 0
12	 -0.124747	 0.537153	 0
13	 -0.155291	 0.530441	 0
14	 -0.185410	 0.522275	 0
15	 -0.215021	 0.512678	 0
16	 -0.244042	 0.501676	 0
17	 -0.275190	 0.487986	 0
18	 -0.305425	 0.472678	 0
19	 -0.334647	 0.455803	 0
20	 -0.362760	 0.437416	 0
21	 -0.384388	 0.421659	 0
22	 -0.405200	 0.405007	 0
23	 -0.425152	 0.387496	 0
24	 -0.444201	 0.369161	 0
25	 -0.463481	 0.348742	 0
26	 -0.481641	 0.327480	 0
27	 -0.498637	 0.305428	 0
28	 -0.517440	 0.277996	 0
29	 -0.534444	 0.249597	 0
30	 -0.549589	 0.220330	 0
31	 -0.562823	 0.190298	 0
32	 -0.574100	 0.159603	 0
33	 -0.583381	 0.128353	 0
34	 -0.590633	 0.096658	 0
35	 -0.595831	 0.064626	 0
36	 -0.598957	 0.032369	 0
37	 -0.588974	 0.031830	 0
38	 -0.585900	 0.063549	 0
39	 -0.580789	 0.095047	 0
40	 -0.573658	 0.126214	 0
41	 -0.564532	 0.156943	 0
42	 -0.553443	 0.187126	 0
43	 -0.540430	 0.216658	 0
44	 -0.525537	 0.245437	 0
45	 -0.508816	 0.273363	 0
46	 -0.490327	 0.300337	 0
47	 -0.473613	 0.322022	 0
48	 -0.455756	 0.342929	 0
49	 -0.436798	 0.363008	 0
50	 -0.418066	 0.381037	 0
51	 -0.398446	 0.398257	 0
52	 -0.377981	 0.414632	 0
53	 -0.356714	 0.430126	 0
54	 -0.329070	 0.448206	 0
55	 -0.300335	 0.464801	 0
56	 -0.270603	 0.479853	 0
57	 -0.239975	 0.493315	 0
58	 -0.211437	 0.504133	 0
59	 -0.182320	 0.513570	 0
60	 -0.152703	 0.521600	 0
61	 -0.122668	 0.528200	 0
62	 -0.092296	 0.533352	 0
63	 -0.061672	 0.537042	 0
64	 -0.030878	 0.539260	 0
65	 -0.035284	 -0.539033	 0
66	 -0.070443	 -0.536138	 0
67	 -0.105349	 -0.531322	 0
68	 -0.139877	 -0.524605	 0
69	 -0.173906	 -0.516009	 0
70	 -0.207311	 -0.505567	 0
71	 -0.239574	 -0.493478	 0
72	 -0.270474	 -0.479914	 0
73	 -0.300293	 -0.464823	 0
74	 -0.329056	 -0.448215	 0
75	 -0.356714	 -0.430126	 0
76	 -0.384894	 -0.409270	 0
77	 -0.411623	 -0.386869	 0
78	 -0.436798	 -0.363008	 0
79	 -0.464825	 -0.332576	 0
80	 -0.490327	 -0.300337	 0
81	 -0.508816	 -0.273363	 0
82	 -0.525537	 -0.245437	 0
83	 -0.540430	 -0.216658	 0
84	 -0.553443	 -0.187126	 0
85	 -0.564532	 -0.156943	 0
86	 -0.573658	 -0.126214	 0
87	 -0.580789	 -0.095047	 0
88	 -0.585900	 -0.063549	 0
89	 -0.588974	 -0.031830	 0
90	 -0.598957	 -0.032369	 0
91	 -0.595831	 -0.064626	 0
92	 -0.590633	 -0.096658	 0
93	 -0.583381	 -0.128353	 0
94	 -0.574100	 -0.159603	 0
95	 -0.562823	 -0.190298	 0
96	 -0.549589	 -0.220330	 0
97	 -0.534444	 -0.249597	 0
98	 -0.517440	 -0.277996	 0
99	 -0.498637	 -0.305428	 0
100	 -0.472703	 -0.338213	 0
101	 -0.444201	 -0.369161	 0
102	 -0.418599	 -0.393426	 0
103	 -0.391418	 -0.416206	 0
104	 -0.362760	 -0.437416	 0
105	 -0.334643	 -0.455806	 0
106	 -0.305409	 -0.472687	 0
107	 -0.275141	 -0.488009	 0
108	 -0.243479	 -0.501905	 0
109	 -0.210632	 -0.514202	 0
110	 -0.176787	 -0.524774	 0
111	 -0.142226	 -0.533502	 0
112	 -0.107127	 -0.540329	 0
113	 -0.071634	 -0.545224	 0
114	 -0.035882	 -0.548170	 0
115	 0.031402	 -0.548400	 0
116	 0.062717	 -0.546144	 0
117	 0.093861	 -0.542392	 0
118	 0.124747	 -0.537153	 0
119	 0.155291	 -0.530441	 0
120	 0.185410	 -0.522275	 0
121	 0.215021	 -0.512678	 0
122	 0.244042	 -0.501676	 0
123	 0.275190	 -0.487986	 0
124	 0.305425	 -0.472678	 0
125	 0.334647	 -0.455803	 0
126	 0.362981	 -0.437263	 0
127	 0.390370	 -0.417030	 0
128	 0.416504	 -0.395285	 0
129	 0.441223	 -0.372141	 0
130	 0.464418	 -0.347696	 0
131	 0.486001	 -0.322038	 0
132	 0.505896	 -0.295260	 0
133	 0.524031	 -0.267454	 0
134	 0.540344	 -0.238718	 0
135	 0.554779	 -0.209152	 0
136	 0.567284	 -0.178859	 0
137	 0.580137	 -0.140131	 0
138	 0.589838	 -0.100640	 0
139	 0.595476	 -0.067305	 0
140	 0.598868	 -0.033716	 0
141	 0.588887	 -0.033154	 0
142	 0.585552	 -0.066184	 0
143	 0.580008	 -0.098963	 0
144	 0.570468	 -0.137795	 0
145	 0.557829	 -0.175878	 0
146	 0.545532	 -0.205667	 0
147	 0.531339	 -0.234740	 0
148	 0.515297	 -0.262996	 0
149	 0.497464	 -0.290339	 0
150	 0.477901	 -0.316672	 0
151	 0.456676	 -0.341902	 0
152	 0.433865	 -0.365943	 0
153	 0.409549	 -0.388708	 0
154	 0.383821	 -0.410114	 0
155	 0.357011	 -0.429919	 0
156	 0.329172	 -0.448143	 0
157	 0.300370	 -0.464782	 0
158	 0.270615	 -0.479848	 0
159	 0.239975	 -0.493315	 0
160	 0.211437	 -0.504133	 0
161	 0.182320	 -0.513570	 0
162	 0.152703	 -0.521600	 0
163	 0.122668	 -0.528200	 0
164	 0.092296	 -0.533352	 0
165	 0.061672	 -0.537042	 0
166	 0.030878	 -0.539260	 0
167	 0.035284	 0.539033	 0
168	 0.070443	 0.536138	 0
169	 0.105349	 0.531322	 0
170	 0.139877	 0.524605	 0
171	 0.173906	 0.516009	 0
172	 0.207311	 0.505567	 0
173	 0.239574	 0.493478	 0
174	 0.270474	 0.479914	 0
175	 0.300293	 0.464823	 0
176	 0.329056	 0.448215	 0
177	 0.356714	 0.430126	 0
178	 0.384894	 0.409270	 0
179	 0.411623	 0.386869	 0
180	 0.436798	 0.363008	 0
181	 0.464825	 0.332576	 0
182	 0.490327	 0.300337	 0
183	 0.508816	 0.273363	 0
184	 0.525537	 0.245437	 0
185	 0.540430	 0.216658	 0
186	 0.553443	 0.187126	 0
187	 0.564532	 0.156943	 0
188	 0.573658	 0.126214	 0
189	 0.580789	 0.095047	 0
190	 0.585900	 0.063549	 0
191	 0.588974	 0.031830	 0
192	 0.598957	 0.032369	 0
193	 0.595831	 0.064626	 0
194	 0.590633	 0.096658	 0
195	 0.583381	 0.128353	 0
196	 0.574100	 0.159603	 0
197	 0.562823	 0.190298	 0
198	 0.549589	 0.220330	 0
199	 0.534444	 0.249597	 0
200	 0.517440	 0.277996	 0
201	 0.498637	 0.305428	 0
202	 0.472703	 0.338213	 0
203	 0.444201	 0.369161	 0
204	 0.418599	 0.393426	 0
205	 0.391418	 0.416206	 0
206	 0.362760	 0.437416	 0
207	 0.334643	 0.455806	 0
208	 0.305409	 0.472687	 0
209	 0.275141	 0.488009	 0
210	 0.243479	 0.501905	 0
211	 0.210632	 0.514202	 0
212	 0.176787	 0.524774	 0
213	 0.142226	 0.533502	 0
214	 0.107127	 0.540329	 0
215	 0.071634	 0.545224	 0
216	 0.035882	 0.548170	 0
