    1    0.000000    0.000000    0.000000  0
    2    1.200000    0.000000   -0.237500  0
    3    0.013017    0.000000   -0.067309  0
    4    0.052022    0.000000   -0.123692  0
    5    0.107607    0.000000   -0.164254  0
    6    0.170589    0.000000   -0.192293  0
    7    0.236745    0.000000   -0.211850  0
    8    0.304363    0.000000   -0.225611  0
    9    0.372694    0.000000   -0.235265  0
   10    0.441386    0.000000   -0.241929  0
   11    0.510256    0.000000   -0.246402  0
   12    0.579211    0.000000   -0.249330  0
   13    0.648201    0.000000   -0.251283  0
   14    0.717209    0.000000   -0.252428  0
   15    0.786226    0.000000   -0.252689  0
   16    0.855240    0.000000   -0.252014  0
   17    0.924239    0.000000   -0.250411  0
   18    0.993213    0.000000   -0.247962  0
   19    1.062159    0.000000   -0.244838  0
   20    1.131085    0.000000   -0.241268  0
   21    1.200000    0.000000    0.000000  0
   22    1.200000    0.000000   -0.178125  0
   23    1.200000    0.000000   -0.118750  0
   24    1.200000    0.000000   -0.059375  0
   25    0.066667    0.000000    0.000000  0
   26    0.133333    0.000000    0.000000  0
   27    0.200000    0.000000    0.000000  0
   28    0.266667    0.000000    0.000000  0
   29    0.333333    0.000000    0.000000  0
   30    0.400000    0.000000    0.000000  0
   31    0.466667    0.000000    0.000000  0
   32    0.533333    0.000000    0.000000  0
   33    0.600000    0.000000    0.000000  0
   34    0.666667    0.000000    0.000000  0
   35    0.733333    0.000000    0.000000  0
   36    0.800000    0.000000    0.000000  0
   37    0.866667    0.000000    0.000000  0
   38    0.933333    0.000000    0.000000  0
   39    1.000000    0.000000    0.000000  0
   40    1.066667    0.000000    0.000000  0
   41    1.133333    0.000000    0.000000  0
   42    1.149143    0.000000   -0.089062  0
   43    1.149143    0.000000   -0.148438  0
   44    1.106734    0.000000   -0.049144  0
   45    1.038582    0.000000   -0.056775  0
   46    0.966667    0.000000   -0.057556  0
   47    0.900000    0.000000   -0.057692  0
   48    0.833333    0.000000   -0.057784  0
   49    0.766667    0.000000   -0.057845  0
   50    0.700000    0.000000   -0.057886  0
   51    0.633333    0.000000   -0.057913  0
   52    0.566667    0.000000   -0.057932  0
   53    0.500000    0.000000   -0.057944  0
   54    0.433333    0.000000   -0.057953  0
   55    0.366667    0.000000   -0.057960  0
   56    0.302572    0.000000   -0.065669  0
   57    0.239673    0.000000   -0.072062  0
   58    0.175935    0.000000   -0.067052  0
   59    0.088893    0.000000   -0.068485  0
   60    1.104037    0.000000   -0.191804  0
   61    1.034581    0.000000   -0.184885  0
   62    0.962339    0.000000   -0.184469  0
   63    0.893696    0.000000   -0.185358  0
   64    0.825650    0.000000   -0.185988  0
   65    0.757696    0.000000   -0.186093  0
   66    0.689752    0.000000   -0.185652  0
   67    0.621844    0.000000   -0.184683  0
   68    0.554042    0.000000   -0.183119  0
   69    0.486389    0.000000   -0.180733  0
   70    0.418963    0.000000   -0.177180  0
   71    0.352372    0.000000   -0.168364  0
   72    0.284092    0.000000   -0.144274  0
   73    0.211599    0.000000   -0.135517  0
   74    0.156743    0.000000   -0.125546  0
   75    1.083197    0.000000   -0.119330  0
   76    1.003136    0.000000   -0.119749  0
   77    0.932097    0.000000   -0.120084  0
   78    0.864138    0.000000   -0.120453  0
   79    0.796809    0.000000   -0.120676  0
   80    0.729602    0.000000   -0.120684  0
   81    0.662425    0.000000   -0.120467  0
   82    0.595276    0.000000   -0.120020  0
   83    0.528175    0.000000   -0.119294  0
   84    0.461144    0.000000   -0.118188  0
   85    0.394226    0.000000   -0.116557  0
   86    0.339893    0.000000   -0.111298  0
   87    1.156853    0.000000   -0.199427  0
   88    1.157842    0.000000   -0.039516  0
   89    0.000000   -0.050000    0.000000  0
   90    1.200000   -0.050000   -0.237500  0
   91    0.013017   -0.050000   -0.067309  0
   92    0.052022   -0.050000   -0.123692  0
   93    0.107607   -0.050000   -0.164254  0
   94    0.170589   -0.050000   -0.192293  0
   95    0.236745   -0.050000   -0.211850  0
   96    0.304363   -0.050000   -0.225611  0
   97    0.372694   -0.050000   -0.235265  0
   98    0.441386   -0.050000   -0.241929  0
   99    0.510256   -0.050000   -0.246402  0
  100    0.579211   -0.050000   -0.249330  0
  101    0.648201   -0.050000   -0.251283  0
  102    0.717209   -0.050000   -0.252428  0
  103    0.786226   -0.050000   -0.252689  0
  104    0.855240   -0.050000   -0.252014  0
  105    0.924239   -0.050000   -0.250411  0
  106    0.993213   -0.050000   -0.247962  0
  107    1.062159   -0.050000   -0.244838  0
  108    1.131085   -0.050000   -0.241268  0
  109    1.200000   -0.050000    0.000000  0
  110    1.200000   -0.050000   -0.178125  0
  111    1.200000   -0.050000   -0.118750  0
  112    1.200000   -0.050000   -0.059375  0
  113    1.133333   -0.050000    0.000000  0
  114    1.066667   -0.050000    0.000000  0
  115    1.000000   -0.050000    0.000000  0
  116    0.933333   -0.050000    0.000000  0
  117    0.866667   -0.050000    0.000000  0
  118    0.800000   -0.050000    0.000000  0
  119    0.733333   -0.050000    0.000000  0
  120    0.666667   -0.050000    0.000000  0
  121    0.600000   -0.050000    0.000000  0
  122    0.533333   -0.050000    0.000000  0
  123    0.466667   -0.050000    0.000000  0
  124    0.400000   -0.050000    0.000000  0
  125    0.333333   -0.050000    0.000000  0
  126    0.266667   -0.050000    0.000000  0
  127    0.200000   -0.050000    0.000000  0
  128    0.133333   -0.050000    0.000000  0
  129    0.066667   -0.050000    0.000000  0
  130    0.087733   -0.050000   -0.067311  0
  131    0.172829   -0.050000   -0.066190  0
  132    0.240265   -0.050000   -0.072079  0
  133    0.303738   -0.050000   -0.067729  0
  134    0.366667   -0.050000   -0.057276  0
  135    0.433333   -0.050000   -0.057170  0
  136    0.500000   -0.050000   -0.057063  0
  137    0.566667   -0.050000   -0.056950  0
  138    0.633333   -0.050000   -0.056821  0
  139    0.700000   -0.050000   -0.056670  0
  140    0.766667   -0.050000   -0.056484  0
  141    0.833333   -0.050000   -0.056247  0
  142    0.900000   -0.050000   -0.055929  0
  143    0.966667   -0.050000   -0.055489  0
  144    1.033333   -0.050000   -0.054902  0
  145    1.102738   -0.050000   -0.047175  0
  146    1.147639   -0.050000   -0.085470  0
  147    1.145677   -0.050000   -0.147643  0
  148    1.099468   -0.050000   -0.190167  0
  149    1.029882   -0.050000   -0.182389  0
  150    0.961653   -0.050000   -0.182786  0
  151    0.893657   -0.050000   -0.184023  0
  152    0.825699   -0.050000   -0.184860  0
  153    0.757748   -0.050000   -0.185110  0
  154    0.689797   -0.050000   -0.184782  0
  155    0.621883   -0.050000   -0.183903  0
  156    0.554075   -0.050000   -0.182416  0
  157    0.486420   -0.050000   -0.180100  0
  158    0.418992   -0.050000   -0.176613  0
  159    0.353643   -0.050000   -0.167930  0
  160    0.284358   -0.050000   -0.144340  0
  161    0.211223   -0.050000   -0.135391  0
  162    0.156274   -0.050000   -0.125341  0
  163    0.341359   -0.050000   -0.111104  0
  164    0.399070   -0.050000   -0.114600  0
  165    0.462045   -0.050000   -0.116639  0
  166    0.528219   -0.050000   -0.117864  0
  167    0.595162   -0.050000   -0.118619  0
  168    0.662278   -0.050000   -0.119040  0
  169    0.729449   -0.050000   -0.119190  0
  170    0.796639   -0.050000   -0.119071  0
  171    0.863839   -0.050000   -0.118658  0
  172    0.931051   -0.050000   -0.117946  0
  173    0.998314   -0.050000   -0.117151  0
  174    1.079579   -0.050000   -0.117842  0
  175    1.155246   -0.050000   -0.198940  0
  176    1.156742   -0.050000   -0.038404  0
  177    0.003116   -0.025000   -0.034295  0
  178    1.165207   -0.025000   -0.239412  0
  179    1.200000   -0.025000   -0.207813  0
  180    1.200000   -0.025000   -0.029687  0
  181    0.033333   -0.025000    0.000000  0
  182    1.166667   -0.025000    0.000000  0
  183    0.608439   -0.016667   -0.151802  0
  184    1.200000    0.050000   -0.237500  0
  185    0.000000    0.050000    0.000000  0
  186    1.131085    0.050000   -0.241268  0
  187    1.062160    0.050000   -0.244838  0
  188    0.993213    0.050000   -0.247962  0
  189    0.924239    0.050000   -0.250411  0
  190    0.855240    0.050000   -0.252014  0
  191    0.786226    0.050000   -0.252689  0
  192    0.717209    0.050000   -0.252428  0
  193    0.648201    0.050000   -0.251283  0
  194    0.579211    0.050000   -0.249330  0
  195    0.510257    0.050000   -0.246402  0
  196    0.441386    0.050000   -0.241929  0
  197    0.372694    0.050000   -0.235265  0
  198    0.304363    0.050000   -0.225611  0
  199    0.236746    0.050000   -0.211850  0
  200    0.170589    0.050000   -0.192293  0
  201    0.107608    0.050000   -0.164254  0
  202    0.052022    0.050000   -0.123692  0
  203    0.013017    0.050000   -0.067309  0
  204    1.200000    0.050000    0.000000  0
  205    1.200000    0.050000   -0.178125  0
  206    1.200000    0.050000   -0.118750  0
  207    1.200000    0.050000   -0.059375  0
  208    1.133333    0.050000    0.000000  0
  209    1.066667    0.050000    0.000000  0
  210    1.000000    0.050000    0.000000  0
  211    0.933333    0.050000    0.000000  0
  212    0.866667    0.050000    0.000000  0
  213    0.800000    0.050000    0.000000  0
  214    0.733333    0.050000    0.000000  0
  215    0.666667    0.050000    0.000000  0
  216    0.600000    0.050000    0.000000  0
  217    0.533333    0.050000    0.000000  0
  218    0.466667    0.050000    0.000000  0
  219    0.400000    0.050000    0.000000  0
  220    0.333333    0.050000    0.000000  0
  221    0.266667    0.050000    0.000000  0
  222    0.200000    0.050000    0.000000  0
  223    0.133333    0.050000    0.000000  0
  224    0.066667    0.050000    0.000000  0
  225    0.087755    0.050000   -0.067320  0
  226    0.172890    0.050000   -0.066123  0
  227    0.240328    0.050000   -0.071943  0
  228    0.303777    0.050000   -0.067866  0
  229    0.366667    0.050000   -0.057820  0
  230    0.433333    0.050000   -0.057669  0
  231    0.500000    0.050000   -0.057505  0
  232    0.566667    0.050000   -0.057327  0
  233    0.633333    0.050000   -0.057131  0
  234    0.700000    0.050000   -0.056909  0
  235    0.766667    0.050000   -0.056651  0
  236    0.833333    0.050000   -0.056343  0
  237    0.900000    0.050000   -0.055967  0
  238    0.966667    0.050000   -0.055501  0
  239    1.033333    0.050000   -0.054911  0
  240    1.102747    0.050000   -0.047126  0
  241    0.151807    0.050000   -0.127231  0
  242    0.209072    0.050000   -0.135481  0
  243    0.282070    0.050000   -0.143446  0
  244    0.352966    0.050000   -0.168104  0
  245    0.418247    0.050000   -0.177427  0
  246    0.486236    0.050000   -0.180869  0
  247    0.554122    0.050000   -0.182971  0
  248    0.622040    0.050000   -0.184269  0
  249    0.689967    0.050000   -0.184976  0
  250    0.757896    0.050000   -0.185123  0
  251    0.825831    0.050000   -0.184678  0
  252    0.893777    0.050000   -0.183618  0
  253    0.961744    0.050000   -0.181950  0
  254    1.031256    0.050000   -0.181454  0
  255    1.100838    0.050000   -0.188888  0
  256    1.147650    0.050000   -0.085411  0
  257    1.149198    0.050000   -0.148438  0
  258    0.340293    0.050000   -0.111144  0
  259    0.399561    0.050000   -0.115629  0
  260    0.461906    0.050000   -0.117376  0
  261    0.528183    0.050000   -0.118453  0
  262    0.595200    0.050000   -0.119066  0
  263    0.662349    0.050000   -0.119351  0
  264    0.729523    0.050000   -0.119365  0
  265    0.796706    0.050000   -0.119107  0
  266    0.863895    0.050000   -0.118554  0
  267    0.931095    0.050000   -0.117683  0
  268    0.998314    0.050000   -0.116522  0
  269    1.080262    0.050000   -0.117327  0
  270    1.156224    0.050000   -0.198844  0
  271    1.156746    0.050000   -0.038382  0
  272    1.165207    0.025000   -0.239412  0
  273    0.003116    0.025000   -0.034295  0
  274    1.200000    0.025000   -0.207813  0
  275    1.200000    0.025000   -0.029687  0
  276    1.166667    0.025000    0.000000  0
  277    0.033333    0.025000    0.000000  0
  278    0.594547    0.025000   -0.120143  0
  279    1.200000    0.000000    0.237500  0
  280    1.200000    0.000000    0.178125  0
  281    1.200000    0.000000    0.118750  0
  282    1.200000    0.000000    0.059375  0
  283    1.131085    0.000000    0.241268  0
  284    1.062160    0.000000    0.244838  0
  285    0.993213    0.000000    0.247962  0
  286    0.924239    0.000000    0.250411  0
  287    0.855240    0.000000    0.252014  0
  288    0.786226    0.000000    0.252689  0
  289    0.717209    0.000000    0.252428  0
  290    0.648201    0.000000    0.251283  0
  291    0.579211    0.000000    0.249330  0
  292    0.510257    0.000000    0.246402  0
  293    0.441386    0.000000    0.241929  0
  294    0.372694    0.000000    0.235265  0
  295    0.304363    0.000000    0.225611  0
  296    0.236746    0.000000    0.211850  0
  297    0.170589    0.000000    0.192293  0
  298    0.107608    0.000000    0.164254  0
  299    0.052022    0.000000    0.123692  0
  300    0.013017    0.000000    0.067309  0
  301    1.106922    0.000000    0.048455  0
  302    1.038847    0.000000    0.055255  0
  303    0.966667    0.000000    0.055501  0
  304    0.900000    0.000000    0.055967  0
  305    0.833333    0.000000    0.056343  0
  306    0.766667    0.000000    0.056651  0
  307    0.700000    0.000000    0.056909  0
  308    0.633333    0.000000    0.057131  0
  309    0.566667    0.000000    0.057327  0
  310    0.500000    0.000000    0.057505  0
  311    0.433333    0.000000    0.057669  0
  312    0.366667    0.000000    0.057820  0
  313    0.302611    0.000000    0.065549  0
  314    0.239726    0.000000    0.071872  0
  315    0.175996    0.000000    0.066893  0
  316    0.088921    0.000000    0.068420  0
  317    0.152661    0.000000    0.127605  0
  318    0.209603    0.000000    0.135607  0
  319    0.281897    0.000000    0.143130  0
  320    0.351583    0.000000    0.168075  0
  321    0.418244    0.000000    0.177422  0
  322    0.486236    0.000000    0.180868  0
  323    0.554122    0.000000    0.182971  0
  324    0.622040    0.000000    0.184269  0
  325    0.689967    0.000000    0.184976  0
  326    0.757896    0.000000    0.185123  0
  327    0.825831    0.000000    0.184678  0
  328    0.893777    0.000000    0.183618  0
  329    0.961744    0.000000    0.181950  0
  330    1.033931    0.000000    0.181324  0
  331    1.105708    0.000000    0.190439  0
  332    1.152520    0.000000    0.086963  0
  333    1.150094    0.000000    0.148561  0
  334    1.084443    0.000000    0.117588  0
  335    1.003226    0.000000    0.117205  0
  336    0.932066    0.000000    0.117787  0
  337    0.864212    0.000000    0.118596  0
  338    0.796915    0.000000    0.119192  0
  339    0.729717    0.000000    0.119516  0
  340    0.662538    0.000000    0.119579  0
  341    0.595365    0.000000    0.119388  0
  342    0.528200    0.000000    0.118911  0
  343    0.461024    0.000000    0.118017  0
  344    0.393587    0.000000    0.116296  0
  345    0.338713    0.000000    0.110726  0
  346    1.157896    0.000000    0.199501  0
  347    1.158555    0.000000    0.038959  0
  348    1.200000   -0.050000    0.237500  0
  349    1.200000   -0.050000    0.059375  0
  350    1.200000   -0.050000    0.118750  0
  351    1.200000   -0.050000    0.178125  0
  352    0.013017   -0.050000    0.067309  0
  353    0.052022   -0.050000    0.123692  0
  354    0.107607   -0.050000    0.164254  0
  355    0.170589   -0.050000    0.192293  0
  356    0.236745   -0.050000    0.211850  0
  357    0.304363   -0.050000    0.225611  0
  358    0.372694   -0.050000    0.235265  0
  359    0.441386   -0.050000    0.241929  0
  360    0.510256   -0.050000    0.246402  0
  361    0.579211   -0.050000    0.249330  0
  362    0.648201   -0.050000    0.251283  0
  363    0.717209   -0.050000    0.252428  0
  364    0.786226   -0.050000    0.252689  0
  365    0.855240   -0.050000    0.252014  0
  366    0.924239   -0.050000    0.250411  0
  367    0.993213   -0.050000    0.247962  0
  368    1.062159   -0.050000    0.244838  0
  369    1.131085   -0.050000    0.241268  0
  370    1.098055   -0.050000    0.193505  0
  371    1.030133   -0.050000    0.188312  0
  372    0.959285   -0.050000    0.189573  0
  373    0.888393   -0.050000    0.193314  0
  374    0.820168   -0.050000    0.194556  0
  375    0.751935   -0.050000    0.194834  0
  376    0.683662   -0.050000    0.194178  0
  377    0.615338   -0.050000    0.192660  0
  378    0.547180   -0.050000    0.190245  0
  379    0.479560   -0.050000    0.186600  0
  380    0.412612   -0.050000    0.181161  0
  381    0.348776   -0.050000    0.168766  0
  382    0.280761   -0.050000    0.140357  0
  383    0.208441   -0.050000    0.130873  0
  384    0.153129   -0.050000    0.127615  0
  385    0.103222   -0.050000    0.073442  0
  386    1.144411   -0.050000    0.152970  0
  387    1.146677   -0.050000    0.089062  0
  388    0.171886   -0.050000    0.064901  0
  389    0.237959   -0.050000    0.065586  0
  390    0.301608   -0.050000    0.062225  0
  391    0.363171   -0.050000    0.058170  0
  392    0.427851   -0.050000    0.060150  0
  393    0.493628   -0.050000    0.062345  0
  394    0.560011   -0.050000    0.063989  0
  395    0.626792   -0.050000    0.065099  0
  396    0.693764   -0.050000    0.065765  0
  397    0.760767   -0.050000    0.066038  0
  398    0.827747   -0.050000    0.065923  0
  399    0.894722   -0.050000    0.065402  0
  400    0.961730   -0.050000    0.064484  0
  401    1.033184   -0.050000    0.061867  0
  402    1.100000   -0.050000    0.054286  0
  403    1.075901   -0.050000    0.124725  0
  404    0.997526   -0.050000    0.126449  0
  405    0.924925   -0.050000    0.129731  0
  406    0.856962   -0.050000    0.131014  0
  407    0.789322   -0.050000    0.131563  0
  408    0.721705   -0.050000    0.131390  0
  409    0.654093   -0.050000    0.130508  0
  410    0.586648   -0.050000    0.128884  0
  411    0.519634   -0.050000    0.126372  0
  412    0.453297   -0.050000    0.122687  0
  413    0.390239   -0.050000    0.116940  0
  414    0.335728   -0.050000    0.110707  0
  415    1.156002   -0.050000    0.040545  0
  416    0.046900   -0.050000    0.052707  0
  417    1.154710   -0.050000    0.200674  0
  418    1.200000   -0.025000    0.029687  0
  419    1.200000   -0.025000    0.207813  0
  420    0.003116   -0.025000    0.034295  0
  421    1.165207   -0.025000    0.239412  0
  422    0.614617   -0.025000    0.140420  0
  423    1.200000    0.050000    0.237500  0
  424    1.200000    0.050000    0.059375  0
  425    1.200000    0.050000    0.118750  0
  426    1.200000    0.050000    0.178125  0
  427    1.131085    0.050000    0.241268  0
  428    1.062160    0.050000    0.244838  0
  429    0.993213    0.050000    0.247962  0
  430    0.924239    0.050000    0.250411  0
  431    0.855240    0.050000    0.252014  0
  432    0.786226    0.050000    0.252689  0
  433    0.717209    0.050000    0.252428  0
  434    0.648201    0.050000    0.251283  0
  435    0.579211    0.050000    0.249330  0
  436    0.510257    0.050000    0.246402  0
  437    0.441386    0.050000    0.241929  0
  438    0.372694    0.050000    0.235265  0
  439    0.304363    0.050000    0.225611  0
  440    0.236746    0.050000    0.211850  0
  441    0.170589    0.050000    0.192293  0
  442    0.107608    0.050000    0.164254  0
  443    0.052022    0.050000    0.123692  0
  444    0.013017    0.050000    0.067309  0
  445    0.079996    0.050000    0.062657  0
  446    0.161895    0.050000    0.110663  0
  447    0.230935    0.050000    0.134461  0
  448    0.290528    0.050000    0.151778  0
  449    0.348546    0.050000    0.169792  0
  450    0.412717    0.050000    0.180076  0
  451    0.479640    0.050000    0.185373  0
  452    0.547233    0.050000    0.188996  0
  453    0.615371    0.050000    0.191498  0
  454    0.683680    0.050000    0.193110  0
  455    0.751939    0.050000    0.193869  0
  456    0.820160    0.050000    0.193705  0
  457    0.888377    0.050000    0.192579  0
  458    0.959542    0.050000    0.189051  0
  459    1.029907    0.050000    0.188055  0
  460    1.098326    0.050000    0.193581  0
  461    1.144753    0.050000    0.153145  0
  462    1.146956    0.050000    0.089062  0
  463    0.160498    0.050000    0.048036  0
  464    0.220367    0.050000    0.061133  0
  465    0.290413    0.050000    0.073375  0
  466    0.361342    0.050000    0.059511  0
  467    0.427568    0.050000    0.059791  0
  468    0.493603    0.050000    0.061678  0
  469    0.560045    0.050000    0.063289  0
  470    0.626840    0.050000    0.064439  0
  471    0.693809    0.050000    0.065163  0
  472    0.760807    0.050000    0.065505  0
  473    0.827783    0.050000    0.065472  0
  474    0.894755    0.050000    0.065053  0
  475    0.961761    0.050000    0.064256  0
  476    1.032921    0.050000    0.061659  0
  477    1.100000    0.050000    0.054260  0
  478    0.335482    0.050000    0.114409  0
  479    0.389810    0.050000    0.117553  0
  480    0.453206    0.050000    0.121740  0
  481    0.519129    0.050000    0.125933  0
  482    0.586586    0.050000    0.128078  0
  483    0.654123    0.050000    0.129643  0
  484    0.721712    0.050000    0.130539  0
  485    0.789286    0.050000    0.130746  0
  486    0.856854    0.050000    0.130242  0
  487    0.924461    0.050000    0.129039  0
  488    0.997058    0.050000    0.126262  0
  489    1.076655    0.050000    0.124047  0
  490    1.156058    0.050000    0.040539  0
  491    1.154833    0.050000    0.200724  0
  492    1.200000    0.025000    0.029687  0
  493    1.200000    0.025000    0.207813  0
  494    1.165207    0.025000    0.239412  0
  495    0.003116    0.025000    0.034296  0
  496    0.614623    0.025000    0.139983  0
  497    4.000000    0.000000    0.000000  0
  498    3.940719    0.000000   -0.008153  0
  499    3.881267    0.000000   -0.014945  0
  500    3.821688    0.000000   -0.020514  0
  501    3.762017    0.000000   -0.025002  0
  502    3.702283    0.000000   -0.028553  0
  503    3.642507    0.000000   -0.031311  0
  504    3.582705    0.000000   -0.033425  0
  505    3.522887    0.000000   -0.035041  0
  506    3.463060    0.000000   -0.036304  0
  507    3.403229    0.000000   -0.037359  0
  508    3.343398    0.000000   -0.038353  0
  509    3.283567    0.000000   -0.039428  0
  510    3.223741    0.000000   -0.040728  0
  511    3.163925    0.000000   -0.042396  0
  512    3.104125    0.000000   -0.044572  0
  513    3.044352    0.000000   -0.047399  0
  514    2.984622    0.000000   -0.051014  0
  515    2.924949    0.000000   -0.055482  0
  516    2.865340    0.000000   -0.060734  0
  517    2.805797    0.000000   -0.066684  0
  518    2.746319    0.000000   -0.073250  0
  519    2.686901    0.000000   -0.080348  0
  520    2.627540    0.000000   -0.087900  0
  521    2.568227    0.000000   -0.095824  0
  522    2.508954    0.000000   -0.104041  0
  523    2.449711    0.000000   -0.112473  0
  524    2.390487    0.000000   -0.121040  0
  525    2.331272    0.000000   -0.129662  0
  526    2.272052    0.000000   -0.138258  0
  527    2.212817    0.000000   -0.146747  0
  528    2.153555    0.000000   -0.155044  0
  529    2.094255    0.000000   -0.163062  0
  530    2.034906    0.000000   -0.170713  0
  531    1.975500    0.000000   -0.177904  0
  532    1.916036    0.000000   -0.184595  0
  533    1.856520    0.000000   -0.190816  0
  534    1.796960    0.000000   -0.196597  0
  535    1.737362    0.000000   -0.201969  0
  536    1.677731    0.000000   -0.206965  0
  537    1.618072    0.000000   -0.211614  0
  538    1.558389    0.000000   -0.215950  0
  539    1.498687    0.000000   -0.220007  0
  540    1.438968    0.000000   -0.223819  0
  541    1.379237    0.000000   -0.227428  0
  542    1.319497    0.000000   -0.230875  0
  543    1.259750    0.000000   -0.234213  0
  544    3.940426    0.000000    0.000000  0
  545    3.880851    0.000000    0.000000  0
  546    3.821277    0.000000    0.000000  0
  547    3.761702    0.000000    0.000000  0
  548    3.702128    0.000000    0.000000  0
  549    3.642553    0.000000    0.000000  0
  550    3.582979    0.000000    0.000000  0
  551    3.523404    0.000000    0.000000  0
  552    3.463830    0.000000    0.000000  0
  553    3.404255    0.000000    0.000000  0
  554    3.344681    0.000000    0.000000  0
  555    3.285106    0.000000    0.000000  0
  556    3.225532    0.000000    0.000000  0
  557    3.165957    0.000000    0.000000  0
  558    3.106383    0.000000    0.000000  0
  559    3.046808    0.000000    0.000000  0
  560    2.987234    0.000000    0.000000  0
  561    2.927660    0.000000    0.000000  0
  562    2.868085    0.000000    0.000000  0
  563    2.808511    0.000000    0.000000  0
  564    2.748936    0.000000    0.000000  0
  565    2.689362    0.000000    0.000000  0
  566    2.629787    0.000000    0.000000  0
  567    2.570213    0.000000    0.000000  0
  568    2.510638    0.000000    0.000000  0
  569    2.451064    0.000000    0.000000  0
  570    2.391489    0.000000    0.000000  0
  571    2.331915    0.000000    0.000000  0
  572    2.272341    0.000000    0.000000  0
  573    2.212766    0.000000    0.000000  0
  574    2.153192    0.000000    0.000000  0
  575    2.093617    0.000000    0.000000  0
  576    2.034043    0.000000    0.000000  0
  577    1.974468    0.000000    0.000000  0
  578    1.914894    0.000000    0.000000  0
  579    1.855319    0.000000    0.000000  0
  580    1.795745    0.000000    0.000000  0
  581    1.736170    0.000000    0.000000  0
  582    1.676596    0.000000    0.000000  0
  583    1.617021    0.000000    0.000000  0
  584    1.557447    0.000000    0.000000  0
  585    1.497872    0.000000    0.000000  0
  586    1.438298    0.000000    0.000000  0
  587    1.378723    0.000000    0.000000  0
  588    1.319149    0.000000    0.000000  0
  589    1.259574    0.000000    0.000000  0
  590    1.245324    0.000000   -0.087632  0
  591    1.243973    0.000000   -0.148529  0
  592    1.284104    0.000000   -0.047813  0
  593    1.345175    0.000000   -0.053182  0
  594    1.407033    0.000000   -0.053615  0
  595    1.468085    0.000000   -0.050868  0
  596    1.527660    0.000000   -0.050878  0
  597    1.587234    0.000000   -0.050885  0
  598    1.646809    0.000000   -0.050892  0
  599    1.706383    0.000000   -0.050897  0
  600    1.764467    0.000000   -0.054124  0
  601    1.828670    0.000000   -0.069125  0
  602    1.894107    0.000000   -0.064652  0
  603    1.954483    0.000000   -0.061689  0
  604    2.013999    0.000000   -0.058817  0
  605    2.073373    0.000000   -0.055810  0
  606    2.131574    0.000000   -0.049709  0
  607    2.180454    0.000000   -0.042581  0
  608    2.233102    0.000000   -0.068186  0
  609    2.300397    0.000000   -0.064507  0
  610    2.361140    0.000000   -0.061025  0
  611    2.420790    0.000000   -0.057580  0
  612    2.480264    0.000000   -0.054174  0
  613    2.527659    0.000000   -0.050808  0
  614    1.284709    0.000000   -0.183366  0
  615    1.344817    0.000000   -0.173293  0
  616    1.407602    0.000000   -0.166528  0
  617    1.467750    0.000000   -0.163518  0
  618    1.527446    0.000000   -0.161014  0
  619    1.587052    0.000000   -0.158458  0
  620    1.646628    0.000000   -0.155737  0
  621    1.706179    0.000000   -0.152820  0
  622    1.765706    0.000000   -0.149684  0
  623    1.821829    0.000000   -0.143111  0
  624    1.876207    0.000000   -0.130505  0
  625    1.935904    0.000000   -0.123863  0
  626    1.995479    0.000000   -0.118241  0
  627    2.054851    0.000000   -0.112551  0
  628    2.114150    0.000000   -0.106610  0
  629    2.171639    0.000000   -0.095011  0
  630    1.302760    0.000000   -0.116381  0
  631    1.374525    0.000000   -0.110329  0
  632    1.437389    0.000000   -0.107308  0
  633    1.497628    0.000000   -0.105892  0
  634    1.557339    0.000000   -0.104818  0
  635    1.617016    0.000000   -0.101781  0
  636    1.676591    0.000000   -0.101791  0
  637    1.736166    0.000000   -0.101800  0
  638    1.783666    0.000000   -0.102924  0
  639    1.237457    0.000000   -0.196903  0
  640    1.237800    0.000000   -0.038964  0
  641    4.000000    0.050000    0.000000  0
  642    3.940719    0.050000   -0.008153  0
  643    3.881267    0.050000   -0.014945  0
  644    3.821688    0.050000   -0.020514  0
  645    3.762017    0.050000   -0.025002  0
  646    3.702283    0.050000   -0.028553  0
  647    3.642507    0.050000   -0.031311  0
  648    3.582705    0.050000   -0.033425  0
  649    3.522887    0.050000   -0.035041  0
  650    3.463060    0.050000   -0.036304  0
  651    3.403229    0.050000   -0.037359  0
  652    3.343398    0.050000   -0.038353  0
  653    3.283567    0.050000   -0.039428  0
  654    3.223741    0.050000   -0.040728  0
  655    3.163925    0.050000   -0.042396  0
  656    3.104125    0.050000   -0.044572  0
  657    3.044352    0.050000   -0.047399  0
  658    2.984622    0.050000   -0.051014  0
  659    2.924949    0.050000   -0.055482  0
  660    2.865340    0.050000   -0.060734  0
  661    2.805797    0.050000   -0.066684  0
  662    2.746319    0.050000   -0.073250  0
  663    2.686901    0.050000   -0.080348  0
  664    2.627540    0.050000   -0.087900  0
  665    2.568227    0.050000   -0.095824  0
  666    2.508954    0.050000   -0.104041  0
  667    2.449711    0.050000   -0.112473  0
  668    2.390487    0.050000   -0.121040  0
  669    2.331272    0.050000   -0.129662  0
  670    2.272052    0.050000   -0.138258  0
  671    2.212817    0.050000   -0.146747  0
  672    2.153555    0.050000   -0.155044  0
  673    2.094255    0.050000   -0.163062  0
  674    2.034906    0.050000   -0.170713  0
  675    1.975500    0.050000   -0.177904  0
  676    1.916036    0.050000   -0.184595  0
  677    1.856520    0.050000   -0.190816  0
  678    1.796960    0.050000   -0.196597  0
  679    1.737362    0.050000   -0.201969  0
  680    1.677731    0.050000   -0.206965  0
  681    1.618072    0.050000   -0.211614  0
  682    1.558389    0.050000   -0.215950  0
  683    1.498687    0.050000   -0.220007  0
  684    1.438968    0.050000   -0.223819  0
  685    1.379237    0.050000   -0.227428  0
  686    1.319497    0.050000   -0.230875  0
  687    1.259750    0.050000   -0.234213  0
  688    1.259574    0.050000    0.000000  0
  689    1.319149    0.050000    0.000000  0
  690    1.378723    0.050000    0.000000  0
  691    1.438298    0.050000    0.000000  0
  692    1.497872    0.050000    0.000000  0
  693    1.557447    0.050000    0.000000  0
  694    1.617021    0.050000    0.000000  0
  695    1.676596    0.050000    0.000000  0
  696    1.736170    0.050000    0.000000  0
  697    1.795745    0.050000    0.000000  0
  698    1.855319    0.050000    0.000000  0
  699    1.914894    0.050000    0.000000  0
  700    1.974468    0.050000    0.000000  0
  701    2.034043    0.050000    0.000000  0
  702    2.093617    0.050000    0.000000  0
  703    2.153192    0.050000    0.000000  0
  704    2.212766    0.050000    0.000000  0
  705    2.272341    0.050000    0.000000  0
  706    2.331915    0.050000    0.000000  0
  707    2.391489    0.050000    0.000000  0
  708    2.451064    0.050000    0.000000  0
  709    2.510638    0.050000    0.000000  0
  710    2.570213    0.050000    0.000000  0
  711    2.629787    0.050000    0.000000  0
  712    2.689362    0.050000    0.000000  0
  713    2.748936    0.050000    0.000000  0
  714    2.808511    0.050000    0.000000  0
  715    2.868085    0.050000    0.000000  0
  716    2.927660    0.050000    0.000000  0
  717    2.987234    0.050000    0.000000  0
  718    3.046808    0.050000    0.000000  0
  719    3.106383    0.050000    0.000000  0
  720    3.165957    0.050000    0.000000  0
  721    3.225532    0.050000    0.000000  0
  722    3.285106    0.050000    0.000000  0
  723    3.344681    0.050000    0.000000  0
  724    3.404255    0.050000    0.000000  0
  725    3.463830    0.050000    0.000000  0
  726    3.523404    0.050000    0.000000  0
  727    3.582979    0.050000    0.000000  0
  728    3.642553    0.050000    0.000000  0
  729    3.702128    0.050000    0.000000  0
  730    3.761702    0.050000    0.000000  0
  731    3.821277    0.050000    0.000000  0
  732    3.880851    0.050000    0.000000  0
  733    3.940426    0.050000    0.000000  0
  734    2.527776    0.050000   -0.050162  0
  735    2.478237    0.050000   -0.052936  0
  736    2.420448    0.050000   -0.056231  0
  737    2.361290    0.050000   -0.059645  0
  738    2.300311    0.050000   -0.066488  0
  739    2.232999    0.050000   -0.071364  0
  740    2.179699    0.050000   -0.044565  0
  741    2.130594    0.050000   -0.050780  0
  742    2.072947    0.050000   -0.054470  0
  743    2.013885    0.050000   -0.057613  0
  744    1.954588    0.050000   -0.060514  0
  745    1.895235    0.050000   -0.063215  0
  746    1.830117    0.050000   -0.070883  0
  747    1.766720    0.050000   -0.054232  0
  748    1.706383    0.050000   -0.050897  0
  749    1.646809    0.050000   -0.050892  0
  750    1.587234    0.050000   -0.050885  0
  751    1.527660    0.050000   -0.050878  0
  752    1.468085    0.050000   -0.050868  0
  753    1.408511    0.050000   -0.050856  0
  754    1.348936    0.050000   -0.050842  0
  755    1.287914    0.050000   -0.045211  0
  756    1.247963    0.050000   -0.083856  0
  757    1.247293    0.050000   -0.145058  0
  758    1.286787    0.050000   -0.181778  0
  759    1.348234    0.050000   -0.169724  0
  760    1.408171    0.050000   -0.165933  0
  761    1.467845    0.050000   -0.163419  0
  762    1.527462    0.050000   -0.160998  0
  763    1.587055    0.050000   -0.158455  0
  764    1.646628    0.050000   -0.155737  0
  765    1.706179    0.050000   -0.152820  0
  766    1.765706    0.050000   -0.149684  0
  767    1.821829    0.050000   -0.143111  0
  768    1.876637    0.050000   -0.130558  0
  769    1.936181    0.050000   -0.123437  0
  770    1.995524    0.050000   -0.117773  0
  771    2.054768    0.050000   -0.112049  0
  772    2.113709    0.050000   -0.105990  0
  773    2.170563    0.050000   -0.095748  0
  774    1.784108    0.050000   -0.103942  0
  775    1.736166    0.050000   -0.101800  0
  776    1.676591    0.050000   -0.101791  0
  777    1.617016    0.050000   -0.101781  0
  778    1.557440    0.050000   -0.101768  0
  779    1.497797    0.050000   -0.104944  0
  780    1.438187    0.050000   -0.106287  0
  781    1.378529    0.050000   -0.107553  0
  782    1.306522    0.050000   -0.112003  0
  783    1.238766    0.050000   -0.195335  0
  784    1.239090    0.050000   -0.037688  0
  785    3.970371    0.025000   -0.004256  0
  786    1.229598    0.025000   -0.235874  0
  787    3.970213    0.025000    0.000000  0
  788    1.229787    0.025000    0.000000  0
  789    4.000000   -0.050000    0.000000  0
  790    1.259750   -0.050000   -0.234213  0
  791    1.319497   -0.050000   -0.230875  0
  792    1.379237   -0.050000   -0.227428  0
  793    1.438968   -0.050000   -0.223819  0
  794    1.498687   -0.050000   -0.220007  0
  795    1.558389   -0.050000   -0.215950  0
  796    1.618072   -0.050000   -0.211614  0
  797    1.677731   -0.050000   -0.206965  0
  798    1.737362   -0.050000   -0.201969  0
  799    1.796960   -0.050000   -0.196597  0
  800    1.856520   -0.050000   -0.190816  0
  801    1.916036   -0.050000   -0.184595  0
  802    1.975500   -0.050000   -0.177904  0
  803    2.034906   -0.050000   -0.170713  0
  804    2.094255   -0.050000   -0.163062  0
  805    2.153555   -0.050000   -0.155044  0
  806    2.212817   -0.050000   -0.146747  0
  807    2.272052   -0.050000   -0.138258  0
  808    2.331272   -0.050000   -0.129662  0
  809    2.390487   -0.050000   -0.121040  0
  810    2.449711   -0.050000   -0.112473  0
  811    2.508954   -0.050000   -0.104041  0
  812    2.568227   -0.050000   -0.095824  0
  813    2.627540   -0.050000   -0.087900  0
  814    2.686901   -0.050000   -0.080348  0
  815    2.746319   -0.050000   -0.073250  0
  816    2.805797   -0.050000   -0.066684  0
  817    2.865340   -0.050000   -0.060734  0
  818    2.924949   -0.050000   -0.055482  0
  819    2.984622   -0.050000   -0.051014  0
  820    3.044352   -0.050000   -0.047399  0
  821    3.104125   -0.050000   -0.044572  0
  822    3.163925   -0.050000   -0.042396  0
  823    3.223741   -0.050000   -0.040728  0
  824    3.283567   -0.050000   -0.039428  0
  825    3.343398   -0.050000   -0.038353  0
  826    3.403229   -0.050000   -0.037359  0
  827    3.463060   -0.050000   -0.036304  0
  828    3.522887   -0.050000   -0.035041  0
  829    3.582705   -0.050000   -0.033425  0
  830    3.642507   -0.050000   -0.031311  0
  831    3.702283   -0.050000   -0.028553  0
  832    3.762017   -0.050000   -0.025002  0
  833    3.821688   -0.050000   -0.020514  0
  834    3.881267   -0.050000   -0.014945  0
  835    3.940719   -0.050000   -0.008153  0
  836    1.259574   -0.050000    0.000000  0
  837    1.319149   -0.050000    0.000000  0
  838    1.378723   -0.050000    0.000000  0
  839    1.438298   -0.050000    0.000000  0
  840    1.497872   -0.050000    0.000000  0
  841    1.557447   -0.050000    0.000000  0
  842    1.617021   -0.050000    0.000000  0
  843    1.676596   -0.050000    0.000000  0
  844    1.736170   -0.050000    0.000000  0
  845    1.795745   -0.050000    0.000000  0
  846    1.855319   -0.050000    0.000000  0
  847    1.914894   -0.050000    0.000000  0
  848    1.974468   -0.050000    0.000000  0
  849    2.034043   -0.050000    0.000000  0
  850    2.093617   -0.050000    0.000000  0
  851    2.153192   -0.050000    0.000000  0
  852    2.212766   -0.050000    0.000000  0
  853    2.272341   -0.050000    0.000000  0
  854    2.331915   -0.050000    0.000000  0
  855    2.391489   -0.050000    0.000000  0
  856    2.451064   -0.050000    0.000000  0
  857    2.510638   -0.050000    0.000000  0
  858    2.570213   -0.050000    0.000000  0
  859    2.629787   -0.050000    0.000000  0
  860    2.689362   -0.050000    0.000000  0
  861    2.748936   -0.050000    0.000000  0
  862    2.808511   -0.050000    0.000000  0
  863    2.868085   -0.050000    0.000000  0
  864    2.927660   -0.050000    0.000000  0
  865    2.987234   -0.050000    0.000000  0
  866    3.046808   -0.050000    0.000000  0
  867    3.106383   -0.050000    0.000000  0
  868    3.165957   -0.050000    0.000000  0
  869    3.225532   -0.050000    0.000000  0
  870    3.285106   -0.050000    0.000000  0
  871    3.344681   -0.050000    0.000000  0
  872    3.404255   -0.050000    0.000000  0
  873    3.463830   -0.050000    0.000000  0
  874    3.523404   -0.050000    0.000000  0
  875    3.582979   -0.050000    0.000000  0
  876    3.642553   -0.050000    0.000000  0
  877    3.702128   -0.050000    0.000000  0
  878    3.761702   -0.050000    0.000000  0
  879    3.821277   -0.050000    0.000000  0
  880    3.880851   -0.050000    0.000000  0
  881    3.940426   -0.050000    0.000000  0
  882    2.527776   -0.050000   -0.050162  0
  883    2.478237   -0.050000   -0.052936  0
  884    2.420448   -0.050000   -0.056231  0
  885    2.361290   -0.050000   -0.059645  0
  886    2.300311   -0.050000   -0.066488  0
  887    2.232999   -0.050000   -0.071364  0
  888    2.179699   -0.050000   -0.044565  0
  889    2.130594   -0.050000   -0.050780  0
  890    2.072947   -0.050000   -0.054470  0
  891    2.013885   -0.050000   -0.057613  0
  892    1.954588   -0.050000   -0.060514  0
  893    1.895235   -0.050000   -0.063215  0
  894    1.830117   -0.050000   -0.070883  0
  895    1.766720   -0.050000   -0.054232  0
  896    1.706383   -0.050000   -0.050897  0
  897    1.646809   -0.050000   -0.050892  0
  898    1.587234   -0.050000   -0.050885  0
  899    1.527660   -0.050000   -0.050878  0
  900    1.468085   -0.050000   -0.050868  0
  901    1.408511   -0.050000   -0.050856  0
  902    1.348936   -0.050000   -0.050842  0
  903    1.287914   -0.050000   -0.045211  0
  904    2.171126   -0.050000   -0.096194  0
  905    2.113426   -0.050000   -0.106002  0
  906    2.054752   -0.050000   -0.112615  0
  907    1.995619   -0.050000   -0.118348  0
  908    1.936329   -0.050000   -0.123620  0
  909    1.876011   -0.050000   -0.129373  0
  910    1.819658   -0.050000   -0.139689  0
  911    1.762597   -0.050000   -0.148658  0
  912    1.703303   -0.050000   -0.153817  0
  913    1.646210   -0.050000   -0.156510  0
  914    1.587036   -0.050000   -0.159149  0
  915    1.527501   -0.050000   -0.161636  0
  916    1.467891   -0.050000   -0.163972  0
  917    1.408255   -0.050000   -0.166176  0
  918    1.348076   -0.050000   -0.168930  0
  919    1.286787   -0.050000   -0.181778  0
  920    1.247963   -0.050000   -0.083856  0
  921    1.247293   -0.050000   -0.145058  0
  922    1.783052   -0.050000   -0.103052  0
  923    1.733108   -0.050000   -0.102074  0
  924    1.676591   -0.050000   -0.101791  0
  925    1.617016   -0.050000   -0.101781  0
  926    1.557376   -0.050000   -0.104912  0
  927    1.497811   -0.050000   -0.105142  0
  928    1.438211   -0.050000   -0.106453  0
  929    1.378608   -0.050000   -0.107379  0
  930    1.306587   -0.050000   -0.111771  0
  931    1.238766   -0.050000   -0.195335  0
  932    1.239090   -0.050000   -0.037688  0
  933    3.970371   -0.025000   -0.004256  0
  934    1.229598   -0.025000   -0.235874  0
  935    1.229787   -0.025000    0.000000  0
  936    3.970213   -0.025000    0.000000  0
  937    3.075417   -0.025000   -0.022993  0
  938    3.940719    0.000000    0.008153  0
  939    3.881267    0.000000    0.014945  0
  940    3.821688    0.000000    0.020514  0
  941    3.762017    0.000000    0.025002  0
  942    3.702283    0.000000    0.028553  0
  943    3.642507    0.000000    0.031311  0
  944    3.582705    0.000000    0.033425  0
  945    3.522887    0.000000    0.035041  0
  946    3.463060    0.000000    0.036304  0
  947    3.403229    0.000000    0.037359  0
  948    3.343398    0.000000    0.038353  0
  949    3.283567    0.000000    0.039428  0
  950    3.223741    0.000000    0.040728  0
  951    3.163925    0.000000    0.042396  0
  952    3.104125    0.000000    0.044572  0
  953    3.044352    0.000000    0.047399  0
  954    2.984622    0.000000    0.051014  0
  955    2.924949    0.000000    0.055482  0
  956    2.865340    0.000000    0.060734  0
  957    2.805797    0.000000    0.066684  0
  958    2.746319    0.000000    0.073250  0
  959    2.686901    0.000000    0.080348  0
  960    2.627540    0.000000    0.087900  0
  961    2.568227    0.000000    0.095824  0
  962    2.508954    0.000000    0.104041  0
  963    2.449711    0.000000    0.112473  0
  964    2.390487    0.000000    0.121040  0
  965    2.331272    0.000000    0.129662  0
  966    2.272052    0.000000    0.138258  0
  967    2.212817    0.000000    0.146747  0
  968    2.153555    0.000000    0.155044  0
  969    2.094255    0.000000    0.163062  0
  970    2.034906    0.000000    0.170713  0
  971    1.975500    0.000000    0.177904  0
  972    1.916036    0.000000    0.184595  0
  973    1.856520    0.000000    0.190816  0
  974    1.796960    0.000000    0.196597  0
  975    1.737362    0.000000    0.201969  0
  976    1.677731    0.000000    0.206965  0
  977    1.618072    0.000000    0.211614  0
  978    1.558389    0.000000    0.215950  0
  979    1.498687    0.000000    0.220007  0
  980    1.438968    0.000000    0.223819  0
  981    1.379237    0.000000    0.227428  0
  982    1.319497    0.000000    0.230875  0
  983    1.259750    0.000000    0.234213  0
  984    1.286706    0.000000    0.187901  0
  985    1.346438    0.000000    0.178399  0
  986    1.406038    0.000000    0.174884  0
  987    1.465589    0.000000    0.171188  0
  988    1.525092    0.000000    0.167270  0
  989    1.584548    0.000000    0.163092  0
  990    1.643952    0.000000    0.158618  0
  991    1.703303    0.000000    0.153817  0
  992    1.762597    0.000000    0.148658  0
  993    1.818344    0.000000    0.136549  0
  994    1.873603    0.000000    0.124084  0
  995    1.932337    0.000000    0.118707  0
  996    1.991627    0.000000    0.114269  0
  997    2.050994    0.000000    0.109757  0
  998    2.110363    0.000000    0.105041  0
  999    2.169528    0.000000    0.096313  0
 1000    2.231078    0.000000    0.070864  0
 1001    2.298689    0.000000    0.069531  0
 1002    2.359445    0.000000    0.064441  0
 1003    2.419060    0.000000    0.059308  0
 1004    2.478505    0.000000    0.054228  0
 1005    2.527307    0.000000    0.050819  0
 1006    1.247305    0.000000    0.089397  0
 1007    1.246270    0.000000    0.151609  0
 1008    1.287888    0.000000    0.050348  0
 1009    1.346875    0.000000    0.059397  0
 1010    1.406315    0.000000    0.059732  0
 1011    1.465801    0.000000    0.058556  0
 1012    1.525267    0.000000    0.057054  0
 1013    1.584704    0.000000    0.055411  0
 1014    1.644109    0.000000    0.053647  0
 1015    1.703482    0.000000    0.051755  0
 1016    1.762667    0.000000    0.050530  0
 1017    1.825486    0.000000    0.065206  0
 1018    1.891053    0.000000    0.059818  0
 1019    1.951439    0.000000    0.057285  0
 1020    2.011067    0.000000    0.055372  0
 1021    2.070581    0.000000    0.053516  0
 1022    2.130076    0.000000    0.051604  0
 1023    2.179352    0.000000    0.045198  0
 1024    1.304961    0.000000    0.120417  0
 1025    1.373881    0.000000    0.119182  0
 1026    1.434937    0.000000    0.117001  0
 1027    1.494656    0.000000    0.114248  0
 1028    1.554116    0.000000    0.111196  0
 1029    1.613492    0.000000    0.107906  0
 1030    1.672812    0.000000    0.104375  0
 1031    1.732080    0.000000    0.100584  0
 1032    1.780266    0.000000    0.100144  0
 1033    1.238953    0.000000    0.039824  0
 1034    1.238545    0.000000    0.197870  0
 1035    3.940719    0.050000    0.008153  0
 1036    3.881267    0.050000    0.014945  0
 1037    3.821688    0.050000    0.020514  0
 1038    3.762017    0.050000    0.025002  0
 1039    3.702283    0.050000    0.028553  0
 1040    3.642507    0.050000    0.031311  0
 1041    3.582705    0.050000    0.033425  0
 1042    3.522887    0.050000    0.035041  0
 1043    3.463060    0.050000    0.036304  0
 1044    3.403229    0.050000    0.037359  0
 1045    3.343398    0.050000    0.038353  0
 1046    3.283567    0.050000    0.039428  0
 1047    3.223741    0.050000    0.040728  0
 1048    3.163925    0.050000    0.042396  0
 1049    3.104125    0.050000    0.044572  0
 1050    3.044352    0.050000    0.047399  0
 1051    2.984622    0.050000    0.051014  0
 1052    2.924949    0.050000    0.055482  0
 1053    2.865340    0.050000    0.060734  0
 1054    2.805797    0.050000    0.066684  0
 1055    2.746319    0.050000    0.073250  0
 1056    2.686901    0.050000    0.080348  0
 1057    2.627540    0.050000    0.087900  0
 1058    2.568227    0.050000    0.095824  0
 1059    2.508954    0.050000    0.104041  0
 1060    2.449711    0.050000    0.112473  0
 1061    2.390487    0.050000    0.121040  0
 1062    2.331272    0.050000    0.129662  0
 1063    2.272052    0.050000    0.138258  0
 1064    2.212817    0.050000    0.146747  0
 1065    2.153555    0.050000    0.155044  0
 1066    2.094255    0.050000    0.163062  0
 1067    2.034906    0.050000    0.170713  0
 1068    1.975500    0.050000    0.177904  0
 1069    1.916036    0.050000    0.184595  0
 1070    1.856520    0.050000    0.190816  0
 1071    1.796960    0.050000    0.196597  0
 1072    1.737362    0.050000    0.201969  0
 1073    1.677731    0.050000    0.206965  0
 1074    1.618072    0.050000    0.211614  0
 1075    1.558389    0.050000    0.215950  0
 1076    1.498687    0.050000    0.220007  0
 1077    1.438968    0.050000    0.223819  0
 1078    1.379237    0.050000    0.227428  0
 1079    1.319497    0.050000    0.230875  0
 1080    1.259750    0.050000    0.234213  0
 1081    1.244903    0.050000    0.148767  0
 1082    1.244318    0.050000    0.087687  0
 1083    1.283719    0.050000    0.186190  0
 1084    1.343891    0.050000    0.176152  0
 1085    1.406038    0.050000    0.174884  0
 1086    1.465589    0.050000    0.171188  0
 1087    1.525092    0.050000    0.167270  0
 1088    1.584548    0.050000    0.163092  0
 1089    1.643952    0.050000    0.158618  0
 1090    1.703303    0.050000    0.153817  0
 1091    1.762597    0.050000    0.148658  0
 1092    1.818344    0.050000    0.136549  0
 1093    1.873603    0.050000    0.124084  0
 1094    1.932337    0.050000    0.118707  0
 1095    1.991627    0.050000    0.114269  0
 1096    2.050994    0.050000    0.109757  0
 1097    2.110363    0.050000    0.105041  0
 1098    2.168980    0.050000    0.096055  0
 1099    2.230809    0.050000    0.070808  0
 1100    2.298689    0.050000    0.069531  0
 1101    2.359445    0.050000    0.064441  0
 1102    2.419060    0.050000    0.059308  0
 1103    2.478505    0.050000    0.054228  0
 1104    2.527307    0.050000    0.050819  0
 1105    2.178018    0.050000    0.045062  0
 1106    2.128124    0.050000    0.050194  0
 1107    2.070233    0.050000    0.052652  0
 1108    2.011008    0.050000    0.054599  0
 1109    1.951573    0.050000    0.056414  0
 1110    1.892210    0.050000    0.058352  0
 1111    1.826949    0.050000    0.066437  0
 1112    1.764632    0.050000    0.051996  0
 1113    1.706383    0.050000    0.050897  0
 1114    1.644531    0.050000    0.052893  0
 1115    1.584723    0.050000    0.054715  0
 1116    1.525230    0.050000    0.056411  0
 1117    1.465762    0.050000    0.057999  0
 1118    1.406271    0.050000    0.059495  0
 1119    1.344767    0.050000    0.059150  0
 1120    1.283241    0.050000    0.049207  0
 1121    1.301853    0.050000    0.118718  0
 1122    1.373005    0.050000    0.118818  0
 1123    1.434777    0.050000    0.116808  0
 1124    1.494617    0.050000    0.114016  0
 1125    1.554106    0.050000    0.110934  0
 1126    1.613564    0.050000    0.107621  0
 1127    1.673378    0.050000    0.104059  0
 1128    1.733181    0.050000    0.100584  0
 1129    1.781406    0.050000    0.100626  0
 1130    1.237427    0.050000    0.039254  0
 1131    1.237674    0.050000    0.196959  0
 1132    3.970371    0.025000    0.004256  0
 1133    1.229598    0.025000    0.235874  0
 1134    1.259750   -0.050000    0.234213  0
 1135    1.319497   -0.050000    0.230875  0
 1136    1.379237   -0.050000    0.227428  0
 1137    1.438968   -0.050000    0.223819  0
 1138    1.498687   -0.050000    0.220007  0
 1139    1.558389   -0.050000    0.215950  0
 1140    1.618072   -0.050000    0.211614  0
 1141    1.677731   -0.050000    0.206965  0
 1142    1.737362   -0.050000    0.201969  0
 1143    1.796960   -0.050000    0.196597  0
 1144    1.856520   -0.050000    0.190816  0
 1145    1.916036   -0.050000    0.184595  0
 1146    1.975500   -0.050000    0.177904  0
 1147    2.034906   -0.050000    0.170713  0
 1148    2.094255   -0.050000    0.163062  0
 1149    2.153555   -0.050000    0.155044  0
 1150    2.212817   -0.050000    0.146747  0
 1151    2.272052   -0.050000    0.138258  0
 1152    2.331272   -0.050000    0.129662  0
 1153    2.390487   -0.050000    0.121040  0
 1154    2.449711   -0.050000    0.112473  0
 1155    2.508954   -0.050000    0.104041  0
 1156    2.568227   -0.050000    0.095824  0
 1157    2.627540   -0.050000    0.087900  0
 1158    2.686901   -0.050000    0.080348  0
 1159    2.746319   -0.050000    0.073250  0
 1160    2.805797   -0.050000    0.066684  0
 1161    2.865340   -0.050000    0.060734  0
 1162    2.924949   -0.050000    0.055482  0
 1163    2.984622   -0.050000    0.051014  0
 1164    3.044352   -0.050000    0.047399  0
 1165    3.104125   -0.050000    0.044572  0
 1166    3.163925   -0.050000    0.042396  0
 1167    3.223741   -0.050000    0.040728  0
 1168    3.283567   -0.050000    0.039428  0
 1169    3.343398   -0.050000    0.038353  0
 1170    3.403229   -0.050000    0.037359  0
 1171    3.463060   -0.050000    0.036304  0
 1172    3.522887   -0.050000    0.035041  0
 1173    3.582705   -0.050000    0.033425  0
 1174    3.642507   -0.050000    0.031311  0
 1175    3.702283   -0.050000    0.028553  0
 1176    3.762017   -0.050000    0.025002  0
 1177    3.821688   -0.050000    0.020514  0
 1178    3.881267   -0.050000    0.014945  0
 1179    3.940719   -0.050000    0.008153  0
 1180    2.526039   -0.050000    0.051552  0
 1181    2.476537   -0.050000    0.055747  0
 1182    2.418807   -0.050000    0.060713  0
 1183    2.359721   -0.050000    0.065841  0
 1184    2.300014   -0.050000    0.067709  0
 1185    2.232787   -0.050000    0.072494  0
 1186    2.170439   -0.050000    0.097467  0
 1187    2.110594   -0.050000    0.105646  0
 1188    2.051156   -0.050000    0.110849  0
 1189    1.991763   -0.050000    0.115337  0
 1190    1.932347   -0.050000    0.119467  0
 1191    1.872895   -0.050000    0.123301  0
 1192    1.816995   -0.050000    0.134242  0
 1193    1.762597   -0.050000    0.148658  0
 1194    1.703303   -0.050000    0.153817  0
 1195    1.643952   -0.050000    0.158618  0
 1196    1.584548   -0.050000    0.163092  0
 1197    1.525092   -0.050000    0.167270  0
 1198    1.465589   -0.050000    0.171188  0
 1199    1.406038   -0.050000    0.174884  0
 1200    1.346438   -0.050000    0.178399  0
 1201    1.286706   -0.050000    0.187901  0
 1202    1.246870   -0.050000    0.151553  0
 1203    1.246626   -0.050000    0.089917  0
 1204    2.178518   -0.050000    0.044177  0
 1205    2.128365   -0.050000    0.049702  0
 1206    2.070338   -0.050000    0.052852  0
 1207    2.011075   -0.050000    0.054992  0
 1208    1.951609   -0.050000    0.056784  0
 1209    1.892099   -0.050000    0.058410  0
 1210    1.826639   -0.050000    0.066004  0
 1211    1.764114   -0.050000    0.051907  0
 1212    1.706383   -0.050000    0.050897  0
 1213    1.644531   -0.050000    0.052893  0
 1214    1.584723   -0.050000    0.054715  0
 1215    1.525230   -0.050000    0.056410  0
 1216    1.465762   -0.050000    0.057999  0
 1217    1.406271   -0.050000    0.059495  0
 1218    1.346747   -0.050000    0.060916  0
 1219    1.287649   -0.050000    0.051231  0
 1220    1.780145   -0.050000    0.100063  0
 1221    1.728536   -0.050000    0.100508  0
 1222    1.672855   -0.050000    0.104472  0
 1223    1.613644   -0.050000    0.108035  0
 1224    1.554206   -0.050000    0.111331  0
 1225    1.494757   -0.050000    0.114410  0
 1226    1.435277   -0.050000    0.117307  0
 1227    1.375751   -0.050000    0.120052  0
 1228    1.305255   -0.050000    0.119995  0
 1229    1.238770   -0.050000    0.040105  0
 1230    1.238665   -0.050000    0.197858  0
 1231    3.970371   -0.025000    0.004256  0
 1232    1.229598   -0.025000    0.235874  0
