 -0.5000000000 -0.5000000000
 -0.4799999890 -0.5000000000
 -0.4600000080 -0.5000000000
 -0.4399999980 -0.5000000000
 -0.4199999870 -0.5000000000
 -0.4000000060 -0.5000000000
 -0.3799999950 -0.5000000000
 -0.3600000140 -0.5000000000
 -0.3400000040 -0.5000000000
 -0.3199999930 -0.5000000000
 -0.3000000120 -0.5000000000
 -0.2800000010 -0.5000000000
 -0.2599999900 -0.5000000000
 -0.2399999950 -0.5000000000
 -0.2199999990 -0.5000000000
 -0.2000000030 -0.5000000000
 -0.1800000070 -0.5000000000
 -0.1599999960 -0.5000000000
 -0.1400000010 -0.5000000000
 -0.1199999970 -0.5000000000
 -0.1000000010 -0.5000000000
 -0.0799999982 -0.5000000000
 -0.0599999987 -0.5000000000
 -0.0399999991 -0.5000000000
 -0.0199999996 -0.5000000000
  0.0000000000 -0.5000000000
  0.0199999996 -0.5000000000
  0.0399999991 -0.5000000000
  0.0599999987 -0.5000000000
  0.0799999982 -0.5000000000
  0.1000000010 -0.5000000000
  0.1199999970 -0.5000000000
  0.1400000010 -0.5000000000
  0.1599999960 -0.5000000000
  0.1800000070 -0.5000000000
  0.2000000030 -0.5000000000
  0.2199999990 -0.5000000000
  0.2399999950 -0.5000000000
  0.2599999900 -0.5000000000
  0.2800000010 -0.5000000000
  0.3000000120 -0.5000000000
  0.3199999930 -0.5000000000
  0.3400000040 -0.5000000000
  0.3600000140 -0.5000000000
  0.3799999950 -0.5000000000
  0.4000000060 -0.5000000000
  0.4199999870 -0.5000000000
  0.4399999980 -0.5000000000
  0.4600000080 -0.5000000000
  0.4799999890 -0.5000000000
  0.5000000000 -0.5000000000
 -0.5000000000 -0.4799999890
 -0.4799999890 -0.4799999890
 -0.4600000080 -0.4799999890
 -0.4399999980 -0.4799999890
 -0.4199999870 -0.4799999890
 -0.4000000060 -0.4799999890
 -0.3799999950 -0.4799999890
 -0.3600000140 -0.4799999890
 -0.3400000040 -0.4799999890
 -0.3199999930 -0.4799999890
 -0.3000000120 -0.4799999890
 -0.2800000010 -0.4799999890
 -0.2599999900 -0.4799999890
 -0.2399999950 -0.4799999890
 -0.2199999990 -0.4799999890
 -0.2000000030 -0.4799999890
 -0.1800000070 -0.4799999890
 -0.1599999960 -0.4799999890
 -0.1400000010 -0.4799999890
 -0.1199999970 -0.4799999890
 -0.1000000010 -0.4799999890
 -0.0799999982 -0.4799999890
 -0.0599999987 -0.4799999890
 -0.0399999991 -0.4799999890
 -0.0199999996 -0.4799999890
  0.0000000000 -0.4799999890
  0.0199999996 -0.4799999890
  0.0399999991 -0.4799999890
  0.0599999987 -0.4799999890
  0.0799999982 -0.4799999890
  0.1000000010 -0.4799999890
  0.1199999970 -0.4799999890
  0.1400000010 -0.4799999890
  0.1599999960 -0.4799999890
  0.1800000070 -0.4799999890
  0.2000000030 -0.4799999890
  0.2199999990 -0.4799999890
  0.2399999950 -0.4799999890
  0.2599999900 -0.4799999890
  0.2800000010 -0.4799999890
  0.3000000120 -0.4799999890
  0.3199999930 -0.4799999890
  0.3400000040 -0.4799999890
  0.3600000140 -0.4799999890
  0.3799999950 -0.4799999890
  0.4000000060 -0.4799999890
  0.4199999870 -0.4799999890
  0.4399999980 -0.4799999890
  0.4600000080 -0.4799999890
  0.4799999890 -0.4799999890
  0.5000000000 -0.4799999890
 -0.5000000000 -0.4600000080
 -0.4799999890 -0.4600000080
 -0.4600000080 -0.4600000080
 -0.4399999980 -0.4600000080
 -0.4199999870 -0.4600000080
 -0.4000000060 -0.4600000080
 -0.3799999950 -0.4600000080
 -0.3600000140 -0.4600000080
 -0.3400000040 -0.4600000080
 -0.3199999930 -0.4600000080
 -0.3000000120 -0.4600000080
 -0.2800000010 -0.4600000080
 -0.2599999900 -0.4600000080
 -0.2399999950 -0.4600000080
 -0.2199999990 -0.4600000080
 -0.2000000030 -0.4600000080
 -0.1800000070 -0.4600000080
 -0.1599999960 -0.4600000080
 -0.1400000010 -0.4600000080
 -0.1199999970 -0.4600000080
 -0.1000000010 -0.4600000080
 -0.0799999982 -0.4600000080
 -0.0599999987 -0.4600000080
 -0.0399999991 -0.4600000080
 -0.0199999996 -0.4600000080
  0.0000000000 -0.4600000080
  0.0199999996 -0.4600000080
  0.0399999991 -0.4600000080
  0.0599999987 -0.4600000080
  0.0799999982 -0.4600000080
  0.1000000010 -0.4600000080
  0.1199999970 -0.4600000080
  0.1400000010 -0.4600000080
  0.1599999960 -0.4600000080
  0.1800000070 -0.4600000080
  0.2000000030 -0.4600000080
  0.2199999990 -0.4600000080
  0.2399999950 -0.4600000080
  0.2599999900 -0.4600000080
  0.2800000010 -0.4600000080
  0.3000000120 -0.4600000080
  0.3199999930 -0.4600000080
  0.3400000040 -0.4600000080
  0.3600000140 -0.4600000080
  0.3799999950 -0.4600000080
  0.4000000060 -0.4600000080
  0.4199999870 -0.4600000080
  0.4399999980 -0.4600000080
  0.4600000080 -0.4600000080
  0.4799999890 -0.4600000080
  0.5000000000 -0.4600000080
 -0.5000000000 -0.4399999980
 -0.4799999890 -0.4399999980
 -0.4600000080 -0.4399999980
 -0.4399999980 -0.4399999980
 -0.4199999870 -0.4399999980
 -0.4000000060 -0.4399999980
 -0.3799999950 -0.4399999980
 -0.3600000140 -0.4399999980
 -0.3400000040 -0.4399999980
 -0.3199999930 -0.4399999980
 -0.3000000120 -0.4399999980
 -0.2800000010 -0.4399999980
 -0.2599999900 -0.4399999980
 -0.2399999950 -0.4399999980
 -0.2199999990 -0.4399999980
 -0.2000000030 -0.4399999980
 -0.1800000070 -0.4399999980
 -0.1599999960 -0.4399999980
 -0.1400000010 -0.4399999980
 -0.1199999970 -0.4399999980
 -0.1000000010 -0.4399999980
 -0.0799999982 -0.4399999980
 -0.0599999987 -0.4399999980
 -0.0399999991 -0.4399999980
 -0.0199999996 -0.4399999980
  0.0000000000 -0.4399999980
  0.0199999996 -0.4399999980
  0.0399999991 -0.4399999980
  0.0599999987 -0.4399999980
  0.0799999982 -0.4399999980
  0.1000000010 -0.4399999980
  0.1199999970 -0.4399999980
  0.1400000010 -0.4399999980
  0.1599999960 -0.4399999980
  0.1800000070 -0.4399999980
  0.2000000030 -0.4399999980
  0.2199999990 -0.4399999980
  0.2399999950 -0.4399999980
  0.2599999900 -0.4399999980
  0.2800000010 -0.4399999980
  0.3000000120 -0.4399999980
  0.3199999930 -0.4399999980
  0.3400000040 -0.4399999980
  0.3600000140 -0.4399999980
  0.3799999950 -0.4399999980
  0.4000000060 -0.4399999980
  0.4199999870 -0.4399999980
  0.4399999980 -0.4399999980
  0.4600000080 -0.4399999980
  0.4799999890 -0.4399999980
  0.5000000000 -0.4399999980
 -0.5000000000 -0.4199999870
 -0.4799999890 -0.4199999870
 -0.4600000080 -0.4199999870
 -0.4399999980 -0.4199999870
 -0.4199999870 -0.4199999870
 -0.4000000060 -0.4199999870
 -0.3799999950 -0.4199999870
 -0.3600000140 -0.4199999870
 -0.3400000040 -0.4199999870
 -0.3199999930 -0.4199999870
 -0.3000000120 -0.4199999870
 -0.2800000010 -0.4199999870
 -0.2599999900 -0.4199999870
 -0.2399999950 -0.4199999870
 -0.2199999990 -0.4199999870
 -0.2000000030 -0.4199999870
 -0.1800000070 -0.4199999870
 -0.1599999960 -0.4199999870
 -0.1400000010 -0.4199999870
 -0.1199999970 -0.4199999870
 -0.1000000010 -0.4199999870
 -0.0799999982 -0.4199999870
 -0.0599999987 -0.4199999870
 -0.0399999991 -0.4199999870
 -0.0199999996 -0.4199999870
  0.0000000000 -0.4199999870
  0.0199999996 -0.4199999870
  0.0399999991 -0.4199999870
  0.0599999987 -0.4199999870
  0.0799999982 -0.4199999870
  0.1000000010 -0.4199999870
  0.1199999970 -0.4199999870
  0.1400000010 -0.4199999870
  0.1599999960 -0.4199999870
  0.1800000070 -0.4199999870
  0.2000000030 -0.4199999870
  0.2199999990 -0.4199999870
  0.2399999950 -0.4199999870
  0.2599999900 -0.4199999870
  0.2800000010 -0.4199999870
  0.3000000120 -0.4199999870
  0.3199999930 -0.4199999870
  0.3400000040 -0.4199999870
  0.3600000140 -0.4199999870
  0.3799999950 -0.4199999870
  0.4000000060 -0.4199999870
  0.4199999870 -0.4199999870
  0.4399999980 -0.4199999870
  0.4600000080 -0.4199999870
  0.4799999890 -0.4199999870
  0.5000000000 -0.4199999870
 -0.5000000000 -0.4000000060
 -0.4799999890 -0.4000000060
 -0.4600000080 -0.4000000060
 -0.4399999980 -0.4000000060
 -0.4199999870 -0.4000000060
 -0.4000000060 -0.4000000060
 -0.3799999950 -0.4000000060
 -0.3600000140 -0.4000000060
 -0.3400000040 -0.4000000060
 -0.3199999930 -0.4000000060
 -0.3000000120 -0.4000000060
 -0.2800000010 -0.4000000060
 -0.2599999900 -0.4000000060
 -0.2399999950 -0.4000000060
 -0.2199999990 -0.4000000060
 -0.2000000030 -0.4000000060
 -0.1800000070 -0.4000000060
 -0.1599999960 -0.4000000060
 -0.1400000010 -0.4000000060
 -0.1199999970 -0.4000000060
 -0.1000000010 -0.4000000060
 -0.0799999982 -0.4000000060
 -0.0599999987 -0.4000000060
 -0.0399999991 -0.4000000060
 -0.0199999996 -0.4000000060
  0.0000000000 -0.4000000060
  0.0199999996 -0.4000000060
  0.0399999991 -0.4000000060
  0.0599999987 -0.4000000060
  0.0799999982 -0.4000000060
  0.1000000010 -0.4000000060
  0.1199999970 -0.4000000060
  0.1400000010 -0.4000000060
  0.1599999960 -0.4000000060
  0.1800000070 -0.4000000060
  0.2000000030 -0.4000000060
  0.2199999990 -0.4000000060
  0.2399999950 -0.4000000060
  0.2599999900 -0.4000000060
  0.2800000010 -0.4000000060
  0.3000000120 -0.4000000060
  0.3199999930 -0.4000000060
  0.3400000040 -0.4000000060
  0.3600000140 -0.4000000060
  0.3799999950 -0.4000000060
  0.4000000060 -0.4000000060
  0.4199999870 -0.4000000060
  0.4399999980 -0.4000000060
  0.4600000080 -0.4000000060
  0.4799999890 -0.4000000060
  0.5000000000 -0.4000000060
 -0.5000000000 -0.3799999950
 -0.4799999890 -0.3799999950
 -0.4600000080 -0.3799999950
 -0.4399999980 -0.3799999950
 -0.4199999870 -0.3799999950
 -0.4000000060 -0.3799999950
 -0.3799999950 -0.3799999950
 -0.3600000140 -0.3799999950
 -0.3400000040 -0.3799999950
 -0.3199999930 -0.3799999950
 -0.3000000120 -0.3799999950
 -0.2800000010 -0.3799999950
 -0.2599999900 -0.3799999950
 -0.2399999950 -0.3799999950
 -0.2199999990 -0.3799999950
 -0.2000000030 -0.3799999950
 -0.1800000070 -0.3799999950
 -0.1599999960 -0.3799999950
 -0.1400000010 -0.3799999950
 -0.1199999970 -0.3799999950
 -0.1000000010 -0.3799999950
 -0.0799999982 -0.3799999950
 -0.0599999987 -0.3799999950
 -0.0399999991 -0.3799999950
 -0.0199999996 -0.3799999950
  0.0000000000 -0.3799999950
  0.0199999996 -0.3799999950
  0.0399999991 -0.3799999950
  0.0599999987 -0.3799999950
  0.0799999982 -0.3799999950
  0.1000000010 -0.3799999950
  0.1199999970 -0.3799999950
  0.1400000010 -0.3799999950
  0.1599999960 -0.3799999950
  0.1800000070 -0.3799999950
  0.2000000030 -0.3799999950
  0.2199999990 -0.3799999950
  0.2399999950 -0.3799999950
  0.2599999900 -0.3799999950
  0.2800000010 -0.3799999950
  0.3000000120 -0.3799999950
  0.3199999930 -0.3799999950
  0.3400000040 -0.3799999950
  0.3600000140 -0.3799999950
  0.3799999950 -0.3799999950
  0.4000000060 -0.3799999950
  0.4199999870 -0.3799999950
  0.4399999980 -0.3799999950
  0.4600000080 -0.3799999950
  0.4799999890 -0.3799999950
  0.5000000000 -0.3799999950
 -0.5000000000 -0.3600000140
 -0.4799999890 -0.3600000140
 -0.4600000080 -0.3600000140
 -0.4399999980 -0.3600000140
 -0.4199999870 -0.3600000140
 -0.4000000060 -0.3600000140
 -0.3799999950 -0.3600000140
 -0.3600000140 -0.3600000140
 -0.3400000040 -0.3600000140
 -0.3199999930 -0.3600000140
 -0.3000000120 -0.3600000140
 -0.2800000010 -0.3600000140
 -0.2599999900 -0.3600000140
 -0.2399999950 -0.3600000140
 -0.2199999990 -0.3600000140
 -0.2000000030 -0.3600000140
 -0.1800000070 -0.3600000140
 -0.1599999960 -0.3600000140
 -0.1400000010 -0.3600000140
 -0.1199999970 -0.3600000140
 -0.1000000010 -0.3600000140
 -0.0799999982 -0.3600000140
 -0.0599999987 -0.3600000140
 -0.0399999991 -0.3600000140
 -0.0199999996 -0.3600000140
  0.0000000000 -0.3600000140
  0.0199999996 -0.3600000140
  0.0399999991 -0.3600000140
  0.0599999987 -0.3600000140
  0.0799999982 -0.3600000140
  0.1000000010 -0.3600000140
  0.1199999970 -0.3600000140
  0.1400000010 -0.3600000140
  0.1599999960 -0.3600000140
  0.1800000070 -0.3600000140
  0.2000000030 -0.3600000140
  0.2199999990 -0.3600000140
  0.2399999950 -0.3600000140
  0.2599999900 -0.3600000140
  0.2800000010 -0.3600000140
  0.3000000120 -0.3600000140
  0.3199999930 -0.3600000140
  0.3400000040 -0.3600000140
  0.3600000140 -0.3600000140
  0.3799999950 -0.3600000140
  0.4000000060 -0.3600000140
  0.4199999870 -0.3600000140
  0.4399999980 -0.3600000140
  0.4600000080 -0.3600000140
  0.4799999890 -0.3600000140
  0.5000000000 -0.3600000140
 -0.5000000000 -0.3400000040
 -0.4799999890 -0.3400000040
 -0.4600000080 -0.3400000040
 -0.4399999980 -0.3400000040
 -0.4199999870 -0.3400000040
 -0.4000000060 -0.3400000040
 -0.3799999950 -0.3400000040
 -0.3600000140 -0.3400000040
 -0.3400000040 -0.3400000040
 -0.3199999930 -0.3400000040
 -0.3000000120 -0.3400000040
 -0.2800000010 -0.3400000040
 -0.2599999900 -0.3400000040
 -0.2399999950 -0.3400000040
 -0.2199999990 -0.3400000040
 -0.2000000030 -0.3400000040
 -0.1800000070 -0.3400000040
 -0.1599999960 -0.3400000040
 -0.1400000010 -0.3400000040
 -0.1199999970 -0.3400000040
 -0.1000000010 -0.3400000040
 -0.0799999982 -0.3400000040
 -0.0599999987 -0.3400000040
 -0.0399999991 -0.3400000040
 -0.0199999996 -0.3400000040
  0.0000000000 -0.3400000040
  0.0199999996 -0.3400000040
  0.0399999991 -0.3400000040
  0.0599999987 -0.3400000040
  0.0799999982 -0.3400000040
  0.1000000010 -0.3400000040
  0.1199999970 -0.3400000040
  0.1400000010 -0.3400000040
  0.1599999960 -0.3400000040
  0.1800000070 -0.3400000040
  0.2000000030 -0.3400000040
  0.2199999990 -0.3400000040
  0.2399999950 -0.3400000040
  0.2599999900 -0.3400000040
  0.2800000010 -0.3400000040
  0.3000000120 -0.3400000040
  0.3199999930 -0.3400000040
  0.3400000040 -0.3400000040
  0.3600000140 -0.3400000040
  0.3799999950 -0.3400000040
  0.4000000060 -0.3400000040
  0.4199999870 -0.3400000040
  0.4399999980 -0.3400000040
  0.4600000080 -0.3400000040
  0.4799999890 -0.3400000040
  0.5000000000 -0.3400000040
 -0.5000000000 -0.3199999930
 -0.4799999890 -0.3199999930
 -0.4600000080 -0.3199999930
 -0.4399999980 -0.3199999930
 -0.4199999870 -0.3199999930
 -0.4000000060 -0.3199999930
 -0.3799999950 -0.3199999930
 -0.3600000140 -0.3199999930
 -0.3400000040 -0.3199999930
 -0.3199999930 -0.3199999930
 -0.3000000120 -0.3199999930
 -0.2800000010 -0.3199999930
 -0.2599999900 -0.3199999930
 -0.2399999950 -0.3199999930
 -0.2199999990 -0.3199999930
 -0.2000000030 -0.3199999930
 -0.1800000070 -0.3199999930
 -0.1599999960 -0.3199999930
 -0.1400000010 -0.3199999930
 -0.1199999970 -0.3199999930
 -0.1000000010 -0.3199999930
 -0.0799999982 -0.3199999930
 -0.0599999987 -0.3199999930
 -0.0399999991 -0.3199999930
 -0.0199999996 -0.3199999930
  0.0000000000 -0.3199999930
  0.0199999996 -0.3199999930
  0.0399999991 -0.3199999930
  0.0599999987 -0.3199999930
  0.0799999982 -0.3199999930
  0.1000000010 -0.3199999930
  0.1199999970 -0.3199999930
  0.1400000010 -0.3199999930
  0.1599999960 -0.3199999930
  0.1800000070 -0.3199999930
  0.2000000030 -0.3199999930
  0.2199999990 -0.3199999930
  0.2399999950 -0.3199999930
  0.2599999900 -0.3199999930
  0.2800000010 -0.3199999930
  0.3000000120 -0.3199999930
  0.3199999930 -0.3199999930
  0.3400000040 -0.3199999930
  0.3600000140 -0.3199999930
  0.3799999950 -0.3199999930
  0.4000000060 -0.3199999930
  0.4199999870 -0.3199999930
  0.4399999980 -0.3199999930
  0.4600000080 -0.3199999930
  0.4799999890 -0.3199999930
  0.5000000000 -0.3199999930
 -0.5000000000 -0.3000000120
 -0.4799999890 -0.3000000120
 -0.4600000080 -0.3000000120
 -0.4399999980 -0.3000000120
 -0.4199999870 -0.3000000120
 -0.4000000060 -0.3000000120
 -0.3799999950 -0.3000000120
 -0.3600000140 -0.3000000120
 -0.3400000040 -0.3000000120
 -0.3199999930 -0.3000000120
 -0.3000000120 -0.3000000120
 -0.2800000010 -0.3000000120
 -0.2599999900 -0.3000000120
 -0.2399999950 -0.3000000120
 -0.2199999990 -0.3000000120
 -0.2000000030 -0.3000000120
 -0.1800000070 -0.3000000120
 -0.1599999960 -0.3000000120
 -0.1400000010 -0.3000000120
 -0.1199999970 -0.3000000120
 -0.1000000010 -0.3000000120
 -0.0799999982 -0.3000000120
 -0.0599999987 -0.3000000120
 -0.0399999991 -0.3000000120
 -0.0199999996 -0.3000000120
  0.0000000000 -0.3000000120
  0.0199999996 -0.3000000120
  0.0399999991 -0.3000000120
  0.0599999987 -0.3000000120
  0.0799999982 -0.3000000120
  0.1000000010 -0.3000000120
  0.1199999970 -0.3000000120
  0.1400000010 -0.3000000120
  0.1599999960 -0.3000000120
  0.1800000070 -0.3000000120
  0.2000000030 -0.3000000120
  0.2199999990 -0.3000000120
  0.2399999950 -0.3000000120
  0.2599999900 -0.3000000120
  0.2800000010 -0.3000000120
  0.3000000120 -0.3000000120
  0.3199999930 -0.3000000120
  0.3400000040 -0.3000000120
  0.3600000140 -0.3000000120
  0.3799999950 -0.3000000120
  0.4000000060 -0.3000000120
  0.4199999870 -0.3000000120
  0.4399999980 -0.3000000120
  0.4600000080 -0.3000000120
  0.4799999890 -0.3000000120
  0.5000000000 -0.3000000120
 -0.5000000000 -0.2800000010
 -0.4799999890 -0.2800000010
 -0.4600000080 -0.2800000010
 -0.4399999980 -0.2800000010
 -0.4199999870 -0.2800000010
 -0.4000000060 -0.2800000010
 -0.3799999950 -0.2800000010
 -0.3600000140 -0.2800000010
 -0.3400000040 -0.2800000010
 -0.3199999930 -0.2800000010
 -0.3000000120 -0.2800000010
 -0.2800000010 -0.2800000010
 -0.2599999900 -0.2800000010
 -0.2399999950 -0.2800000010
 -0.2199999990 -0.2800000010
 -0.2000000030 -0.2800000010
 -0.1800000070 -0.2800000010
 -0.1599999960 -0.2800000010
 -0.1400000010 -0.2800000010
 -0.1199999970 -0.2800000010
 -0.1000000010 -0.2800000010
 -0.0799999982 -0.2800000010
 -0.0599999987 -0.2800000010
 -0.0399999991 -0.2800000010
 -0.0199999996 -0.2800000010
  0.0000000000 -0.2800000010
  0.0199999996 -0.2800000010
  0.0399999991 -0.2800000010
  0.0599999987 -0.2800000010
  0.0799999982 -0.2800000010
  0.1000000010 -0.2800000010
  0.1199999970 -0.2800000010
  0.1400000010 -0.2800000010
  0.1599999960 -0.2800000010
  0.1800000070 -0.2800000010
  0.2000000030 -0.2800000010
  0.2199999990 -0.2800000010
  0.2399999950 -0.2800000010
  0.2599999900 -0.2800000010
  0.2800000010 -0.2800000010
  0.3000000120 -0.2800000010
  0.3199999930 -0.2800000010
  0.3400000040 -0.2800000010
  0.3600000140 -0.2800000010
  0.3799999950 -0.2800000010
  0.4000000060 -0.2800000010
  0.4199999870 -0.2800000010
  0.4399999980 -0.2800000010
  0.4600000080 -0.2800000010
  0.4799999890 -0.2800000010
  0.5000000000 -0.2800000010
 -0.5000000000 -0.2599999900
 -0.4799999890 -0.2599999900
 -0.4600000080 -0.2599999900
 -0.4399999980 -0.2599999900
 -0.4199999870 -0.2599999900
 -0.4000000060 -0.2599999900
 -0.3799999950 -0.2599999900
 -0.3600000140 -0.2599999900
 -0.3400000040 -0.2599999900
 -0.3199999930 -0.2599999900
 -0.3000000120 -0.2599999900
 -0.2800000010 -0.2599999900
 -0.2599999900 -0.2599999900
 -0.2399999950 -0.2599999900
 -0.2199999990 -0.2599999900
 -0.2000000030 -0.2599999900
 -0.1800000070 -0.2599999900
 -0.1599999960 -0.2599999900
 -0.1400000010 -0.2599999900
 -0.1199999970 -0.2599999900
 -0.1000000010 -0.2599999900
 -0.0799999982 -0.2599999900
 -0.0599999987 -0.2599999900
 -0.0399999991 -0.2599999900
 -0.0199999996 -0.2599999900
  0.0000000000 -0.2599999900
  0.0199999996 -0.2599999900
  0.0399999991 -0.2599999900
  0.0599999987 -0.2599999900
  0.0799999982 -0.2599999900
  0.1000000010 -0.2599999900
  0.1199999970 -0.2599999900
  0.1400000010 -0.2599999900
  0.1599999960 -0.2599999900
  0.1800000070 -0.2599999900
  0.2000000030 -0.2599999900
  0.2199999990 -0.2599999900
  0.2399999950 -0.2599999900
  0.2599999900 -0.2599999900
  0.2800000010 -0.2599999900
  0.3000000120 -0.2599999900
  0.3199999930 -0.2599999900
  0.3400000040 -0.2599999900
  0.3600000140 -0.2599999900
  0.3799999950 -0.2599999900
  0.4000000060 -0.2599999900
  0.4199999870 -0.2599999900
  0.4399999980 -0.2599999900
  0.4600000080 -0.2599999900
  0.4799999890 -0.2599999900
  0.5000000000 -0.2599999900
 -0.5000000000 -0.2399999950
 -0.4799999890 -0.2399999950
 -0.4600000080 -0.2399999950
 -0.4399999980 -0.2399999950
 -0.4199999870 -0.2399999950
 -0.4000000060 -0.2399999950
 -0.3799999950 -0.2399999950
 -0.3600000140 -0.2399999950
 -0.3400000040 -0.2399999950
 -0.3199999930 -0.2399999950
 -0.3000000120 -0.2399999950
 -0.2800000010 -0.2399999950
 -0.2599999900 -0.2399999950
 -0.2399999950 -0.2399999950
 -0.2199999990 -0.2399999950
 -0.2000000030 -0.2399999950
 -0.1800000070 -0.2399999950
 -0.1599999960 -0.2399999950
 -0.1400000010 -0.2399999950
 -0.1199999970 -0.2399999950
 -0.1000000010 -0.2399999950
 -0.0799999982 -0.2399999950
 -0.0599999987 -0.2399999950
 -0.0399999991 -0.2399999950
 -0.0199999996 -0.2399999950
  0.0000000000 -0.2399999950
  0.0199999996 -0.2399999950
  0.0399999991 -0.2399999950
  0.0599999987 -0.2399999950
  0.0799999982 -0.2399999950
  0.1000000010 -0.2399999950
  0.1199999970 -0.2399999950
  0.1400000010 -0.2399999950
  0.1599999960 -0.2399999950
  0.1800000070 -0.2399999950
  0.2000000030 -0.2399999950
  0.2199999990 -0.2399999950
  0.2399999950 -0.2399999950
  0.2599999900 -0.2399999950
  0.2800000010 -0.2399999950
  0.3000000120 -0.2399999950
  0.3199999930 -0.2399999950
  0.3400000040 -0.2399999950
  0.3600000140 -0.2399999950
  0.3799999950 -0.2399999950
  0.4000000060 -0.2399999950
  0.4199999870 -0.2399999950
  0.4399999980 -0.2399999950
  0.4600000080 -0.2399999950
  0.4799999890 -0.2399999950
  0.5000000000 -0.2399999950
 -0.5000000000 -0.2199999990
 -0.4799999890 -0.2199999990
 -0.4600000080 -0.2199999990
 -0.4399999980 -0.2199999990
 -0.4199999870 -0.2199999990
 -0.4000000060 -0.2199999990
 -0.3799999950 -0.2199999990
 -0.3600000140 -0.2199999990
 -0.3400000040 -0.2199999990
 -0.3199999930 -0.2199999990
 -0.3000000120 -0.2199999990
 -0.2800000010 -0.2199999990
 -0.2599999900 -0.2199999990
 -0.2399999950 -0.2199999990
 -0.2199999990 -0.2199999990
 -0.2000000030 -0.2199999990
 -0.1800000070 -0.2199999990
 -0.1599999960 -0.2199999990
 -0.1400000010 -0.2199999990
 -0.1199999970 -0.2199999990
 -0.1000000010 -0.2199999990
 -0.0799999982 -0.2199999990
 -0.0599999987 -0.2199999990
 -0.0399999991 -0.2199999990
 -0.0199999996 -0.2199999990
  0.0000000000 -0.2199999990
  0.0199999996 -0.2199999990
  0.0399999991 -0.2199999990
  0.0599999987 -0.2199999990
  0.0799999982 -0.2199999990
  0.1000000010 -0.2199999990
  0.1199999970 -0.2199999990
  0.1400000010 -0.2199999990
  0.1599999960 -0.2199999990
  0.1800000070 -0.2199999990
  0.2000000030 -0.2199999990
  0.2199999990 -0.2199999990
  0.2399999950 -0.2199999990
  0.2599999900 -0.2199999990
  0.2800000010 -0.2199999990
  0.3000000120 -0.2199999990
  0.3199999930 -0.2199999990
  0.3400000040 -0.2199999990
  0.3600000140 -0.2199999990
  0.3799999950 -0.2199999990
  0.4000000060 -0.2199999990
  0.4199999870 -0.2199999990
  0.4399999980 -0.2199999990
  0.4600000080 -0.2199999990
  0.4799999890 -0.2199999990
  0.5000000000 -0.2199999990
 -0.5000000000 -0.2000000030
 -0.4799999890 -0.2000000030
 -0.4600000080 -0.2000000030
 -0.4399999980 -0.2000000030
 -0.4199999870 -0.2000000030
 -0.4000000060 -0.2000000030
 -0.3799999950 -0.2000000030
 -0.3600000140 -0.2000000030
 -0.3400000040 -0.2000000030
 -0.3199999930 -0.2000000030
 -0.3000000120 -0.2000000030
 -0.2800000010 -0.2000000030
 -0.2599999900 -0.2000000030
 -0.2399999950 -0.2000000030
 -0.2199999990 -0.2000000030
 -0.2000000030 -0.2000000030
 -0.1800000070 -0.2000000030
 -0.1599999960 -0.2000000030
 -0.1400000010 -0.2000000030
 -0.1199999970 -0.2000000030
 -0.1000000010 -0.2000000030
 -0.0799999982 -0.2000000030
 -0.0599999987 -0.2000000030
 -0.0399999991 -0.2000000030
 -0.0199999996 -0.2000000030
  0.0000000000 -0.2000000030
  0.0199999996 -0.2000000030
  0.0399999991 -0.2000000030
  0.0599999987 -0.2000000030
  0.0799999982 -0.2000000030
  0.1000000010 -0.2000000030
  0.1199999970 -0.2000000030
  0.1400000010 -0.2000000030
  0.1599999960 -0.2000000030
  0.1800000070 -0.2000000030
  0.2000000030 -0.2000000030
  0.2199999990 -0.2000000030
  0.2399999950 -0.2000000030
  0.2599999900 -0.2000000030
  0.2800000010 -0.2000000030
  0.3000000120 -0.2000000030
  0.3199999930 -0.2000000030
  0.3400000040 -0.2000000030
  0.3600000140 -0.2000000030
  0.3799999950 -0.2000000030
  0.4000000060 -0.2000000030
  0.4199999870 -0.2000000030
  0.4399999980 -0.2000000030
  0.4600000080 -0.2000000030
  0.4799999890 -0.2000000030
  0.5000000000 -0.2000000030
 -0.5000000000 -0.1800000070
 -0.4799999890 -0.1800000070
 -0.4600000080 -0.1800000070
 -0.4399999980 -0.1800000070
 -0.4199999870 -0.1800000070
 -0.4000000060 -0.1800000070
 -0.3799999950 -0.1800000070
 -0.3600000140 -0.1800000070
 -0.3400000040 -0.1800000070
 -0.3199999930 -0.1800000070
 -0.3000000120 -0.1800000070
 -0.2800000010 -0.1800000070
 -0.2599999900 -0.1800000070
 -0.2399999950 -0.1800000070
 -0.2199999990 -0.1800000070
 -0.2000000030 -0.1800000070
 -0.1800000070 -0.1800000070
 -0.1599999960 -0.1800000070
 -0.1400000010 -0.1800000070
 -0.1199999970 -0.1800000070
 -0.1000000010 -0.1800000070
 -0.0799999982 -0.1800000070
 -0.0599999987 -0.1800000070
 -0.0399999991 -0.1800000070
 -0.0199999996 -0.1800000070
  0.0000000000 -0.1800000070
  0.0199999996 -0.1800000070
  0.0399999991 -0.1800000070
  0.0599999987 -0.1800000070
  0.0799999982 -0.1800000070
  0.1000000010 -0.1800000070
  0.1199999970 -0.1800000070
  0.1400000010 -0.1800000070
  0.1599999960 -0.1800000070
  0.1800000070 -0.1800000070
  0.2000000030 -0.1800000070
  0.2199999990 -0.1800000070
  0.2399999950 -0.1800000070
  0.2599999900 -0.1800000070
  0.2800000010 -0.1800000070
  0.3000000120 -0.1800000070
  0.3199999930 -0.1800000070
  0.3400000040 -0.1800000070
  0.3600000140 -0.1800000070
  0.3799999950 -0.1800000070
  0.4000000060 -0.1800000070
  0.4199999870 -0.1800000070
  0.4399999980 -0.1800000070
  0.4600000080 -0.1800000070
  0.4799999890 -0.1800000070
  0.5000000000 -0.1800000070
 -0.5000000000 -0.1599999960
 -0.4799999890 -0.1599999960
 -0.4600000080 -0.1599999960
 -0.4399999980 -0.1599999960
 -0.4199999870 -0.1599999960
 -0.4000000060 -0.1599999960
 -0.3799999950 -0.1599999960
 -0.3600000140 -0.1599999960
 -0.3400000040 -0.1599999960
 -0.3199999930 -0.1599999960
 -0.3000000120 -0.1599999960
 -0.2800000010 -0.1599999960
 -0.2599999900 -0.1599999960
 -0.2399999950 -0.1599999960
 -0.2199999990 -0.1599999960
 -0.2000000030 -0.1599999960
 -0.1800000070 -0.1599999960
 -0.1599999960 -0.1599999960
 -0.1400000010 -0.1599999960
 -0.1199999970 -0.1599999960
 -0.1000000010 -0.1599999960
 -0.0799999982 -0.1599999960
 -0.0599999987 -0.1599999960
 -0.0399999991 -0.1599999960
 -0.0199999996 -0.1599999960
  0.0000000000 -0.1599999960
  0.0199999996 -0.1599999960
  0.0399999991 -0.1599999960
  0.0599999987 -0.1599999960
  0.0799999982 -0.1599999960
  0.1000000010 -0.1599999960
  0.1199999970 -0.1599999960
  0.1400000010 -0.1599999960
  0.1599999960 -0.1599999960
  0.1800000070 -0.1599999960
  0.2000000030 -0.1599999960
  0.2199999990 -0.1599999960
  0.2399999950 -0.1599999960
  0.2599999900 -0.1599999960
  0.2800000010 -0.1599999960
  0.3000000120 -0.1599999960
  0.3199999930 -0.1599999960
  0.3400000040 -0.1599999960
  0.3600000140 -0.1599999960
  0.3799999950 -0.1599999960
  0.4000000060 -0.1599999960
  0.4199999870 -0.1599999960
  0.4399999980 -0.1599999960
  0.4600000080 -0.1599999960
  0.4799999890 -0.1599999960
  0.5000000000 -0.1599999960
 -0.5000000000 -0.1400000010
 -0.4799999890 -0.1400000010
 -0.4600000080 -0.1400000010
 -0.4399999980 -0.1400000010
 -0.4199999870 -0.1400000010
 -0.4000000060 -0.1400000010
 -0.3799999950 -0.1400000010
 -0.3600000140 -0.1400000010
 -0.3400000040 -0.1400000010
 -0.3199999930 -0.1400000010
 -0.3000000120 -0.1400000010
 -0.2800000010 -0.1400000010
 -0.2599999900 -0.1400000010
 -0.2399999950 -0.1400000010
 -0.2199999990 -0.1400000010
 -0.2000000030 -0.1400000010
 -0.1800000070 -0.1400000010
 -0.1599999960 -0.1400000010
 -0.1400000010 -0.1400000010
 -0.1199999970 -0.1400000010
 -0.1000000010 -0.1400000010
 -0.0799999982 -0.1400000010
 -0.0599999987 -0.1400000010
 -0.0399999991 -0.1400000010
 -0.0199999996 -0.1400000010
  0.0000000000 -0.1400000010
  0.0199999996 -0.1400000010
  0.0399999991 -0.1400000010
  0.0599999987 -0.1400000010
  0.0799999982 -0.1400000010
  0.1000000010 -0.1400000010
  0.1199999970 -0.1400000010
  0.1400000010 -0.1400000010
  0.1599999960 -0.1400000010
  0.1800000070 -0.1400000010
  0.2000000030 -0.1400000010
  0.2199999990 -0.1400000010
  0.2399999950 -0.1400000010
  0.2599999900 -0.1400000010
  0.2800000010 -0.1400000010
  0.3000000120 -0.1400000010
  0.3199999930 -0.1400000010
  0.3400000040 -0.1400000010
  0.3600000140 -0.1400000010
  0.3799999950 -0.1400000010
  0.4000000060 -0.1400000010
  0.4199999870 -0.1400000010
  0.4399999980 -0.1400000010
  0.4600000080 -0.1400000010
  0.4799999890 -0.1400000010
  0.5000000000 -0.1400000010
 -0.5000000000 -0.1199999970
 -0.4799999890 -0.1199999970
 -0.4600000080 -0.1199999970
 -0.4399999980 -0.1199999970
 -0.4199999870 -0.1199999970
 -0.4000000060 -0.1199999970
 -0.3799999950 -0.1199999970
 -0.3600000140 -0.1199999970
 -0.3400000040 -0.1199999970
 -0.3199999930 -0.1199999970
 -0.3000000120 -0.1199999970
 -0.2800000010 -0.1199999970
 -0.2599999900 -0.1199999970
 -0.2399999950 -0.1199999970
 -0.2199999990 -0.1199999970
 -0.2000000030 -0.1199999970
 -0.1800000070 -0.1199999970
 -0.1599999960 -0.1199999970
 -0.1400000010 -0.1199999970
 -0.1199999970 -0.1199999970
 -0.1000000010 -0.1199999970
 -0.0799999982 -0.1199999970
 -0.0599999987 -0.1199999970
 -0.0399999991 -0.1199999970
 -0.0199999996 -0.1199999970
  0.0000000000 -0.1199999970
  0.0199999996 -0.1199999970
  0.0399999991 -0.1199999970
  0.0599999987 -0.1199999970
  0.0799999982 -0.1199999970
  0.1000000010 -0.1199999970
  0.1199999970 -0.1199999970
  0.1400000010 -0.1199999970
  0.1599999960 -0.1199999970
  0.1800000070 -0.1199999970
  0.2000000030 -0.1199999970
  0.2199999990 -0.1199999970
  0.2399999950 -0.1199999970
  0.2599999900 -0.1199999970
  0.2800000010 -0.1199999970
  0.3000000120 -0.1199999970
  0.3199999930 -0.1199999970
  0.3400000040 -0.1199999970
  0.3600000140 -0.1199999970
  0.3799999950 -0.1199999970
  0.4000000060 -0.1199999970
  0.4199999870 -0.1199999970
  0.4399999980 -0.1199999970
  0.4600000080 -0.1199999970
  0.4799999890 -0.1199999970
  0.5000000000 -0.1199999970
 -0.5000000000 -0.1000000010
 -0.4799999890 -0.1000000010
 -0.4600000080 -0.1000000010
 -0.4399999980 -0.1000000010
 -0.4199999870 -0.1000000010
 -0.4000000060 -0.1000000010
 -0.3799999950 -0.1000000010
 -0.3600000140 -0.1000000010
 -0.3400000040 -0.1000000010
 -0.3199999930 -0.1000000010
 -0.3000000120 -0.1000000010
 -0.2800000010 -0.1000000010
 -0.2599999900 -0.1000000010
 -0.2399999950 -0.1000000010
 -0.2199999990 -0.1000000010
 -0.2000000030 -0.1000000010
 -0.1800000070 -0.1000000010
 -0.1599999960 -0.1000000010
 -0.1400000010 -0.1000000010
 -0.1199999970 -0.1000000010
 -0.1000000010 -0.1000000010
 -0.0799999982 -0.1000000010
 -0.0599999987 -0.1000000010
 -0.0399999991 -0.1000000010
 -0.0199999996 -0.1000000010
  0.0000000000 -0.1000000010
  0.0199999996 -0.1000000010
  0.0399999991 -0.1000000010
  0.0599999987 -0.1000000010
  0.0799999982 -0.1000000010
  0.1000000010 -0.1000000010
  0.1199999970 -0.1000000010
  0.1400000010 -0.1000000010
  0.1599999960 -0.1000000010
  0.1800000070 -0.1000000010
  0.2000000030 -0.1000000010
  0.2199999990 -0.1000000010
  0.2399999950 -0.1000000010
  0.2599999900 -0.1000000010
  0.2800000010 -0.1000000010
  0.3000000120 -0.1000000010
  0.3199999930 -0.1000000010
  0.3400000040 -0.1000000010
  0.3600000140 -0.1000000010
  0.3799999950 -0.1000000010
  0.4000000060 -0.1000000010
  0.4199999870 -0.1000000010
  0.4399999980 -0.1000000010
  0.4600000080 -0.1000000010
  0.4799999890 -0.1000000010
  0.5000000000 -0.1000000010
 -0.5000000000 -0.0799999982
 -0.4799999890 -0.0799999982
 -0.4600000080 -0.0799999982
 -0.4399999980 -0.0799999982
 -0.4199999870 -0.0799999982
 -0.4000000060 -0.0799999982
 -0.3799999950 -0.0799999982
 -0.3600000140 -0.0799999982
 -0.3400000040 -0.0799999982
 -0.3199999930 -0.0799999982
 -0.3000000120 -0.0799999982
 -0.2800000010 -0.0799999982
 -0.2599999900 -0.0799999982
 -0.2399999950 -0.0799999982
 -0.2199999990 -0.0799999982
 -0.2000000030 -0.0799999982
 -0.1800000070 -0.0799999982
 -0.1599999960 -0.0799999982
 -0.1400000010 -0.0799999982
 -0.1199999970 -0.0799999982
 -0.1000000010 -0.0799999982
 -0.0799999982 -0.0799999982
 -0.0599999987 -0.0799999982
 -0.0399999991 -0.0799999982
 -0.0199999996 -0.0799999982
  0.0000000000 -0.0799999982
  0.0199999996 -0.0799999982
  0.0399999991 -0.0799999982
  0.0599999987 -0.0799999982
  0.0799999982 -0.0799999982
  0.1000000010 -0.0799999982
  0.1199999970 -0.0799999982
  0.1400000010 -0.0799999982
  0.1599999960 -0.0799999982
  0.1800000070 -0.0799999982
  0.2000000030 -0.0799999982
  0.2199999990 -0.0799999982
  0.2399999950 -0.0799999982
  0.2599999900 -0.0799999982
  0.2800000010 -0.0799999982
  0.3000000120 -0.0799999982
  0.3199999930 -0.0799999982
  0.3400000040 -0.0799999982
  0.3600000140 -0.0799999982
  0.3799999950 -0.0799999982
  0.4000000060 -0.0799999982
  0.4199999870 -0.0799999982
  0.4399999980 -0.0799999982
  0.4600000080 -0.0799999982
  0.4799999890 -0.0799999982
  0.5000000000 -0.0799999982
 -0.5000000000 -0.0599999987
 -0.4799999890 -0.0599999987
 -0.4600000080 -0.0599999987
 -0.4399999980 -0.0599999987
 -0.4199999870 -0.0599999987
 -0.4000000060 -0.0599999987
 -0.3799999950 -0.0599999987
 -0.3600000140 -0.0599999987
 -0.3400000040 -0.0599999987
 -0.3199999930 -0.0599999987
 -0.3000000120 -0.0599999987
 -0.2800000010 -0.0599999987
 -0.2599999900 -0.0599999987
 -0.2399999950 -0.0599999987
 -0.2199999990 -0.0599999987
 -0.2000000030 -0.0599999987
 -0.1800000070 -0.0599999987
 -0.1599999960 -0.0599999987
 -0.1400000010 -0.0599999987
 -0.1199999970 -0.0599999987
 -0.1000000010 -0.0599999987
 -0.0799999982 -0.0599999987
 -0.0599999987 -0.0599999987
 -0.0399999991 -0.0599999987
 -0.0199999996 -0.0599999987
  0.0000000000 -0.0599999987
  0.0199999996 -0.0599999987
  0.0399999991 -0.0599999987
  0.0599999987 -0.0599999987
  0.0799999982 -0.0599999987
  0.1000000010 -0.0599999987
  0.1199999970 -0.0599999987
  0.1400000010 -0.0599999987
  0.1599999960 -0.0599999987
  0.1800000070 -0.0599999987
  0.2000000030 -0.0599999987
  0.2199999990 -0.0599999987
  0.2399999950 -0.0599999987
  0.2599999900 -0.0599999987
  0.2800000010 -0.0599999987
  0.3000000120 -0.0599999987
  0.3199999930 -0.0599999987
  0.3400000040 -0.0599999987
  0.3600000140 -0.0599999987
  0.3799999950 -0.0599999987
  0.4000000060 -0.0599999987
  0.4199999870 -0.0599999987
  0.4399999980 -0.0599999987
  0.4600000080 -0.0599999987
  0.4799999890 -0.0599999987
  0.5000000000 -0.0599999987
 -0.5000000000 -0.0399999991
 -0.4799999890 -0.0399999991
 -0.4600000080 -0.0399999991
 -0.4399999980 -0.0399999991
 -0.4199999870 -0.0399999991
 -0.4000000060 -0.0399999991
 -0.3799999950 -0.0399999991
 -0.3600000140 -0.0399999991
 -0.3400000040 -0.0399999991
 -0.3199999930 -0.0399999991
 -0.3000000120 -0.0399999991
 -0.2800000010 -0.0399999991
 -0.2599999900 -0.0399999991
 -0.2399999950 -0.0399999991
 -0.2199999990 -0.0399999991
 -0.2000000030 -0.0399999991
 -0.1800000070 -0.0399999991
 -0.1599999960 -0.0399999991
 -0.1400000010 -0.0399999991
 -0.1199999970 -0.0399999991
 -0.1000000010 -0.0399999991
 -0.0799999982 -0.0399999991
 -0.0599999987 -0.0399999991
 -0.0399999991 -0.0399999991
 -0.0199999996 -0.0399999991
  0.0000000000 -0.0399999991
  0.0199999996 -0.0399999991
  0.0399999991 -0.0399999991
  0.0599999987 -0.0399999991
  0.0799999982 -0.0399999991
  0.1000000010 -0.0399999991
  0.1199999970 -0.0399999991
  0.1400000010 -0.0399999991
  0.1599999960 -0.0399999991
  0.1800000070 -0.0399999991
  0.2000000030 -0.0399999991
  0.2199999990 -0.0399999991
  0.2399999950 -0.0399999991
  0.2599999900 -0.0399999991
  0.2800000010 -0.0399999991
  0.3000000120 -0.0399999991
  0.3199999930 -0.0399999991
  0.3400000040 -0.0399999991
  0.3600000140 -0.0399999991
  0.3799999950 -0.0399999991
  0.4000000060 -0.0399999991
  0.4199999870 -0.0399999991
  0.4399999980 -0.0399999991
  0.4600000080 -0.0399999991
  0.4799999890 -0.0399999991
  0.5000000000 -0.0399999991
 -0.5000000000 -0.0199999996
 -0.4799999890 -0.0199999996
 -0.4600000080 -0.0199999996
 -0.4399999980 -0.0199999996
 -0.4199999870 -0.0199999996
 -0.4000000060 -0.0199999996
 -0.3799999950 -0.0199999996
 -0.3600000140 -0.0199999996
 -0.3400000040 -0.0199999996
 -0.3199999930 -0.0199999996
 -0.3000000120 -0.0199999996
 -0.2800000010 -0.0199999996
 -0.2599999900 -0.0199999996
 -0.2399999950 -0.0199999996
 -0.2199999990 -0.0199999996
 -0.2000000030 -0.0199999996
 -0.1800000070 -0.0199999996
 -0.1599999960 -0.0199999996
 -0.1400000010 -0.0199999996
 -0.1199999970 -0.0199999996
 -0.1000000010 -0.0199999996
 -0.0799999982 -0.0199999996
 -0.0599999987 -0.0199999996
 -0.0399999991 -0.0199999996
 -0.0199999996 -0.0199999996
  0.0000000000 -0.0199999996
  0.0199999996 -0.0199999996
  0.0399999991 -0.0199999996
  0.0599999987 -0.0199999996
  0.0799999982 -0.0199999996
  0.1000000010 -0.0199999996
  0.1199999970 -0.0199999996
  0.1400000010 -0.0199999996
  0.1599999960 -0.0199999996
  0.1800000070 -0.0199999996
  0.2000000030 -0.0199999996
  0.2199999990 -0.0199999996
  0.2399999950 -0.0199999996
  0.2599999900 -0.0199999996
  0.2800000010 -0.0199999996
  0.3000000120 -0.0199999996
  0.3199999930 -0.0199999996
  0.3400000040 -0.0199999996
  0.3600000140 -0.0199999996
  0.3799999950 -0.0199999996
  0.4000000060 -0.0199999996
  0.4199999870 -0.0199999996
  0.4399999980 -0.0199999996
  0.4600000080 -0.0199999996
  0.4799999890 -0.0199999996
  0.5000000000 -0.0199999996
 -0.5000000000  0.0000000000
 -0.4799999890  0.0000000000
 -0.4600000080  0.0000000000
 -0.4399999980  0.0000000000
 -0.4199999870  0.0000000000
 -0.4000000060  0.0000000000
 -0.3799999950  0.0000000000
 -0.3600000140  0.0000000000
 -0.3400000040  0.0000000000
 -0.3199999930  0.0000000000
 -0.3000000120  0.0000000000
 -0.2800000010  0.0000000000
 -0.2599999900  0.0000000000
 -0.2399999950  0.0000000000
 -0.2199999990  0.0000000000
 -0.2000000030  0.0000000000
 -0.1800000070  0.0000000000
 -0.1599999960  0.0000000000
 -0.1400000010  0.0000000000
 -0.1199999970  0.0000000000
 -0.1000000010  0.0000000000
 -0.0799999982  0.0000000000
 -0.0599999987  0.0000000000
 -0.0399999991  0.0000000000
 -0.0199999996  0.0000000000
  0.0000000000  0.0000000000
  0.0199999996  0.0000000000
  0.0399999991  0.0000000000
  0.0599999987  0.0000000000
  0.0799999982  0.0000000000
  0.1000000010  0.0000000000
  0.1199999970  0.0000000000
  0.1400000010  0.0000000000
  0.1599999960  0.0000000000
  0.1800000070  0.0000000000
  0.2000000030  0.0000000000
  0.2199999990  0.0000000000
  0.2399999950  0.0000000000
  0.2599999900  0.0000000000
  0.2800000010  0.0000000000
  0.3000000120  0.0000000000
  0.3199999930  0.0000000000
  0.3400000040  0.0000000000
  0.3600000140  0.0000000000
  0.3799999950  0.0000000000
  0.4000000060  0.0000000000
  0.4199999870  0.0000000000
  0.4399999980  0.0000000000
  0.4600000080  0.0000000000
  0.4799999890  0.0000000000
  0.5000000000  0.0000000000
 -0.5000000000  0.0199999996
 -0.4799999890  0.0199999996
 -0.4600000080  0.0199999996
 -0.4399999980  0.0199999996
 -0.4199999870  0.0199999996
 -0.4000000060  0.0199999996
 -0.3799999950  0.0199999996
 -0.3600000140  0.0199999996
 -0.3400000040  0.0199999996
 -0.3199999930  0.0199999996
 -0.3000000120  0.0199999996
 -0.2800000010  0.0199999996
 -0.2599999900  0.0199999996
 -0.2399999950  0.0199999996
 -0.2199999990  0.0199999996
 -0.2000000030  0.0199999996
 -0.1800000070  0.0199999996
 -0.1599999960  0.0199999996
 -0.1400000010  0.0199999996
 -0.1199999970  0.0199999996
 -0.1000000010  0.0199999996
 -0.0799999982  0.0199999996
 -0.0599999987  0.0199999996
 -0.0399999991  0.0199999996
 -0.0199999996  0.0199999996
  0.0000000000  0.0199999996
  0.0199999996  0.0199999996
  0.0399999991  0.0199999996
  0.0599999987  0.0199999996
  0.0799999982  0.0199999996
  0.1000000010  0.0199999996
  0.1199999970  0.0199999996
  0.1400000010  0.0199999996
  0.1599999960  0.0199999996
  0.1800000070  0.0199999996
  0.2000000030  0.0199999996
  0.2199999990  0.0199999996
  0.2399999950  0.0199999996
  0.2599999900  0.0199999996
  0.2800000010  0.0199999996
  0.3000000120  0.0199999996
  0.3199999930  0.0199999996
  0.3400000040  0.0199999996
  0.3600000140  0.0199999996
  0.3799999950  0.0199999996
  0.4000000060  0.0199999996
  0.4199999870  0.0199999996
  0.4399999980  0.0199999996
  0.4600000080  0.0199999996
  0.4799999890  0.0199999996
  0.5000000000  0.0199999996
 -0.5000000000  0.0399999991
 -0.4799999890  0.0399999991
 -0.4600000080  0.0399999991
 -0.4399999980  0.0399999991
 -0.4199999870  0.0399999991
 -0.4000000060  0.0399999991
 -0.3799999950  0.0399999991
 -0.3600000140  0.0399999991
 -0.3400000040  0.0399999991
 -0.3199999930  0.0399999991
 -0.3000000120  0.0399999991
 -0.2800000010  0.0399999991
 -0.2599999900  0.0399999991
 -0.2399999950  0.0399999991
 -0.2199999990  0.0399999991
 -0.2000000030  0.0399999991
 -0.1800000070  0.0399999991
 -0.1599999960  0.0399999991
 -0.1400000010  0.0399999991
 -0.1199999970  0.0399999991
 -0.1000000010  0.0399999991
 -0.0799999982  0.0399999991
 -0.0599999987  0.0399999991
 -0.0399999991  0.0399999991
 -0.0199999996  0.0399999991
  0.0000000000  0.0399999991
  0.0199999996  0.0399999991
  0.0399999991  0.0399999991
  0.0599999987  0.0399999991
  0.0799999982  0.0399999991
  0.1000000010  0.0399999991
  0.1199999970  0.0399999991
  0.1400000010  0.0399999991
  0.1599999960  0.0399999991
  0.1800000070  0.0399999991
  0.2000000030  0.0399999991
  0.2199999990  0.0399999991
  0.2399999950  0.0399999991
  0.2599999900  0.0399999991
  0.2800000010  0.0399999991
  0.3000000120  0.0399999991
  0.3199999930  0.0399999991
  0.3400000040  0.0399999991
  0.3600000140  0.0399999991
  0.3799999950  0.0399999991
  0.4000000060  0.0399999991
  0.4199999870  0.0399999991
  0.4399999980  0.0399999991
  0.4600000080  0.0399999991
  0.4799999890  0.0399999991
  0.5000000000  0.0399999991
 -0.5000000000  0.0599999987
 -0.4799999890  0.0599999987
 -0.4600000080  0.0599999987
 -0.4399999980  0.0599999987
 -0.4199999870  0.0599999987
 -0.4000000060  0.0599999987
 -0.3799999950  0.0599999987
 -0.3600000140  0.0599999987
 -0.3400000040  0.0599999987
 -0.3199999930  0.0599999987
 -0.3000000120  0.0599999987
 -0.2800000010  0.0599999987
 -0.2599999900  0.0599999987
 -0.2399999950  0.0599999987
 -0.2199999990  0.0599999987
 -0.2000000030  0.0599999987
 -0.1800000070  0.0599999987
 -0.1599999960  0.0599999987
 -0.1400000010  0.0599999987
 -0.1199999970  0.0599999987
 -0.1000000010  0.0599999987
 -0.0799999982  0.0599999987
 -0.0599999987  0.0599999987
 -0.0399999991  0.0599999987
 -0.0199999996  0.0599999987
  0.0000000000  0.0599999987
  0.0199999996  0.0599999987
  0.0399999991  0.0599999987
  0.0599999987  0.0599999987
  0.0799999982  0.0599999987
  0.1000000010  0.0599999987
  0.1199999970  0.0599999987
  0.1400000010  0.0599999987
  0.1599999960  0.0599999987
  0.1800000070  0.0599999987
  0.2000000030  0.0599999987
  0.2199999990  0.0599999987
  0.2399999950  0.0599999987
  0.2599999900  0.0599999987
  0.2800000010  0.0599999987
  0.3000000120  0.0599999987
  0.3199999930  0.0599999987
  0.3400000040  0.0599999987
  0.3600000140  0.0599999987
  0.3799999950  0.0599999987
  0.4000000060  0.0599999987
  0.4199999870  0.0599999987
  0.4399999980  0.0599999987
  0.4600000080  0.0599999987
  0.4799999890  0.0599999987
  0.5000000000  0.0599999987
 -0.5000000000  0.0799999982
 -0.4799999890  0.0799999982
 -0.4600000080  0.0799999982
 -0.4399999980  0.0799999982
 -0.4199999870  0.0799999982
 -0.4000000060  0.0799999982
 -0.3799999950  0.0799999982
 -0.3600000140  0.0799999982
 -0.3400000040  0.0799999982
 -0.3199999930  0.0799999982
 -0.3000000120  0.0799999982
 -0.2800000010  0.0799999982
 -0.2599999900  0.0799999982
 -0.2399999950  0.0799999982
 -0.2199999990  0.0799999982
 -0.2000000030  0.0799999982
 -0.1800000070  0.0799999982
 -0.1599999960  0.0799999982
 -0.1400000010  0.0799999982
 -0.1199999970  0.0799999982
 -0.1000000010  0.0799999982
 -0.0799999982  0.0799999982
 -0.0599999987  0.0799999982
 -0.0399999991  0.0799999982
 -0.0199999996  0.0799999982
  0.0000000000  0.0799999982
  0.0199999996  0.0799999982
  0.0399999991  0.0799999982
  0.0599999987  0.0799999982
  0.0799999982  0.0799999982
  0.1000000010  0.0799999982
  0.1199999970  0.0799999982
  0.1400000010  0.0799999982
  0.1599999960  0.0799999982
  0.1800000070  0.0799999982
  0.2000000030  0.0799999982
  0.2199999990  0.0799999982
  0.2399999950  0.0799999982
  0.2599999900  0.0799999982
  0.2800000010  0.0799999982
  0.3000000120  0.0799999982
  0.3199999930  0.0799999982
  0.3400000040  0.0799999982
  0.3600000140  0.0799999982
  0.3799999950  0.0799999982
  0.4000000060  0.0799999982
  0.4199999870  0.0799999982
  0.4399999980  0.0799999982
  0.4600000080  0.0799999982
  0.4799999890  0.0799999982
  0.5000000000  0.0799999982
 -0.5000000000  0.1000000010
 -0.4799999890  0.1000000010
 -0.4600000080  0.1000000010
 -0.4399999980  0.1000000010
 -0.4199999870  0.1000000010
 -0.4000000060  0.1000000010
 -0.3799999950  0.1000000010
 -0.3600000140  0.1000000010
 -0.3400000040  0.1000000010
 -0.3199999930  0.1000000010
 -0.3000000120  0.1000000010
 -0.2800000010  0.1000000010
 -0.2599999900  0.1000000010
 -0.2399999950  0.1000000010
 -0.2199999990  0.1000000010
 -0.2000000030  0.1000000010
 -0.1800000070  0.1000000010
 -0.1599999960  0.1000000010
 -0.1400000010  0.1000000010
 -0.1199999970  0.1000000010
 -0.1000000010  0.1000000010
 -0.0799999982  0.1000000010
 -0.0599999987  0.1000000010
 -0.0399999991  0.1000000010
 -0.0199999996  0.1000000010
  0.0000000000  0.1000000010
  0.0199999996  0.1000000010
  0.0399999991  0.1000000010
  0.0599999987  0.1000000010
  0.0799999982  0.1000000010
  0.1000000010  0.1000000010
  0.1199999970  0.1000000010
  0.1400000010  0.1000000010
  0.1599999960  0.1000000010
  0.1800000070  0.1000000010
  0.2000000030  0.1000000010
  0.2199999990  0.1000000010
  0.2399999950  0.1000000010
  0.2599999900  0.1000000010
  0.2800000010  0.1000000010
  0.3000000120  0.1000000010
  0.3199999930  0.1000000010
  0.3400000040  0.1000000010
  0.3600000140  0.1000000010
  0.3799999950  0.1000000010
  0.4000000060  0.1000000010
  0.4199999870  0.1000000010
  0.4399999980  0.1000000010
  0.4600000080  0.1000000010
  0.4799999890  0.1000000010
  0.5000000000  0.1000000010
 -0.5000000000  0.1199999970
 -0.4799999890  0.1199999970
 -0.4600000080  0.1199999970
 -0.4399999980  0.1199999970
 -0.4199999870  0.1199999970
 -0.4000000060  0.1199999970
 -0.3799999950  0.1199999970
 -0.3600000140  0.1199999970
 -0.3400000040  0.1199999970
 -0.3199999930  0.1199999970
 -0.3000000120  0.1199999970
 -0.2800000010  0.1199999970
 -0.2599999900  0.1199999970
 -0.2399999950  0.1199999970
 -0.2199999990  0.1199999970
 -0.2000000030  0.1199999970
 -0.1800000070  0.1199999970
 -0.1599999960  0.1199999970
 -0.1400000010  0.1199999970
 -0.1199999970  0.1199999970
 -0.1000000010  0.1199999970
 -0.0799999982  0.1199999970
 -0.0599999987  0.1199999970
 -0.0399999991  0.1199999970
 -0.0199999996  0.1199999970
  0.0000000000  0.1199999970
  0.0199999996  0.1199999970
  0.0399999991  0.1199999970
  0.0599999987  0.1199999970
  0.0799999982  0.1199999970
  0.1000000010  0.1199999970
  0.1199999970  0.1199999970
  0.1400000010  0.1199999970
  0.1599999960  0.1199999970
  0.1800000070  0.1199999970
  0.2000000030  0.1199999970
  0.2199999990  0.1199999970
  0.2399999950  0.1199999970
  0.2599999900  0.1199999970
  0.2800000010  0.1199999970
  0.3000000120  0.1199999970
  0.3199999930  0.1199999970
  0.3400000040  0.1199999970
  0.3600000140  0.1199999970
  0.3799999950  0.1199999970
  0.4000000060  0.1199999970
  0.4199999870  0.1199999970
  0.4399999980  0.1199999970
  0.4600000080  0.1199999970
  0.4799999890  0.1199999970
  0.5000000000  0.1199999970
 -0.5000000000  0.1400000010
 -0.4799999890  0.1400000010
 -0.4600000080  0.1400000010
 -0.4399999980  0.1400000010
 -0.4199999870  0.1400000010
 -0.4000000060  0.1400000010
 -0.3799999950  0.1400000010
 -0.3600000140  0.1400000010
 -0.3400000040  0.1400000010
 -0.3199999930  0.1400000010
 -0.3000000120  0.1400000010
 -0.2800000010  0.1400000010
 -0.2599999900  0.1400000010
 -0.2399999950  0.1400000010
 -0.2199999990  0.1400000010
 -0.2000000030  0.1400000010
 -0.1800000070  0.1400000010
 -0.1599999960  0.1400000010
 -0.1400000010  0.1400000010
 -0.1199999970  0.1400000010
 -0.1000000010  0.1400000010
 -0.0799999982  0.1400000010
 -0.0599999987  0.1400000010
 -0.0399999991  0.1400000010
 -0.0199999996  0.1400000010
  0.0000000000  0.1400000010
  0.0199999996  0.1400000010
  0.0399999991  0.1400000010
  0.0599999987  0.1400000010
  0.0799999982  0.1400000010
  0.1000000010  0.1400000010
  0.1199999970  0.1400000010
  0.1400000010  0.1400000010
  0.1599999960  0.1400000010
  0.1800000070  0.1400000010
  0.2000000030  0.1400000010
  0.2199999990  0.1400000010
  0.2399999950  0.1400000010
  0.2599999900  0.1400000010
  0.2800000010  0.1400000010
  0.3000000120  0.1400000010
  0.3199999930  0.1400000010
  0.3400000040  0.1400000010
  0.3600000140  0.1400000010
  0.3799999950  0.1400000010
  0.4000000060  0.1400000010
  0.4199999870  0.1400000010
  0.4399999980  0.1400000010
  0.4600000080  0.1400000010
  0.4799999890  0.1400000010
  0.5000000000  0.1400000010
 -0.5000000000  0.1599999960
 -0.4799999890  0.1599999960
 -0.4600000080  0.1599999960
 -0.4399999980  0.1599999960
 -0.4199999870  0.1599999960
 -0.4000000060  0.1599999960
 -0.3799999950  0.1599999960
 -0.3600000140  0.1599999960
 -0.3400000040  0.1599999960
 -0.3199999930  0.1599999960
 -0.3000000120  0.1599999960
 -0.2800000010  0.1599999960
 -0.2599999900  0.1599999960
 -0.2399999950  0.1599999960
 -0.2199999990  0.1599999960
 -0.2000000030  0.1599999960
 -0.1800000070  0.1599999960
 -0.1599999960  0.1599999960
 -0.1400000010  0.1599999960
 -0.1199999970  0.1599999960
 -0.1000000010  0.1599999960
 -0.0799999982  0.1599999960
 -0.0599999987  0.1599999960
 -0.0399999991  0.1599999960
 -0.0199999996  0.1599999960
  0.0000000000  0.1599999960
  0.0199999996  0.1599999960
  0.0399999991  0.1599999960
  0.0599999987  0.1599999960
  0.0799999982  0.1599999960
  0.1000000010  0.1599999960
  0.1199999970  0.1599999960
  0.1400000010  0.1599999960
  0.1599999960  0.1599999960
  0.1800000070  0.1599999960
  0.2000000030  0.1599999960
  0.2199999990  0.1599999960
  0.2399999950  0.1599999960
  0.2599999900  0.1599999960
  0.2800000010  0.1599999960
  0.3000000120  0.1599999960
  0.3199999930  0.1599999960
  0.3400000040  0.1599999960
  0.3600000140  0.1599999960
  0.3799999950  0.1599999960
  0.4000000060  0.1599999960
  0.4199999870  0.1599999960
  0.4399999980  0.1599999960
  0.4600000080  0.1599999960
  0.4799999890  0.1599999960
  0.5000000000  0.1599999960
 -0.5000000000  0.1800000070
 -0.4799999890  0.1800000070
 -0.4600000080  0.1800000070
 -0.4399999980  0.1800000070
 -0.4199999870  0.1800000070
 -0.4000000060  0.1800000070
 -0.3799999950  0.1800000070
 -0.3600000140  0.1800000070
 -0.3400000040  0.1800000070
 -0.3199999930  0.1800000070
 -0.3000000120  0.1800000070
 -0.2800000010  0.1800000070
 -0.2599999900  0.1800000070
 -0.2399999950  0.1800000070
 -0.2199999990  0.1800000070
 -0.2000000030  0.1800000070
 -0.1800000070  0.1800000070
 -0.1599999960  0.1800000070
 -0.1400000010  0.1800000070
 -0.1199999970  0.1800000070
 -0.1000000010  0.1800000070
 -0.0799999982  0.1800000070
 -0.0599999987  0.1800000070
 -0.0399999991  0.1800000070
 -0.0199999996  0.1800000070
  0.0000000000  0.1800000070
  0.0199999996  0.1800000070
  0.0399999991  0.1800000070
  0.0599999987  0.1800000070
  0.0799999982  0.1800000070
  0.1000000010  0.1800000070
  0.1199999970  0.1800000070
  0.1400000010  0.1800000070
  0.1599999960  0.1800000070
  0.1800000070  0.1800000070
  0.2000000030  0.1800000070
  0.2199999990  0.1800000070
  0.2399999950  0.1800000070
  0.2599999900  0.1800000070
  0.2800000010  0.1800000070
  0.3000000120  0.1800000070
  0.3199999930  0.1800000070
  0.3400000040  0.1800000070
  0.3600000140  0.1800000070
  0.3799999950  0.1800000070
  0.4000000060  0.1800000070
  0.4199999870  0.1800000070
  0.4399999980  0.1800000070
  0.4600000080  0.1800000070
  0.4799999890  0.1800000070
  0.5000000000  0.1800000070
 -0.5000000000  0.2000000030
 -0.4799999890  0.2000000030
 -0.4600000080  0.2000000030
 -0.4399999980  0.2000000030
 -0.4199999870  0.2000000030
 -0.4000000060  0.2000000030
 -0.3799999950  0.2000000030
 -0.3600000140  0.2000000030
 -0.3400000040  0.2000000030
 -0.3199999930  0.2000000030
 -0.3000000120  0.2000000030
 -0.2800000010  0.2000000030
 -0.2599999900  0.2000000030
 -0.2399999950  0.2000000030
 -0.2199999990  0.2000000030
 -0.2000000030  0.2000000030
 -0.1800000070  0.2000000030
 -0.1599999960  0.2000000030
 -0.1400000010  0.2000000030
 -0.1199999970  0.2000000030
 -0.1000000010  0.2000000030
 -0.0799999982  0.2000000030
 -0.0599999987  0.2000000030
 -0.0399999991  0.2000000030
 -0.0199999996  0.2000000030
  0.0000000000  0.2000000030
  0.0199999996  0.2000000030
  0.0399999991  0.2000000030
  0.0599999987  0.2000000030
  0.0799999982  0.2000000030
  0.1000000010  0.2000000030
  0.1199999970  0.2000000030
  0.1400000010  0.2000000030
  0.1599999960  0.2000000030
  0.1800000070  0.2000000030
  0.2000000030  0.2000000030
  0.2199999990  0.2000000030
  0.2399999950  0.2000000030
  0.2599999900  0.2000000030
  0.2800000010  0.2000000030
  0.3000000120  0.2000000030
  0.3199999930  0.2000000030
  0.3400000040  0.2000000030
  0.3600000140  0.2000000030
  0.3799999950  0.2000000030
  0.4000000060  0.2000000030
  0.4199999870  0.2000000030
  0.4399999980  0.2000000030
  0.4600000080  0.2000000030
  0.4799999890  0.2000000030
  0.5000000000  0.2000000030
 -0.5000000000  0.2199999990
 -0.4799999890  0.2199999990
 -0.4600000080  0.2199999990
 -0.4399999980  0.2199999990
 -0.4199999870  0.2199999990
 -0.4000000060  0.2199999990
 -0.3799999950  0.2199999990
 -0.3600000140  0.2199999990
 -0.3400000040  0.2199999990
 -0.3199999930  0.2199999990
 -0.3000000120  0.2199999990
 -0.2800000010  0.2199999990
 -0.2599999900  0.2199999990
 -0.2399999950  0.2199999990
 -0.2199999990  0.2199999990
 -0.2000000030  0.2199999990
 -0.1800000070  0.2199999990
 -0.1599999960  0.2199999990
 -0.1400000010  0.2199999990
 -0.1199999970  0.2199999990
 -0.1000000010  0.2199999990
 -0.0799999982  0.2199999990
 -0.0599999987  0.2199999990
 -0.0399999991  0.2199999990
 -0.0199999996  0.2199999990
  0.0000000000  0.2199999990
  0.0199999996  0.2199999990
  0.0399999991  0.2199999990
  0.0599999987  0.2199999990
  0.0799999982  0.2199999990
  0.1000000010  0.2199999990
  0.1199999970  0.2199999990
  0.1400000010  0.2199999990
  0.1599999960  0.2199999990
  0.1800000070  0.2199999990
  0.2000000030  0.2199999990
  0.2199999990  0.2199999990
  0.2399999950  0.2199999990
  0.2599999900  0.2199999990
  0.2800000010  0.2199999990
  0.3000000120  0.2199999990
  0.3199999930  0.2199999990
  0.3400000040  0.2199999990
  0.3600000140  0.2199999990
  0.3799999950  0.2199999990
  0.4000000060  0.2199999990
  0.4199999870  0.2199999990
  0.4399999980  0.2199999990
  0.4600000080  0.2199999990
  0.4799999890  0.2199999990
  0.5000000000  0.2199999990
 -0.5000000000  0.2399999950
 -0.4799999890  0.2399999950
 -0.4600000080  0.2399999950
 -0.4399999980  0.2399999950
 -0.4199999870  0.2399999950
 -0.4000000060  0.2399999950
 -0.3799999950  0.2399999950
 -0.3600000140  0.2399999950
 -0.3400000040  0.2399999950
 -0.3199999930  0.2399999950
 -0.3000000120  0.2399999950
 -0.2800000010  0.2399999950
 -0.2599999900  0.2399999950
 -0.2399999950  0.2399999950
 -0.2199999990  0.2399999950
 -0.2000000030  0.2399999950
 -0.1800000070  0.2399999950
 -0.1599999960  0.2399999950
 -0.1400000010  0.2399999950
 -0.1199999970  0.2399999950
 -0.1000000010  0.2399999950
 -0.0799999982  0.2399999950
 -0.0599999987  0.2399999950
 -0.0399999991  0.2399999950
 -0.0199999996  0.2399999950
  0.0000000000  0.2399999950
  0.0199999996  0.2399999950
  0.0399999991  0.2399999950
  0.0599999987  0.2399999950
  0.0799999982  0.2399999950
  0.1000000010  0.2399999950
  0.1199999970  0.2399999950
  0.1400000010  0.2399999950
  0.1599999960  0.2399999950
  0.1800000070  0.2399999950
  0.2000000030  0.2399999950
  0.2199999990  0.2399999950
  0.2399999950  0.2399999950
  0.2599999900  0.2399999950
  0.2800000010  0.2399999950
  0.3000000120  0.2399999950
  0.3199999930  0.2399999950
  0.3400000040  0.2399999950
  0.3600000140  0.2399999950
  0.3799999950  0.2399999950
  0.4000000060  0.2399999950
  0.4199999870  0.2399999950
  0.4399999980  0.2399999950
  0.4600000080  0.2399999950
  0.4799999890  0.2399999950
  0.5000000000  0.2399999950
 -0.5000000000  0.2599999900
 -0.4799999890  0.2599999900
 -0.4600000080  0.2599999900
 -0.4399999980  0.2599999900
 -0.4199999870  0.2599999900
 -0.4000000060  0.2599999900
 -0.3799999950  0.2599999900
 -0.3600000140  0.2599999900
 -0.3400000040  0.2599999900
 -0.3199999930  0.2599999900
 -0.3000000120  0.2599999900
 -0.2800000010  0.2599999900
 -0.2599999900  0.2599999900
 -0.2399999950  0.2599999900
 -0.2199999990  0.2599999900
 -0.2000000030  0.2599999900
 -0.1800000070  0.2599999900
 -0.1599999960  0.2599999900
 -0.1400000010  0.2599999900
 -0.1199999970  0.2599999900
 -0.1000000010  0.2599999900
 -0.0799999982  0.2599999900
 -0.0599999987  0.2599999900
 -0.0399999991  0.2599999900
 -0.0199999996  0.2599999900
  0.0000000000  0.2599999900
  0.0199999996  0.2599999900
  0.0399999991  0.2599999900
  0.0599999987  0.2599999900
  0.0799999982  0.2599999900
  0.1000000010  0.2599999900
  0.1199999970  0.2599999900
  0.1400000010  0.2599999900
  0.1599999960  0.2599999900
  0.1800000070  0.2599999900
  0.2000000030  0.2599999900
  0.2199999990  0.2599999900
  0.2399999950  0.2599999900
  0.2599999900  0.2599999900
  0.2800000010  0.2599999900
  0.3000000120  0.2599999900
  0.3199999930  0.2599999900
  0.3400000040  0.2599999900
  0.3600000140  0.2599999900
  0.3799999950  0.2599999900
  0.4000000060  0.2599999900
  0.4199999870  0.2599999900
  0.4399999980  0.2599999900
  0.4600000080  0.2599999900
  0.4799999890  0.2599999900
  0.5000000000  0.2599999900
 -0.5000000000  0.2800000010
 -0.4799999890  0.2800000010
 -0.4600000080  0.2800000010
 -0.4399999980  0.2800000010
 -0.4199999870  0.2800000010
 -0.4000000060  0.2800000010
 -0.3799999950  0.2800000010
 -0.3600000140  0.2800000010
 -0.3400000040  0.2800000010
 -0.3199999930  0.2800000010
 -0.3000000120  0.2800000010
 -0.2800000010  0.2800000010
 -0.2599999900  0.2800000010
 -0.2399999950  0.2800000010
 -0.2199999990  0.2800000010
 -0.2000000030  0.2800000010
 -0.1800000070  0.2800000010
 -0.1599999960  0.2800000010
 -0.1400000010  0.2800000010
 -0.1199999970  0.2800000010
 -0.1000000010  0.2800000010
 -0.0799999982  0.2800000010
 -0.0599999987  0.2800000010
 -0.0399999991  0.2800000010
 -0.0199999996  0.2800000010
  0.0000000000  0.2800000010
  0.0199999996  0.2800000010
  0.0399999991  0.2800000010
  0.0599999987  0.2800000010
  0.0799999982  0.2800000010
  0.1000000010  0.2800000010
  0.1199999970  0.2800000010
  0.1400000010  0.2800000010
  0.1599999960  0.2800000010
  0.1800000070  0.2800000010
  0.2000000030  0.2800000010
  0.2199999990  0.2800000010
  0.2399999950  0.2800000010
  0.2599999900  0.2800000010
  0.2800000010  0.2800000010
  0.3000000120  0.2800000010
  0.3199999930  0.2800000010
  0.3400000040  0.2800000010
  0.3600000140  0.2800000010
  0.3799999950  0.2800000010
  0.4000000060  0.2800000010
  0.4199999870  0.2800000010
  0.4399999980  0.2800000010
  0.4600000080  0.2800000010
  0.4799999890  0.2800000010
  0.5000000000  0.2800000010
 -0.5000000000  0.3000000120
 -0.4799999890  0.3000000120
 -0.4600000080  0.3000000120
 -0.4399999980  0.3000000120
 -0.4199999870  0.3000000120
 -0.4000000060  0.3000000120
 -0.3799999950  0.3000000120
 -0.3600000140  0.3000000120
 -0.3400000040  0.3000000120
 -0.3199999930  0.3000000120
 -0.3000000120  0.3000000120
 -0.2800000010  0.3000000120
 -0.2599999900  0.3000000120
 -0.2399999950  0.3000000120
 -0.2199999990  0.3000000120
 -0.2000000030  0.3000000120
 -0.1800000070  0.3000000120
 -0.1599999960  0.3000000120
 -0.1400000010  0.3000000120
 -0.1199999970  0.3000000120
 -0.1000000010  0.3000000120
 -0.0799999982  0.3000000120
 -0.0599999987  0.3000000120
 -0.0399999991  0.3000000120
 -0.0199999996  0.3000000120
  0.0000000000  0.3000000120
  0.0199999996  0.3000000120
  0.0399999991  0.3000000120
  0.0599999987  0.3000000120
  0.0799999982  0.3000000120
  0.1000000010  0.3000000120
  0.1199999970  0.3000000120
  0.1400000010  0.3000000120
  0.1599999960  0.3000000120
  0.1800000070  0.3000000120
  0.2000000030  0.3000000120
  0.2199999990  0.3000000120
  0.2399999950  0.3000000120
  0.2599999900  0.3000000120
  0.2800000010  0.3000000120
  0.3000000120  0.3000000120
  0.3199999930  0.3000000120
  0.3400000040  0.3000000120
  0.3600000140  0.3000000120
  0.3799999950  0.3000000120
  0.4000000060  0.3000000120
  0.4199999870  0.3000000120
  0.4399999980  0.3000000120
  0.4600000080  0.3000000120
  0.4799999890  0.3000000120
  0.5000000000  0.3000000120
 -0.5000000000  0.3199999930
 -0.4799999890  0.3199999930
 -0.4600000080  0.3199999930
 -0.4399999980  0.3199999930
 -0.4199999870  0.3199999930
 -0.4000000060  0.3199999930
 -0.3799999950  0.3199999930
 -0.3600000140  0.3199999930
 -0.3400000040  0.3199999930
 -0.3199999930  0.3199999930
 -0.3000000120  0.3199999930
 -0.2800000010  0.3199999930
 -0.2599999900  0.3199999930
 -0.2399999950  0.3199999930
 -0.2199999990  0.3199999930
 -0.2000000030  0.3199999930
 -0.1800000070  0.3199999930
 -0.1599999960  0.3199999930
 -0.1400000010  0.3199999930
 -0.1199999970  0.3199999930
 -0.1000000010  0.3199999930
 -0.0799999982  0.3199999930
 -0.0599999987  0.3199999930
 -0.0399999991  0.3199999930
 -0.0199999996  0.3199999930
  0.0000000000  0.3199999930
  0.0199999996  0.3199999930
  0.0399999991  0.3199999930
  0.0599999987  0.3199999930
  0.0799999982  0.3199999930
  0.1000000010  0.3199999930
  0.1199999970  0.3199999930
  0.1400000010  0.3199999930
  0.1599999960  0.3199999930
  0.1800000070  0.3199999930
  0.2000000030  0.3199999930
  0.2199999990  0.3199999930
  0.2399999950  0.3199999930
  0.2599999900  0.3199999930
  0.2800000010  0.3199999930
  0.3000000120  0.3199999930
  0.3199999930  0.3199999930
  0.3400000040  0.3199999930
  0.3600000140  0.3199999930
  0.3799999950  0.3199999930
  0.4000000060  0.3199999930
  0.4199999870  0.3199999930
  0.4399999980  0.3199999930
  0.4600000080  0.3199999930
  0.4799999890  0.3199999930
  0.5000000000  0.3199999930
 -0.5000000000  0.3400000040
 -0.4799999890  0.3400000040
 -0.4600000080  0.3400000040
 -0.4399999980  0.3400000040
 -0.4199999870  0.3400000040
 -0.4000000060  0.3400000040
 -0.3799999950  0.3400000040
 -0.3600000140  0.3400000040
 -0.3400000040  0.3400000040
 -0.3199999930  0.3400000040
 -0.3000000120  0.3400000040
 -0.2800000010  0.3400000040
 -0.2599999900  0.3400000040
 -0.2399999950  0.3400000040
 -0.2199999990  0.3400000040
 -0.2000000030  0.3400000040
 -0.1800000070  0.3400000040
 -0.1599999960  0.3400000040
 -0.1400000010  0.3400000040
 -0.1199999970  0.3400000040
 -0.1000000010  0.3400000040
 -0.0799999982  0.3400000040
 -0.0599999987  0.3400000040
 -0.0399999991  0.3400000040
 -0.0199999996  0.3400000040
  0.0000000000  0.3400000040
  0.0199999996  0.3400000040
  0.0399999991  0.3400000040
  0.0599999987  0.3400000040
  0.0799999982  0.3400000040
  0.1000000010  0.3400000040
  0.1199999970  0.3400000040
  0.1400000010  0.3400000040
  0.1599999960  0.3400000040
  0.1800000070  0.3400000040
  0.2000000030  0.3400000040
  0.2199999990  0.3400000040
  0.2399999950  0.3400000040
  0.2599999900  0.3400000040
  0.2800000010  0.3400000040
  0.3000000120  0.3400000040
  0.3199999930  0.3400000040
  0.3400000040  0.3400000040
  0.3600000140  0.3400000040
  0.3799999950  0.3400000040
  0.4000000060  0.3400000040
  0.4199999870  0.3400000040
  0.4399999980  0.3400000040
  0.4600000080  0.3400000040
  0.4799999890  0.3400000040
  0.5000000000  0.3400000040
 -0.5000000000  0.3600000140
 -0.4799999890  0.3600000140
 -0.4600000080  0.3600000140
 -0.4399999980  0.3600000140
 -0.4199999870  0.3600000140
 -0.4000000060  0.3600000140
 -0.3799999950  0.3600000140
 -0.3600000140  0.3600000140
 -0.3400000040  0.3600000140
 -0.3199999930  0.3600000140
 -0.3000000120  0.3600000140
 -0.2800000010  0.3600000140
 -0.2599999900  0.3600000140
 -0.2399999950  0.3600000140
 -0.2199999990  0.3600000140
 -0.2000000030  0.3600000140
 -0.1800000070  0.3600000140
 -0.1599999960  0.3600000140
 -0.1400000010  0.3600000140
 -0.1199999970  0.3600000140
 -0.1000000010  0.3600000140
 -0.0799999982  0.3600000140
 -0.0599999987  0.3600000140
 -0.0399999991  0.3600000140
 -0.0199999996  0.3600000140
  0.0000000000  0.3600000140
  0.0199999996  0.3600000140
  0.0399999991  0.3600000140
  0.0599999987  0.3600000140
  0.0799999982  0.3600000140
  0.1000000010  0.3600000140
  0.1199999970  0.3600000140
  0.1400000010  0.3600000140
  0.1599999960  0.3600000140
  0.1800000070  0.3600000140
  0.2000000030  0.3600000140
  0.2199999990  0.3600000140
  0.2399999950  0.3600000140
  0.2599999900  0.3600000140
  0.2800000010  0.3600000140
  0.3000000120  0.3600000140
  0.3199999930  0.3600000140
  0.3400000040  0.3600000140
  0.3600000140  0.3600000140
  0.3799999950  0.3600000140
  0.4000000060  0.3600000140
  0.4199999870  0.3600000140
  0.4399999980  0.3600000140
  0.4600000080  0.3600000140
  0.4799999890  0.3600000140
  0.5000000000  0.3600000140
 -0.5000000000  0.3799999950
 -0.4799999890  0.3799999950
 -0.4600000080  0.3799999950
 -0.4399999980  0.3799999950
 -0.4199999870  0.3799999950
 -0.4000000060  0.3799999950
 -0.3799999950  0.3799999950
 -0.3600000140  0.3799999950
 -0.3400000040  0.3799999950
 -0.3199999930  0.3799999950
 -0.3000000120  0.3799999950
 -0.2800000010  0.3799999950
 -0.2599999900  0.3799999950
 -0.2399999950  0.3799999950
 -0.2199999990  0.3799999950
 -0.2000000030  0.3799999950
 -0.1800000070  0.3799999950
 -0.1599999960  0.3799999950
 -0.1400000010  0.3799999950
 -0.1199999970  0.3799999950
 -0.1000000010  0.3799999950
 -0.0799999982  0.3799999950
 -0.0599999987  0.3799999950
 -0.0399999991  0.3799999950
 -0.0199999996  0.3799999950
  0.0000000000  0.3799999950
  0.0199999996  0.3799999950
  0.0399999991  0.3799999950
  0.0599999987  0.3799999950
  0.0799999982  0.3799999950
  0.1000000010  0.3799999950
  0.1199999970  0.3799999950
  0.1400000010  0.3799999950
  0.1599999960  0.3799999950
  0.1800000070  0.3799999950
  0.2000000030  0.3799999950
  0.2199999990  0.3799999950
  0.2399999950  0.3799999950
  0.2599999900  0.3799999950
  0.2800000010  0.3799999950
  0.3000000120  0.3799999950
  0.3199999930  0.3799999950
  0.3400000040  0.3799999950
  0.3600000140  0.3799999950
  0.3799999950  0.3799999950
  0.4000000060  0.3799999950
  0.4199999870  0.3799999950
  0.4399999980  0.3799999950
  0.4600000080  0.3799999950
  0.4799999890  0.3799999950
  0.5000000000  0.3799999950
 -0.5000000000  0.4000000060
 -0.4799999890  0.4000000060
 -0.4600000080  0.4000000060
 -0.4399999980  0.4000000060
 -0.4199999870  0.4000000060
 -0.4000000060  0.4000000060
 -0.3799999950  0.4000000060
 -0.3600000140  0.4000000060
 -0.3400000040  0.4000000060
 -0.3199999930  0.4000000060
 -0.3000000120  0.4000000060
 -0.2800000010  0.4000000060
 -0.2599999900  0.4000000060
 -0.2399999950  0.4000000060
 -0.2199999990  0.4000000060
 -0.2000000030  0.4000000060
 -0.1800000070  0.4000000060
 -0.1599999960  0.4000000060
 -0.1400000010  0.4000000060
 -0.1199999970  0.4000000060
 -0.1000000010  0.4000000060
 -0.0799999982  0.4000000060
 -0.0599999987  0.4000000060
 -0.0399999991  0.4000000060
 -0.0199999996  0.4000000060
  0.0000000000  0.4000000060
  0.0199999996  0.4000000060
  0.0399999991  0.4000000060
  0.0599999987  0.4000000060
  0.0799999982  0.4000000060
  0.1000000010  0.4000000060
  0.1199999970  0.4000000060
  0.1400000010  0.4000000060
  0.1599999960  0.4000000060
  0.1800000070  0.4000000060
  0.2000000030  0.4000000060
  0.2199999990  0.4000000060
  0.2399999950  0.4000000060
  0.2599999900  0.4000000060
  0.2800000010  0.4000000060
  0.3000000120  0.4000000060
  0.3199999930  0.4000000060
  0.3400000040  0.4000000060
  0.3600000140  0.4000000060
  0.3799999950  0.4000000060
  0.4000000060  0.4000000060
  0.4199999870  0.4000000060
  0.4399999980  0.4000000060
  0.4600000080  0.4000000060
  0.4799999890  0.4000000060
  0.5000000000  0.4000000060
 -0.5000000000  0.4199999870
 -0.4799999890  0.4199999870
 -0.4600000080  0.4199999870
 -0.4399999980  0.4199999870
 -0.4199999870  0.4199999870
 -0.4000000060  0.4199999870
 -0.3799999950  0.4199999870
 -0.3600000140  0.4199999870
 -0.3400000040  0.4199999870
 -0.3199999930  0.4199999870
 -0.3000000120  0.4199999870
 -0.2800000010  0.4199999870
 -0.2599999900  0.4199999870
 -0.2399999950  0.4199999870
 -0.2199999990  0.4199999870
 -0.2000000030  0.4199999870
 -0.1800000070  0.4199999870
 -0.1599999960  0.4199999870
 -0.1400000010  0.4199999870
 -0.1199999970  0.4199999870
 -0.1000000010  0.4199999870
 -0.0799999982  0.4199999870
 -0.0599999987  0.4199999870
 -0.0399999991  0.4199999870
 -0.0199999996  0.4199999870
  0.0000000000  0.4199999870
  0.0199999996  0.4199999870
  0.0399999991  0.4199999870
  0.0599999987  0.4199999870
  0.0799999982  0.4199999870
  0.1000000010  0.4199999870
  0.1199999970  0.4199999870
  0.1400000010  0.4199999870
  0.1599999960  0.4199999870
  0.1800000070  0.4199999870
  0.2000000030  0.4199999870
  0.2199999990  0.4199999870
  0.2399999950  0.4199999870
  0.2599999900  0.4199999870
  0.2800000010  0.4199999870
  0.3000000120  0.4199999870
  0.3199999930  0.4199999870
  0.3400000040  0.4199999870
  0.3600000140  0.4199999870
  0.3799999950  0.4199999870
  0.4000000060  0.4199999870
  0.4199999870  0.4199999870
  0.4399999980  0.4199999870
  0.4600000080  0.4199999870
  0.4799999890  0.4199999870
  0.5000000000  0.4199999870
 -0.5000000000  0.4399999980
 -0.4799999890  0.4399999980
 -0.4600000080  0.4399999980
 -0.4399999980  0.4399999980
 -0.4199999870  0.4399999980
 -0.4000000060  0.4399999980
 -0.3799999950  0.4399999980
 -0.3600000140  0.4399999980
 -0.3400000040  0.4399999980
 -0.3199999930  0.4399999980
 -0.3000000120  0.4399999980
 -0.2800000010  0.4399999980
 -0.2599999900  0.4399999980
 -0.2399999950  0.4399999980
 -0.2199999990  0.4399999980
 -0.2000000030  0.4399999980
 -0.1800000070  0.4399999980
 -0.1599999960  0.4399999980
 -0.1400000010  0.4399999980
 -0.1199999970  0.4399999980
 -0.1000000010  0.4399999980
 -0.0799999982  0.4399999980
 -0.0599999987  0.4399999980
 -0.0399999991  0.4399999980
 -0.0199999996  0.4399999980
  0.0000000000  0.4399999980
  0.0199999996  0.4399999980
  0.0399999991  0.4399999980
  0.0599999987  0.4399999980
  0.0799999982  0.4399999980
  0.1000000010  0.4399999980
  0.1199999970  0.4399999980
  0.1400000010  0.4399999980
  0.1599999960  0.4399999980
  0.1800000070  0.4399999980
  0.2000000030  0.4399999980
  0.2199999990  0.4399999980
  0.2399999950  0.4399999980
  0.2599999900  0.4399999980
  0.2800000010  0.4399999980
  0.3000000120  0.4399999980
  0.3199999930  0.4399999980
  0.3400000040  0.4399999980
  0.3600000140  0.4399999980
  0.3799999950  0.4399999980
  0.4000000060  0.4399999980
  0.4199999870  0.4399999980
  0.4399999980  0.4399999980
  0.4600000080  0.4399999980
  0.4799999890  0.4399999980
  0.5000000000  0.4399999980
 -0.5000000000  0.4600000080
 -0.4799999890  0.4600000080
 -0.4600000080  0.4600000080
 -0.4399999980  0.4600000080
 -0.4199999870  0.4600000080
 -0.4000000060  0.4600000080
 -0.3799999950  0.4600000080
 -0.3600000140  0.4600000080
 -0.3400000040  0.4600000080
 -0.3199999930  0.4600000080
 -0.3000000120  0.4600000080
 -0.2800000010  0.4600000080
 -0.2599999900  0.4600000080
 -0.2399999950  0.4600000080
 -0.2199999990  0.4600000080
 -0.2000000030  0.4600000080
 -0.1800000070  0.4600000080
 -0.1599999960  0.4600000080
 -0.1400000010  0.4600000080
 -0.1199999970  0.4600000080
 -0.1000000010  0.4600000080
 -0.0799999982  0.4600000080
 -0.0599999987  0.4600000080
 -0.0399999991  0.4600000080
 -0.0199999996  0.4600000080
  0.0000000000  0.4600000080
  0.0199999996  0.4600000080
  0.0399999991  0.4600000080
  0.0599999987  0.4600000080
  0.0799999982  0.4600000080
  0.1000000010  0.4600000080
  0.1199999970  0.4600000080
  0.1400000010  0.4600000080
  0.1599999960  0.4600000080
  0.1800000070  0.4600000080
  0.2000000030  0.4600000080
  0.2199999990  0.4600000080
  0.2399999950  0.4600000080
  0.2599999900  0.4600000080
  0.2800000010  0.4600000080
  0.3000000120  0.4600000080
  0.3199999930  0.4600000080
  0.3400000040  0.4600000080
  0.3600000140  0.4600000080
  0.3799999950  0.4600000080
  0.4000000060  0.4600000080
  0.4199999870  0.4600000080
  0.4399999980  0.4600000080
  0.4600000080  0.4600000080
  0.4799999890  0.4600000080
  0.5000000000  0.4600000080
 -0.5000000000  0.4799999890
 -0.4799999890  0.4799999890
 -0.4600000080  0.4799999890
 -0.4399999980  0.4799999890
 -0.4199999870  0.4799999890
 -0.4000000060  0.4799999890
 -0.3799999950  0.4799999890
 -0.3600000140  0.4799999890
 -0.3400000040  0.4799999890
 -0.3199999930  0.4799999890
 -0.3000000120  0.4799999890
 -0.2800000010  0.4799999890
 -0.2599999900  0.4799999890
 -0.2399999950  0.4799999890
 -0.2199999990  0.4799999890
 -0.2000000030  0.4799999890
 -0.1800000070  0.4799999890
 -0.1599999960  0.4799999890
 -0.1400000010  0.4799999890
 -0.1199999970  0.4799999890
 -0.1000000010  0.4799999890
 -0.0799999982  0.4799999890
 -0.0599999987  0.4799999890
 -0.0399999991  0.4799999890
 -0.0199999996  0.4799999890
  0.0000000000  0.4799999890
  0.0199999996  0.4799999890
  0.0399999991  0.4799999890
  0.0599999987  0.4799999890
  0.0799999982  0.4799999890
  0.1000000010  0.4799999890
  0.1199999970  0.4799999890
  0.1400000010  0.4799999890
  0.1599999960  0.4799999890
  0.1800000070  0.4799999890
  0.2000000030  0.4799999890
  0.2199999990  0.4799999890
  0.2399999950  0.4799999890
  0.2599999900  0.4799999890
  0.2800000010  0.4799999890
  0.3000000120  0.4799999890
  0.3199999930  0.4799999890
  0.3400000040  0.4799999890
  0.3600000140  0.4799999890
  0.3799999950  0.4799999890
  0.4000000060  0.4799999890
  0.4199999870  0.4799999890
  0.4399999980  0.4799999890
  0.4600000080  0.4799999890
  0.4799999890  0.4799999890
  0.5000000000  0.4799999890
 -0.5000000000  0.5000000000
 -0.4799999890  0.5000000000
 -0.4600000080  0.5000000000
 -0.4399999980  0.5000000000
 -0.4199999870  0.5000000000
 -0.4000000060  0.5000000000
 -0.3799999950  0.5000000000
 -0.3600000140  0.5000000000
 -0.3400000040  0.5000000000
 -0.3199999930  0.5000000000
 -0.3000000120  0.5000000000
 -0.2800000010  0.5000000000
 -0.2599999900  0.5000000000
 -0.2399999950  0.5000000000
 -0.2199999990  0.5000000000
 -0.2000000030  0.5000000000
 -0.1800000070  0.5000000000
 -0.1599999960  0.5000000000
 -0.1400000010  0.5000000000
 -0.1199999970  0.5000000000
 -0.1000000010  0.5000000000
 -0.0799999982  0.5000000000
 -0.0599999987  0.5000000000
 -0.0399999991  0.5000000000
 -0.0199999996  0.5000000000
  0.0000000000  0.5000000000
  0.0199999996  0.5000000000
  0.0399999991  0.5000000000
  0.0599999987  0.5000000000
  0.0799999982  0.5000000000
  0.1000000010  0.5000000000
  0.1199999970  0.5000000000
  0.1400000010  0.5000000000
  0.1599999960  0.5000000000
  0.1800000070  0.5000000000
  0.2000000030  0.5000000000
  0.2199999990  0.5000000000
  0.2399999950  0.5000000000
  0.2599999900  0.5000000000
  0.2800000010  0.5000000000
  0.3000000120  0.5000000000
  0.3199999930  0.5000000000
  0.3400000040  0.5000000000
  0.3600000140  0.5000000000
  0.3799999950  0.5000000000
  0.4000000060  0.5000000000
  0.4199999870  0.5000000000
  0.4399999980  0.5000000000
  0.4600000080  0.5000000000
  0.4799999890  0.5000000000
  0.5000000000  0.5000000000
