       1       1       1       0       0     999
       2       1       1       0       0     999
       3       1       1       0       0     999
       4       1       1       0       0     999
       5       1       1       0       0     999
       6       1       1       0       0     999
       7       1       1       0       0     999
       8       1       1       0       0     999
       9       1       1       0       0     999
      10       1       1       0       0     999
      11       1       1       0       0     999
      12       1       1       0       0     999
      13       1       1       0       0     999
      14       1       1       0       0     999
      15       1       1       0       0     999
      16       1       1       0       0     999
      17       1       1       0       0     999
      18       1       1       0       0     999
      19       1       1       0       0     999
      20       1       1       0       0     999
      21       1       1       0       0     999
      22       1       1       0       0     999
      23       1       1       0       0     999
      24       1       1       0       0     999
      25       1       1       0       0     999
      25       0       1       1       0    -999
      50       0       1       1       0    -999
      75       0       1       1       0    -999
     100       0       1       1       0    -999
     125       0       1       1       0    -999
     150       0       1       1       0    -999
     175       0       1       1       0    -999
     200       0       1       1       0    -999
     225       0       1       1       0    -999
     250       0       1       1       0    -999
     275       0       1       1       0    -999
     300       0       1       1       0    -999
     325       0       1       1       0    -999
     350       0       1       1       0    -999
     375       0       1       1       0    -999
     400       0       1       1       0    -999
     425       0       1       1       0    -999
     450       0       1       1       0    -999
     475       0       1       1       0    -999
     500       0       1       1       0    -999
     525       0       1       1       0    -999
     550       0       1       1       0    -999
     575       0       1       1       0    -999
     600       0       1       1       0    -999
     625       0       1       1       0    -999
     650       0       1       1       0    -999
     675       0       1       1       0    -999
     700       0       1       1       0    -999
     725       0       1       1       0    -999
     750       0       1       1       0    -999
     775       0       1       1       0    -999
     800       0       1       1       0    -999
     825       0       1       1       0    -999
     850       0       1       1       0    -999
     875       0       1       1       0    -999
     900       0       1       1       0    -999
     925       0       1       1       0    -999
     950       0       1       1       0    -999
     975       0       1       1       0    -999
    1000       0       1       1       0    -999
    1025       0       1       1       0    -999
    1050       0       1       1       0    -999
    1075       0       1       1       0    -999
    1100       0       1       1       0    -999
    1125       0       1       1       0    -999
    1150       0       1       1       0    -999
    1175       0       1       1       0    -999
    1200       0       1       1       0    -999
    1225       0       1       1       0    -999
    1250       0       1       1       0    -999
    1226       0       0       1       1    -999
    1227       0       0       1       1    -999
    1228       0       0       1       1    -999
    1229       0       0       1       1    -999
    1230       0       0       1       1    -999
    1231       0       0       1       1    -999
    1232       0       0       1       1    -999
    1233       0       0       1       1    -999
    1234       0       0       1       1    -999
    1235       0       0       1       1    -999
    1236       0       0       1       1    -999
    1237       0       0       1       1    -999
    1238       0       0       1       1    -999
    1239       0       0       1       1    -999
    1240       0       0       1       1    -999
    1241       0       0       1       1    -999
    1242       0       0       1       1    -999
    1243       0       0       1       1    -999
    1244       0       0       1       1    -999
    1245       0       0       1       1    -999
    1246       0       0       1       1    -999
    1247       0       0       1       1    -999
    1248       0       0       1       1    -999
    1249       0       0       1       1    -999
    1250       0       0       1       1    -999
       1       1       0       0       1    -999
      26       1       0       0       1    -999
      51       1       0       0       1    -999
      76       1       0       0       1    -999
     101       1       0       0       1    -999
     126       1       0       0       1    -999
     151       1       0       0       1    -999
     176       1       0       0       1    -999
     201       1       0       0       1    -999
     226       1       0       0       1    -999
     251       1       0       0       1    -999
     276       1       0       0       1    -999
     301       1       0       0       1    -999
     326       1       0       0       1    -999
     351       1       0       0       1    -999
     376       1       0       0       1    -999
     401       1       0       0       1    -999
     426       1       0       0       1    -999
     451       1       0       0       1    -999
     476       1       0       0       1    -999
     501       1       0       0       1    -999
     526       1       0       0       1    -999
     551       1       0       0       1    -999
     576       1       0       0       1    -999
     601       1       0       0       1    -999
     626       1       0       0       1    -999
     651       1       0       0       1    -999
     676       1       0       0       1    -999
     701       1       0       0       1    -999
     726       1       0       0       1    -999
     751       1       0       0       1    -999
     776       1       0       0       1    -999
     801       1       0       0       1    -999
     826       1       0       0       1    -999
     851       1       0       0       1    -999
     876       1       0       0       1    -999
     901       1       0       0       1    -999
     926       1       0       0       1    -999
     951       1       0       0       1    -999
     976       1       0       0       1    -999
    1001       1       0       0       1    -999
    1026       1       0       0       1    -999
    1051       1       0       0       1    -999
    1076       1       0       0       1    -999
    1101       1       0       0       1    -999
    1126       1       0       0       1    -999
    1151       1       0       0       1    -999
    1176       1       0       0       1    -999
    1201       1       0       0       1    -999
    1226       1       0       0       1    -999
