       1
       2
       3
       4
       5
       6
       7
       8
       9
      10
      11
      12
      13
      14
      15
      16
      17
      18
      19
      20
      21
      22
      23
      24
      25
      26
      27
      52
      53
      78
      79
     104
     105
     130
     131
     156
     157
     182
     183
     208
     209
     234
     235
     260
     261
     286
     287
     312
     313
     338
     339
     364
     365
     390
     391
     416
     417
     442
     443
     468
     469
     494
     495
     520
     521
     546
     547
     572
     573
     598
     599
     624
     625
     650
     651
     676
     677
     702
     703
     728
     729
     754
     755
     780
     781
     806
     807
     832
     833
     858
     859
     884
     885
     910
     911
     936
     937
     962
     963
     988
     989
    1014
    1015
    1040
    1041
    1066
    1067
    1092
    1093
    1118
    1119
    1144
    1145
    1170
    1171
    1196
    1197
    1222
    1223
    1248
    1249
    1274
    1275
    1300
    1301
    1302
    1303
    1304
    1305
    1306
    1307
    1308
    1309
    1310
    1311
    1312
    1313
    1314
    1315
    1316
    1317
    1318
    1319
    1320
    1321
    1322
    1323
    1324
    1325
    1326
