     181
     182
     183
     184
     185
     186
     187
     188
     189
     190
     191
     192
     193
     194
     195
     196
     197
     198
     199
     200
     381
     382
     383
     384
     385
     386
     387
     388
     389
     390
     391
     392
     393
     394
     395
     396
     397
     398
     399
     400
     581
     582
     583
     584
     585
     586
     587
     588
     589
     590
     591
     592
     593
     594
     595
     596
     597
     598
     599
     600
     781
     782
     783
     784
     785
     786
     787
     788
     789
     790
     791
     792
     793
     794
     795
     796
     797
     798
     799
     800
     981
     982
     983
     984
     985
     986
     987
     988
     989
     990
     991
     992
     993
     994
     995
     996
     997
     998
     999
    1000
    1181
    1182
    1183
    1184
    1185
    1186
    1187
    1188
    1189
    1190
    1191
    1192
    1193
    1194
    1195
    1196
    1197
    1198
    1199
    1200
    1381
    1382
    1383
    1384
    1385
    1386
    1387
    1388
    1389
    1390
    1391
    1392
    1393
    1394
    1395
    1396
    1397
    1398
    1399
    1400
    1581
    1582
    1583
    1584
    1585
    1586
    1587
    1588
    1589
    1590
    1591
    1592
    1593
    1594
    1595
    1596
    1597
    1598
    1599
    1600
    1781
    1782
    1783
    1784
    1785
    1786
    1787
    1788
    1789
    1790
    1791
    1792
    1793
    1794
    1795
    1796
    1797
    1798
    1799
    1800
    1981
    1982
    1983
    1984
    1985
    1986
    1987
    1988
    1989
    1990
    1991
    1992
    1993
    1994
    1995
    1996
    1997
    1998
    1999
    2000
    2181
    2182
    2183
    2184
    2185
    2186
    2187
    2188
    2189
    2190
    2191
    2192
    2193
    2194
    2195
    2196
    2197
    2198
    2199
    2200
    2381
    2382
    2383
    2384
    2385
    2386
    2387
    2388
    2389
    2390
    2391
    2392
    2393
    2394
    2395
    2396
    2397
    2398
    2399
    2400
    2581
    2582
    2583
    2584
    2585
    2586
    2587
    2588
    2589
    2590
    2591
    2592
    2593
    2594
    2595
    2596
    2597
    2598
    2599
    2600
    2781
    2782
    2783
    2784
    2785
    2786
    2787
    2788
    2789
    2790
    2791
    2792
    2793
    2794
    2795
    2796
    2797
    2798
    2799
    2800
    2981
    2982
    2983
    2984
    2985
    2986
    2987
    2988
    2989
    2990
    2991
    2992
    2993
    2994
    2995
    2996
    2997
    2998
    2999
    3000
    3181
    3182
    3183
    3184
    3185
    3186
    3187
    3188
    3189
    3190
    3191
    3192
    3193
    3194
    3195
    3196
    3197
    3198
    3199
    3200
    3381
    3382
    3383
    3384
    3385
    3386
    3387
    3388
    3389
    3390
    3391
    3392
    3393
    3394
    3395
    3396
    3397
    3398
    3399
    3400
    3581
    3582
    3583
    3584
    3585
    3586
    3587
    3588
    3589
    3590
    3591
    3592
    3593
    3594
    3595
    3596
    3597
    3598
    3599
    3600
    3781
    3782
    3783
    3784
    3785
    3786
    3787
    3788
    3789
    3790
    3791
    3792
    3793
    3794
    3795
    3796
    3797
    3798
    3799
    3800
    3981
    3982
    3983
    3984
    3985
    3986
    3987
    3988
    3989
    3990
    3991
    3992
    3993
    3994
    3995
    3996
    3997
    3998
    3999
    4000
