  0.1000000015 -0.2000000030
  0.0999980276 -0.1993716891
  0.0999921059 -0.1987434000
  0.0999822368 -0.1981151605
  0.0999684205 -0.1974869954
  0.0999506576 -0.1968589296
  0.0999289489 -0.1962309877
  0.0999032951 -0.1956031946
  0.0998736974 -0.1949755751
  0.0998401568 -0.1943481540
  0.0998026746 -0.1937209560
  0.0997612525 -0.1930940059
  0.0997158920 -0.1924673284
  0.0996665948 -0.1918409483
  0.0996133630 -0.1912148903
  0.0995561987 -0.1905891791
  0.0994951040 -0.1899638394
  0.0994300814 -0.1893388960
  0.0993611336 -0.1887143734
  0.0992882631 -0.1880902964
  0.0992114729 -0.1874666895
  0.0991307660 -0.1868435774
  0.0990461456 -0.1862209848
  0.0989576150 -0.1855989361
  0.0988651778 -0.1849774559
  0.0987688375 -0.1843565688
  0.0986685980 -0.1837362992
  0.0985644633 -0.1831166718
  0.0984564374 -0.1824977108
  0.0983445246 -0.1818794408
  0.0982287294 -0.1812618862
  0.0981090562 -0.1806450713
  0.0979855099 -0.1800290205
  0.0978580953 -0.1794137582
  0.0977268175 -0.1787993085
  0.0975916815 -0.1781856958
  0.0974526928 -0.1775729443
  0.0973098569 -0.1769610782
  0.0971631793 -0.1763501216
  0.0970126659 -0.1757400987
  0.0968583226 -0.1751310335
  0.0967001555 -0.1745229501
  0.0965381709 -0.1739158725
  0.0963723751 -0.1733098247
  0.0962027747 -0.1727048305
  0.0960293764 -0.1721009139
  0.0958521870 -0.1714980987
  0.0956712135 -0.1708964087
  0.0954864631 -0.1702958676
  0.0952979431 -0.1696964992
  0.0951056609 -0.1690983272
  0.0949096241 -0.1685013751
  0.0947098404 -0.1679056665
  0.0945063177 -0.1673112249
  0.0942990641 -0.1667180739
  0.0940880877 -0.1661262367
  0.0938733970 -0.1655357368
  0.0936550002 -0.1649465975
  0.0934329061 -0.1643588421
  0.0932071235 -0.1637724937
  0.0929776612 -0.1631875754
  0.0927445283 -0.1626041105
  0.0925077340 -0.1620221219
  0.0922672877 -0.1614416327
  0.0920231988 -0.1608626656
  0.0917754770 -0.1602852436
  0.0915241321 -0.1597093894
  0.0912691740 -0.1591351259
  0.0910106127 -0.1585624756
  0.0907484585 -0.1579914613
  0.0904827217 -0.1574221053
  0.0902134128 -0.1568544302
  0.0899405425 -0.1562884585
  0.0896641214 -0.1557242124
  0.0893841606 -0.1551617142
  0.0891006710 -0.1546009862
  0.0888136639 -0.1540420505
  0.0885231506 -0.1534849290
  0.0882291426 -0.1529296440
  0.0879316514 -0.1523762171
  0.0876306889 -0.1518246704
  0.0873262668 -0.1512750255
  0.0870183972 -0.1507273043
  0.0867070924 -0.1501815282
  0.0863923645 -0.1496377189
  0.0860742259 -0.1490958977
  0.0857526893 -0.1485560862
  0.0854277674 -0.1480183056
  0.0850994729 -0.1474825772
  0.0847678188 -0.1469489220
  0.0844328183 -0.1464173612
  0.0840944845 -0.1458879158
  0.0837528307 -0.1453606066
  0.0834078706 -0.1448354544
  0.0830596177 -0.1443124801
  0.0827080857 -0.1437917042
  0.0823532886 -0.1432731473
  0.0819952403 -0.1427568299
  0.0816339550 -0.1422427723
  0.0812694469 -0.1417309949
  0.0809017304 -0.1412215179
  0.0805308201 -0.1407143613
  0.0801567306 -0.1402095452
  0.0797794766 -0.1397070896
  0.0793990731 -0.1392070142
  0.0790155350 -0.1387093388
  0.0786288776 -0.1382140830
  0.0782391160 -0.1377212665
  0.0778462657 -0.1372309085
  0.0774503421 -0.1367430287
  0.0770513610 -0.1362576460
  0.0766493380 -0.1357747798
  0.0762442890 -0.1352944492
  0.0758362300 -0.1348166729
  0.0754251771 -0.1343414700
  0.0750111466 -0.1338688592
  0.0745941548 -0.1333988591
  0.0741742182 -0.1329314883
  0.0737513532 -0.1324667653
  0.0733255767 -0.1320047083
  0.0728969055 -0.1315453357
  0.0724653564 -0.1310886656
  0.0720309465 -0.1306347159
  0.0715936929 -0.1301835047
  0.0711536130 -0.1297350497
  0.0707107240 -0.1292893686
  0.0702650435 -0.1288464791
  0.0698165890 -0.1284063986
  0.0693653784 -0.1279691444
  0.0689114293 -0.1275347340
  0.0684547597 -0.1271031843
  0.0679953876 -0.1266745124
  0.0675333312 -0.1262487353
  0.0670686087 -0.1258258698
  0.0666012384 -0.1254059326
  0.0661312389 -0.1249889402
  0.0656586286 -0.1245749091
  0.0651834262 -0.1241638556
  0.0647056505 -0.1237557960
  0.0642253203 -0.1233507464
  0.0637424546 -0.1229487228
  0.0632570725 -0.1225497410
  0.0627691931 -0.1221538169
  0.0622788357 -0.1217609659
  0.0617860196 -0.1213712037
  0.0612907644 -0.1209845456
  0.0607930895 -0.1206010069
  0.0602930145 -0.1202206028
  0.0597905593 -0.1198433482
  0.0592857437 -0.1194692580
  0.0587785876 -0.1190983470
  0.0582691111 -0.1187306299
  0.0577573341 -0.1183661212
  0.0572432770 -0.1180048352
  0.0567269601 -0.1176467863
  0.0562084036 -0.1172919885
  0.0556876282 -0.1169404559
  0.0551646543 -0.1165922023
  0.0546395026 -0.1162472415
  0.0541121938 -0.1159055871
  0.0535827488 -0.1155672526
  0.0530511884 -0.1152322514
  0.0525175337 -0.1149005967
  0.0519818056 -0.1145723015
  0.0514440255 -0.1142473789
  0.0509042143 -0.1139258416
  0.0503623936 -0.1136077024
  0.0498185847 -0.1132929738
  0.0492728090 -0.1129816682
  0.0487250881 -0.1126737980
  0.0481754437 -0.1123693752
  0.0476238973 -0.1120684119
  0.0470704709 -0.1117709201
  0.0465151862 -0.1114769113
  0.0459580651 -0.1111863973
  0.0453991297 -0.1108993895
  0.0448384020 -0.1106158992
  0.0442759042 -0.1103359377
  0.0437116585 -0.1100595159
  0.0431456871 -0.1097866449
  0.0425780124 -0.1095173352
  0.0420086568 -0.1092515977
  0.0414376427 -0.1089894428
  0.0408649928 -0.1087308808
  0.0402907296 -0.1084759219
  0.0397148757 -0.1082245763
  0.0391374541 -0.1079768538
  0.0385584873 -0.1077327642
  0.0379779983 -0.1074923171
  0.0373960100 -0.1072555221
  0.0368125454 -0.1070223885
  0.0362276275 -0.1067929254
  0.0356412794 -0.1065671420
  0.0350535242 -0.1063450472
  0.0344643852 -0.1061266497
  0.0338738856 -0.1059119582
  0.0332820487 -0.1057009811
  0.0326888979 -0.1054937267
  0.0320944565 -0.1052902033
  0.0314987482 -0.1050904188
  0.0309017963 -0.1048943813
  0.0303036245 -0.1047020983
  0.0297042564 -0.1045135775
  0.0291037156 -0.1043288264
  0.0285020258 -0.1041478521
  0.0278992108 -0.1039706620
  0.0272952944 -0.1037972629
  0.0266903005 -0.1036276617
  0.0260842528 -0.1034618652
  0.0254771754 -0.1032998798
  0.0248690922 -0.1031417119
  0.0242600272 -0.1029873678
  0.0236500045 -0.1028368537
  0.0230390481 -0.1026901753
  0.0224271822 -0.1025473386
  0.0218144309 -0.1024083491
  0.0212008183 -0.1022732124
  0.0205863689 -0.1021419337
  0.0199711067 -0.1020145184
  0.0193550560 -0.1018909713
  0.0187382413 -0.1017712973
  0.0181206868 -0.1016555013
  0.0175024170 -0.1015435878
  0.0168834562 -0.1014355611
  0.0162638288 -0.1013314256
  0.0156435594 -0.1012311853
  0.0150226724 -0.1011348442
  0.0144011924 -0.1010424062
  0.0137791438 -0.1009538749
  0.0131565512 -0.1008692537
  0.0125334392 -0.1007885460
  0.0119098325 -0.1007117550
  0.0112857555 -0.1006388837
  0.0106612331 -0.1005699351
  0.0100362897 -0.1005049117
  0.0094109501 -0.1004438162
  0.0087852390 -0.1003866511
  0.0081591810 -0.1003334185
  0.0075328010 -0.1002841206
  0.0069061236 -0.1002387592
  0.0062791735 -0.1001973363
  0.0056519755 -0.1001598534
  0.0050245544 -0.1001263120
  0.0043969350 -0.1000967134
  0.0037691420 -0.1000710589
  0.0031412001 -0.1000493494
  0.0025131343 -0.1000315857
  0.0018849692 -0.1000177686
  0.0012567297 -0.1000078987
  0.0006284407 -0.1000019762
  0.0000001268 -0.1000000015
 -0.0006281871 -0.1000019746
 -0.0012564762 -0.1000078955
 -0.0018847157 -0.1000177638
 -0.0025128808 -0.1000315793
 -0.0031409467 -0.1000493414
 -0.0037688886 -0.1000710493
 -0.0043966817 -0.1000967023
 -0.0050243012 -0.1001262993
 -0.0056517224 -0.1001598391
 -0.0062789205 -0.1001973204
 -0.0069058707 -0.1002387417
 -0.0075325482 -0.1002841015
 -0.0081589284 -0.1003333978
 -0.0087849864 -0.1003866288
 -0.0094106977 -0.1004437924
 -0.0100360374 -0.1005048863
 -0.0106609810 -0.1005699080
 -0.0112855036 -0.1006388551
 -0.0119095808 -0.1007117248
 -0.0125331877 -0.1007885142
 -0.0131562999 -0.1008692203
 -0.0137788927 -0.1009538399
 -0.0144009415 -0.1010423697
 -0.0150224218 -0.1011348062
 -0.0156433090 -0.1012311456
 -0.0162635787 -0.1013313843
 -0.0168832063 -0.1014355183
 -0.0175021674 -0.1015435434
 -0.0181204375 -0.1016554554
 -0.0187379923 -0.1017712498
 -0.0193548073 -0.1018909222
 -0.0199708582 -0.1020144677
 -0.0205861208 -0.1021418816
 -0.0212005706 -0.1022731586
 -0.0218141834 -0.1024082938
 -0.0224269351 -0.1025472817
 -0.0230388014 -0.1026901169
 -0.0236497582 -0.1028367937
 -0.0242597813 -0.1029873063
 -0.0248688467 -0.1031416489
 -0.0254769303 -0.1032998152
 -0.0260840081 -0.1034617990
 -0.0266900562 -0.1036275941
 -0.0272950506 -0.1037971937
 -0.0278989674 -0.1039705913
 -0.0285017828 -0.1041477799
 -0.0291034730 -0.1043287526
 -0.0297040143 -0.1045135022
 -0.0303033829 -0.1047020215
 -0.0309015552 -0.1048943029
 -0.0314985076 -0.1050903390
 -0.0320942164 -0.1052901219
 -0.0326886583 -0.1054936438
 -0.0332818096 -0.1057008967
 -0.0338736470 -0.1059118723
 -0.0344641472 -0.1061265623
 -0.0350532868 -0.1063449583
 -0.0356410425 -0.1065670517
 -0.0362273912 -0.1067928336
 -0.0368123097 -0.1070222951
 -0.0373957749 -0.1072554273
 -0.0379777638 -0.1074922208
 -0.0385582534 -0.1077326664
 -0.0391372208 -0.1079767546
 -0.0397146431 -0.1082244756
 -0.0402904975 -0.1084758198
 -0.0408647614 -0.1087307772
 -0.0414374120 -0.1089893377
 -0.0420084267 -0.1092514912
 -0.0425777830 -0.1095172273
 -0.0431454584 -0.1097865355
 -0.0437114305 -0.1100594051
 -0.0442756769 -0.1103358255
 -0.0448381754 -0.1106157856
 -0.0453989038 -0.1108992744
 -0.0459578399 -0.1111862808
 -0.0465149617 -0.1114767934
 -0.0470702472 -0.1117708007
 -0.0476236744 -0.1120682912
 -0.0481752215 -0.1123692531
 -0.0487248667 -0.1126736744
 -0.0492725884 -0.1129815433
 -0.0498183649 -0.1132928475
 -0.0503621746 -0.1136075747
 -0.0509039961 -0.1139257125
 -0.0514438081 -0.1142472484
 -0.0519815891 -0.1145721697
 -0.0525173179 -0.1149004635
 -0.0530509735 -0.1152321169
 -0.0535825347 -0.1155671168
 -0.0541119806 -0.1159054499
 -0.0546392903 -0.1162471030
 -0.0551644428 -0.1165920624
 -0.0556874176 -0.1169403147
 -0.0562081939 -0.1172918460
 -0.0567267513 -0.1176466425
 -0.0572430691 -0.1180046901
 -0.0577571272 -0.1183659748
 -0.0582689050 -0.1187304822
 -0.0587783825 -0.1190981980
 -0.0592855396 -0.1194691077
 -0.0597903561 -0.1198431966
 -0.0602928123 -0.1202204499
 -0.0607928882 -0.1206008528
 -0.0612905641 -0.1209843902
 -0.0617858203 -0.1213710471
 -0.0622786374 -0.1217608080
 -0.0627689958 -0.1221536577
 -0.0632568762 -0.1225495807
 -0.0637422593 -0.1229485612
 -0.0642251260 -0.1233505836
 -0.0647054572 -0.1237556320
 -0.0651832339 -0.1241636903
 -0.0656584373 -0.1245747426
 -0.0661310487 -0.1249887725
 -0.0666010493 -0.1254057637
 -0.0670684206 -0.1258256998
 -0.0675331442 -0.1262485641
 -0.0679952017 -0.1266743400
 -0.0684545749 -0.1271030107
 -0.0689112456 -0.1275345593
 -0.0693651958 -0.1279689686
 -0.0698164075 -0.1284062216
 -0.0702648631 -0.1288463010
 -0.0707105447 -0.1292891894
 -0.0711534348 -0.1297348693
 -0.0715935159 -0.1301833232
 -0.0720307706 -0.1306345333
 -0.0724651817 -0.1310884819
 -0.0728967319 -0.1315451509
 -0.0733254044 -0.1320045224
 -0.0737511820 -0.1324665783
 -0.0741740481 -0.1329313003
 -0.0745939860 -0.1333986700
 -0.0750109790 -0.1338686690
 -0.0754250107 -0.1343412788
 -0.0758360648 -0.1348164807
 -0.0762441249 -0.1352942559
 -0.0766491751 -0.1357745855
 -0.0770511994 -0.1362574507
 -0.0774501818 -0.1367428323
 -0.0778461066 -0.1372307112
 -0.0782389581 -0.1377210681
 -0.0786287210 -0.1382138837
 -0.0790153797 -0.1387091385
 -0.0793989190 -0.1392068129
 -0.0797793238 -0.1397068873
 -0.0801565790 -0.1402093420
 -0.0805306698 -0.1407141572
 -0.0809015814 -0.1412213128
 -0.0812692992 -0.1417307889
 -0.0816338086 -0.1422425654
 -0.0819950952 -0.1427566220
 -0.0823531448 -0.1432729385
 -0.0827079432 -0.1437914945
 -0.0830594765 -0.1443122695
 -0.0834077308 -0.1448352430
 -0.0837526922 -0.1453603942
 -0.0840943473 -0.1458877026
 -0.0844326824 -0.1464171472
 -0.0847676843 -0.1469487071
 -0.0850993397 -0.1474823614
 -0.0854276356 -0.1480180891
 -0.0857525589 -0.1485558688
 -0.0860740969 -0.1490956795
 -0.0863922368 -0.1496374998
 -0.0867069661 -0.1501813084
 -0.0870182723 -0.1507270837
 -0.0873261433 -0.1512748042
 -0.0876305667 -0.1518244482
 -0.0879315307 -0.1523759942
 -0.0882290232 -0.1529294203
 -0.0885230327 -0.1534847046
 -0.0888135474 -0.1540418253
 -0.0891005559 -0.1546007603
 -0.0893840469 -0.1551614876
 -0.0896640092 -0.1557239851
 -0.0899404316 -0.1562882305
 -0.0902133034 -0.1568542015
 -0.0904826138 -0.1574218759
 -0.0907483520 -0.1579912312
 -0.0910105077 -0.1585622449
 -0.0912690704 -0.1591348945
 -0.0915240300 -0.1597091574
 -0.0917753763 -0.1602850109
 -0.0920230996 -0.1608624323
 -0.0922671899 -0.1614413987
 -0.0925076377 -0.1620218874
 -0.0927444335 -0.1626038754
 -0.0929775678 -0.1631873397
 -0.0932070316 -0.1637722574
 -0.0934328158 -0.1643586052
 -0.0936549113 -0.1649463601
 -0.0938733096 -0.1655354988
 -0.0940880019 -0.1661259982
 -0.0942989797 -0.1667178348
 -0.0945062348 -0.1673109853
 -0.0947097590 -0.1679054264
 -0.0949095442 -0.1685011345
 -0.0951055825 -0.1690980861
 -0.0952978663 -0.1696962576
 -0.0954863878 -0.1702956255
 -0.0956711397 -0.1708961661
 -0.0958521147 -0.1714978557
 -0.0960293056 -0.1721006704
 -0.0962027055 -0.1727045866
 -0.0963723074 -0.1733095803
 -0.0965381047 -0.1739156278
 -0.0967000909 -0.1745227050
 -0.0968582596 -0.1751307880
 -0.0970126044 -0.1757398528
 -0.0971631193 -0.1763498753
 -0.0973097985 -0.1769608315
 -0.0974526360 -0.1775726973
 -0.0975916262 -0.1781854484
 -0.0977267637 -0.1787990608
 -0.0978580431 -0.1794135101
 -0.0979854593 -0.1800287721
 -0.0981090072 -0.1806448226
 -0.0982286819 -0.1812616372
 -0.0983444787 -0.1818791915
 -0.0984563930 -0.1824974612
 -0.0985644205 -0.1831164219
 -0.0986685568 -0.1837360491
 -0.0987687979 -0.1843563184
 -0.0988651397 -0.1849772052
 -0.0989575785 -0.1855986852
 -0.0990461106 -0.1862207337
 -0.0991307326 -0.1868433261
 -0.0992114411 -0.1874664380
 -0.0992882329 -0.1880900446
 -0.0993611050 -0.1887141215
 -0.0994300544 -0.1893386439
 -0.0994950786 -0.1899635872
 -0.0995561748 -0.1905889267
 -0.0996133408 -0.1912146377
 -0.0996665741 -0.1918406956
 -0.0997158729 -0.1924670756
 -0.0997612350 -0.1930937530
 -0.0998026587 -0.1937207030
 -0.0998401424 -0.1943479009
 -0.0998736846 -0.1949753219
 -0.0999032840 -0.1956029414
 -0.0999289393 -0.1962307344
 -0.0999506496 -0.1968586762
 -0.0999684141 -0.1974867420
 -0.0999822320 -0.1981149070
 -0.0999921027 -0.1987431465
 -0.0999980260 -0.1993714356
 -0.1000000015 -0.1999997495
 -0.0999980292 -0.2006280634
 -0.0999921091 -0.2012563525
 -0.0999822415 -0.2018845920
 -0.0999684268 -0.2025127571
 -0.0999506656 -0.2031408230
 -0.0999289584 -0.2037687649
 -0.0999033063 -0.2043965581
 -0.0998737101 -0.2050241776
 -0.0998401711 -0.2056515988
 -0.0998026906 -0.2062787969
 -0.0997612700 -0.2069057472
 -0.0997159111 -0.2075324248
 -0.0996666155 -0.2081588050
 -0.0996133853 -0.2087848632
 -0.0995562225 -0.2094105745
 -0.0994951294 -0.2100359143
 -0.0994301085 -0.2106608579
 -0.0993611622 -0.2112853807
 -0.0992882933 -0.2119094579
 -0.0992115047 -0.2125330649
 -0.0991307993 -0.2131561772
 -0.0990461805 -0.2137787701
 -0.0989576515 -0.2144008190
 -0.0988652159 -0.2150222994
 -0.0987688772 -0.2156431868
 -0.0986686393 -0.2162634566
 -0.0985645061 -0.2168830843
 -0.0984564818 -0.2175020456
 -0.0983445706 -0.2181203158
 -0.0982287769 -0.2187378707
 -0.0981091053 -0.2193546859
 -0.0979855606 -0.2199707370
 -0.0978581475 -0.2205859997
 -0.0977268712 -0.2212004497
 -0.0975917368 -0.2218140627
 -0.0974527497 -0.2224268146
 -0.0973099153 -0.2230386810
 -0.0971632393 -0.2236496380
 -0.0970127274 -0.2242596613
 -0.0968583856 -0.2248687269
 -0.0967002201 -0.2254768107
 -0.0965382370 -0.2260838887
 -0.0963724427 -0.2266899370
 -0.0962028439 -0.2272949316
 -0.0960294471 -0.2278988486
 -0.0958522592 -0.2285016643
 -0.0956712873 -0.2291033548
 -0.0954865384 -0.2297038963
 -0.0952980199 -0.2303032651
 -0.0951057392 -0.2309014377
 -0.0949097039 -0.2314983903
 -0.0947099217 -0.2320940994
 -0.0945064006 -0.2326885414
 -0.0942991485 -0.2332816930
 -0.0940881736 -0.2338735307
 -0.0938734843 -0.2344640312
 -0.0936550891 -0.2350531710
 -0.0934329965 -0.2356409270
 -0.0932072153 -0.2362272760
 -0.0929777545 -0.2368121948
 -0.0927446231 -0.2373956603
 -0.0925078303 -0.2379776495
 -0.0922673854 -0.2385581394
 -0.0920232980 -0.2391371071
 -0.0917755777 -0.2397145297
 -0.0915242343 -0.2402903845
 -0.0912692776 -0.2408646487
 -0.0910107178 -0.2414372996
 -0.0907485650 -0.2420083146
 -0.0904828296 -0.2425776713
 -0.0902135222 -0.2431453470
 -0.0899406533 -0.2437113194
 -0.0896642336 -0.2442755662
 -0.0893842742 -0.2448380651
 -0.0891007861 -0.2453987939
 -0.0888137804 -0.2459577303
 -0.0885232685 -0.2465148525
 -0.0882292619 -0.2470701383
 -0.0879317721 -0.2476235659
 -0.0876308110 -0.2481751134
 -0.0873263903 -0.2487247590
 -0.0870185222 -0.2492724811
 -0.0867072187 -0.2498182579
 -0.0863924921 -0.2503620681
 -0.0860743550 -0.2509038900
 -0.0857528197 -0.2514437023
 -0.0854278992 -0.2519814838
 -0.0850996060 -0.2525172130
 -0.0847679533 -0.2530508690
 -0.0844329541 -0.2535824307
 -0.0840946216 -0.2541118770
 -0.0837529693 -0.2546391871
 -0.0834080105 -0.2551643401
 -0.0830597589 -0.2556873153
 -0.0827082282 -0.2562080921
 -0.0823534324 -0.2567266499
 -0.0819953854 -0.2572429682
 -0.0816341014 -0.2577570267
 -0.0812695946 -0.2582688050
 -0.0809018795 -0.2587782830
 -0.0805309704 -0.2592854405
 -0.0801568822 -0.2597902575
 -0.0797796295 -0.2602927141
 -0.0793992272 -0.2607927905
 -0.0790156904 -0.2612904669
 -0.0786290342 -0.2617857236
 -0.0782392739 -0.2622785412
 -0.0778464248 -0.2627689001
 -0.0774505025 -0.2632567810
 -0.0770515226 -0.2637421646
 -0.0766495008 -0.2642250318
 -0.0762444530 -0.2647053635
 -0.0758363953 -0.2651831408
 -0.0754253436 -0.2656583447
 -0.0750113143 -0.2661309566
 -0.0745943237 -0.2666009577
 -0.0741743882 -0.2670683296
 -0.0737515244 -0.2675330537
 -0.0733257491 -0.2679951117
 -0.0728970790 -0.2684544854
 -0.0724655311 -0.2689111567
 -0.0720311223 -0.2693651074
 -0.0715938699 -0.2698163198
 -0.0711537911 -0.2702647759
 -0.0707109033 -0.2707104581
 -0.0702652239 -0.2711533487
 -0.0698167705 -0.2715934304
 -0.0693655610 -0.2720306857
 -0.0689116130 -0.2724650973
 -0.0684549445 -0.2728966481
 -0.0679955735 -0.2733253212
 -0.0675335182 -0.2737510994
 -0.0670687967 -0.2741739661
 -0.0666014275 -0.2745939045
 -0.0661314290 -0.2750108981
 -0.0656588198 -0.2754249304
 -0.0651836184 -0.2758359851
 -0.0647058438 -0.2762440459
 -0.0642255146 -0.2766490967
 -0.0637426500 -0.2770511216
 -0.0632572689 -0.2774501046
 -0.0627693905 -0.2778460300
 -0.0622790341 -0.2782388822
 -0.0617862190 -0.2786286456
 -0.0612909647 -0.2790153050
 -0.0607932907 -0.2793988449
 -0.0602932168 -0.2797792503
 -0.0597907626 -0.2801565062
 -0.0592859479 -0.2805305977
 -0.0587787927 -0.2809015099
 -0.0582693171 -0.2812692283
 -0.0577575411 -0.2816337383
 -0.0572434849 -0.2819950256
 -0.0567271688 -0.2823530759
 -0.0562086133 -0.2827078750
 -0.0556878387 -0.2830594089
 -0.0551648657 -0.2834076638
 -0.0546397149 -0.2837526259
 -0.0541124070 -0.2840942817
 -0.0535829628 -0.2844326175
 -0.0530514033 -0.2847676201
 -0.0525177494 -0.2850992761
 -0.0519820222 -0.2854275727
 -0.0514442428 -0.2857524967
 -0.0509044326 -0.2860740353
 -0.0503626126 -0.2863921759
 -0.0498188045 -0.2867069059
 -0.0492730296 -0.2870182129
 -0.0487253095 -0.2873260845
 -0.0481756658 -0.2876305086
 -0.0476241202 -0.2879314733
 -0.0470706945 -0.2882289666
 -0.0465154106 -0.2885229767
 -0.0459582903 -0.2888134921
 -0.0453993556 -0.2891005013
 -0.0448386286 -0.2893839930
 -0.0442761315 -0.2896639560
 -0.0437118865 -0.2899403792
 -0.0431459158 -0.2902132517
 -0.0425782418 -0.2904825628
 -0.0420088868 -0.2907483017
 -0.0414378734 -0.2910104581
 -0.0408652242 -0.2912690216
 -0.0402909616 -0.2915239819
 -0.0397151084 -0.2917753290
 -0.0391376873 -0.2920230530
 -0.0385587212 -0.2922671440
 -0.0379782328 -0.2925075926
 -0.0373962451 -0.2927443891
 -0.0368127811 -0.2929775242
 -0.0362278638 -0.2932069887
 -0.0356415162 -0.2934327736
 -0.0350537616 -0.2936548699
 -0.0344646232 -0.2938732689
 -0.0338741241 -0.2940879619
 -0.0332822877 -0.2942989405
 -0.0326891374 -0.2945061964
 -0.0320946966 -0.2947097213
 -0.0314989888 -0.2949095073
 -0.0309020375 -0.2951055463
 -0.0303038661 -0.2952978308
 -0.0297044985 -0.2954863531
 -0.0291039581 -0.2956711058
 -0.0285022688 -0.2958520816
 -0.0278994543 -0.2960292732
 -0.0272955383 -0.2962026739
 -0.0266905448 -0.2963722766
 -0.0260844976 -0.2965380747
 -0.0254774206 -0.2967000616
 -0.0248693378 -0.2968582310
 -0.0242602732 -0.2970125766
 -0.0236502508 -0.2971630923
 -0.0230392948 -0.2973097722
 -0.0224274292 -0.2974526105
 -0.0218146783 -0.2975916015
 -0.0212010661 -0.2977267398
 -0.0205866169 -0.2978580200
 -0.0199713551 -0.2979854370
 -0.0193553048 -0.2981089856
 -0.0187384903 -0.2982286611
 -0.0181209362 -0.2983444587
 -0.0175026666 -0.2984563738
 -0.0168837060 -0.2985644021
 -0.0162640790 -0.2986685392
 -0.0156438098 -0.2987687810
 -0.0150229231 -0.2988651236
 -0.0144014432 -0.2989575632
 -0.0137793949 -0.2990460962
 -0.0131568025 -0.2991307189
 -0.0125336908 -0.2992114282
 -0.0119100842 -0.2992882208
 -0.0112860074 -0.2993610936
 -0.0106614851 -0.2994300439
 -0.0100365419 -0.2994950688
 -0.0094112025 -0.2995561659
 -0.0087854915 -0.2996133326
 -0.0081594337 -0.2996665668
 -0.0075330538 -0.2997158663
 -0.0069063765 -0.2997612292
 -0.0062794265 -0.2998026538
 -0.0056522286 -0.2998401382
 -0.0050248076 -0.2998736812
 -0.0043971883 -0.2999032814
 -0.0037693953 -0.2999289375
 -0.0031414535 -0.2999506486
 -0.0025133877 -0.2999684139
 -0.0018852227 -0.2999822326
 -0.0012569832 -0.2999921041
 -0.0006286942 -0.2999980282
 -0.0000003803 -0.3000000045
  0.0006279336 -0.2999980329
  0.0012562227 -0.2999921137
  0.0018844623 -0.2999822469
  0.0025126274 -0.2999684330
  0.0031406933 -0.2999506725
  0.0037686353 -0.2999289662
  0.0043964284 -0.2999033148
  0.0050240480 -0.2998737194
  0.0056514693 -0.2998401812
  0.0062786675 -0.2998027015
  0.0069056177 -0.2997612817
  0.0075322954 -0.2997159236
  0.0081586757 -0.2996666288
  0.0087847339 -0.2996133994
  0.0094104453 -0.2995562374
  0.0100357852 -0.2994951451
  0.0106607289 -0.2994301250
  0.0112852517 -0.2993611795
  0.0119093291 -0.2992883114
  0.0125329362 -0.2992115235
  0.0131560486 -0.2991308190
  0.0137786416 -0.2990462010
  0.0144006906 -0.2989576728
  0.0150221711 -0.2988652379
  0.0156430586 -0.2987689000
  0.0162633285 -0.2986686629
  0.0168829564 -0.2985645305
  0.0175019178 -0.2984565069
  0.0181201882 -0.2983445965
  0.0187377433 -0.2982288036
  0.0193545586 -0.2981091328
  0.0199706098 -0.2979855889
  0.0205858727 -0.2978581766
  0.0212003228 -0.2977269011
  0.0218139360 -0.2975917675
  0.0224266881 -0.2974527811
  0.0230385547 -0.2973099475
  0.0236495118 -0.2971632722
  0.0242595353 -0.2970127611
  0.0248686011 -0.2968584202
  0.0254766851 -0.2967002554
  0.0260837633 -0.2965382730
  0.0266898118 -0.2963724796
  0.0272948067 -0.2962028815
  0.0278987239 -0.2960294854
  0.0285015398 -0.2958522983
  0.0291032305 -0.2956713272
  0.0297037722 -0.2954865791
  0.0303031413 -0.2952980613
  0.0309013141 -0.2951057814
  0.0314982670 -0.2949097468
  0.0320939763 -0.2947099654
  0.0326884187 -0.2945064450
  0.0332815705 -0.2942991937
  0.0338734085 -0.2940882195
  0.0344639092 -0.2938735310
  0.0350530493 -0.2936551365
  0.0356408056 -0.2934330446
  0.0362271549 -0.2932072642
  0.0368120740 -0.2929778041
  0.0373955398 -0.2927446735
  0.0379775293 -0.2925078814
  0.0385580195 -0.2922674373
  0.0391369875 -0.2920233506
  0.0397144104 -0.2917756310
  0.0402902655 -0.2915242883
  0.0408645300 -0.2912693324
  0.0414371812 -0.2910107733
  0.0420081966 -0.2907486212
  0.0425775536 -0.2904828866
  0.0431452297 -0.2902135799
  0.0437112025 -0.2899407117
  0.0442754496 -0.2896642928
  0.0448379488 -0.2893843341
  0.0453986779 -0.2891008466
  0.0459576148 -0.2888138417
  0.0465147373 -0.2885233305
  0.0470700235 -0.2882293246
  0.0476234515 -0.2879318355
  0.0481749993 -0.2876308750
  0.0487246454 -0.2873264551
  0.0492723678 -0.2870185876
  0.0498181451 -0.2867072848
  0.0503619556 -0.2863925590
  0.0509037779 -0.2860744225
  0.0514435907 -0.2857528879
  0.0519813725 -0.2854279680
  0.0525171022 -0.2850996756
  0.0530507586 -0.2847680235
  0.0535823207 -0.2844330250
  0.0541117674 -0.2840946932
  0.0546390779 -0.2837530415
  0.0551642314 -0.2834080834
  0.0556872070 -0.2830598324
  0.0562079843 -0.2827083025
  0.0567265425 -0.2823535073
  0.0572428613 -0.2819954610
  0.0577569202 -0.2816341776
  0.0582686990 -0.2812696715
  0.0587781774 -0.2809019569
  0.0592853354 -0.2805310486
  0.0597901529 -0.2801569610
  0.0602926100 -0.2797797089
  0.0607926869 -0.2793993073
  0.0612903637 -0.2790157711
  0.0617856210 -0.2786291155
  0.0622784390 -0.2782393558
  0.0627687984 -0.2778465074
  0.0632566798 -0.2774505857
  0.0637420639 -0.2770516064
  0.0642249317 -0.2766495852
  0.0647052639 -0.2762445380
  0.0651830417 -0.2758364809
  0.0656582461 -0.2754254298
  0.0661308585 -0.2750114011
  0.0666008602 -0.2745944111
  0.0670682326 -0.2741744762
  0.0675329572 -0.2737516130
  0.0679950158 -0.2733258383
  0.0684543900 -0.2728971688
  0.0689110618 -0.2724656214
  0.0693650131 -0.2720312132
  0.0698162260 -0.2715939614
  0.0702646827 -0.2711538831
  0.0707103655 -0.2707109959
  0.0711532567 -0.2702653170
  0.0715933389 -0.2698168643
  0.0720305948 -0.2693656553
  0.0724650070 -0.2689117078
  0.0728965584 -0.2684550399
  0.0733252320 -0.2679956694
  0.0737510108 -0.2675336146
  0.0741738781 -0.2670688937
  0.0745938171 -0.2666015251
  0.0750108113 -0.2661315271
  0.0754248442 -0.2656589184
  0.0758358995 -0.2651837175
  0.0762439609 -0.2647059434
  0.0766490123 -0.2642256148
  0.0770510378 -0.2637427506
  0.0774500214 -0.2632573700
  0.0778459474 -0.2627694921
  0.0782388002 -0.2622791362
  0.0786285643 -0.2617863216
  0.0790152243 -0.2612910678
  0.0793987649 -0.2607933944
  0.0797791709 -0.2602933209
  0.0801564274 -0.2597908671
  0.0805305195 -0.2592860530
  0.0809014324 -0.2587788983
  0.0812691515 -0.2582694231
  0.0816336621 -0.2577576475
  0.0819949501 -0.2572435918
  0.0823530010 -0.2567272762
  0.0827078007 -0.2562087211
  0.0830593353 -0.2556879470
  0.0834075909 -0.2551649744
  0.0837525537 -0.2546398241
  0.0840942101 -0.2541125166
  0.0844325466 -0.2535830729
  0.0847675498 -0.2530515138
  0.0850992066 -0.2525178603
  0.0854275038 -0.2519821335
  0.0857524285 -0.2514443545
  0.0860739678 -0.2509045446
  0.0863921091 -0.2503627251
  0.0867068398 -0.2498189174
  0.0870181474 -0.2492731429
  0.0873260197 -0.2487254232
  0.0876304446 -0.2481757799
  0.0879314099 -0.2476242347
  0.0882289039 -0.2470708094
  0.0885229148 -0.2465155258
  0.0888134309 -0.2459584058
  0.0891004408 -0.2453994715
  0.0893839332 -0.2448387449
  0.0896638969 -0.2442762482
  0.0899403208 -0.2437120035
  0.0902131940 -0.2431460331
  0.0904825058 -0.2425783594
  0.0907482455 -0.2420090048
  0.0910104026 -0.2414379918
  0.0912689668 -0.2408653428
  0.0915239278 -0.2402910806
  0.0917752757 -0.2397152277
  0.0920230004 -0.2391378070
  0.0922670922 -0.2385588411
  0.0925075414 -0.2379783531
  0.0927443387 -0.2373963657
  0.0929774745 -0.2368129019
  0.0932069398 -0.2362279849
  0.0934327254 -0.2356416376
  0.0936548225 -0.2350538833
  0.0938732222 -0.2344647451
  0.0940879160 -0.2338742463
  0.0942988954 -0.2332824102
  0.0945061520 -0.2326892602
  0.0947096776 -0.2320948197
  0.0949094643 -0.2314991121
  0.0951055042 -0.2309021610
  0.0952977894 -0.2303039899
  0.0954863125 -0.2297046225
  0.0956710660 -0.2291040824
  0.0958520425 -0.2285023933
  0.0960292349 -0.2278995790
  0.0962026363 -0.2272956633
  0.0963722398 -0.2266906699
  0.0965380386 -0.2260846229
  0.0967000263 -0.2254775461
  0.0968581965 -0.2248694635
  0.0970125429 -0.2242603991
  0.0971630594 -0.2236503770
  0.0973097401 -0.2230394211
  0.0974525791 -0.2224275557
  0.0975915709 -0.2218148050
  0.0977267100 -0.2212011930
  0.0978579910 -0.2205867440
  0.0979854087 -0.2199714823
  0.0981089581 -0.2193554321
  0.0982286344 -0.2187386178
  0.0983444328 -0.2181210638
  0.0984563487 -0.2175027944
  0.0985643777 -0.2168838340
  0.0986685156 -0.2162642070
  0.0987687582 -0.2156439380
  0.0988651016 -0.2150230514
  0.0989575420 -0.2144015717
  0.0990460757 -0.2137795234
  0.0991306993 -0.2131569312
  0.0992114093 -0.2125338195
  0.0992882027 -0.2119102130
  0.0993610763 -0.2112861364
  0.0994300274 -0.2106616141
  0.0994950531 -0.2100366710
  0.0995561509 -0.2094113317
  0.0996133185 -0.2087856208
  0.0996665535 -0.2081595630
  0.0997158538 -0.2075331832
  0.0997612175 -0.2069065059
  0.0998026428 -0.2062795560
  0.0998401281 -0.2056523582
  0.0998736719 -0.2050249372
  0.0999032728 -0.2043973179
  0.0999289298 -0.2037695249
  0.0999506417 -0.2031415832
  0.0999684077 -0.2025135174
  0.0999822272 -0.2018853524
  0.0999920996 -0.2012571130
  0.0999980244 -0.2006288239
 -0.5000000000  0.0000000000
 -0.4979999959  0.0000000000
 -0.4959999919  0.0000000000
 -0.4939999878  0.0000000000
 -0.4920000136  0.0000000000
 -0.4900000095  0.0000000000
 -0.4880000055  0.0000000000
 -0.4860000014  0.0000000000
 -0.4839999974  0.0000000000
 -0.4819999933  0.0000000000
 -0.4799999893  0.0000000000
 -0.4779999852  0.0000000000
 -0.4760000110  0.0000000000
 -0.4740000069  0.0000000000
 -0.4720000029  0.0000000000
 -0.4699999988  0.0000000000
 -0.4679999948  0.0000000000
 -0.4659999907  0.0000000000
 -0.4639999866  0.0000000000
 -0.4620000124  0.0000000000
 -0.4600000083  0.0000000000
 -0.4580000043  0.0000000000
 -0.4560000002  0.0000000000
 -0.4539999962  0.0000000000
 -0.4519999921  0.0000000000
 -0.4499999881  0.0000000000
 -0.4480000138  0.0000000000
 -0.4460000098  0.0000000000
 -0.4440000057  0.0000000000
 -0.4420000017  0.0000000000
 -0.4399999976  0.0000000000
 -0.4379999936  0.0000000000
 -0.4359999895  0.0000000000
 -0.4340000153  0.0000000000
 -0.4319999814  0.0000000000
 -0.4300000072  0.0000000000
 -0.4280000031  0.0000000000
 -0.4259999990  0.0000000000
 -0.4239999950  0.0000000000
 -0.4219999909  0.0000000000
 -0.4199999869  0.0000000000
 -0.4179999828  0.0000000000
 -0.4160000086  0.0000000000
 -0.4140000045  0.0000000000
 -0.4120000005  0.0000000000
 -0.4099999964  0.0000000000
 -0.4079999924  0.0000000000
 -0.4059999883  0.0000000000
 -0.4039999843  0.0000000000
 -0.4020000100  0.0000000000
 -0.4000000060  0.0000000000
 -0.3980000019  0.0000000000
 -0.3959999979  0.0000000000
 -0.3939999938  0.0000000000
 -0.3919999897  0.0000000000
 -0.3899999857  0.0000000000
 -0.3880000114  0.0000000000
 -0.3859999776  0.0000000000
 -0.3840000033  0.0000000000
 -0.3819999993  0.0000000000
 -0.3799999952  0.0000000000
 -0.3779999912  0.0000000000
 -0.3759999871  0.0000000000
 -0.3740000129  0.0000000000
 -0.3719999790  0.0000000000
 -0.3700000048  0.0000000000
 -0.3680000007  0.0000000000
 -0.3659999967  0.0000000000
 -0.3639999926  0.0000000000
 -0.3619999886  0.0000000000
 -0.3600000143  0.0000000000
 -0.3579999804  0.0000000000
 -0.3560000062  0.0000000000
 -0.3539999723  0.0000000000
 -0.3519999981  0.0000000000
 -0.3499999940  0.0000000000
 -0.3479999900  0.0000000000
 -0.3459999859  0.0000000000
 -0.3439999819  0.0000000000
 -0.3420000076  0.0000000000
 -0.3399999738  0.0000000000
 -0.3379999995  0.0000000000
 -0.3359999955  0.0000000000
 -0.3339999914  0.0000000000
 -0.3319999874  0.0000000000
 -0.3299999833  0.0000000000
 -0.3280000091  0.0000000000
 -0.3259999752  0.0000000000
 -0.3240000010  0.0000000000
 -0.3219999969  0.0000000000
 -0.3199999928  0.0000000000
 -0.3179999888  0.0000000000
 -0.3159999847  0.0000000000
 -0.3140000105  0.0000000000
 -0.3119999766  0.0000000000
 -0.3100000024  0.0000000000
 -0.3079999983  0.0000000000
 -0.3059999943  0.0000000000
 -0.3039999902  0.0000000000
 -0.3019999862  0.0000000000
 -0.3000000119  0.0000000000
 -0.2979999781  0.0000000000
 -0.2960000038  0.0000000000
 -0.2939999700  0.0000000000
 -0.2919999957  0.0000000000
 -0.2899999917  0.0000000000
 -0.2879999876  0.0000000000
 -0.2859999835  0.0000000000
 -0.2839999795  0.0000000000
 -0.2820000052  0.0000000000
 -0.2799999714  0.0000000000
 -0.2779999971  0.0000000000
 -0.2759999931  0.0000000000
 -0.2739999890  0.0000000000
 -0.2719999850  0.0000000000
 -0.2699999809  0.0000000000
 -0.2680000067  0.0000000000
 -0.2659999728  0.0000000000
 -0.2639999986  0.0000000000
 -0.2619999945  0.0000000000
 -0.2599999905  0.0000000000
 -0.2579999864  0.0000000000
 -0.2559999824  0.0000000000
 -0.2540000081  0.0000000000
 -0.2519999743  0.0000000000
 -0.2500000000  0.0000000000
 -0.2479999959  0.0000000000
 -0.2459999919  0.0000000000
 -0.2439999878  0.0000000000
 -0.2419999838  0.0000000000
 -0.2399999797  0.0000000000
 -0.2379999757  0.0000000000
 -0.2360000014  0.0000000000
 -0.2339999974  0.0000000000
 -0.2319999933  0.0000000000
 -0.2299999893  0.0000000000
 -0.2279999852  0.0000000000
 -0.2259999812  0.0000000000
 -0.2239999771  0.0000000000
 -0.2219999731  0.0000000000
 -0.2199999988  0.0000000000
 -0.2179999948  0.0000000000
 -0.2159999907  0.0000000000
 -0.2139999866  0.0000000000
 -0.2119999826  0.0000000000
 -0.2099999785  0.0000000000
 -0.2079999745  0.0000000000
 -0.2060000002  0.0000000000
 -0.2039999962  0.0000000000
 -0.2019999921  0.0000000000
 -0.1999999881  0.0000000000
 -0.1979999840  0.0000000000
 -0.1959999800  0.0000000000
 -0.1939999759  0.0000000000
 -0.1919999719  0.0000000000
 -0.1899999976  0.0000000000
 -0.1879999936  0.0000000000
 -0.1859999895  0.0000000000
 -0.1839999855  0.0000000000
 -0.1819999814  0.0000000000
 -0.1799999774  0.0000000000
 -0.1779999733  0.0000000000
 -0.1759999990  0.0000000000
 -0.1739999950  0.0000000000
 -0.1719999909  0.0000000000
 -0.1699999869  0.0000000000
 -0.1679999828  0.0000000000
 -0.1659999788  0.0000000000
 -0.1639999747  0.0000000000
 -0.1619999707  0.0000000000
 -0.1599999964  0.0000000000
 -0.1579999924  0.0000000000
 -0.1559999883  0.0000000000
 -0.1539999843  0.0000000000
 -0.1519999802  0.0000000000
 -0.1499999762  0.0000000000
 -0.1479999721  0.0000000000
 -0.1459999979  0.0000000000
 -0.1439999938  0.0000000000
 -0.1419999897  0.0000000000
 -0.1399999857  0.0000000000
 -0.1379999816  0.0000000000
 -0.1359999776  0.0000000000
 -0.1339999735  0.0000000000
 -0.1319999695  0.0000000000
 -0.1299999952  0.0000000000
 -0.1279999912  0.0000000000
 -0.1259999871  0.0000000000
 -0.1239999831  0.0000000000
 -0.1219999790  0.0000000000
 -0.1199999750  0.0000000000
 -0.1179999709  0.0000000000
 -0.1159999967  0.0000000000
 -0.1139999926  0.0000000000
 -0.1119999886  0.0000000000
 -0.1099999845  0.0000000000
 -0.1079999804  0.0000000000
 -0.1059999764  0.0000000000
 -0.1039999723  0.0000000000
 -0.1019999683  0.0000000000
 -0.0999999940  0.0000000000
 -0.0979999900  0.0000000000
 -0.0959999859  0.0000000000
 -0.0939999819  0.0000000000
 -0.0919999778  0.0000000000
 -0.0899999738  0.0000000000
 -0.0879999697  0.0000000000
 -0.0859999657  0.0000000000
 -0.0839999914  0.0000000000
 -0.0819999874  0.0000000000
 -0.0799999833  0.0000000000
 -0.0779999793  0.0000000000
 -0.0759999752  0.0000000000
 -0.0739999712  0.0000000000
 -0.0719999671  0.0000000000
 -0.0699999928  0.0000000000
 -0.0679999888  0.0000000000
 -0.0659999847  0.0000000000
 -0.0639999807  0.0000000000
 -0.0619999766  0.0000000000
 -0.0599999726  0.0000000000
 -0.0579999685  0.0000000000
 -0.0559999645  0.0000000000
 -0.0539999902  0.0000000000
 -0.0519999862  0.0000000000
 -0.0499999821  0.0000000000
 -0.0479999781  0.0000000000
 -0.0459999740  0.0000000000
 -0.0439999700  0.0000000000
 -0.0419999659  0.0000000000
 -0.0399999917  0.0000000000
 -0.0379999876  0.0000000000
 -0.0359999835  0.0000000000
 -0.0339999795  0.0000000000
 -0.0319999754  0.0000000000
 -0.0299999714  0.0000000000
 -0.0279999673  0.0000000000
 -0.0259999633  0.0000000000
 -0.0239999890  0.0000000000
 -0.0219999850  0.0000000000
 -0.0199999809  0.0000000000
 -0.0179999769  0.0000000000
 -0.0159999728  0.0000000000
 -0.0139999688  0.0000000000
 -0.0119999647  0.0000000000
 -0.0099999905  0.0000000000
 -0.0079999864  0.0000000000
 -0.0059999824  0.0000000000
 -0.0039999783  0.0000000000
 -0.0019999743  0.0000000000
  0.0000000000  0.0000000000
  0.0020000339  0.0000000000
  0.0040000081  0.0000000000
  0.0060000420  0.0000000000
  0.0080000162  0.0000000000
  0.0100000501  0.0000000000
  0.0120000243  0.0000000000
  0.0139999986  0.0000000000
  0.0160000324  0.0000000000
  0.0180000067  0.0000000000
  0.0200000405  0.0000000000
  0.0220000148  0.0000000000
  0.0240000486  0.0000000000
  0.0260000229  0.0000000000
  0.0279999971  0.0000000000
  0.0300000310  0.0000000000
  0.0320000052  0.0000000000
  0.0340000391  0.0000000000
  0.0360000134  0.0000000000
  0.0380000472  0.0000000000
  0.0400000215  0.0000000000
  0.0420000553  0.0000000000
  0.0440000296  0.0000000000
  0.0460000038  0.0000000000
  0.0480000377  0.0000000000
  0.0500000119  0.0000000000
  0.0520000458  0.0000000000
  0.0540000200  0.0000000000
  0.0560000539  0.0000000000
  0.0580000281  0.0000000000
  0.0600000024  0.0000000000
  0.0620000362  0.0000000000
  0.0640000105  0.0000000000
  0.0660000443  0.0000000000
  0.0680000186  0.0000000000
  0.0700000525  0.0000000000
  0.0720000267  0.0000000000
  0.0740000010  0.0000000000
  0.0760000348  0.0000000000
  0.0780000091  0.0000000000
  0.0800000429  0.0000000000
  0.0820000172  0.0000000000
  0.0840000510  0.0000000000
  0.0860000253  0.0000000000
  0.0879999995  0.0000000000
  0.0900000334  0.0000000000
  0.0920000076  0.0000000000
  0.0940000415  0.0000000000
  0.0960000157  0.0000000000
  0.0980000496  0.0000000000
  0.1000000238  0.0000000000
  0.1020000577  0.0000000000
  0.1040000319  0.0000000000
  0.1060000062  0.0000000000
  0.1080000401  0.0000000000
  0.1100000143  0.0000000000
  0.1120000482  0.0000000000
  0.1140000224  0.0000000000
  0.1160000563  0.0000000000
  0.1180000305  0.0000000000
  0.1200000048  0.0000000000
  0.1220000386  0.0000000000
  0.1240000129  0.0000000000
  0.1260000467  0.0000000000
  0.1280000210  0.0000000000
  0.1300000548  0.0000000000
  0.1320000291  0.0000000000
  0.1340000033  0.0000000000
  0.1360000372  0.0000000000
  0.1380000114  0.0000000000
  0.1400000453  0.0000000000
  0.1420000196  0.0000000000
  0.1440000534  0.0000000000
  0.1460000277  0.0000000000
  0.1480000019  0.0000000000
  0.1500000358  0.0000000000
  0.1520000100  0.0000000000
  0.1540000439  0.0000000000
  0.1560000181  0.0000000000
  0.1580000520  0.0000000000
  0.1600000262  0.0000000000
  0.1620000601  0.0000000000
  0.1640000343  0.0000000000
  0.1660000086  0.0000000000
  0.1680000424  0.0000000000
  0.1700000167  0.0000000000
  0.1720000505  0.0000000000
  0.1740000248  0.0000000000
  0.1760000587  0.0000000000
  0.1780000329  0.0000000000
  0.1800000072  0.0000000000
  0.1820000410  0.0000000000
  0.1840000153  0.0000000000
  0.1860000491  0.0000000000
  0.1880000234  0.0000000000
  0.1900000572  0.0000000000
  0.1920000315  0.0000000000
  0.1940000057  0.0000000000
  0.1960000396  0.0000000000
  0.1980000138  0.0000000000
  0.2000000477  0.0000000000
  0.2020000219  0.0000000000
  0.2040000558  0.0000000000
  0.2060000300  0.0000000000
  0.2080000043  0.0000000000
  0.2100000381  0.0000000000
  0.2120000124  0.0000000000
  0.2140000463  0.0000000000
  0.2160000205  0.0000000000
  0.2180000544  0.0000000000
  0.2200000286  0.0000000000
  0.2220000625  0.0000000000
  0.2240000367  0.0000000000
  0.2260000110  0.0000000000
  0.2280000448  0.0000000000
  0.2300000191  0.0000000000
  0.2320000529  0.0000000000
  0.2340000272  0.0000000000
  0.2360000610  0.0000000000
  0.2380000353  0.0000000000
  0.2400000095  0.0000000000
  0.2420000434  0.0000000000
  0.2440000176  0.0000000000
  0.2460000515  0.0000000000
  0.2480000257  0.0000000000
  0.2500000596  0.0000000000
  0.2520000339  0.0000000000
  0.2540000081  0.0000000000
  0.2560000420  0.0000000000
  0.2580000162  0.0000000000
  0.2600000501  0.0000000000
  0.2620000243  0.0000000000
  0.2640000582  0.0000000000
  0.2660000324  0.0000000000
  0.2680000067  0.0000000000
  0.2700000405  0.0000000000
  0.2720000148  0.0000000000
  0.2740000486  0.0000000000
  0.2760000229  0.0000000000
  0.2780000567  0.0000000000
  0.2800000310  0.0000000000
  0.2820000648  0.0000000000
  0.2840000391  0.0000000000
  0.2860000134  0.0000000000
  0.2880000472  0.0000000000
  0.2900000215  0.0000000000
  0.2920000553  0.0000000000
  0.2940000296  0.0000000000
  0.2960000634  0.0000000000
  0.2980000377  0.0000000000
  0.3000000119  0.0000000000
  0.3020000458  0.0000000000
  0.3040000200  0.0000000000
  0.3060000539  0.0000000000
  0.3080000281  0.0000000000
  0.3100000620  0.0000000000
  0.3120000362  0.0000000000
  0.3140000105  0.0000000000
  0.3160000443  0.0000000000
  0.3180000186  0.0000000000
  0.3200000525  0.0000000000
  0.3220000267  0.0000000000
  0.3240000606  0.0000000000
  0.3260000348  0.0000000000
  0.3280000687  0.0000000000
  0.3300000429  0.0000000000
  0.3320000172  0.0000000000
  0.3340000510  0.0000000000
  0.3360000253  0.0000000000
  0.3380000591  0.0000000000
  0.3400000334  0.0000000000
  0.3420000672  0.0000000000
  0.3440000415  0.0000000000
  0.3460000157  0.0000000000
  0.3480000496  0.0000000000
  0.3500000238  0.0000000000
  0.3520000577  0.0000000000
  0.3540000319  0.0000000000
  0.3560000658  0.0000000000
  0.3580000401  0.0000000000
  0.3600000143  0.0000000000
  0.3620000482  0.0000000000
  0.3640000224  0.0000000000
  0.3660000563  0.0000000000
  0.3680000305  0.0000000000
  0.3700000644  0.0000000000
  0.3720000386  0.0000000000
  0.3740000129  0.0000000000
  0.3760000467  0.0000000000
  0.3780000210  0.0000000000
  0.3800000548  0.0000000000
  0.3820000291  0.0000000000
  0.3840000629  0.0000000000
  0.3860000372  0.0000000000
  0.3880000710  0.0000000000
  0.3900000453  0.0000000000
  0.3920000196  0.0000000000
  0.3940000534  0.0000000000
  0.3960000277  0.0000000000
  0.3980000615  0.0000000000
  0.4000000358  0.0000000000
  0.4020000696  0.0000000000
  0.4040000439  0.0000000000
  0.4060000181  0.0000000000
  0.4080000520  0.0000000000
  0.4100000262  0.0000000000
  0.4120000601  0.0000000000
  0.4140000343  0.0000000000
  0.4160000682  0.0000000000
  0.4180000424  0.0000000000
  0.4200000167  0.0000000000
  0.4220000505  0.0000000000
  0.4240000248  0.0000000000
  0.4260000587  0.0000000000
  0.4280000329  0.0000000000
  0.4300000668  0.0000000000
  0.4320000410  0.0000000000
  0.4340000153  0.0000000000
  0.4360000491  0.0000000000
  0.4380000234  0.0000000000
  0.4400000572  0.0000000000
  0.4420000315  0.0000000000
  0.4440000653  0.0000000000
  0.4460000396  0.0000000000
  0.4480000734  0.0000000000
  0.4500000477  0.0000000000
  0.4520000219  0.0000000000
  0.4540000558  0.0000000000
  0.4560000300  0.0000000000
  0.4580000639  0.0000000000
  0.4600000381  0.0000000000
  0.4620000720  0.0000000000
  0.4640000463  0.0000000000
  0.4660000205  0.0000000000
  0.4680000544  0.0000000000
  0.4700000286  0.0000000000
  0.4720000625  0.0000000000
  0.4740000367  0.0000000000
  0.4760000706  0.0000000000
  0.4780000448  0.0000000000
  0.4800000191  0.0000000000
  0.4820000529  0.0000000000
  0.4840000272  0.0000000000
  0.4860000610  0.0000000000
  0.4880000353  0.0000000000
  0.4900000691  0.0000000000
  0.4920000434  0.0000000000
  0.4940000176  0.0000000000
  0.4960000515  0.0000000000
  0.4980000257  0.0000000000
  0.5000000000  0.0000000000
