      40
      80
     120
     160
     200
     240
     280
     320
     360
     400
     440
     480
     520
     560
     600
     640
     680
     720
     760
     800
     840
     880
     920
     960
    1000
    1040
    1080
    1120
    1160
    1200
    1240
    1280
    1320
    1360
    1400
    1440
    1480
    1520
    1560
    1600
    1640
    1680
    1720
    1760
    1800
    1840
    1880
    1920
    1960
    2000
    2040
    2080
    2120
    2160
    2200
    2240
    2280
    2320
    2360
    2400
    2440
    2480
    2520
    2560
    2600
    2640
    2680
    2720
    2760
    2800
    2840
    2880
    2920
    2960
    3000
    3040
    3080
    3120
    3160
    3200
    3240
    3280
    3320
    3360
    3400
    3440
    3480
    3520
    3560
    3600
    3640
    3680
    3720
    3760
    3800
    3840
    3880
    3920
    3960
    4000
    4040
    4080
    4120
    4160
    4200
    4240
    4280
    4320
    4360
    4400
    4440
    4480
    4520
    4560
    4600
    4640
    4680
    4720
    4760
    4800
    4840
    4880
    4920
    4960
    5000
    5040
    5080
    5120
    5160
    5200
    5240
    5280
    5320
    5360
    5400
    5440
    5480
    5520
    5560
    5600
    5640
    5680
    5720
    5760
    5800
    5840
    5880
    5920
    5960
    6000
    6040
    6080
    6120
    6160
    6200
    6240
    6280
    6320
    6360
    6400
    6440
    6480
    6520
    6560
    6600
    6640
    6680
    6720
    6760
    6800
    6840
    6880
    6920
    6960
    7000
    7040
    7080
    7120
    7160
    7200
    7240
    7280
    7320
    7360
    7400
    7440
    7480
    7520
    7560
    7600
    7640
    7680
    7720
    7760
    7800
    7840
    7880
    7920
    7960
    8000
    8040
    8080
    8120
    8160
    8200
    8240
    8280
    8320
    8360
    8400
    8440
    8480
    8520
    8560
    8600
    8640
    8680
    8720
    8760
    8800
    8840
    8880
    8920
    8960
    9000
    9040
    9080
    9120
    9160
    9200
    9240
    9280
    9320
    9360
    9400
    9440
    9480
    9520
    9560
    9600
    9640
    9680
    9720
    9760
    9800
    9840
    9880
    9920
    9960
   10000
   10040
   10080
   10120
   10160
   10200
   10240
   10280
   10320
   10360
   10400
   10440
   10480
   10520
   10560
   10600
   10640
   10680
   10720
   10760
   10800
   10840
   10880
   10920
   10960
   11000
   11040
   11080
   11120
   11160
   11200
   11240
   11280
   11320
   11360
   11400
   11440
   11480
   11520
   11560
   11600
   11640
   11680
   11720
   11760
   11800
   11840
   11880
   11920
   11960
   12000
   12040
   12080
   12120
   12160
   12200
   12240
   12280
   12320
   12360
   12400
   12440
   12480
   12520
   12560
   12600
   12640
   12680
   12720
   12760
   12800
   12801
   12802
   12803
   12804
   12805
   12806
   12807
   12808
   12809
   12810
   12811
   12812
   12813
   12814
   12815
   12816
   12817
   12818
   12819
   12820
   12821
   12822
   12823
   12824
   12825
   12826
   12827
   12828
   12829
   12830
   12831
   12832
   12833
   12834
   12835
   12836
   12837
   12838
   12839
   12840
   12841
   12842
   12843
   12844
   12845
   12846
   12847
   12848
   12849
   12850
   12851
   12852
   12853
   12854
   12855
   12856
   12857
   12858
   12859
   12860
   12861
   12862
   12863
   12864
   12865
   12866
   12867
   12868
   12869
   12870
   12871
   12872
   12873
   12874
   12875
   12876
   12877
   12878
   12879
   12880
   12881
   12882
   12883
   12884
   12885
   12886
   12887
   12888
   12889
   12890
   12891
   12892
   12893
   12894
   12895
   12896
   12897
   12898
   12899
   12900
   12901
   12902
   12903
   12904
   12905
   12906
   12907
   12908
   12909
   12910
   12911
   12912
   12913
   12914
   12915
   12916
   12917
   12918
   12919
   12920
   12921
   12922
   12923
   12924
   12925
   12926
   12927
   12928
   12929
   12930
   12931
   12932
   12933
   12934
   12935
   12936
   12937
   12938
   12939
   12940
   12941
   12942
   12943
   12944
   12945
   12946
   12947
   12948
   12949
   12950
   12951
   12952
   12953
   12954
   12955
   12956
   12957
   12958
   12959
   12960
   12961
   12962
   12963
   12964
   12965
   12966
   12967
   12968
   12969
   12970
   12971
   12972
   12973
   12974
   12975
   12976
   12977
   12978
   12979
   12980
   12981
   12982
   12983
   12984
   12985
   12986
   12987
   12988
   12989
   12990
   12991
   12992
   12993
   12994
   12995
   12996
   12997
   12998
   12999
   13000
   60601
   60602
   60603
   60604
   60605
   60606
   60607
   60608
   60609
   60610
   60611
   60612
   60613
   60614
   60615
   60616
   60617
   60618
   60619
   60620
   60621
   60622
   60623
   60624
   60625
   60626
   60627
   60628
   60629
   60630
   60631
   60632
   60633
   60634
   60635
   60636
   60637
   60638
   60639
   60640
   60641
   60642
   60643
   60644
   60645
   60646
   60647
   60648
   60649
   60650
   60651
   60652
   60653
   60654
   60655
   60656
   60657
   60658
   60659
   60660
   60661
   60662
   60663
   60664
   60665
   60666
   60667
   60668
   60669
   60670
   60671
   60672
   60673
   60674
   60675
   60676
   60677
   60678
   60679
   60680
   60681
   60682
   60683
   60684
   60685
   60686
   60687
   60688
   60689
   60690
   60691
   60692
   60693
   60694
   60695
   60696
   60697
   60698
   60699
   60700
   60701
   60702
   60703
   60704
   60705
   60706
   60707
   60708
   60709
   60710
   60711
   60712
   60713
   60714
   60715
   60716
   60717
   60718
   60719
   60720
   60721
   60722
   60723
   60724
   60725
   60726
   60727
   60728
   60729
   60730
   60731
   60732
   60733
   60734
   60735
   60736
   60737
   60738
   60739
   60740
   60741
   60742
   60743
   60744
   60745
   60746
   60747
   60748
   60749
   60750
   60751
   60752
   60753
   60754
   60755
   60756
   60757
   60758
   60759
   60760
   60761
   60762
   60763
   60764
   60765
   60766
   60767
   60768
   60769
   60770
   60771
   60772
   60773
   60774
   60775
   60776
   60777
   60778
   60779
   60780
   60781
   60782
   60783
   60784
   60785
   60786
   60787
   60788
   60789
   60790
   60791
   60792
   60793
   60794
   60795
   60796
   60797
   60798
   60799
   60800
   60801
   61040
   61041
   61280
   61281
   61520
   61521
   61760
   61761
   62000
   62001
   62240
   62241
   62480
   62481
   62720
   62721
   62960
   62961
   63200
   63201
   63440
   63441
   63680
   63681
   63920
   63921
   64160
   64161
   64400
   64401
   64640
   64641
   64880
   64881
   65120
   65121
   65360
   65361
   65600
   65601
   65840
   65841
   66080
   66081
   66320
   66321
   66560
   66561
   66800
   66801
   67040
   67041
   67280
   67281
   67520
   67521
   67760
   67761
   68000
   68001
   68240
   68241
   68480
   68481
   68720
   68721
   68960
   68961
   69200
   69201
   69440
   69441
   69680
   69681
   69920
   69921
   70160
   70161
   70400
   70401
   70640
   70641
   70880
   70881
   71120
   71121
   71360
   71361
   71600
   71601
   71840
   71841
   72080
   72081
   72320
   72321
   72560
   72561
   72800
   72801
   73040
   73041
   73280
   73281
   73520
   73521
   73760
   73761
   74000
   74001
   74240
   74241
   74480
   74481
   74720
   74721
   74960
   74961
   75200
   75201
   75440
   75441
   75680
   75681
   75920
   75921
   76160
   76161
   76400
   76401
   76640
   76641
   76880
   76881
   77120
   77121
   77360
   77361
   77600
   77601
   77840
   77841
   78080
   78081
   78320
   78321
   78560
   78561
   78800
   78801
   79040
   79041
   79280
   79281
   79520
   79521
   79760
   79761
   80000
   80001
   80240
   80241
   80480
   80481
   80720
   80721
   80960
   80961
   81200
   81201
   81440
   81441
   81680
   81681
   81920
   81921
   82160
   82161
   82400
   82401
   82640
   82641
   82880
   82881
   83120
   83121
   83360
   83361
   83600
   83601
   83840
   83841
   84080
   84081
   84320
   84321
   84560
   84561
   84800
   84801
   85040
   85041
   85280
   85281
   85520
   85521
   85760
   85761
   86000
   86001
   86240
   86241
   86480
   86481
   86720
   86721
   86960
   86961
   87200
   87201
   87440
   87441
   87680
   87681
   87920
   87921
   88160
   88161
   88400
   88401
   88640
   88641
   88880
   88881
   89120
   89121
   89360
   89361
   89600
   13200
   13400
   13600
   13800
   14000
   14200
   14400
   14600
   14800
   15000
   15200
   15400
   15600
   15800
   16000
   16200
   16400
   16600
   16800
   17000
   17200
   17400
   17600
   17800
   18000
   18200
   18400
   18600
   18800
   19000
   19200
   19400
   19600
   19800
   20000
   20200
   20400
   20600
   20800
   21000
   21200
   21400
   21600
   21800
   22000
   22200
   22400
   22600
   22800
   23000
   23200
   23400
   23600
   23800
   24000
   24200
   24400
   24600
   24800
   25000
   25200
   25400
   25600
   25800
   26000
   26200
   26400
   26600
   26800
   27000
   27200
   27400
   27600
   27800
   28000
   28200
   28400
   28600
   28800
   29000
   29200
   29400
   29600
   29800
   30000
   30200
   30400
   30600
   30800
   31000
   31200
   31400
   31600
   31800
   32000
   32200
   32400
   32600
   32800
   33000
   33200
   33400
   33600
   33800
   34000
   34200
   34400
   34600
   34800
   35000
   35200
   35400
   35600
   35800
   36000
   36200
   36400
   36600
   36800
   37000
   37200
   37400
   37600
   37800
   38000
   38200
   38400
   38600
   38800
   39000
   39200
   39400
   39600
   39800
   40000
   40200
   40400
   40600
   40800
   41000
   41200
   41400
   41600
   41800
   42000
   42200
   42400
   42600
   42800
   43000
   43200
   43400
   43600
   43800
   44000
   44200
   44400
   44600
   44800
   45000
   45200
   45400
   45600
   45800
   46000
   46200
   46400
   46600
   46800
   47000
   47200
   47400
   47600
   47800
   48000
   48200
   48400
   48600
   48800
   49000
   49200
   49400
   49600
   49800
   50000
   50200
   50400
   50600
   50800
   51000
   51200
   51400
   51600
   51800
   52000
   52200
   52400
   52600
   52800
   53000
   53200
   53400
   53600
   53800
   54000
   54200
   54400
   54600
   54800
   55000
   55200
   55400
   55600
   55800
   56000
   56200
   56400
   56600
   56800
   57000
   57200
   57400
   57600
   57800
   58000
   58200
   58400
   58600
   58800
   59000
   59200
   59400
   59600
   59800
   60000
   60200
   60400
   60600
  105622
  105642
  105662
  105682
  105702
  105722
  105742
  105762
  105782
  105802
  105822
  105842
  105862
  105882
  105902
  105922
  105942
  105962
  105982
  106002
  106022
  106042
  106062
  106082
  106102
  106122
  106142
  106162
  106182
  106202
  106222
  106242
  106262
  106282
  106302
  106322
  106342
  106362
  106382
  106402
  106422
  106442
  106462
  106482
  106502
  106522
  106542
  106562
  106582
  106602
  106622
  106642
  106662
  106682
  106702
  106722
  106742
  106762
  106782
  106802
  106822
  106842
  106862
  106882
  106902
  106922
  106942
  106962
  106982
  107002
  107022
  107042
  107062
  107082
  107102
  107122
  107142
  107162
  107182
  107202
  107222
  107242
  107262
  107282
  107302
  107322
  107342
  107362
  107382
  107402
  107422
  107442
  107462
  107482
  107502
  107522
  107542
  107562
  107582
  107602
  107622
  107642
  107662
  107682
  107702
  107722
  107742
  107762
  107782
  107802
  107822
  107842
  107862
  107882
  107902
  107922
  107942
  107962
  107982
  108002
  108022
  108042
  108062
  108082
  108102
  108122
  108142
  108162
  108182
  108202
  108222
  108242
  108262
  108282
  108302
  108322
  108342
  108362
  108382
  108402
  108422
  108442
  108462
  108482
  108502
  108522
  108542
  108562
  108582
  108602
  108622
  108642
  108662
  108682
  108702
  108722
  108761
  108781
  108801
  108821
  108841
  108861
  108881
  108901
  108921
  108941
  108961
  108981
  109001
  109021
  109041
  109061
  109081
  109101
  109121
  109141
  109161
  109181
  109201
  109221
  109241
  109261
  109281
  109301
  109321
  109341
  109361
  109381
  109401
  109421
  109441
  109461
  109481
  109501
  109521
  109541
  109561
  109581
  109601
  109621
  109641
  109661
  109681
  109701
  109721
  109741
  109761
  109781
  109801
  109821
  109841
  109861
  109881
  109901
  109921
  109941
  109961
  109981
  110001
  110021
  110041
  110061
  110081
  110101
  110121
  110141
  110161
  110181
  110201
  110221
  110241
  110261
  110281
  110301
  110321
  110341
  110361
  110381
  110401
  110421
  110441
  110461
  110481
  110501
  110521
  110541
  110561
  110581
  110601
  110621
  110641
  110661
  110681
  110701
  110721
  110741
  110761
  110781
  110801
  110821
  110841
  110861
  110881
  110901
  110921
  110941
  110961
  110981
  111001
  111021
  111041
  111061
  111081
  111101
  111121
  111141
  111161
  111181
  111201
  111221
  111241
  111261
  111281
  111301
  111321
  111341
  111361
  111381
  111401
  111421
  111441
  111461
  111481
  111501
  111521
  111541
  111561
  111581
  111601
  111621
  111641
  111661
  111681
  111701
  111721
  111741
  111761
  111781
  111801
  111821
  111841
  111861
