     194 1
     113      40      41
     113      99      40
      99      92      12
     111      21     108
     105      97      89
     102      93       3
     138     102      53
     138     112      93
     112      18     105
     101      25       4
     107     101      90
      98      91       6
     110      14     107
     140     110      91
     114      98      26
     114      26      27
     106     100      94
     109      22      23
     137     103      71
     104      39      10
     137     109      95
     109      24     106
     108     104      96
     111      96      92
      90       4       5
     115     114      27
     116     115      28
     117     116      29
     118     117      30
     119     118      31
     120     119      32
     121      82     120
     122      83     121
     123      84     122
     124      85     123
     125      86     124
     100      38       7
      94       7       8
      96      10      11
     126     113      41
     127     126      42
     128     127      43
     129     128      44
     130     129      45
     131     130      46
     132      64     131
     133      65     132
     134      66     133
     135      67     134
     136      68     135
      97      52       2
      89       2       1
     138      93     102
     102      54      53
     139      55      54
     141      92      99
      99      57      56
     113      58      57
     126      59      58
     127      60      59
     128      61      60
     129      62      61
     130      63      62
     131      64      63
     132      65      64
     133      66      65
     134      67      66
     135      68      67
     136      69      68
      97      70      69
     137      95     103
     103      72      71
     104      73      72
     140      91      98
      98      75      74
     114      76      75
     115      77      76
     116      78      77
     117      79      78
     118      80      79
     119      81      80
     120      82      81
     121      83      82
     122      84      83
     123      85      84
     124      86      85
     125      87      86
     100      88      87
      93      89       1
     112     105      89
      91      90       5
     110     107      90
     110      15      13
      91       5       6
     111      19      20
      92      11      12
     112      16      17
      93       1       3
      95      94       8
     109     106      94
      95       8       9
     103      95       9
      96      11      92
     111     108      96
     136      97      69
      97       2      89
     140      98      74
      98       6      26
     141      99      56
      99      12      40
     125     100      87
     100       7      94
     139     101      55
     101       4      90
     102       3      25
     139     102      25
     103       9      39
     103      39      72
     104      72      39
     104      10      96
     105      18      70
     105      70      97
     106      24      88
     106      88     100
     107      14      55
     107      55     101
     108      21      73
     108      73     104
     109      23      24
     109      94      95
     110      13      14
     110      90      91
     141     111      92
     111      20      21
     112      17      18
     112      89      93
     113      57      99
     126      41      42
     114      75      98
     115      27      28
     115      76     114
     116      28      29
     116      77     115
     117      29      30
     118      30      31
     117      78     116
     119      31      32
     118      79     117
     120      32      33
     119      80     118
     121     120      33
     120      81     119
     121      33      34
     122     121      34
     122      34      35
     123     122      35
     123      35      36
     124     123      36
     124      36      37
     125     124      37
     125      37      38
     125      38     100
     126      58     113
     127      42      43
     127      59     126
     128      43      44
     129      44      45
     128      60     127
     130      45      46
     129      61     128
     131      46      47
     130      62     129
     132     131      47
     131      63     130
     132      47      48
     133     132      48
     133      48      49
     134     133      49
     134      49      50
     135     134      50
     135      50      51
     136     135      51
     136      51      52
     136      52      97
     137      71      22
     137      22     109
     138      53      16
     138      16     112
     139      54     102
     139      25     101
     140      74      15
     140      15     110
     141      56      19
     141      19     111
