     113      40      41       1
     113      99      40       1
      99      92      12       1
     111      21     108       1
     105      97      89       1
     102      93       3       1
     138     102      53       1
     138     112      93       1
     112      18     105       1
     101      25       4       1
     107     101      90       1
      98      91       6       1
     110      14     107       1
     140     110      91       1
     114      98      26       1
     114      26      27       1
     106     100      94       1
     109      22      23       1
     137     103      71       1
     104      39      10       1
     137     109      95       1
     109      24     106       1
     108     104      96       1
     111      96      92       1
      90       4       5       1
     115     114      27       1
     116     115      28       1
     117     116      29       1
     118     117      30       1
     119     118      31       1
     120     119      32       1
     121      82     120       1
     122      83     121       1
     123      84     122       1
     124      85     123       1
     125      86     124       1
     100      38       7       1
      94       7       8       1
      96      10      11       1
     126     113      41       1
     127     126      42       1
     128     127      43       1
     129     128      44       1
     130     129      45       1
     131     130      46       1
     132      64     131       1
     133      65     132       1
     134      66     133       1
     135      67     134       1
     136      68     135       1
      97      52       2       1
      89       2       1       1
     138      93     102       1
     102      54      53       1
     139      55      54       1
     141      92      99       1
      99      57      56       1
     113      58      57       1
     126      59      58       1
     127      60      59       1
     128      61      60       1
     129      62      61       1
     130      63      62       1
     131      64      63       1
     132      65      64       1
     133      66      65       1
     134      67      66       1
     135      68      67       1
     136      69      68       1
      97      70      69       1
     137      95     103       1
     103      72      71       1
     104      73      72       1
     140      91      98       1
      98      75      74       1
     114      76      75       1
     115      77      76       1
     116      78      77       1
     117      79      78       1
     118      80      79       1
     119      81      80       1
     120      82      81       1
     121      83      82       1
     122      84      83       1
     123      85      84       1
     124      86      85       1
     125      87      86       1
     100      88      87       1
      93      89       1       1
     112     105      89       1
      91      90       5       1
     110     107      90       1
     110      15      13       1
      91       5       6       1
     111      19      20       1
      92      11      12       1
     112      16      17       1
      93       1       3       1
      95      94       8       1
     109     106      94       1
      95       8       9       1
     103      95       9       1
      96      11      92       1
     111     108      96       1
     136      97      69       1
      97       2      89       1
     140      98      74       1
      98       6      26       1
     141      99      56       1
      99      12      40       1
     125     100      87       1
     100       7      94       1
     139     101      55       1
     101       4      90       1
     102       3      25       1
     139     102      25       1
     103       9      39       1
     103      39      72       1
     104      72      39       1
     104      10      96       1
     105      18      70       1
     105      70      97       1
     106      24      88       1
     106      88     100       1
     107      14      55       1
     107      55     101       1
     108      21      73       1
     108      73     104       1
     109      23      24       1
     109      94      95       1
     110      13      14       1
     110      90      91       1
     141     111      92       1
     111      20      21       1
     112      17      18       1
     112      89      93       1
     113      57      99       1
     126      41      42       1
     114      75      98       1
     115      27      28       1
     115      76     114       1
     116      28      29       1
     116      77     115       1
     117      29      30       1
     118      30      31       1
     117      78     116       1
     119      31      32       1
     118      79     117       1
     120      32      33       1
     119      80     118       1
     121     120      33       1
     120      81     119       1
     121      33      34       1
     122     121      34       1
     122      34      35       1
     123     122      35       1
     123      35      36       1
     124     123      36       1
     124      36      37       1
     125     124      37       1
     125      37      38       1
     125      38     100       1
     126      58     113       1
     127      42      43       1
     127      59     126       1
     128      43      44       1
     129      44      45       1
     128      60     127       1
     130      45      46       1
     129      61     128       1
     131      46      47       1
     130      62     129       1
     132     131      47       1
     131      63     130       1
     132      47      48       1
     133     132      48       1
     133      48      49       1
     134     133      49       1
     134      49      50       1
     135     134      50       1
     135      50      51       1
     136     135      51       1
     136      51      52       1
     136      52      97       1
     137      71      22       1
     137      22     109       1
     138      53      16       1
     138      16     112       1
     139      54     102       1
     139      25     101       1
     140      74      15       1
     140      15     110       1
     141      56      19       1
     141      19     111       1
