  0.4324263930  0.1675735860
  0.4499999880  0.2099999930
  0.3899999860  0.1500000060
  0.2099999930  0.1500000060
  0.1675735860  0.1675735860
  0.1500000060  0.2099999930
  0.1500000060  1.3899999900
  0.1675735860  1.4324264500
  0.2099999930  1.4500000500
  0.3899999860  1.4500000500
  0.4324263930  1.4324264500
  0.4499999880  1.3899999900
  0.0351471864  0.0351471864
  0.1199999970  0.0000000000
  0.0000000000  0.1199999970
  0.4799999890  0.0000000000
  0.5648528340  0.0351471864
  0.6000000240  0.1199999970
  0.6000000240  1.4800000200
  0.5648528340  1.5648528300
  0.4799999890  1.6000000200
  0.1199999970  1.6000000200
  0.0351471864  1.5648528300
  0.0000000000  1.4800000200
  0.3000000120  0.1500000060
  0.1500000060  0.2942857150
  0.1500000060  0.3785714210
  0.1500000060  0.4628571570
  0.1500000060  0.5471428630
  0.1500000060  0.6314285990
  0.1500000060  0.7157142760
  0.1500000060  0.8000000120
  0.1500000060  0.8842856880
  0.1500000060  0.9685714240
  0.1500000060  1.0528571600
  0.1500000060  1.1371429000
  0.1500000060  1.2214285100
  0.1500000060  1.3057142500
  0.3000000120  1.4500000500
  0.4499999880  1.3057142500
  0.4499999880  1.2214285100
  0.4499999880  1.1371429000
  0.4499999880  1.0528571600
  0.4499999880  0.9685714240
  0.4499999880  0.8842856880
  0.4499999880  0.8000000120
  0.4499999880  0.7157142760
  0.4499999880  0.6314285990
  0.4499999880  0.5471428630
  0.4499999880  0.4628571570
  0.4499999880  0.3785714210
  0.4499999880  0.2942857150
  0.3899999860  0.0000000000
  0.3000000120  0.0000000000
  0.2099999930  0.0000000000
  0.6000000240  1.3949999800
  0.6000000240  1.3099999400
  0.6000000240  1.2250000200
  0.6000000240  1.1399999900
  0.6000000240  1.0549999500
  0.6000000240  0.9700000290
  0.6000000240  0.8849999900
  0.6000000240  0.8000000120
  0.6000000240  0.7149999740
  0.6000000240  0.6299999950
  0.6000000240  0.5450000170
  0.6000000240  0.4600000080
  0.6000000240  0.3750000000
  0.6000000240  0.2899999920
  0.6000000240  0.2049999980
  0.2099999930  1.6000000200
  0.3000000120  1.6000000200
  0.3899999860  1.6000000200
  0.0000000000  0.2049999980
  0.0000000000  0.2899999920
  0.0000000000  0.3750000000
  0.0000000000  0.4600000080
  0.0000000000  0.5450000170
  0.0000000000  0.6299999950
  0.0000000000  0.7149999740
  0.0000000000  0.8000000120
  0.0000000000  0.8849999900
  0.0000000000  0.9700000290
  0.0000000000  1.0549999500
  0.0000000000  1.1399999900
  0.0000000000  1.2250000200
  0.0000000000  1.3099999400
  0.0000000000  1.3949999800
  0.4800254400  0.1662944110
  0.1636056150  0.1226539240
  0.1192371250  0.1665137110
  0.4801949260  1.4338667400
  0.4339617190  0.1193096790
  0.1198395490  1.4340310100
  0.1633535180  1.4808971900
  0.4361946880  1.4800967000
  0.5203689930  0.2378035190
  0.0792698264  0.2376458500
  0.5206028220  1.3624887500
  0.0795400590  1.3623125600
  0.2211254540  0.0918388963
  0.3610076310  0.0774936527
  0.2244042460  1.5203753700
  0.3751643300  1.5197855200
  0.5410124660  0.1646754590
  0.0589102879  1.4355030100
  0.1619455070  0.0620939620
  0.4371758400  1.5409359900
  0.0943317860  1.5052341200
  0.0942095295  0.0959120989
  0.5055121180  1.5050427900
  0.5048714880  0.0949124023
  0.5241796970  1.2676014900
  0.0757984966  0.3324219880
  0.0752032921  0.4187893870
  0.0751013160  0.5037156940
  0.0750838593  0.5883952380
  0.0750808716  0.6730324630
  0.0750803649  0.7576625350
  0.0750802755  0.8422913550
  0.0750802606  0.9269199970
  0.0750802606  1.0115485200
  0.0750802606  1.0961771000
  0.0751476586  1.1812113500
  0.0757812858  1.2676111500
  0.5247929690  1.1812146900
  0.5248980520  1.0962849900
  0.5249160530  1.0116049100
  0.5249190930  0.9269675020
  0.5249196290  0.8423374300
  0.5249197480  0.7577086090
  0.5249197480  0.6730800270
  0.5249197480  0.5884514450
  0.5249197480  0.5038228630
  0.5248509650  0.4187899530
  0.5242033000  0.3324084280
  0.1624179040  1.5413013700
  0.4339681570  0.0583431460
  0.2784266170  0.0638665110
  0.0585432947  0.1650143270
  0.5412619710  1.4352797300
