       1       0       1       1   10000
      10       0       1       1   10000
      16       0       1       1   10000
      18       0       1       1   10000
      20       0       1       1   10000
      25       0       1       1   10000
      37       0       1       1   10000
      38       0       1       1   10000
      39       0       1       1   10000
      51       0       1       1   10000
      52       0       1       1   10000
      54       0       1       1   10000
      55       0       1       1   10000
      57       0       1       1   10000
      58       0       1       1   10000
      59       0       1       1   10000
      60       0       1       1   10000
      61       0       1       1   10000
      62       0       1       1   10000
      63       0       1       1   10000
      64       0       1       1   10000
      65       0       1       1   10000
      66       0       1       1   10000
      67       0       1       1   10000
      68       0       1       1   10000
      69       0       1       1   10000
      70       0       1       1   10000
      72       0       1       1   10000
      73       0       1       1   10000
      75       0       1       1   10000
      76       0       1       1   10000
      77       0       1       1   10000
      78       0       1       1   10000
      79       0       1       1   10000
      80       0       1       1   10000
      81       0       1       1   10000
      82       0       1       1   10000
      83       0       1       1   10000
      84       0       1       1   10000
      85       0       1       1   10000
      86       0       1       1   10000
      87       0       1       1   10000
      88       0       1       1   10000
      93       0       1       1   10000
      94       0       1       1   10000
      95       0       1       1   10000
      96       0       1       1   10000
      97       0       1       1   10000
      98       0       1       1   10000
     101       0       1       1   10000
     108       0       1       1   10000
     110       0       1       1   10000
     115       0       1       1   10000
     117       0       1       1   10000
     121       0       1       1   10000
     123       0       1       1   10000
     125       0       1       1   10000
     127       0       1       1   10000
     129       0       1       1   10000
     131       0       1       1   10000
     134       0       1       1   10000
     135       0       1       1   10000
     138       0       1       1   10000
     140       0       1       1   10000
     142       0       1       1   10000
     144       0       1       1   10000
     145       0       1       1   10000
     147       0       1       1   10000
     149       0       1       1   10000
     153       0       1       1   10000
     155       0       1       1   10000
     157       0       1       1   10000
     159       0       1       1   10000
     161       0       1       1   10000
     164       0       1       1   10000
     166       0       1       1   10000
     167       0       1       1   10000
     169       0       1       1   10000
     171       0       1       1   10000
     175       0       1       1   10000
     177       0       1       1   10000
     179       0       1       1   10000
     181       0       1       1   10000
     183       0       1       1   10000
     185       0       1       1   10000
     187       0       1       1   10000
     191       0       1       1   10000
     193       0       1       1   10000
