           4
           5
           6
           7
           8
           9
          10
          11
          12
          13
          14
          15
          16
          17
          18
          19
          20
          21
          22
          23
          24
          25
          26
          27
          31
          32
          33
          34
          35
          36
          37
          38
          47
          48
          49
          50
          51
          52
          53
          54
          55
          56
          57
          58
          59
          60
          61
          62
          63
          64
          65
          66
          67
          68
          69
          70
          71
          72
          73
          74
          77
          78
          79
          80
          81
          82
          83
          84
          85
          86
          87
         104
         105
         106
         107
         108
         109
         110
         111
         112
         113
         118
         119
         120
         121
         122
         176
         177
         178
         179
         180
         181
         182
         183
         184
         185
         186
         187
         188
         189
         190
         191
         192
         193
         194
         195
         196
         197
         198
         199
         200
         201
         202
         203
         204
         205
         206
         207
         208
         209
         210
         211
         212
         213
         214
         215
         216
         217
         218
         219
         220
         221
         222
         223
         224
         225
         226
         227
         228
         229
         230
         231
         232
         233
         234
         235
         236
         237
         238
         239
         240
         241
         242
         243
         244
         245
         246
         247
         248
         249
         250
         251
         252
         253
         254
         255
         256
         257
         258
         259
         260
         261
         262
         263
         264
         265
         266
         267
         268
         269
         270
         271
         272
         273
         274
         275
         276
         277
         278
         279
         283
         284
         285
         286
         287
         288
         292
         293
         294
         298
         299
         300
         301
         302
         303
         304
         305
         306
         307
         308
         309
         310
         311
         312
         313
         314
         315
         316
         317
         318
         319
         320
         321
         322
         323
         325
         326
         327
         328
         329
         330
         331
         332
         333
         334
         335
         336
         337
         338
         339
         340
         341
         342
         343
         344
         345
         346
         347
         348
         349
         350
         357
         358
         359
         360
         361
         362
         364
         365
         370
         371
         372
         373
         374
         375
         376
         377
         378
         379
         380
         381
         382
         383
         384
         385
         386
         387
         388
         394
         395
         396
         397
         398
         399
         400
         401
         402
         403
         404
         405
         406
         407
         408
         409
         410
         411
         412
         413
         414
         415
         416
         417
         418
         419
         420
         421
         422
         423
         424
         425
         426
         427
         428
         429
         430
         432
         433
         436
         437
         438
         439
         440
         441
         442
         446
         447
         448
         449
         450
         451
         452
         453
         454
         455
         456
         457
         458
         459
         460
         461
         462
         463
         464
         465
         466
         467
         468
         469
         470
         471
         472
         473
         475
         476
         477
         478
         479
         490
         491
         492
         493
         494
         495
         496
         504
         505
         506
         507
         508
         509
         510
         511
         512
         513
         514
         515
         516
         517
         518
         519
         520
         521
         522
         523
         524
         525
         529
         530
         531
         538
         539
         540
         541
         542
         543
         544
         545
         546
         554
         555
         556
         575
         615
         616
         617
         618
         619
         620
         621
         622
         623
         624
         625
         626
         627
         628
         629
         630
         631
         632
         633
         634
         635
         636
         637
         638
         639
         640
         641
         642
         643
         644
         645
         646
         647
         648
         649
         650
         651
         652
         653
         654
         655
         656
         657
         658
         659
         660
         661
         662
         663
         664
         665
         666
         674
         675
         676
         677
         678
         679
         682
         683
         690
         691
         692
         693
         696
         697
         698
         699
         707
         708
         709
         732
         733
         734
         735
         736
         737
         738
         739
         740
         741
         742
         743
         744
         745
         746
         747
         748
         749
         750
         751
         752
         753
         754
         755
         756
         757
         758
         759
         760
         761
         762
         763
         764
         765
         766
         767
         768
         769
         770
         771
         772
         773
         774
         775
         776
         777
         778
         779
         780
         781
         782
         783
         784
         785
         786
         787
         792
         793
         794
         795
         796
         797
         806
         807
         810
         811
         816
         817
         876
         877
         878
         879
         880
         881
         882
         883
         884
         885
         886
         887
         888
         889
         890
         891
         892
         893
         894
         895
         896
         897
         898
         899
         900
         901
         902
         903
         904
         905
         906
         907
         908
         909
         910
         911
         912
         913
         914
         915
         916
         917
         918
         919
         920
         921
         922
         923
         924
         925
         926
         927
         928
         929
         930
         931
         932
         933
         934
         935
         936
         937
         938
         939
         946
         947
         949
         950
         951
         956
         958
         959
         968
         969
         970
         971
         972
         973
         974
         975
         976
         977
         978
         979
         980
         981
         982
         983
         984
         985
         986
         987
         988
         989
         990
         991
        1010
        1011
        1012
        1013
        1014
        1015
        1016
        1017
        1018
        1019
        1020
        1021
        1022
        1023
        1024
        1025
        1026
        1027
        1028
        1029
        1034
        1035
        1036
        1037
        1038
        1039
        1048
        1049
        1050
        1051
        1052
        1053
        1054
        1055
        1056
        1057
        1058
        1059
        1060
        1061
        1062
        1063
        1064
        1065
        1068
        1069
        1070
        1071
        1072
        1073
        1088
        1089
        1090
        1091
        1092
        1093
        1094
        1095
        1096
        1097
        1098
        1099
        1100
        1101
        1108
        1109
        1110
        1111
        1112
        1113
        1114
        1115
        1116
        1117
        1118
        1119
        1126
        1127
        1128
        1129
        1130
        1131
        1132
        1133
        1134
        1135
        1136
        1137
        1138
        1139
        1140
        1141
        1142
        1143
        1146
        1147
        1148
        1149
        1150
        1151
        1152
        1153
        1162
        1163
        1164
        1165
        1170
        1171
        1172
        1173
        1174
        1175
        1176
        1177
        1180
        1181
        1186
        1187
        1188
        1189
        1190
        1191
        1192
        1193
        1194
        1195
        1206
        1207
        1208
        1209
        1210
        1211
        1212
        1213
        1218
        1219
        1220
        1221
        1226
        1227
        1228
        1229
        1230
        1231
        1232
        1233
        1236
        1237
        1238
        1239
        1252
        1253
        1268
        1269
        1270
        1271
        1272
        1273
        1274
        1275
        1276
        1277
        1278
        1279
        1282
        1283
        1286
        1287
        1292
        1293
        1294
        1295
        1296
        1297
        1298
        1299
        1300
        1301
        1311
        1314
        1315
        1316
        1317
        1318
        1319
        1320
        1321
        1326
        1327
        1328
        1329
        1330
        1331
        1334
        1335
        1336
        1337
        1338
        1339
        1344
        1345
        1346
        1347
        1348
        1349
        1350
        1351
        1352
        1353
        1354
        1355
        1356
        1357
        1358
        1359
        1360
        1361
        1362
        1363
        1364
        1365
        1368
        1369
        1376
        1377
        1378
        1379
        1380
        1381
        1384
        1385
        1386
        1387
        1388
        1389
        1396
        1397
        1400
        1401
        1408
        1409
        1410
        1411
        1412
        1413
        1414
        1415
        1416
        1417
        1418
        1419
        1420
        1421
        1422
        1423
        1426
        1427
        1430
        1431
        1432
        1433
        1434
        1435
        1448
        1449
        1450
        1451
        1452
        1453
        1454
        1455
        1456
        1457
        1458
        1459
        1460
        1461
        1464
        1465
        1466
        1467
        1476
        1477
        1478
        1479
        1480
        1481
        1482
        1483
        1484
        1485
        1486
        1487
        1490
        1491
        1492
        1493
        1494
        1495
        1496
        1502
        1503
        1504
        1505
        1506
        1507
        1510
        1511
        1512
        1513
        1514
        1515
        1516
        1517
        1520
        1521
        1524
        1525
        1526
        1528
        1529
        1530
        1531
        1532
        1534
        1544
        1545
        1546
        1547
        1548
        1549
        1550
        1551
        1552
        1553
        1554
        1555
        1556
        1557
        1558
        1559
        1560
        1561
        1562
        1563
        1564
        1565
        1566
        1567
        1569
        1570
        1571
        1572
        1573
        1578
        1579
        1580
        1581
        1582
        1583
        1592
        1593
        1594
        1595
        1596
        1597
        1600
        1601
        1602
        1603
        1606
        1607
        1609
        1610
        1611
        1620
        1621
        1622
        1623
        1624
        1625
        1626
        1627
        1632
        1633
        1634
        1635
        1636
        1637
        1646
        1647
        1648
        1649
        1652
        1653
        1660
        1661
        1662
        1663
        1664
        1665
        1666
        1667
        1668
        1669
        1670
        1674
        1675
        1676
        1677
        1678
        1680
        1681
        1688
        1689
        1700
        1701
        1702
        1703
        1704
        1705
        1706
        1707
        1710
        1711
        1712
        1713
        1714
        1715
        1716
        1717
        1724
        1725
        1726
        1727
        1728
        1729
        1733
        1734
        1735
        1738
        1739
        1740
        1741
        1758
        1759
        1762
        1763
        1764
        1765
        1766
        1767
        1774
        1775
        1776
        1777
        1782
        1783
        1784
        1785
        1786
        1787
        1788
        1789
        1790
        1791
        1792
        1793
        1794
        1795
        1796
        1797
        1798
        1799
        1800
        1801
        1806
        1807
        1808
        1809
        1812
        1813
        1814
        1815
        1816
        1817
        1818
        1819
        1822
        1823
        1824
        1825
        1828
        1829
        1830
        1831
        1832
        1833
        1834
        1835
        1836
        1837
        1842
        1843
        1844
        1845
        1846
        1847
        1850
        1851
        1860
        1861
        1863
        1864
        1865
        1869
        1870
        1871
        1872
        1873
        1874
        1875
        1879
        1890
        1891
        1894
        1895
        1902
        1903
        1904
        1905
        1908
        1909
        1910
        1911
        1912
        1913
        1914
        1915
        1918
        1919
        1920
        1921
        1922
        1923
        1924
        1925
        1928
        1929
        1930
        1931
        1932
        1933
        1934
        1935
        1938
        1939
        1942
        1943
        1944
        1945
        1946
        1947
        1950
        1951
        1952
        1953
        1954
        1955
        1956
        1957
        1958
        1959
        1960
        1961
        1962
        1963
        1964
        1965
        1966
        1967
        1968
        1969
        1970
        1971
        1972
        1973
        1974
        1975
        1976
        1977
        1984
        1985
        1990
        1991
        1992
        1993
        1996
        1997
        1998
        1999
        2000
        2001
        2002
        2003
        2006
        2007
        2008
        2009
        2010
        2011
        2012
        2013
        2014
        2015
        2016
        2017
        2018
        2020
        2021
        2022
        2023
        2024
        2025
        2026
        2027
        2028
        2029
        2032
        2033
        2038
        2039
        2040
        2041
        2042
        2043
        2044
        2045
        2046
        2049
        2052
        2053
        2054
        2055
        2056
        2057
        2058
        2059
        2060
        2062
        2063
        2064
        2065
        2066
        2067
        2068
        2069
        2070
        2071
        2072
        2073
        2074
        2075
        2076
        2077
        2078
        2079
        2080
        2081
        2082
        2088
        2089
        2090
        2091
        2092
        2093
        2094
        2095
        2096
        2097
        2098
        2099
        2100
        2101
        2102
        2103
        2104
        2105
        2106
        2107
        2108
        2109
        2110
        2111
        2112
        2113
        2114
        2115
        2116
        2117
        2119
        2120
        2121
        2125
        2126
        2127
        2128
        2129
        2130
        2131
        2132
        2133
        2134
        2135
        2136
        2137
        2138
        2139
        2140
        2141
        2142
        2143
        2144
        2145
        2146
        2147
        2148
        2149
        2150
        2151
        2152
        2153
        2154
        2155
        2156
        2157
        2158
        2159
        2160
        2161
        2162
        2163
        2164
        2165
        2166
        2167
        2168
        2169
        2170
        2171
        2172
        2173
        2174
        2175
        2176
        2177
        2178
        2179
        2180
        2181
        2182
        2183
        2184
        2185
        2186
        2187
        2188
        2189
        2190
        2191
        2192
        2193
        2194
        2195
        2196
        2197
        2198
        2199
        2200
        2201
        2202
        2203
        2204
        2205
        2208
        2209
        2210
        2211
        2212
        2213
        2214
        2215
        2216
        2217
        2218
        2220
        2221
        2222
        2223
        2224
        2225
        2226
        2227
        2228
        2229
        2230
        2231
        2232
        2233
        2234
        2235
        2236
        2237
        2238
        2239
        2240
        2241
        2242
        2243
        2244
        2245
        2246
        2247
        2248
        2249
        2250
        2251
        2252
        2253
        2254
        2255
        2256
        2257
        2258
        2259
        2260
        2261
        2262
        2263
        2264
        2265
        2266
        2267
        2268
        2269
        2270
        2271
        2272
        2273
        2274
        2275
        2276
        2277
        2278
        2279
        2280
        2281
        2282
        2283
        2284
        2285
        2286
        2287
        2288
        2289
        2290
        2291
        2294
        2295
        2296
        2297
        2298
        2299
        2300
        2301
        2302
        2303
        2304
        2305
        2306
        2307
        2308
        2309
        2310
        2311
        2312
        2313
        2314
        2315
        2316
        2317
        2318
        2319
        2320
        2321
        2322
        2323
        2324
        2325
        2326
        2327
        2328
        2329
        2330
        2331
        2332
        2333
        2334
        2335
        2336
        2337
        2338
        2339
        2340
        2341
        2342
        2343
        2344
        2345
        2346
        2347
        2348
        2349
        2350
        2351
        2352
        2353
        2354
        2355
        2356
        2357
        2358
        2359
        2360
        2361
        2362
        2363
        2364
        2365
        2366
        2367
        2368
        2369
        2370
        2371
        2372
        2373
        2374
        2375
        2376
        2377
        2378
        2379
        2380
        2381
        2382
        2383
        2384
        2385
        2386
        2387
        2388
        2389
        2390
        2391
        2392
        2393
        2394
        2395
        2396
        2397
        2398
        2399
        2400
        2401
        2402
        2403
        2404
        2405
        2406
        2407
        2408
        2409
        2410
        2411
        2412
        2413
        2414
        2415
        2416
        2417
        2418
        2419
        2420
        2421
        2422
        2423
        2424
        2425
        2426
        2427
        2428
        2429
        2430
        2431
        2432
        2433
        2434
        2435
        2436
        2437
        2438
        2439
        2440
        2441
        2442
        2443
        2444
        2445
        2446
        2447
        2448
        2449
        2450
        2451
        2452
        2453
        2454
        2455
        2456
        2457
        2458
        2459
        2460
        2461
        2462
        2463
        2464
        2465
        2466
        2467
        2468
        2469
        2470
        2471
        2472
        2473
        2474
        2475
        2476
        2477
        2478
        2479
        2480
        2481
        2482
        2483
        2484
        2485
        2486
        2487
        2488
        2489
        2490
        2491
        2492
        2493
        2494
        2495
        2496
        2497
        2498
        2499
        2500
        2501
        2502
        2503
        2504
        2505
        2506
        2507
        2508
        2509
        2510
        2511
        2512
        2513
        2514
        2515
        2516
        2517
        2518
        2519
        2520
        2521
        2522
        2523
        2524
        2525
        2526
        2527
        2528
        2529
        2530
        2531
        2532
        2533
        2534
        2535
        2536
        2537
        2538
        2539
        2540
        2541
        2542
        2543
        2544
        2545
        2546
        2547
        2548
        2549
        2550
        2551
        2552
        2553
        2554
        2555
        2556
        2557
        2558
        2559
        2560
        2561
        2562
        2563
        2564
        2565
        2566
        2567
        2568
        2569
        2570
        2571
        2572
        2573
        2574
        2575
        2576
        2577
        2578
        2579
        2580
        2581
        2582
        2583
        2749
        2750
        2751
        2752
        2753
        2754
        2755
        2756
        2757
        2758
        2759
        2760
        2761
        2762
        2763
        2764
        2765
        2766
        2767
        2768
        2769
        2770
        2771
        2772
        2773
        2774
        2775
        2776
        2777
        2778
        2779
        2780
        2781
        2782
        2783
        2784
        2785
        2786
        2787
        2790
        2791
        2792
        2793
        2794
        2795
        2796
        2797
        2798
        2799
        2800
        2801
        2802
        2803
        2804
        2805
        2806
        2807
        2808
        2809
        2810
        2811
        2812
        2813
        2814
        2815
        2816
        2817
        2818
        2819
        2820
        2821
        2822
        2823
        2824
        2825
        2826
        2827
        2828
        2829
        2830
        2831
        2832
        2833
        2834
        2835
        2836
        2837
        2838
        2839
        2840
        2841
        2842
        2843
        2844
        2845
        2846
        2847
        2848
        2849
        2850
        2851
        2852
        2853
        2854
        2855
        2856
        2857
        2858
        2859
        2860
        2861
        2862
        2863
        2864
        2865
        2866
        2867
        2868
        2869
        2870
        2871
        2872
        2873
        2874
        2875
        2876
        2877
        2878
        2879
        2880
        2881
        2882
        2884
        2885
        2886
        2887
        2906
        2907
        2908
        2909
        2910
        2911
        2912
        3002
        3003
        3004
        3005
        3008
        3009
        3010
        3011
        3012
        3013
        3014
        3015
        3016
        3017
        3018
        3019
        3020
        3021
        3022
        3023
        3024
        3025
        3026
        3027
        3028
        3029
        3030
        3031
        3032
        3033
        3034
        3035
        3036
        3037
        3038
        3039
        3040
        3041
        3042
        3043
        3044
        3045
        3046
        3047
        3048
        3049
        3050
        3051
        3052
        3053
        3054
        3055
        3056
        3057
        3058
        3059
        3060
        3061
        3062
        3063
        3064
        3065
        3066
        3067
        3068
        3069
        3070
        3071
        3075
        3199
        3200
        3201
        3202
        3203
        3204
        3205
        3206
        3207
        3208
        3209
        3210
        3211
        3212
        3213
        3214
        3215
        3216
        3217
        3218
        3219
        3220
        3221
        3222
        3223
        3224
        3225
        3226
        3227
        3228
        3229
        3230
        3231
        3232
        3233
        3234
        3235
        3236
        3237
        3238
        3239
        3240
        3241
        3242
        3243
        3244
        3245
        3246
        3247
        3248
        3249
        3250
        3251
        3252
        3253
        3254
        3255
        3256
        3257
        3258
        3259
        3260
        3261
        3262
        3263
        3264
        3265
        3266
        3267
        3268
        3269
        3270
        3271
        3272
        3273
        3274
        3275
        3276
        3277
        3278
        3279
        3280
        3281
        3282
        3283
        3284
        3285
        3305
        3306
        3307
        3308
        3309
        3315
        3316
        3317
        3318
        3319
        3320
        3321
        3322
        3323
        3324
        3325
        3326
        3327
        3328
        3329
        3330
        3331
        3332
        3333
        3334
        3335
        3336
        3337
        3338
        3339
        3461
        3462
        3463
        3464
        3465
        3466
        3467
        3468
        3469
        3470
        3471
        3472
        3473
        3474
        3475
        3476
        3477
        3478
        3479
        3480
        3483
        3484
        3485
        3486
        3487
        3488
        3489
        3490
        3491
        3492
        3493
        3494
        3495
        3496
        3497
        3498
        3499
        3500
        3501
        3502
        3503
        3504
        3505
        3506
        3507
        3508
        3509
        3510
        3511
        3512
        3513
        3514
        3515
        3516
        3517
        3518
        3519
        3520
        3521
        3522
        3523
        3524
        3525
        3526
        3527
        3528
        3529
        3530
        3531
        3532
        3533
        3534
        3535
        3536
        3537
        3538
        3539
        3540
        3543
        3544
        3545
        3581
        3582
        3585
        3586
        3587
        3589
        3590
        3591
        3592
        3593
        3594
        3595
        3596
        3597
        3598
        3599
        3600
        3601
        3602
        3603
        3604
        3605
        3606
        3607
        3608
        3609
        3610
        3845
        3846
        3847
        3848
        3849
        3850
        3851
        3852
        3853
        3854
        3855
        3856
        3857
        3858
        3859
        3860
        3861
        3862
        3863
        3864
        3865
        3866
        3867
        3868
        3869
        3870
        3871
        3872
        3873
        3874
        3875
        3876
        3877
        3878
        3879
        3880
        3881
        3882
        3883
        3884
        3885
        3886
        3887
        3888
        3889
        3890
        3891
        3892
        3893
        3894
        3895
        3896
        3897
        3898
        3899
        3900
        3901
        3902
        3903
        3904
        3905
        3906
        3907
        3908
        3909
        3910
        3911
        3912
        3913
        3914
        3915
        3916
        3917
        3918
        3919
        3920
        3921
        3922
        3923
        3924
        3925
        3926
        3927
        3928
        3929
        3930
        3931
        3932
        3933
        3934
        3935
        3936
        3937
        3938
        3939
        3940
        3941
        3942
        3943
        3944
        3945
        3946
        3947
        3948
        3949
        3950
        3951
        3952
        3953
        3954
        3955
        3956
        3957
        3958
        3959
        3960
        3961
        3962
        3963
        3964
        3965
        3966
        3967
        3968
        3969
        3970
        3971
        3972
        3973
        3974
        3975
        3976
        3977
        3978
        3979
        3980
        3981
        3982
        4013
        4014
        4025
        4026
        4027
        4028
        4029
        4030
        4031
        4032
        4033
        4034
        4035
        4036
        4037
        4038
        4039
        4040
        4041
        4042
        4043
        4044
        4045
        4046
        4137
        4138
        4139
        4140
        4141
        4142
        4143
        4144
        4145
        4146
        4147
        4148
        4149
        4150
        4153
        4154
        4155
        4156
        4157
        4158
        4159
        4160
        4161
        4162
        4163
        4164
        4165
        4166
        4167
        4168
        4169
        4170
        4171
        4172
        4173
        4174
        4175
        4176
        4177
        4178
        4179
        4180
        4181
        4182
        4183
        4184
        4185
        4186
        4187
        4188
        4189
        4190
        4191
        4192
        4193
        4194
        4195
        4196
        4197
        4198
        4199
        4200
        4207
        4208
        4209
        4210
        4211
        4212
        4251
        4252
        4253
        4254
        4255
        4256
        4257
        4258
        4259
        4260
        4261
        4262
        4263
        4264
        4265
        4266
        4267
        4268
        4269
        4270
        4271
        4272
        4323
        4324
        4325
        4326
        4327
        4328
        4329
        4330
        4331
        4332
        4333
        4334
        4335
        4336
        4337
        4338
        4339
        4340
        4341
        4342
        4343
        4344
        4345
        4346
        4347
        4348
        4349
        4350
        4359
        4360
        4421
        4422
        4423
        4424
        4425
        4426
        4427
        4428
        4429
        4430
        4431
        4432
        4433
        4434
        4435
        4436
        4437
        4438
        4439
        4440
        4441
        4442
        4443
        4444
        4445
        4446
        4447
        4448
        4449
        4450
        4453
        4454
        4456
        4475
        4476
        4477
        4478
        4479
        4480
        4481
        4482
        4483
        4484
        4485
        4486
        4487
        4488
        4489
        4490
        4621
        4622
        4623
        4624
        4625
        4626
        4627
        4628
        4629
        4630
        4631
        4632
        4633
        4634
        4635
        4636
        4637
        4638
        4639
        4640
        4641
        4642
        4643
        4644
        4645
        4646
        4647
        4648
        4649
        4650
        4651
        4652
        4653
        4654
        4655
        4656
        4657
        4658
        4659
        4660
        4661
        4662
        4663
        4664
        4665
        4666
        4667
        4668
        4669
        4670
        4671
        4672
        4673
        4674
        4675
        4676
        4677
        4678
        4679
        4680
        4681
        4682
        4683
        4684
        4685
        4686
        4688
        4699
        4700
        4707
        4708
        4709
        4710
        4711
        4712
        4713
        4714
        4733
        4734
        4735
        4736
        4737
        4738
        4739
        4740
        4741
        4742
        4743
        4744
        4745
        4746
        4747
        4748
        4749
        4750
        4751
        4752
        4753
        4754
        4755
        4756
        4757
        4758
        4759
        4760
        4761
        4762
        4763
        4764
        4793
        4794
        4795
        4796
        4797
        4798
        4799
        4800
        4801
        4802
        4803
        4804
        4805
        4806
        4807
        4808
        4817
        4818
        4839
        4840
        4841
        4842
        4843
        4844
        4845
        4846
        4857
        4858
        4859
        4860
        4903
        4904
        4905
        4906
        4907
        4908
        4909
        4910
        4911
        4912
        4913
        4914
        4915
        4916
        4917
        4918
        4919
        4920
        4921
        4922
        4923
        4924
        4925
        4926
        4927
        4928
        4933
        4934
        4987
        4988
        4989
        4990
        4991
        4992
        4993
        4994
        4995
        4996
        4997
        4998
        4999
        5000
        5001
        5002
        5003
        5004
        5005
        5006
        5007
        5008
        5009
        5010
        5011
        5012
        5013
        5014
        5015
        5016
        5017
        5018
        5019
        5020
        5021
        5022
        5023
        5024
        5025
        5026
        5031
        5032
        5033
        5034
        5053
        5054
        5055
        5056
        5057
        5058
        5059
        5060
        5061
        5062
        5063
        5064
        5065
        5066
        5093
        5094
        5095
        5096
        5097
        5098
        5099
        5100
        5135
        5136
        5137
        5138
        5139
        5140
        5141
        5142
        5143
        5144
        5145
        5146
        5147
        5148
        5149
        5150
        5151
        5152
        5155
        5156
        5159
        5160
        5169
        5170
        5171
        5172
        5173
        5174
        5175
        5176
        5177
        5178
        5179
        5180
        5271
        5272
        5273
        5274
        5275
        5276
        5277
        5278
        5279
        5280
        5281
        5282
        5283
        5284
        5285
        5286
        5287
        5288
        5289
        5290
        5291
        5292
        5293
        5294
        5295
        5296
        5297
        5298
        5299
        5300
        5311
        5312
        5313
        5314
        5315
        5316
        5317
        5318
        5319
        5320
        5357
        5358
        5359
        5360
        5361
        5362
        5363
        5364
        5365
        5366
        5367
        5368
        5369
        5370
        5371
        5372
        5373
        5374
        5375
        5376
        5377
        5378
        5383
        5384
        5433
        5434
        5435
        5436
        5437
        5438
        5439
        5440
        5441
        5442
        5443
        5444
        5445
        5446
        5447
        5448
        5449
        5450
        5451
        5452
        5453
        5454
        5455
        5456
        5457
        5458
        5459
        5460
        5461
        5462
        5463
        5464
        5465
        5466
        5487
        5488
        5489
        5490
        5491
        5492
        5493
        5494
        5495
        5496
        5497
        5498
        5501
        5502
        5509
        5510
        5514
        5515
        5516
        5525
        5526
        5527
        5528
        5529
        5530
        5531
        5532
        5533
        5534
        5535
        5536
        5539
        5540
        5541
        5542
        5555
        5556
        5557
        5558
        5559
        5560
        5561
        5562
        5563
        5564
        5565
        5566
        5567
        5568
        5569
        5570
        5595
        5596
        5597
        5598
        5599
        5600
        5601
        5602
        5617
        5618
        5623
        5624
        5647
        5648
        5667
        5668
        5669
        5670
        5671
        5672
        5673
        5674
        5675
        5676
        5677
        5678
        5679
        5680
        5681
        5682
        5683
        5684
        5685
        5686
        5687
        5688
        5693
        5694
        5695
        5696
        5707
        5708
        5709
        5710
        5711
        5712
        5713
        5714
        5729
        5730
        5731
        5732
        5747
        5748
        5749
        5750
        5751
        5752
        5753
        5754
        5755
        5756
        5757
        5758
        5759
        5760
        5761
        5762
        5763
        5764
        5765
        5766
        5767
        5768
        5769
        5770
        5801
        5802
        5803
        5804
        5805
        5806
        5807
        5808
        5809
        5810
        5811
        5812
        5813
        5814
        5815
        5816
        5817
        5818
        5819
        5820
        5829
        5830
        5831
        5832
        5861
        5862
        5863
        5864
        5865
        5866
        5867
        5868
        5869
        5870
        5873
        5874
        5897
        5898
        5899
        5900
        5901
        5902
        5903
        5904
        5905
        5906
        5907
        5908
        5909
        5910
        5911
        5912
        5915
        5916
        5917
        5918
        5921
        5922
        5925
        5926
        5927
        5928
        5935
        5936
        5937
        5938
        5939
        5940
        5941
        5942
        5951
        5952
        5953
        5954
        5955
        5956
        5957
        5958
        5959
        5960
        5961
        5962
        5969
        5970
        5983
        5984
        5985
        5986
        5987
        5988
        5995
        5996
        5997
        5998
        6001
        6002
        6003
        6004
        6015
        6016
        6017
        6018
        6023
        6024
        6025
        6026
        6031
        6032
        6033
        6034
        6035
        6036
        6039
        6040
        6049
        6050
        6051
        6052
        6053
        6054
        6055
        6056
        6073
        6074
        6075
        6076
        6077
        6078
        6079
        6080
        6081
        6082
        6083
        6084
        6091
        6092
        6095
        6096
        6097
        6098
        6101
        6102
        6103
        6104
        6105
        6106
        6117
        6118
        6145
        6146
        6147
        6148
        6149
        6150
        6151
        6152
        6153
        6154
        6159
        6160
        6169
        6170
        6171
        6172
        6173
        6174
        6181
        6182
        6193
        6194
        6195
        6196
        6211
        6212
        6213
        6214
        6219
        6220
        6221
        6222
        6223
        6224
        6227
        6228
        6229
        6230
        6238
        6241
        6242
        6251
        6252
        6255
        6256
        6257
        6258
        6261
        6262
        6263
        6264
        6265
        6266
        6267
        6268
        6269
        6270
        6271
        6272
        6273
        6274
        6275
        6276
        6279
        6280
        6299
        6300
        6301
        6302
        6305
        6306
        6307
        6308
        6333
        6334
        6335
        6336
        6337
        6338
        6339
        6340
        6347
        6348
        6349
        6350
        6363
        6364
        6371
        6372
        6373
        6374
        6377
        6378
        6379
        6380
        6385
        6386
        6387
        6388
        6391
        6392
        6393
        6394
        6395
        6396
        6409
        6410
