    2594       0       1       1    -999
    2610       0       1       1    -999
    2611       0       1       1    -999
    2612       0       1       1    -999
    2620       0       1       1    -999
    2621       1       1       0    -999
    2634       0       1       1    -999
    2637       0       1       1    -999
    2672       0       1       1    -999
    2676       0       1       1    -999
    2680       0       1       1    -999
    2684       0       1       1    -999
    2686       0       1       1    -999
    2688       0       1       1    -999
    2692       0       1       1    -999
    2694       0       1       1    -999
    2696       0       1       1    -999
    2697       0       1       1    -999
    2698       0       1       1    -999
    2703       0       1       1    -999
    2704       0       1       1    -999
    2705       0       1       1    -999
    2708       0       1       1    -999
    2710       0       1       1    -999
    2711       0       1       1    -999
    2714       0       1       1    -999
    2715       0       1       1    -999
    2723       0       1       1    -999
    2724       0       1       1    -999
    2734       0       1       1    -999
    2737       0       1       1    -999
    2742       0       1       1    -999
    2749       0       1       1    -999
    2750       0       1       1    -999
    2758       0       1       1    -999
    2759       0       1       1    -999
    2767       0       1       1    -999
    2775       0       1       1    -999
    2777       0       1       1    -999
    2778       0       1       1    -999
    2779       0       1       1    -999
    2780       0       1       1    -999
    2799       0       1       1    -999
    2804       0       1       1    -999
    2805       1       1       0    -999
    2806       0       1       1    -999
    2813       0       1       1    -999
    2827       0       1       1    -999
    2828       0       1       1    -999
    2829       0       1       1    -999
    2832       0       1       1    -999
    2833       0       1       1    -999
    2841       1       1       0    -999
    2842       0       1       1    -999
    2849       0       1       1    -999
    2850       0       1       1    -999
    2854       0       1       1    -999
    2930       0       1       1    -999
    2931       0       1       1    -999
    2960       0       1       1    -999
    2974       0       1       1    -999
    2994       0       1       1    -999
    3002       0       1       1    -999
    3008       0       1       1    -999
    3015       0       1       1    -999
    3020       0       1       1    -999
    3033       0       1       1    -999
    3092       0       1       1    -999
    3100       0       1       1    -999
    3116       0       1       1    -999
    3120       0       1       1    -999
    3137       0       1       1    -999
    3141       0       1       1    -999
    3157       0       1       1    -999
    3161       0       1       1    -999
    3185       0       1       1    -999
    3198       0       1       1    -999
    3199       1       1       0    -999
    3200       0       1       1    -999
    3206       1       1       0    -999
    3210       0       1       1    -999
    3216       0       1       1    -999
    3220       0       1       1    -999
    3232       1       1       0    -999
    3234       0       1       1    -999
    3236       1       1       0    -999
    3238       0       1       1    -999
    3240       0       1       1    -999
    3251       0       1       1    -999
    3259       0       1       1    -999
    3263       0       1       1    -999
    3269       0       1       1    -999
    3273       0       1       1    -999
    3283       0       1       1    -999
    3285       1       1       0    -999
    3289       1       1       0    -999
    3291       0       1       1    -999
    3293       0       1       1    -999
    3300       0       1       1    -999
    3351       0       1       1    -999
    3364       0       1       1    -999
    3368       0       1       1    -999
    3376       0       1       1    -999
    3378       0       1       1    -999
    3409       0       1       1    -999
    3411       0       1       1    -999
    3414       0       1       1    -999
    3416       0       1       1    -999
    3417       0       1       1    -999
    3420       0       1       1    -999
    3424       0       1       1    -999
    3426       0       1       1    -999
    3428       0       1       1    -999
    3430       0       1       1    -999
    3431       0       1       1    -999
    3436       0       1       1    -999
    3438       0       1       1    -999
    3440       0       1       1    -999
    3441       0       1       1    -999
    3444       0       1       1    -999
    3445       0       1       1    -999
    3447       0       1       1    -999
    3449       0       1       1    -999
    3453       0       1       1    -999
    3455       0       1       1    -999
    3456       0       1       1    -999
    3460       0       1       1    -999
    3462       0       1       1    -999
    3463       0       1       1    -999
    3468       0       1       1    -999
    3474       0       1       1    -999
    3476       0       1       1    -999
    3477       0       1       1    -999
    3482       0       1       1    -999
    3483       0       1       1    -999
    3484       0       1       1    -999
    3485       0       1       1    -999
    3486       0       1       1    -999
    3487       0       1       1    -999
    3488       0       1       1    -999
    3491       0       1       1    -999
    3494       0       1       1    -999
    3496       0       1       1    -999
    3500       0       1       1    -999
    3501       0       1       1    -999
    3504       0       1       1    -999
    3520       0       1       1    -999
    3542       0       1       1    -999
    3566       0       1       1    -999
    3574       0       1       1    -999
    3579       0       1       1    -999
    3585       0       1       1    -999
    3589       0       1       1    -999
    3600       0       1       1    -999
    3609       0       1       1    -999
    3634       0       1       1    -999
    3636       0       1       1    -999
    3638       0       1       1    -999
    3640       0       1       1    -999
    3644       0       1       1    -999
    3646       0       1       1    -999
    3652       0       1       1    -999
    3654       0       1       1    -999
    3656       0       1       1    -999
    3660       0       1       1    -999
    3662       0       1       1    -999
    3664       0       1       1    -999
    3668       0       1       1    -999
    3670       0       1       1    -999
    3672       0       1       1    -999
    3676       0       1       1    -999
    3678       0       1       1    -999
    3684       0       1       1    -999
    3686       0       1       1    -999
    3692       0       1       1    -999
    3694       0       1       1    -999
    3696       0       1       1    -999
    3700       0       1       1    -999
    3702       0       1       1    -999
    3704       0       1       1    -999
    3708       0       1       1    -999
    3710       0       1       1    -999
    3712       0       1       1    -999
    3716       0       1       1    -999
    3718       0       1       1    -999
    3720       0       1       1    -999
    3726       0       1       1    -999
    3728       0       1       1    -999
    3734       0       1       1    -999
    3736       0       1       1    -999
    3738       0       1       1    -999
    3742       0       1       1    -999
    3744       0       1       1    -999
    3746       0       1       1    -999
    3750       0       1       1    -999
    3752       0       1       1    -999
    3754       0       1       1    -999
    3758       0       1       1    -999
    3760       0       1       1    -999
    3766       0       1       1    -999
    3768       0       1       1    -999
    3774       0       1       1    -999
    3776       0       1       1    -999
    3778       0       1       1    -999
    3782       0       1       1    -999
    3784       0       1       1    -999
    3786       0       1       1    -999
    3790       0       1       1    -999
    3792       0       1       1    -999
    3794       0       1       1    -999
    3798       0       1       1    -999
    3804       0       1       1    -999
    3805       0       1       1    -999
    3808       0       1       1    -999
    3816       0       1       1    -999
    3819       0       1       1    -999
    3822       0       1       1    -999
    3824       0       1       1    -999
    3828       0       1       1    -999
    3830       0       1       1    -999
    3832       0       1       1    -999
    3836       0       1       1    -999
    3842       0       1       1    -999
    3846       0       1       1    -999
    3848       0       1       1    -999
    3850       0       1       1    -999
    3854       0       1       1    -999
    3856       0       1       1    -999
    3862       0       1       1    -999
    3864       0       1       1    -999
    3866       0       1       1    -999
    3870       0       1       1    -999
    3876       0       1       1    -999
    3880       0       1       1    -999
    3882       0       1       1    -999
    3884       0       1       1    -999
    3888       0       1       1    -999
    3896       0       1       1    -999
    3897       0       1       1    -999
    3902       0       1       1    -999
    3905       0       1       1    -999
    3910       0       1       1    -999
    3912       0       1       1    -999
    3914       0       1       1    -999
    3918       0       1       1    -999
    3920       0       1       1    -999
    3922       0       1       1    -999
    3928       0       1       1    -999
    3930       0       1       1    -999
    3932       0       1       1    -999
    3936       0       1       1    -999
    3938       0       1       1    -999
    3942       0       1       1    -999
    3944       0       1       1    -999
    3950       0       1       1    -999
    3952       0       1       1    -999
    3958       0       1       1    -999
    3964       0       1       1    -999
    3966       0       1       1    -999
    3970       0       1       1    -999
    3972       0       1       1    -999
    3974       0       1       1    -999
    3984       0       1       1    -999
    3985       0       1       1    -999
    3990       0       1       1    -999
    3993       0       1       1    -999
    3998       0       1       1    -999
    4000       0       1       1    -999
    4006       0       1       1    -999
    4008       0       1       1    -999
    4010       0       1       1    -999
    4178       0       1       1    -999
    4351       0       1       1    -999
    4353       0       1       1    -999
      25       0       1       1     999
      26       0       1       1     999
      28       0       1       1     999
     188       0       1       1     999
     190       0       1       1     999
     191       0       1       1     999
     199       0       1       1     999
     234       0       1       1     999
     235       0       1       1     999
     238       0       1       1     999
     241       0       1       1     999
     263       0       1       1     999
     269       0       1       1     999
     278       0       1       1     999
     641       0       1       1     999
     642       0       1       1     999
     671       1       1       0     999
     673       0       1       1     999
     678       0       1       1     999
     680       0       1       1     999
     684       0       1       1     999
     737       0       1       1     999
     739       0       1       1     999
     747       0       1       1     999
     762       0       1       1     999
     768       0       1       1     999
     771       0       1       1     999
     772       0       1       1     999
     773       0       1       1     999
     775       0       1       1     999
     776       0       1       1     999
     778       0       1       1     999
     782       0       1       1     999
     813       0       1       1     999
     906       0       1       1     999
     910       0       1       1     999
     914       0       1       1     999
     920       0       1       1     999
     922       0       1       1     999
     926       0       1       1     999
     930       0       1       1     999
     934       0       1       1     999
     936       0       1       1     999
     938       0       1       1     999
     944       0       1       1     999
    1016       0       1       1     999
    2844       0       1       1     999
    2853       0       1       1     999
    3076       0       1       1     999
    3199       0       1       1     999
    3305       0       1       1     999
    3309       0       1       1     999
    3392       0       1       1     999
    3406       0       1       1     999
    3408       0       1       1     999
    3510       0       1       1     999
    3518       0       1       1     999
    3631       0       1       1     999
    3633       0       1       1     999
    4013       0       1       1     999
