       1
       2
       3
       4
       5
       6
       7
       8
       9
      10
      11
      12
      13
      14
      15
      16
      17
      18
      19
      20
      21
      22
      23
      24
     105
     106
     107
     108
     164
     165
     221
     222
     223
     224
     225
     226
     227
     228
     229
     230
     231
     232
     233
     234
     235
     236
     237
     238
     239
     240
     241
     242
     243
     244
     245
     246
     247
     248
     249
     250
     251
     252
     253
     254
     255
     256
     257
     258
     259
     260
     261
     262
     263
     264
     265
     266
     267
     268
     269
     270
     271
     272
     273
     274
     275
     276
     277
     278
     279
     280
     281
     282
     283
     284
     285
     286
     287
     288
     289
     290
     291
     292
     293
     294
     295
     296
     297
     298
     299
     300
     301
     302
     303
     304
     305
     306
     307
     308
     309
     310
     311
     312
     313
     314
     315
     316
     317
     318
     319
     320
     374
     375
     429
     483
     484
     485
     486
     487
     488
     489
     490
     491
     492
     493
     494
     495
     496
     497
     498
     499
     500
     501
     502
     503
     504
     505
     506
     507
     508
     509
     510
     511
     512
     513
     514
     515
     516
     517
     518
     519
     520
     521
     522
     523
     524
     525
     526
     527
     528
     529
     530
     531
     532
     533
     534
     535
     536
     537
     538
     539
     540
     541
     542
     543
     544
     545
     546
     547
     548
     549
     550
     551
     552
     553
     554
     555
     556
     557
     558
     559
     560
     561
     562
     563
     564
     565
     566
     620
     621
     622
     623
     624
     625
     626
     627
     628
     714
     715
     716
     717
     718
     719
     720
     721
     722
     723
     724
     725
     726
     727
     728
     729
     730
     731
     732
     733
     734
     735
     736
     737
     738
     739
     740
     741
     742
     743
     744
     745
     746
     747
     748
     749
     750
     751
     752
     753
     754
     755
     756
     757
    1009
    1010
    1011
    1012
    1013
    1014
    1015
    1016
    1017
    1018
    1019
    1020
    1021
    1022
    1023
    1024
    1025
    1026
    1027
    1028
    1029
    1030
    1031
    1032
    1033
    1034
    1035
    1036
    1037
    1038
    1039
    1040
    1041
    1042
    1043
    1044
    1045
    1046
    1047
    1048
    1049
    1050
    1051
    1287
    1288
    1289
    1290
    1291
    1292
    1293
    1294
    1295
    1296
    1297
    1298
    1299
    1300
    1301
    1302
    1303
    1304
    1305
    1306
    1307
    1308
    1309
    1310
    1311
    1312
    1313
    1314
    1315
    1316
    1317
    1318
    1319
    1320
    1321
    1322
    1323
    1324
    1325
    1326
    1327
    1328
    1329
    1330
    1331
    1332
    1333
    1334
    1335
    1336
    1337
    1338
    1339
    1340
    1341
    1342
    1343
    1344
    1345
    1346
    1347
    1348
    1349
    1350
    1351
    1352
    1353
    1354
    1355
    1356
    1357
    1358
    1359
    1360
    1361
    1362
    1363
    1364
    1365
    1366
    1367
    1368
    1369
    1370
    1371
    1372
    1373
    1374
    1375
    1376
    1377
    1378
    1379
    1380
    1381
    1382
    1383
    1384
    1385
    1386
    1387
    1388
    1389
    1390
    1391
    1392
    1393
    1394
    1395
    1396
    1397
    1398
    1399
    1400
    1401
    1402
    1403
    1404
    1405
    1406
    1407
    1408
    1409
    1410
    1411
    1412
    1413
    1414
    1415
    1416
    1417
    1418
    1419
    1420
    1421
    1422
    1423
    1424
    1425
    1426
    1427
    1428
    1429
    1430
    1431
    1432
    1433
    1434
    1435
    1436
    1437
    1438
    1439
    1440
    1441
    1442
    1443
    1444
    1445
    1446
    1447
    1448
    1449
    1450
    1451
    1452
    1453
    1454
    1455
    1456
    1457
    1458
    1459
    1460
    1461
    1462
    1463
    1464
    1465
    1466
    1467
    1468
    1469
    1470
    1471
    1472
    1473
    1474
    1475
    1476
    1477
    1478
    1479
    1480
    1481
    1482
    1483
    1484
    1485
    1486
    1487
    1488
    2298
    2299
    2300
    2301
    2302
    2303
    2304
    2305
    2306
    2307
    2308
    2309
    2310
    2311
    2312
    2313
    2314
    2315
    2316
    2317
    2318
    2319
    2320
    2321
    2322
    2323
    2324
    2325
    2326
    2327
    2328
    2329
    2330
    2331
    2332
    2333
    2334
    2335
    2336
    2337
    2338
    2339
    2340
    2341
    2342
    2343
    2344
    2345
    2513
    2514
    2515
    2516
    2517
    2518
    2519
    2520
    2521
    2522
    2523
    2524
    2525
    2526
    2527
    2528
    2529
    2530
    2531
    2532
    2533
    2534
    2535
    6645
    6646
    6647
    6648
    6649
    6650
    6651
    6652
    6653
    6654
    6655
    6656
    6657
    6658
    6659
    6660
    6661
    6662
    6663
    6664
    6665
    6666
    6667
    6668
    6669
    6670
    6671
    6672
    6673
    6674
    6675
    6676
    6677
    6678
    6679
    6680
    6681
    6682
    6683
    6684
    6685
    6686
    6687
    6688
    6689
    6690
    6691
    6692
    6693
    6694
    6695
    6696
    6697
    6698
    6699
    6700
    6701
    6702
    6703
    6704
    6705
    6706
    6707
    6708
    6709
    6710
    6711
    6712
    6713
    6714
    6715
    6716
    6717
    6718
    6719
    6720
    6721
    6722
    6723
    6724
    6778
    6779
    6780
    6781
    6782
    6783
    6784
    6785
    6786
    6787
    6788
    6789
    6790
    6844
    6845
    6846
    6900
    6901
    6902
    6903
    6904
    6958
    6959
    6960
    6961
    6962
    6963
    6964
    6965
    6966
    6967
    6968
    6969
    6970
    6971
    6972
    6973
    6974
    6975
    6976
    6977
    6978
    6979
    6980
    6981
    6982
    6983
    6984
    6985
    6986
    6987
    6988
    6989
    6990
    6991
    6992
    6993
    6994
    6995
    6996
    6997
    6998
    6999
    7000
    7001
    7002
    7003
    7004
    7005
    7006
    7007
    7008
    7009
    7010
    7011
    7012
    7013
    7014
    7015
    7016
    7017
    7018
    7019
    7020
    7021
    7022
    7023
    7024
    7025
    7026
    7027
    7028
    7029
    7085
    7086
    7087
    7088
    7089
    7090
    7091
    7092
    7093
    7094
    7150
    7151
    7152
    7193
    7194
    7195
    7196
    7197
    7198
    7199
    7200
    7201
    7202
    7203
    7204
    7205
    7206
    7207
    7208
    7209
    7210
    7211
    7212
    7213
    7214
    7215
    7216
    7257
    7258
    7259
    7260
    7261
    7262
    7263
    7264
    7265
    7266
    7267
    7268
    7269
    7270
    7271
    7272
    7273
    7274
    7275
    7276
    7277
    7278
    7279
    7280
    7281
    7282
    7283
    7284
    7285
    7286
    7287
    7288
    7289
    7290
    7291
    7292
    7293
    9088
    9089
    9090
    9091
    9092
    9093
    9094
    9095
    9096
    9097
    9098
    9099
    9100
    9101
    9102
    9103
    9104
    9105
    9106
    9107
    9108
    9109
    9110
    9360
    9361
    9362
    9363
    9364
    9365
    9366
    9367
    9368
    9369
    9370
    9371
    9372
    9373
    9374
    9375
    9376
    9377
    9378
    9379
    9380
    9381
    9382
    9383
    9384
    9385
    9386
    9387
    9388
    9389
    9390
    9391
    9392
    9393
    9394
    9395
    9396
    9397
    9398
    9399
    9400
    9401
    9402
    9403
    9404
    9405
    9406
    9407
    9408
    9409
    9410
    9411
    9412
    9413
    9414
    9415
    9416
    9417
    9418
    9419
    9420
    9421
    9422
    9423
    9424
    9425
    9426
    9427
    9428
    9429
    9430
    9431
    9432
    9433
    9434
    9435
    9436
    9437
    9438
    9439
    9440
    9441
    9442
    9443
    9444
    9445
    9446
    9447
    9448
    9449
    9450
    9451
    9452
    9453
    9454
    9455
    9456
    9457
    9458
    9459
    9460
    9461
    9462
    9463
    9464
    9465
    9466
    9467
    9468
    9469
    9470
    9471
    9472
    9473
    9474
    9475
    9476
    9477
    9478
    9479
    9480
    9481
    9482
    9483
    9484
    9485
    9486
    9487
    9488
    9489
    9490
    9491
    9492
    9493
    9494
    9495
    9496
    9497
    9498
    9499
    9500
    9501
    9502
    9503
    9504
    9505
    9506
    9507
    9508
    9509
    9510
    9511
    9512
    9513
    9514
    9515
    9516
    9517
    9518
    9519
    9520
    9521
    9522
    9523
    9524
    9525
    9526
    9527
    9528
    9529
    9530
    9531
    9532
    9533
    9534
    9535
    9536
    9537
    9538
    9539
    9540
    9541
    9542
    9543
    9544
    9545
    9546
    9547
    9548
    9549
    9550
    9551
    9552
    9553
    9554
    9555
    9556
    9557
    9558
    9559
    9560
    9561
    9562
    9563
    9564
    9565
    9566
    9567
    9568
    9569
    9570
    9571
    9572
    9573
    9574
    9575
    9576
    9577
    9578
    9579
    9580
    9581
    9582
    9583
    9584
    9585
    9586
    9587
    9588
    9589
    9590
    9591
    9592
    9593
    9594
    9595
    9596
    9597
    9598
    9599
    9600
    9601
    9602
    9603
    9604
    9605
    9606
    9607
    9608
    9609
    9610
    9611
    9612
    9613
    9614
    9615
    9616
    9617
    9618
    9619
    9620
    9621
    9622
    9623
    9624
    9625
    9626
    9627
    9628
    9629
    9630
    9631
    9632
    9633
    9634
    9635
    9636
    9637
    9638
    9639
    9640
    9641
    9642
    9643
    9644
    9645
    9646
    9647
    9648
    9649
    9650
    9651
    9652
    9653
    9654
    9655
    9656
    9657
    9658
    9659
    9660
    9661
    9662
    9663
    9664
    9665
    9666
    9667
    9668
    9669
    9670
    9671
    9672
    9673
    9674
    9675
    9676
