       2
       3
       7
       8
      11
      12
      15
      16
      68
      69
      70
      71
      72
      73
      74
      75
      76
      77
      78
      79
      80
      81
      82
      83
      84
      85
      86
      87
      88
      89
      90
      91
      92
      93
      94
      95
      96
      97
      98
      99
     100
     101
     102
     103
     104
     105
     106
     107
     108
     109
     110
     111
     112
     113
     114
     115
     116
     117
     118
     119
     120
     121
     122
     123
     124
     125
     126
     127
     128
     129
     130
     131
     132
     133
     134
     135
     136
     137
     138
     139
     140
     141
     142
     143
     144
     145
     146
     147
     148
     149
     150
     151
     152
     153
     154
     155
     156
     157
     158
     159
     160
     161
     162
     163
     164
     165
     166
     167
     168
     169
     170
     171
     172
     173
     174
     175
     176
     177
     178
     179
     180
     181
     182
     183
     184
     185
     186
     187
     188
     189
     190
     191
     192
     193
     194
     195
     196
     197
     198
     199
     200
     201
     202
     203
     204
     205
     206
     207
     208
     209
     210
     211
     212
     213
     214
     215
     216
     217
     218
     219
     220
     221
     222
     223
     224
     225
     226
     463
     464
     465
     466
     467
     468
     469
     470
     471
     472
     473
     474
     475
     476
     477
     478
     479
     480
     481
     482
     483
     484
     485
     486
     487
     488
     489
     490
     491
     492
     493
     494
     495
     496
     497
     498
     499
     500
     501
     502
     503
     504
     505
     506
     507
     508
     509
     510
     511
     512
     513
     514
     515
     516
     517
     518
     519
     520
     521
     522
     523
     524
     525
     526
     527
     528
     529
     530
     531
     532
     533
     534
     535
     536
     537
     538
     539
     540
     541
     542
     543
     544
     545
     546
     547
     548
     549
     550
     551
     552
     553
     554
     555
     556
     557
     558
     559
     560
     561
     562
     563
     564
     565
     566
     567
     568
     569
     570
     571
     572
     573
     574
     575
     576
     577
     578
     579
     580
     581
     582
     583
     584
     585
     586
     587
     588
     589
     590
     591
     592
     593
     594
     595
     596
     597
     598
     599
     600
     601
     602
     603
     604
     605
     606
     607
     608
     609
     610
     611
     612
     613
     614
     615
     616
     617
     618
     619
     620
     621
     819
     820
     821
     822
     823
     824
     825
     826
     827
     828
     829
     830
     831
     832
     833
     834
     835
     836
     837
     838
     839
     840
     841
     842
     843
     844
     845
     846
     847
     848
     849
     850
     851
     852
     853
     854
     855
     856
     857
     858
     859
     860
     861
     862
     863
     864
     865
     866
     867
     868
     869
     870
     871
     872
     873
     874
     875
     876
     877
     878
     879
     880
     881
     882
     883
     884
     885
     886
     887
     888
     889
     890
     891
     892
     893
     894
     895
     896
     897
     898
     899
     900
     901
     902
     903
     904
     905
     906
     907
     908
     909
     910
     911
     912
     913
     914
     915
     916
     917
     918
     919
     920
     921
     922
     923
     924
     925
     926
     927
     928
     929
     930
     931
     932
     933
     934
     935
     936
     937
     938
     939
     940
     941
     942
     943
     944
     945
     946
     947
     948
     949
     950
     951
     952
     953
     954
     955
     956
     957
     958
     959
     960
     961
     962
     963
     964
     965
     966
     967
     968
     969
     970
     971
     972
     973
     974
     975
     976
     977
     978
     979
     980
     981
     982
     983
     984
     985
     986
     987
     988
     989
     990
     991
     992
     993
     994
     995
     996
     997
     998
     999
    1000
    1001
    1002
    1003
    1004
    1005
    1006
    1007
    1008
    1009
    1010
    1011
    1012
    1013
    1014
    1015
    1016
    1017
    1257
    1258
    1259
    1260
    1261
    1262
    1263
    1264
    1265
    1266
    1267
    1268
    1269
    1270
    1271
    1272
    1273
    1274
    1275
    1276
    1277
    1278
    1279
    1280
    1281
    1282
    1283
    1284
    1285
    1286
    1287
    1288
    1289
    1290
    1291
    1292
    1293
    1294
    1295
    1296
    1297
    1298
    1299
    1300
    1301
    1302
    1303
    1304
    1305
    1306
    1307
    1308
    1309
    1310
    1311
    1312
    1313
    1314
    1315
    1316
    1317
    1318
    1319
    1320
    1321
    1322
    1323
    1324
    1325
    1326
    1327
    1328
    1329
    1330
    1331
    1332
    1333
    1334
    1335
    1336
    1337
    1338
    1339
    1340
    1341
    1342
    1343
    1344
    1345
    1346
    1347
    1348
    1349
    1350
    1351
    1352
    1353
    1354
    1355
    1356
    1357
    1358
    1359
    1360
    1361
    1362
    1363
    1364
    1365
    1366
    1367
    1368
    1369
    1370
    1371
    1372
    1373
    1374
    1375
    1376
    1377
    1378
    1379
    1380
    1381
    1382
    1383
    1384
    1385
    1386
    1387
    1388
    1389
    1390
    1391
    1392
    1393
    1394
    1395
    1396
    1397
    1398
    1399
    1400
    1401
    1402
    1403
    1404
    1405
    1406
    1407
    1408
    1409
    1410
    1411
    1412
    1413
    1414
    1415
    1416
    1417
    1418
    1419
    1420
    1421
    1422
    1423
    1424
    1425
    1426
    1427
    1428
    1429
    1430
    1431
    1432
    1433
    1434
    1435
    1436
    1437
    1438
    1439
    1440
    1441
    1442
    1443
    1444
    1445
    1446
    1447
    1448
    1449
    1450
    1451
    1452
    1453
    1454
    1455
    1772
    1773
    1774
    1775
    1776
    1777
    1778
    1779
    1780
    1781
    1782
    1783
    1784
    1785
    1786
    1787
    1788
    1789
    1790
    1791
    1792
    1793
    1794
    1795
    1796
    1797
    1798
    1799
    1800
    1801
    1802
    1803
    1804
    1805
    1806
    1807
    1808
    1809
    1810
    1811
    1812
    1813
    1814
    1815
    1816
    1817
    1818
    1819
    1820
    1821
    1822
    1823
    1824
    1825
    1826
    1827
    1828
    1829
    1830
    1831
    1832
    1833
    1834
    1835
    1836
    1837
    1838
    1839
    1840
    1841
    1842
    1843
    1844
    1845
    1846
    1847
    1848
    1849
    1850
    1851
    1852
    1853
    1854
    1855
    1856
    1857
    1858
    1859
    1860
    1861
    1862
    1863
    1864
    1865
    1866
    1867
    1868
    1869
    1870
    1871
    1872
    1873
    1874
    1875
    1876
    1877
    1878
    1879
    1880
    1881
    1882
    1883
    1884
    1885
    1886
    1887
    1888
    1889
    1890
    2130
    2131
    2132
    2133
    2134
    2135
    2136
    2137
    2138
    2139
    2140
    2141
    2142
    2143
    2144
    2145
    2146
    2147
    2148
    2149
    2150
    2151
    2152
    2153
    2154
    2155
    2156
    2157
    2158
    2159
    2160
    2161
    2162
    2163
    2164
    2165
    2166
    2167
    2168
    2169
    2170
    2171
    2172
    2173
    2174
    2175
    2176
    2177
    2178
    2179
    2180
    2181
    2182
    2183
    2184
    2185
    2186
    2187
    2188
    2189
    2190
    2191
    2192
    2193
    2194
    2195
    2196
    2197
    2198
    2199
    2200
    2201
    2202
    2203
    2204
    2205
    2206
    2207
    2208
    2209
    2210
    2211
    2212
    2213
    2214
    2215
    2216
    2217
    2218
    2219
    2220
    2221
    2222
    2223
    2224
    2225
    2226
    2227
    2228
    2229
    2230
    2231
    2232
    2233
    2234
    2235
    2236
    2237
    2238
    2239
    2240
    2241
    2242
    2243
    2244
    2245
    2246
    2247
    2248
    1018
    1019
    1020
    1021
    1022
    1023
    1024
    1025
    1026
    1027
    1028
    1029
    1030
    1031
    1032
    1033
    1034
    1035
    1036
    1037
    1038
    1039
    1040
    1041
    1042
    1043
    1044
    1045
    1046
    1047
    1048
    1049
    1050
    1051
    1052
    1053
    1054
    1055
    1056
    1057
    1058
    1059
    1060
    1061
    1062
    1063
    1064
    1065
    1066
    1067
    1068
    1069
    1070
    1071
    1072
    1073
    1074
    1075
    1076
    1077
    1078
    1079
    1080
    1081
    1082
    1083
    1084
    1085
    1086
    1087
    1088
    1089
    1090
    1091
    1092
    1093
    1094
    1095
    1096
    1097
    1098
    1099
    1100
    1101
    1102
    1103
    1104
    1105
    1106
    1107
    1108
    1109
    1110
    1111
    1112
    1113
    1114
    1115
    1116
    1117
    1118
    1119
    1120
    1121
    1122
    1123
    1124
    1125
    1126
    1127
    1128
    1129
    1130
    1131
    1132
    1133
    1134
    1135
    1136
    1137
    1138
    1139
    1140
    1141
    1142
    1143
    1144
    1145
    1146
    1147
    1148
    1149
    1150
    1151
    1152
    1153
    1154
    1155
    1156
    1157
    1158
    1159
    1160
    1161
    1162
    1163
    1164
    1165
    1166
    1167
    1168
    1169
    1170
    1171
    1172
    1173
    1174
    1175
    1176
    1177
    1178
    1179
    1180
    1181
    1182
    1183
    1184
    1185
    1186
    1187
    1188
    1189
    1190
    1191
    1192
    1193
    1194
    1195
    1196
    1197
    1198
    1199
    1200
    1201
    1202
    1203
    1204
    1205
    1206
    1207
    1208
    1209
    1210
    1211
    1212
    1213
    1214
    1215
    1216
    1217
    1218
    1219
    1220
    1221
    1222
    1223
    1224
    1225
    1226
    1227
    1228
    1229
    1230
    1231
    1232
    1233
    1234
    1235
    1236
    1237
    1238
    1239
    1240
    1241
    1242
    1243
    1244
    1245
    1246
    1247
    1248
    1249
    1250
    1251
    1252
    1253
    1254
    1255
    1256
      25
      26
      27
      28
    2875
    2876
    2877
    2878
    2879
    2880
    2881
    2882
    2883
    2884
    2885
    2886
    2887
    2888
    2889
    2890
    2891
    2892
    2893
    2894
    2895
    2896
    2897
    2898
    2899
    2900
    2901
    2902
    2903
    2904
    2905
    2906
    2907
    2908
    2909
    2910
    2911
    2912
    2913
    2914
    2915
    2916
    2917
    2918
    2919
    2920
    2921
    2922
    2923
    2924
    2925
    2926
    2927
    2928
    2929
    2930
    2931
    2932
    2933
    2934
    2935
    2936
    2937
    2938
    2939
    2940
    2941
    2942
    2943
    2944
    2945
    2946
    2947
    2948
    2949
    2950
    2951
    2971
    2972
    2973
    2974
    2975
    2976
    2977
    2978
    2979
    2980
    2981
    2982
    2983
    2984
    2985
    2986
    2987
    2988
    2989
    2990
    2991
    2992
    2993
    2994
    2995
    2996
    2997
    2998
    2999
    3000
    3001
    3002
    3003
    3004
    3005
    3006
    3007
    3008
    3009
    3010
    3011
    3012
    3013
    3014
    3015
    3016
    3017
    3018
    3019
    3020
    3021
    3022
    3023
    3024
    3025
    3026
    3027
    3028
    3029
    3030
    3031
    3032
    3033
    3034
    3035
    3036
    3037
    3038
    3039
    3040
    3041
    3042
    3043
    3044
    3045
    3046
    3047
    3067
    3068
    3069
    3070
    3071
    3072
    3073
    3074
    3075
    3076
    3077
    3078
    3079
    3080
    3081
    3082
    3083
    3084
    3085
    3086
    3087
    3088
    3089
    3090
    3091
    3092
    3093
    3094
    3095
    3096
    3097
    3098
    3099
    3100
    3101
    3102
    3103
    3104
    3105
    3106
    3107
    3108
    3109
    3110
    3111
    3112
    3113
    3114
    3115
    3116
    3117
    3118
    3119
    3120
    3121
    3122
    3123
    3124
    3125
    3126
    3127
    3128
    3129
    3130
    3131
    3132
    3133
    3134
    3135
    3136
    3137
    3138
    3139
    3140
    3141
    3142
    3143
    3144
    3145
    3146
    3147
    3148
    3149
    3150
    3151
    3152
    3153
    3154
    3155
    3156
    3157
    3158
    3159
    3160
    3161
    3162
    3163
    3164
    3165
    3166
    3167
    3168
    3169
    3170
    3171
    3172
    3173
    3174
    3175
    3176
    3177
    3178
    3179
    3180
    3181
    3182
    3183
    3184
    3185
    3186
    3187
    3188
    3189
    3190
    3191
    3192
    3193
    3194
    3195
    3196
    3197
    3198
    3199
    3200
    3201
    3202
    3203
    3204
    3205
    3206
    3207
    3208
    3209
    3210
    3211
    3212
    3213
    3214
    3215
    3216
    3217
    3218
    3219
    3220
