  1.0000000000  0.0000000000
  0.9999802214  0.0062894282
  0.9999208862  0.0125786077
  0.9998219968  0.0188672896
  0.9996835573  0.0251552251
  0.9995055729  0.0314421656
  0.9992880508  0.0377278622
  0.9990309995  0.0440120665
  0.9987344293  0.0502945298
  0.9983983518  0.0565750036
  0.9980227805  0.0628532394
  0.9976077300  0.0691289889
  0.9971532168  0.0754020039
  0.9966592590  0.0816720361
  0.9961258760  0.0879388376
  0.9955530890  0.0942021605
  0.9949409205  0.1004617571
  0.9942893949  0.1067173796
  0.9935985379  0.1129687807
  0.9928683769  0.1192157130
  0.9920989406  0.1254579295
  0.9912902596  0.1316951832
  0.9904423658  0.1379272274
  0.9895552928  0.1441538156
  0.9886290756  0.1503747014
  0.9876637510  0.1565896388
  0.9866593570  0.1627983820
  0.9856159335  0.1690006853
  0.9845335217  0.1751963033
  0.9834121644  0.1813849911
  0.9822519059  0.1875665038
  0.9810527922  0.1937405969
  0.9798148707  0.1999070261
  0.9785381904  0.2060655475
  0.9772228018  0.2122159175
  0.9758687569  0.2183578929
  0.9744761092  0.2244912306
  0.9730449139  0.2306156880
  0.9715752276  0.2367310229
  0.9700671083  0.2428369934
  0.9685206159  0.2489333578
  0.9669358113  0.2550198752
  0.9653127575  0.2610963046
  0.9636515184  0.2671624058
  0.9619521599  0.2732179388
  0.9602147492  0.2792626640
  0.9584393549  0.2852963423
  0.9566260474  0.2913187351
  0.9547748984  0.2973296041
  0.9528859810  0.3033287115
  0.9509593700  0.3093158201
  0.9489951417  0.3152906929
  0.9469933737  0.3212530938
  0.9449541451  0.3272027867
  0.9428775368  0.3331395363
  0.9407636307  0.3390631079
  0.9386125106  0.3449732670
  0.9364242615  0.3508697799
  0.9341989700  0.3567524134
  0.9319367241  0.3626209347
  0.9296376133  0.3684751117
  0.9273017285  0.3743147128
  0.9249291622  0.3801395071
  0.9225200082  0.3859492640
  0.9200743618  0.3917437539
  0.9175923198  0.3975227474
  0.9150739803  0.4032860160
  0.9125194429  0.4090333316
  0.9099288087  0.4147644671
  0.9073021802  0.4204791955
  0.9046396612  0.4261772910
  0.9019413572  0.4318585280
  0.8992073748  0.4375226819
  0.8964378222  0.4431695285
  0.8936328089  0.4487988446
  0.8907924459  0.4544104074
  0.8879168456  0.4600039949
  0.8850061217  0.4655793859
  0.8820603893  0.4711363599
  0.8790797650  0.4766746970
  0.8760643667  0.4821941781
  0.8730143137  0.4876945849
  0.8699297265  0.4931756998
  0.8668107273  0.4986373061
  0.8636574394  0.5040791876
  0.8604699876  0.5095011291
  0.8572484978  0.5149029161
  0.8539930977  0.5202843349
  0.8507039159  0.5256451727
  0.8473810825  0.5309852174
  0.8440247290  0.5363042577
  0.8406349882  0.5416020833
  0.8372119941  0.5468784846
  0.8337558822  0.5521332528
  0.8302667892  0.5573661801
  0.8267448530  0.5625770596
  0.8231902131  0.5677656850
  0.8196030100  0.5729318511
  0.8159833856  0.5780753536
  0.8123314831  0.5831959890
  0.8086474469  0.5882935548
  0.8049314229  0.5933678492
  0.8011835579  0.5984186716
  0.7974040003  0.6034458222
  0.7935928995  0.6084491021
  0.7897504063  0.6134283134
  0.7858766728  0.6183832591
  0.7819718521  0.6233137433
  0.7780360987  0.6282195708
  0.7740695683  0.6331005477
  0.7700724177  0.6379564808
  0.7660448052  0.6427871781
  0.7619868901  0.6475924485
  0.7578988328  0.6523721018
  0.7537807950  0.6571259491
  0.7496329398  0.6618538023
  0.7454554311  0.6665554743
  0.7412484341  0.6712307792
  0.7370121154  0.6758795320
  0.7327466425  0.6805015488
  0.7284521841  0.6850966468
  0.7241289101  0.6896646443
  0.7197769915  0.6942053605
  0.7153966005  0.6987186157
  0.7109879103  0.7032042316
  0.7065510954  0.7076620306
  0.7020863312  0.7120918364
  0.6975937944  0.7164934738
  0.6930736626  0.7208667687
  0.6885261148  0.7252115480
  0.6839513307  0.7295276398
  0.6793494913  0.7338148736
  0.6747207787  0.7380730796
  0.6700653759  0.7423020894
  0.6653834672  0.7465017358
  0.6606752377  0.7506718526
  0.6559408737  0.7548122748
  0.6511805625  0.7589228387
  0.6463944923  0.7630033816
  0.6415828524  0.7670537422
  0.6367458333  0.7710737603
  0.6318836263  0.7750632767
  0.6269964236  0.7790221337
  0.6220844186  0.7829501747
  0.6171478057  0.7868472443
  0.6121867801  0.7907131884
  0.6072015380  0.7945478540
  0.6021922767  0.7983510894
  0.5971591942  0.8021227442
  0.5921024898  0.8058626692
  0.5870223634  0.8095707164
  0.5819190159  0.8132467392
  0.5767926494  0.8168905922
  0.5716434664  0.8205021312
  0.5664716708  0.8240812133
  0.5612774671  0.8276276970
  0.5560610608  0.8311414420
  0.5508226582  0.8346223093
  0.5455624665  0.8380701612
  0.5402806939  0.8414848613
  0.5349775492  0.8448662745
  0.5296532423  0.8482142671
  0.5243079837  0.8515287066
  0.5189419849  0.8548094620
  0.5135554582  0.8580564034
  0.5081486166  0.8612694024
  0.5027216740  0.8644483319
  0.4972748450  0.8675930662
  0.4918083453  0.8707034808
  0.4863223909  0.8737794528
  0.4808171990  0.8768208604
  0.4752929872  0.8798275833
  0.4697499741  0.8827995026
  0.4641883789  0.8857365008
  0.4586084217  0.8886384616
  0.4530103232  0.8915052703
  0.4473943049  0.8943368135
  0.4417605888  0.8971329791
  0.4361093979  0.8998936565
  0.4304409557  0.9026187366
  0.4247554864  0.9053081115
  0.4190532149  0.9079616749
  0.4133343668  0.9105793218
  0.4075991683  0.9131609486
  0.4018478462  0.9157064532
  0.3960806282  0.9182157350
  0.3902977423  0.9206886946
  0.3844994173  0.9231252343
  0.3786858825  0.9255252576
  0.3728573679  0.9278886696
  0.3670141040  0.9302153769
  0.3611563221  0.9325052874
  0.3552842539  0.9347583104
  0.3493981315  0.9369743570
  0.3434981879  0.9391533394
  0.3375846564  0.9412951714
  0.3316577710  0.9433997683
  0.3257177661  0.9454670469
  0.3197648767  0.9474969254
  0.3137993383  0.9494893234
  0.3078213868  0.9514441622
  0.3018312587  0.9533613645
  0.2958291910  0.9552408543
  0.2898154211  0.9570825574
  0.2837901869  0.9588864009
  0.2777537267  0.9606523134
  0.2717062793  0.9623802252
  0.2656480840  0.9640700677
  0.2595793803  0.9657217743
  0.2535004084  0.9673352795
  0.2474114087  0.9689105195
  0.2413126220  0.9704474321
  0.2352042897  0.9719459564
  0.2290866533  0.9734060331
  0.2229599549  0.9748276045
  0.2168244368  0.9762106144
  0.2106803417  0.9775550080
  0.2045279126  0.9788607322
  0.1983673930  0.9801277352
  0.1921990265  0.9813559671
  0.1860230572  0.9825453792
  0.1798397292  0.9836959245
  0.1736492873  0.9848075574
  0.1674519763  0.9858802339
  0.1612480413  0.9869139117
  0.1550377278  0.9879085499
  0.1488212815  0.9888641091
  0.1425989481  0.9897805514
  0.1363709740  0.9906578408
  0.1301376053  0.9914959423
  0.1238990888  0.9922948230
  0.1176556712  0.9930544512
  0.1114075994  0.9937747968
  0.1051551206  0.9944558314
  0.0988984822  0.9950975280
  0.0926379316  0.9956998612
  0.0863737165  0.9962628072
  0.0801060848  0.9967863438
  0.0738352842  0.9972704502
  0.0675615629  0.9977151072
  0.0612851690  0.9981202974
  0.0550063509  0.9984860046
  0.0487253569  0.9988122144
  0.0424424354  0.9990989139
  0.0361578350  0.9993460917
  0.0298718044  0.9995537381
  0.0235845920  0.9997218448
  0.0172964467  0.9998504053
  0.0110076173  0.9999394143
  0.0047183524  0.9999888685
 -0.0015710992  0.9999987658
 -0.0078604886  0.9999691059
 -0.0141495671  0.9998998899
 -0.0204380858  0.9997911205
 -0.0267257961  0.9996428021
 -0.0330124491  0.9994549406
 -0.0392977963  0.9992275433
 -0.0455815890  0.9989606192
 -0.0518635786  0.9986541790
 -0.0581435166  0.9983082347
 -0.0644211546  0.9979228000
 -0.0706962443  0.9974978902
 -0.0769685374  0.9970335221
 -0.0832377859  0.9965297141
 -0.0895037417  0.9959864860
 -0.0957661569  0.9954038593
 -0.1020247839  0.9947818572
 -0.1082793751  0.9941205042
 -0.1145296831  0.9934198265
 -0.1207754606  0.9926798518
 -0.1270164605  0.9919006093
 -0.1332524360  0.9910821300
 -0.1394831404  0.9902244461
 -0.1457083272  0.9893275915
 -0.1519277501  0.9883916019
 -0.1581411633  0.9874165142
 -0.1643483208  0.9864023669
 -0.1705489771  0.9853492002
 -0.1767428869  0.9842570558
 -0.1829298053  0.9831259768
 -0.1891094875  0.9819560080
 -0.1952816890  0.9807471957
 -0.2014461657  0.9794995877
 -0.2076026738  0.9782132333
 -0.2137509696  0.9768881835
 -0.2198908100  0.9755244906
 -0.2260219521  0.9741222085
 -0.2321441535  0.9726813929
 -0.2382571718  0.9712021005
 -0.2443607653  0.9696843901
 -0.2504546926  0.9681283215
 -0.2565387125  0.9665339565
 -0.2626125845  0.9649013579
 -0.2686760682  0.9632305904
 -0.2747289238  0.9615217202
 -0.2807709119  0.9597748147
 -0.2868017935  0.9579899432
 -0.2928213299  0.9561671761
 -0.2988292832  0.9543065857
 -0.3048254155  0.9524082455
 -0.3108094898  0.9504722305
 -0.3167812693  0.9484986175
 -0.3227405178  0.9464874844
 -0.3286869995  0.9444389109
 -0.3346204793  0.9423529778
 -0.3405407224  0.9402297679
 -0.3464474946  0.9380693650
 -0.3523405623  0.9358718546
 -0.3582196924  0.9336373236
 -0.3640846522  0.9313658605
 -0.3699352098  0.9290575550
 -0.3757711339  0.9267124985
 -0.3815921934  0.9243307838
 -0.3873981581  0.9219125051
 -0.3931887985  0.9194577580
 -0.3989638853  0.9169666396
 -0.4047231902  0.9144392486
 -0.4104664854  0.9118756847
 -0.4161935436  0.9092760495
 -0.4219041383  0.9066404459
 -0.4275980436  0.9039689779
 -0.4332750343  0.9012617514
 -0.4389348859  0.8985188735
 -0.4445773743  0.8957404525
 -0.4502022765  0.8929265985
 -0.4558093698  0.8900774227
 -0.4613984326  0.8871930378
 -0.4669692437  0.8842735580
 -0.4725215828  0.8813190987
 -0.4780552302  0.8783297768
 -0.4835699670  0.8753057106
 -0.4890655751  0.8722470196
 -0.4945418371  0.8691538249
 -0.4999985363  0.8660262488
 -0.5054354570  0.8628644151
 -0.5108523840  0.8596684488
 -0.5162491030  0.8564384763
 -0.5216254006  0.8531746254
 -0.5269810642  0.8498770252
 -0.5323158818  0.8465458062
 -0.5376296424  0.8431811001
 -0.5429221358  0.8397830401
 -0.5481931527  0.8363517605
 -0.5534424846  0.8328873971
 -0.5586699237  0.8293900869
 -0.5638752634  0.8258599683
 -0.5690582978  0.8222971809
 -0.5742188217  0.8187018657
 -0.5793566310  0.8150741648
 -0.5844715226  0.8114142218
 -0.5895632941  0.8077221814
 -0.5946317440  0.8039981897
 -0.5996766719  0.8002423940
 -0.6046978782  0.7964549429
 -0.6096951643  0.7926359862
 -0.6146683325  0.7887856749
 -0.6196171861  0.7849041614
 -0.6245415293  0.7809915993
 -0.6294411674  0.7770481432
 -0.6343159064  0.7730739492
 -0.6391655536  0.7690691744
 -0.6439899172  0.7650339774
 -0.6487888062  0.7609685177
 -0.6535620309  0.7568729561
 -0.6583094025  0.7527474547
 -0.6630307331  0.7485921766
 -0.6677258361  0.7444072863
 -0.6723945256  0.7401929492
 -0.6770366169  0.7359493320
 -0.6816519266  0.7316766027
 -0.6862402719  0.7273749303
 -0.6908014714  0.7230444848
 -0.6953353447  0.7186854377
 -0.6998417124  0.7142979613
 -0.7043203963  0.7098822292
 -0.7087712191  0.7054384161
 -0.7131940049  0.7009666978
 -0.7175885786  0.6964672511
 -0.7219547665  0.6919402541
 -0.7262923957  0.6873858857
 -0.7306012949  0.6828043263
 -0.7348812934  0.6781957569
 -0.7391322220  0.6735603599
 -0.7433539125  0.6688983187
 -0.7475461979  0.6642098178
 -0.7517089124  0.6594950424
 -0.7558418914  0.6547541792
 -0.7599449713  0.6499874157
 -0.7640179898  0.6451949405
 -0.7680607858  0.6403769431
 -0.7720731995  0.6355336141
 -0.7760550720  0.6306651451
 -0.7800062458  0.6257717287
 -0.7839265647  0.6208535585
 -0.7878158736  0.6159108290
 -0.7916740187  0.6109437357
 -0.7955008472  0.6059524751
 -0.7992962079  0.6009372447
 -0.8030599506  0.5958982428
 -0.8067919264  0.5908356688
 -0.8104919876  0.5857497230
 -0.8141599881  0.5806406064
 -0.8177957825  0.5755085213
 -0.8213992271  0.5703536707
 -0.8249701795  0.5651762583
 -0.8285084982  0.5599764892
 -0.8320140434  0.5547545689
 -0.8354866763  0.5495107039
 -0.8389262596  0.5442451019
 -0.8423326573  0.5389579709
 -0.8457057346  0.5336495203
 -0.8490453580  0.5283199599
 -0.8523513955  0.5229695006
 -0.8556237163  0.5175983540
 -0.8588621910  0.5122067326
 -0.8620666913  0.5067948497
 -0.8652370906  0.5013629194
 -0.8683732635  0.4959111566
 -0.8714750859  0.4904397768
 -0.8745424351  0.4849489965
 -0.8775751897  0.4794390330
 -0.8805732299  0.4739101042
 -0.8835364369  0.4683624287
 -0.8864646936  0.4627962261
 -0.8893578842  0.4572117166
 -0.8922158942  0.4516091209
 -0.8950386105  0.4459886609
 -0.8978259216  0.4403505587
 -0.9005777170  0.4346950375
 -0.9032938881  0.4290223209
 -0.9059743272  0.4233326333
 -0.9086189285  0.4176261998
 -0.9112275873  0.4119032462
 -0.9138002003  0.4061639988
 -0.9163366659  0.4004086846
 -0.9188368837  0.3946375314
 -0.9213007548  0.3888507673
 -0.9237281817  0.3830486214
 -0.9261190684  0.3772313231
 -0.9284733204  0.3713991026
 -0.9307908444  0.3655521905
 -0.9330715489  0.3596908181
 -0.9353153436  0.3538152174
 -0.9375221397  0.3479256206
 -0.9396918500  0.3420222609
 -0.9418243887  0.3361053717
 -0.9439196713  0.3301751871
 -0.9459776150  0.3242319416
 -0.9479981383  0.3182758704
 -0.9499811615  0.3123072091
 -0.9519266059  0.3063261938
 -0.9538343947  0.3003330610
 -0.9557044524  0.2943280478
 -0.9575367050  0.2883113918
 -0.9593310800  0.2822833310
 -0.9610875065  0.2762441038
 -0.9628059149  0.2701939492
 -0.9644862374  0.2641331064
 -0.9661284074  0.2580618152
 -0.9677323599  0.2519803158
 -0.9692980316  0.2458888488
 -0.9708253605  0.2397876550
 -0.9723142861  0.2336769759
 -0.9737647496  0.2275570532
 -0.9751766936  0.2214281289
 -0.9765500623  0.2152904455
 -0.9778848012  0.2091442458
 -0.9791808577  0.2029897729
 -0.9804381804  0.1968272703
 -0.9816567197  0.1906569818
 -0.9828364272  0.1844791513
 -0.9839772565  0.1782940234
 -0.9850791622  0.1721018426
 -0.9861421008  0.1659028540
 -0.9871660304  0.1596973027
 -0.9881509103  0.1534854342
 -0.9890967016  0.1472674942
 -0.9900033670  0.1410437287
 -0.9908708704  0.1348143839
 -0.9916991777  0.1285797062
 -0.9924882561  0.1223399423
 -0.9932380743  0.1160953389
 -0.9939486027  0.1098461431
 -0.9946198132  0.1035926021
 -0.9952516792  0.0973349632
 -0.9958441757  0.0910734740
 -0.9963972794  0.0848083823
 -0.9969109682  0.0785399357
 -0.9973852219  0.0722683823
 -0.9978200218  0.0659939701
 -0.9982153506  0.0597169474
 -0.9985711927  0.0534375625
 -0.9988875340  0.0471560637
 -0.9991643621  0.0408726995
 -0.9994016659  0.0345877186
 -0.9995994360  0.0283013694
 -0.9997576647  0.0220139007
 -0.9998763457  0.0157255612
 -0.9999554743  0.0094365997
 -0.9999950473  0.0031472648
 -0.9999950633 -0.0031421945
 -0.9999555221 -0.0094315295
 -0.9998764254 -0.0157204915
 -0.9997577763 -0.0220088316
 -0.9995995795 -0.0282963011
 -0.9994018412 -0.0345826512
 -0.9991645693 -0.0408676334
 -0.9988877731 -0.0471509990
 -0.9985714636 -0.0534324994
 -0.9982156534 -0.0597118861
 -0.9978203564 -0.0659889108
 -0.9973855883 -0.0722633252
 -0.9969113664 -0.0785348810
 -0.9963977093 -0.0848033302
 -0.9958446375 -0.0910684248
 -0.9952521727 -0.0973299169
 -0.9946203384 -0.1035875590
 -0.9939491597 -0.1098411034
 -0.9932386630 -0.1160903028
 -0.9924888764 -0.1223349100
 -0.9916998297 -0.1285746780
 -0.9908715540 -0.1348093598
 -0.9900040821 -0.1410387090
 -0.9890974483 -0.1472624791
 -0.9881516885 -0.1534804239
 -0.9871668401 -0.1596922974
 -0.9861429420 -0.1658978539
 -0.9850800348 -0.1720968479
 -0.9839781605 -0.1782890343
 -0.9828373626 -0.1844741680
 -0.9816576864 -0.1906520044
 -0.9804391784 -0.1968222991
 -0.9791818869 -0.2029848081
 -0.9778858616 -0.2091392876
 -0.9765511538 -0.2152854940
 -0.9751778163 -0.2214231844
 -0.9737659034 -0.2275521158
 -0.9723154709 -0.2336720459
 -0.9708265763 -0.2397827326
 -0.9692992783 -0.2458839341
 -0.9677336375 -0.2519754091
 -0.9661297158 -0.2580569166
 -0.9644875766 -0.2641282161
 -0.9628072849 -0.2701890674
 -0.9610889071 -0.2762392308
 -0.9593325113 -0.2822784669
 -0.9575381668 -0.2883065368
 -0.9557059447 -0.2943232020
 -0.9538359175 -0.3003282247
 -0.9519281591 -0.3063213671
 -0.9499827450 -0.3123023924
 -0.9479997521 -0.3182710637
 -0.9459792589 -0.3242271452
 -0.9439213454 -0.3301704011
 -0.9418260928 -0.3361005963
 -0.9396935842 -0.3420174963
 -0.9375239038 -0.3479208671
 -0.9353171376 -0.3538104750
 -0.9330733727 -0.3596860871
 -0.9307926979 -0.3655474710
 -0.9284752035 -0.3713943949
 -0.9261209811 -0.3772266273
 -0.9237301239 -0.3830439378
 -0.9213027264 -0.3888460960
 -0.9188388846 -0.3946328725
 -0.9163386961 -0.4004040385
 -0.9138022597 -0.4061593655
 -0.9112296757 -0.4118986259
 -0.9086210460 -0.4176215928
 -0.9059764737 -0.4233280397
 -0.9032960633 -0.4290177408
 -0.9005799211 -0.4346904712
 -0.8978281543 -0.4403460064
 -0.8950408719 -0.4459841227
 -0.8922181840 -0.4516045971
 -0.8893602024 -0.4572072072
 -0.8864670402 -0.4627917314
 -0.8835388117 -0.4683579489
 -0.8805756328 -0.4739056393
 -0.8775776207 -0.4794345834
 -0.8745448939 -0.4849445623
 -0.8714775726 -0.4904353581
 -0.8683757780 -0.4959067536
 -0.8652396327 -0.5013585324
 -0.8620692609 -0.5067904787
 -0.8588647880 -0.5122023779
 -0.8556263407 -0.5175940157
 -0.8523540472 -0.5229651788
 -0.8490480368 -0.5283156549
 -0.8457084404 -0.5336452322
 -0.8423353900 -0.5389537000
 -0.8389290191 -0.5442408482
 -0.8354894625 -0.5495064677
 -0.8320168561 -0.5547503502
 -0.8285113375 -0.5599722883
 -0.8249730451 -0.5651720754
 -0.8214021190 -0.5703495059
 -0.8177987005 -0.5755043748
 -0.8141629321 -0.5806364784
 -0.8104949576 -0.5857456135
 -0.8067949221 -0.5908315781
 -0.8030629720 -0.5958941710
 -0.7992992548 -0.6009331920
 -0.7955039196 -0.6059484416
 -0.7916771164 -0.6109397216
 -0.7878189965 -0.6159068345
 -0.7839297127 -0.6208495837
 -0.7800094187 -0.6257677738
 -0.7760582697 -0.6306612102
 -0.7720764218 -0.6355296994
 -0.7680640328 -0.6403730487
 -0.7640212612 -0.6451910666
 -0.7599482670 -0.6499835625
 -0.7558452112 -0.6547503468
 -0.7517122563 -0.6594912310
 -0.7475495657 -0.6642060274
 -0.7433573040 -0.6688945497
 -0.7391356371 -0.6735566123
 -0.7348847321 -0.6781920308
 -0.7306047569 -0.6828006218
 -0.7262958810 -0.6873822031
 -0.7219582748 -0.6919365935
 -0.7175921099 -0.6964636127
 -0.7131975590 -0.7009630816
 -0.7087747959 -0.7054348224
 -0.7043239956 -0.7098786581
 -0.6998453342 -0.7142944129
 -0.6953389887 -0.7186819121
 -0.6908051375 -0.7230409822
 -0.6862439600 -0.7273714508
 -0.6816556364 -0.7316731465
 -0.6770403485 -0.7359458992
 -0.6723982786 -0.7401895399
 -0.6677296105 -0.7444039006
 -0.6630345288 -0.7485888148
 -0.6583132192 -0.7527441168
 -0.6535658686 -0.7568696423
 -0.6487926646 -0.7609652281
 -0.6439937962 -0.7650307121
 -0.6391694531 -0.7690659336
 -0.6343198262 -0.7730707329
 -0.6294451073 -0.7770449517
 -0.6245454892 -0.7809884326
 -0.6196211659 -0.7849010198
 -0.6146723320 -0.7887825583
 -0.6096991833 -0.7926328948
 -0.6047019165 -0.7964518769
 -0.5996807294 -0.8002393534
 -0.5946358206 -0.8039951747
 -0.5895673895 -0.8077191921
 -0.5844756368 -0.8114112583
 -0.5793607637 -0.8150712272
 -0.5742229728 -0.8186989542
 -0.5690624671 -0.8222942956
 -0.5638794508 -0.8258571093
 -0.5586741290 -0.8293872543
 -0.5534467076 -0.8328845910
 -0.5481973933 -0.8363489810
 -0.5429263938 -0.8397802873
 -0.5376339176 -0.8431783742
 -0.5323201740 -0.8465431072
 -0.5269853733 -0.8498743532
 -0.5216297265 -0.8531719806
 -0.5162534454 -0.8564358587
 -0.5108567428 -0.8596658586
 -0.5054398320 -0.8628618523
 -0.5000029274 -0.8660237137
 -0.4945462440 -0.8691513174
 -0.4890699977 -0.8722445399
 -0.4835744051 -0.8753032587
 -0.4780596836 -0.8783273529
 -0.4725260514 -0.8813167029
 -0.4669737273 -0.8842711903
 -0.4614029310 -0.8871906984
 -0.4558138828 -0.8900751116
 -0.4502068039 -0.8929243158
 -0.4445819160 -0.8957381983
 -0.4389394417 -0.8985166479
 -0.4332796041 -0.9012595546
 -0.4276026271 -0.9039668099
 -0.4219087353 -0.9066383066
 -0.4161981539 -0.9092739393
 -0.4104711089 -0.9118736035
 -0.4047278267 -0.9144371965
 -0.3989685347 -0.9169646167
 -0.3931934604 -0.9194557644
 -0.3874028326 -0.9219105409
 -0.3815968801 -0.9243288490
 -0.3757758326 -0.9267105932
 -0.3699399205 -0.9290556793
 -0.3640893746 -0.9313640144
 -0.3582244262 -0.9336355073
 -0.3523453075 -0.9358700681
 -0.3464522510 -0.9380676083
 -0.3405454897 -0.9402280412
 -0.3346252574 -0.9423512812
 -0.3286917882 -0.9444372443
 -0.3227453168 -0.9464858480
 -0.3167860785 -0.9484970113
 -0.3108143090 -0.9504706546
 -0.3048302446 -0.9524066999
 -0.2988341219 -0.9543050705
 -0.2928261781 -0.9561656914
 -0.2868066508 -0.9579884890
 -0.2807757783 -0.9597733911
 -0.2747337991 -0.9615203272
 -0.2686809521 -0.9632292281
 -0.2626174769 -0.9649000263
 -0.2565436132 -0.9665326557
 -0.2504596013 -0.9681270516
 -0.2443656820 -0.9696831511
 -0.2382620961 -0.9712008925
 -0.2321490853 -0.9726802158
 -0.2260268913 -0.9741210625
 -0.2198957563 -0.9755233756
 -0.2137559228 -0.9768870997
 -0.2076076336 -0.9782121807
 -0.2014511321 -0.9794985663
 -0.1952866618 -0.9807462056
 -0.1891144664 -0.9819550492
 -0.1829347901 -0.9831250493
 -0.1767478775 -0.9842561597
 -0.1705539731 -0.9853483355
 -0.1643533222 -0.9864015336
 -0.1581461698 -0.9874157123
 -0.1519327616 -0.9883908316
 -0.1457133434 -0.9893268527
 -0.1394881611 -0.9902237388
 -0.1332574611 -0.9910814543
 -0.1270214898 -0.9918999653
 -0.1207804938 -0.9926792394
 -0.1145347201 -0.9934192458
 -0.1082844157 -0.9941199552
 -0.1020298278 -0.9947813399
 -0.0957712040 -0.9954033738
 -0.0895087917 -0.9959860321
 -0.0832428386 -0.9965292920
 -0.0769735927 -0.9970331319
 -0.0707013020 -0.9974975318
 -0.0644262144 -0.9979224734
 -0.0581485784 -0.9983079399
 -0.0518686421 -0.9986539160
 -0.0455866541 -0.9989603881
 -0.0393028628 -0.9992273440
 -0.0330175167 -0.9994547732
 -0.0267308646 -0.9996426666
 -0.0204431551 -0.9997910169
 -0.0141546369 -0.9998998181
 -0.0078655588 -0.9999690660
 -0.0015761695 -0.9999987578
  0.0047132821 -0.9999888924
  0.0110025472 -0.9999394701
  0.0172913771 -0.9998504930
  0.0235795231 -0.9997219644
  0.0298667363 -0.9995538895
  0.0361527680 -0.9993462750
  0.0424373696 -0.9990991290
  0.0487202925 -0.9988124614
  0.0550012882 -0.9984862835
  0.0612801082 -0.9981206081
  0.0675565041 -0.9977154498
  0.0738302277 -0.9972708245
  0.0801010307 -0.9967867500
  0.0863686651 -0.9962632452
  0.0926328831 -0.9957003309
  0.0988934367 -0.9950980294
  0.1051500784 -0.9944563646
  0.1114025606 -0.9937753617
  0.1176506360 -0.9930550477
  0.1238940575 -0.9922954512
  0.1301325781 -0.9914966022
  0.1363659510 -0.9906585322
  0.1425939296 -0.9897812744
  0.1488162676 -0.9888648636
  0.1550327188 -0.9879093360
  0.1612430373 -0.9869147293
  0.1674469775 -0.9858810830
  0.1736442940 -0.9848084378
  0.1798347415 -0.9836968363
  0.1860180753 -0.9825463224
  0.1921940507 -0.9813569416
  0.1983624234 -0.9801287410
  0.2045229495 -0.9788617692
  0.2106753851 -0.9775560762
  0.2168194870 -0.9762117137
  0.2229550122 -0.9748287350
  0.2290817178 -0.9734071946
  0.2351993616 -0.9719471489
  0.2413077015 -0.9704486556
  0.2474064959 -0.9689117740
  0.2534955036 -0.9673365648
  0.2595744837 -0.9657230904
  0.2656431958 -0.9640714146
  0.2717013997 -0.9623816028
  0.2777488559 -0.9606537217
  0.2837853250 -0.9588878398
  0.2898105684 -0.9570840269
  0.2958243476 -0.9552423543
  0.3018264248 -0.9533628948
  0.3078165626 -0.9514457230
  0.3137945240 -0.9494909145
  0.3197600726 -0.9474985467
  0.3257129723 -0.9454686984
  0.3316529877 -0.9434014500
  0.3375798837 -0.9412968831
  0.3434934261 -0.9391550810
  0.3493933807 -0.9369761286
  0.3552795143 -0.9347601119
  0.3611515940 -0.9325071186
  0.3670093875 -0.9302172378
  0.3728526631 -0.9278905601
  0.3786811897 -0.9255271776
  0.3844947367 -0.9231271838
  0.3902930741 -0.9206906735
  0.3960759725 -0.9182177432
  0.4018432033 -0.9157084907
  0.4075945382 -0.9131630153
  0.4133297498 -0.9105814175
  0.4190486112 -0.9079637997
  0.4247508961 -0.9053102652
  0.4304363791 -0.9026209191
  0.4361048351 -0.8998958678
  0.4417560400 -0.8971352190
  0.4473897703 -0.8943390819
  0.4530058030 -0.8915075672
  0.4586039160 -0.8886407869
  0.4641838879 -0.8857388544
  0.4697454979 -0.8828018844
  0.4752885261 -0.8798299932
  0.4808127532 -0.8768232983
  0.4863179605 -0.8737819186
  0.4918039305 -0.8707059744
  0.4972704460 -0.8675955875
  0.5027172909 -0.8644508809
  0.5081442496 -0.8612719789
  0.5135511075 -0.8580590073
  0.5189376507 -0.8548120932
  0.5243036661 -0.8515313651
  0.5296489415 -0.8482169526
  0.5349732654 -0.8448689870
  0.5402764273 -0.8414876007
  0.5455582172 -0.8380729274
  0.5508184263 -0.8346251022
  0.5560568466 -0.8311442615
  0.5612732707 -0.8276305429
  0.5664674924 -0.8240840855
  0.5716393062 -0.8205050296
  0.5767885074 -0.8168935168
  0.5819148925 -0.8132496898
  0.5870182585 -0.8095736928
  0.5920984038 -0.8058656714
  0.5971551272 -0.8021257720
  0.6021882287 -0.7983541427
  0.6071975094 -0.7945509327
  0.6121827709 -0.7907162924
  0.6171438161 -0.7868503735
  0.6220804488 -0.7829533289
  0.6269924737 -0.7790253128
  0.6318796964 -0.7750664806
  0.6367419237 -0.7710769888
  0.6415789632 -0.7670569953
  0.6463906235 -0.7630066591
  0.6511767144 -0.7589261404
  0.6559370465 -0.7548156006
  0.6606714316 -0.7506752024
  0.6653796822 -0.7465051095
  0.6700616122 -0.7423054869
  0.6747170364 -0.7380765007
  0.6793457706 -0.7338183181
  0.6839476317 -0.7295311077
  0.6885224377 -0.7252150390
  0.6930700076 -0.7208702828
  0.6975901615 -0.7164970109
  0.7020827206 -0.7120953963
  0.7065475073 -0.7076656131
  0.7109843448 -0.7032078366
  0.7153930577 -0.6987222431
  0.7197734716 -0.6942090100
  0.7241254132 -0.6896683159
  0.7284487104 -0.6851003403
  0.7327431921 -0.6805052641
  0.7370086885 -0.6758832689
  0.7412450307 -0.6712345376
  0.7454520514 -0.6665592540
  0.7496295839 -0.6618576032
  0.7537774632 -0.6571297711
  0.7578955250 -0.6523759447
  0.7619836065 -0.6475963120
  0.7660415461 -0.6427910622
  0.7700691831 -0.6379603854
  0.7740663582 -0.6331044725
  0.7780329134 -0.6282235157
  0.7819686916 -0.6233177081
  0.7858735374 -0.6183872438
  0.7897472960 -0.6134323177
  0.7935898144 -0.6084531259
  0.7974009406 -0.6034498653
  0.8011805237 -0.5984227339
  0.8049284143 -0.5933719305
  0.8086444640 -0.5882976549
  0.8123285260 -0.5832001078
  0.8159804545 -0.5780794910
  0.8196001050 -0.5729360068
  0.8231873343 -0.5677698589
  0.8267420006 -0.5625812515
  0.8302639631 -0.5573703899
  0.8337530827 -0.5521374802
  0.8372092212 -0.5468827295
  0.8406322421 -0.5416063456
  0.8440220097 -0.5363085372
  0.8473783902 -0.5309895139
  0.8507012506 -0.5256494860
  0.8539904596 -0.5202886649
  0.8572458871 -0.5149072626
  0.8604674042 -0.5095054920
  0.8636548835 -0.5040835666
  0.8668081990 -0.4986417011
  0.8699272259 -0.4931801107
  0.8730118409 -0.4876990114
  0.8760619218 -0.4821986200
  0.8790773481 -0.4766791542
  0.8820580005 -0.4711408322
  0.8850037610 -0.4655838732
  0.8879145132 -0.4600084970
  0.8907901419 -0.4544149240
  0.8936305333 -0.4488033756
  0.8964355751 -0.4431740738
  0.8992051564 -0.4375272412
  0.9019391675 -0.4318631012
  0.9046375003 -0.4261818778
  0.9073000482 -0.4204837959
  0.9099267057 -0.4147690807
  0.9125173689 -0.4090379584
  0.9150719354 -0.4032906557
  0.9175903042 -0.3975273999
  0.9200723755 -0.3917484190
  0.9225180513 -0.3859539415
  0.9249272348 -0.3801441968
  0.9272998306 -0.3743194146
  0.9296357450 -0.3684798253
  0.9319348855 -0.3626256600
  0.9341971611 -0.3567571501
  0.9364224824 -0.3508745280
  0.9386107614 -0.3449780261
  0.9407619115 -0.3390678779
  0.9428758476 -0.3331443171
  0.9449524861 -0.3272075779
  0.9469917448 -0.3212578953
  0.9489935430 -0.3152955047
  0.9509578017 -0.3093206418
  0.9528844430 -0.3033335430
  0.9547733908 -0.2973344451
  0.9566245703 -0.2913235855
  0.9584379084 -0.2853012019
  0.9602133332 -0.2792675326
  0.9619507746 -0.2732228162
  0.9636501638 -0.2671672919
  0.9653114336 -0.2611011991
  0.9669345183 -0.2550247779
  0.9685193537 -0.2489382686
  0.9700658770 -0.2428419120
  0.9715740272 -0.2367359491
  0.9730437446 -0.2306206217
  0.9744749709 -0.2244961715
  0.9758676497 -0.2183628409
  0.9772217258 -0.2122208724
  0.9785371456 -0.2060705091
  0.9798138571 -0.1999119941
  0.9810518099 -0.1937455712
  0.9822509549 -0.1875714842
  0.9834112447 -0.1813899774
  0.9845326334 -0.1752012953
  0.9856150766 -0.1690056827
  0.9866585316 -0.1628033847
  0.9876629570 -0.1565946466
  0.9886283132 -0.1503797141
  0.9895545619 -0.1441588330
  0.9904416664 -0.1379322493
  0.9912895918 -0.1317002094
  0.9920983045 -0.1254629598
  0.9928677724 -0.1192207472
  0.9935979651 -0.1129738186
  0.9942888538 -0.1067224210
  0.9949404112 -0.1004668018
  0.9955526113 -0.0942072083
  0.9961254301 -0.0879438883
  0.9966588449 -0.0816770895
  0.9971528345 -0.0754070598
  0.9976073794 -0.0691340471
  0.9980224617 -0.0628582997
  0.9983980650 -0.0565800658
  0.9987341743 -0.0502995938
  0.9990307763 -0.0440171320
  0.9992878595 -0.0377329290
  0.9995054134 -0.0314472334
  0.9996834297 -0.0251602939
  0.9998219012 -0.0188723590
  0.9999208224 -0.0125836777
  0.9999801894 -0.0062944985
  1.0000000000 -0.0000050704
