     533      19     341     460       1
      18     471     414     338       1
     410     414     608     287       1
     553     527     610    1417       1
     335     406     393      16       1
     530     273     549     259       1
     552     437     530     259       1
     483     331     332     453       1
     389     329     330     426       1
     616     470     502     635       1
     560     587     498     207       1
     566     712     511     190       1
    1396     619      43     521       1
     139     539     567     586       1
    1397     499     139     586       1
     138     387     503     572       1
     628     595      88     536       1
      89    1415     710     848       1
     871      90     892    1113       1
    1116    1545    1055    1087       1
    1063    1089    1546    1150       1
    1200    1608    1161    1214       1
    1376    1622    1160     130       1
    1125    1610    1278     129       1
    1205    1574    1015    1320       1
    1081    1538    1011    1035       1
    1566     127    1119    1094       1
     906     946    1039     125       1
     101    1533    1534     818       1
     726     768     845     123       1
     653     102     677    1378       1
     390     371     372     484       1
     121      34     371     390       1
      35     408     484     372       1
     425     373     374     479       1
     554     510     479     427       1
     510    1371     425     479       1
     737    1378     677     780       1
    1501     974     941     970       1
      76     686     666     629       1
     392      61     529      62       1
      61       5     313     621       1
     621     403    1387     584       1
     764     508     637     668       1
     316     468     457     315       1
     590     595    1415      89       1
     403     474     764    1387       1
     474     457     508     764       1
     848     710    1478     790       1
     848     790      90    1445       1
     773     827     824      64       1
     611     573      62     760       1
     311     458     405       4       1
     309     421     417       3       1
      77     827     724     774       1
      78    1557    1049     841       1
    1077      94    1109    1027       1
    1077    1027     990     899       1
    1137    1622    1109      94       1
     422       7     317     451       1
     451     317     318     138       1
     325     428     459      11       1
     459     189    1385     439       1
     469     475     498     190       1
     327    1050     475      12       1
      13     225    1380     328       1
     225     502     470    1380       1
     323     452     449      10       1
     449     452     521      43       1
    1396     546    1406     644       1
     225      13     329     389       1
      14     402     426     330       1
     483     453     522    1370       1
     530     333     334     273       1
     333     530     437      15       1
     752     691     549     788       1
     413     336      17     492       1
     337     410     492      17       1
     340     432     489     339       1
     525     509     471     489       1
    1606    1605    1145    1163       1
    1025    1007     153    1040       1
     171     927     854     791       1
     742    1463    1429     174       1
     206     585    1399     500       1
     361     650     388      29       1
     206     500     430     440       1
     430      30     363     440       1
     440     473     540     206       1
    1398     620      44     519       1
     746     992     755     172       1
     851     117     903     882       1
    1034     948     987    1065       1
     125    1039    1064    1377       1
    1105    1039     946     126       1
     116    1171    1198    1163       1
     168    1274    1233    1258       1
     170    1075    1096     955       1
     763     803     205    1434       1
     388     650     618     504       1
     359     462     411      28       1
    1198    1212     151    1607       1
    1256     169    1267    1230       1
    1189     176    1172    1188       1
     886     838    1524    1588       1
     652     223     732     700       1
     462     359     360     242       1
     419     357     358     433       1
     272     528     583    1388       1
     271     687     667     630       1
     284     675     725    1468       1
     810    1508     843     268       1
     282     844     813     805       1
     950     898    1523     921       1
     279    1032     945    1575       1
     893     945    1021     865       1
     840     808     277     832       1
     263     954     808     840       1
     276     692     670     600       1
     706     261     646    1457       1
     785    1417     646     748       1
     527     553     413     492       1
     658     603     544     578       1
     490     353     354     391       1
     353     490     409      25       1
      26     286     391     354       1
     286      26     355     622       1
     622     488    1388     583       1
     351     486     418      24       1
     496     507     579     294       1
     302    1389     558     711       1
     524    1390     606     551       1
     707     291     605     659       1
     550     514     299     605       1
     855     556     656    1451       1
     494     289     581     525       1
     297     533     460     614       1
     342     444     460     341       1
     454     299     514     466       1
     298     514     550    1416       1
     442      31     365     446       1
     442     446     519      44       1
     565     713     515     156       1
     862     778     118     916       1
     881     811     845    1495       1
     987    1527     881    1495       1
     515     456     424     156       1
     559     588     497     120       1
     736     778     648     685       1
     811     881     851     118       1
     369    1051     438      33       1
      34     121    1381     370       1
     121     501     420    1381       1
     119     939     648     778       1
     615     420     501     634       1
     939     863     559     615       1
     424     438     497     156       1
     467     173    1386     441       1
     531     375     376      74       1
     751     690     548     787       1
     407     378      38     423       1
      39     480     412     380       1
     480     482     517     523       1
     383    1382    1045      40       1
     384     478    1382     383       1
     429      41     385     463       1
     478      49     431    1382       1
      48    1213    1209    1241       1
    1033    1422    1091    1062       1
     998     997    1010    1505       1
    1008    1013     972    1514       1
    1079    1013    1008      80       1
    1610    1125    1098    1590       1
     382     434     482     381       1
      46     396     400    1383       1
     557    1069    1044      45       1
    1438     979      54     937       1
     979    1003    1022      54       1
      55    1023     979    1438       1
      46    1043     398     396       1
     400     305     306     532       1
     532     401      45    1044       1
     875    1052     795     833       1
     894     953     918      66       1
      67     977     918     953       1
    1062    1091    1209    1392       1
    1031    1372     991    1446       1
     660     873     555     613       1
    1391     582     517     493       1
      50     431     613     555       1
     401       2     307     404       1
     461     417     513     512       1
     657     601     543     577       1
      64     694     601     657       1
     694     771     722    1472       1
     841     809     722     771       1
     397      47    1213     399       1
      45     401     404     495       1
    1424     624    1472     717       1
      79     842     809    1060       1
      80     990    1027    1097       1
     894     864     899     990       1
    1052      54    1022    1069       1
    1422     997    1458    1423       1
     919     971    1491     897       1
     831     786     749     873       1
     626     673     599      59       1
     575     541     633      72       1
     407     423     526     505       1
     491     407     505      73       1
     378     407     491     377       1
     831    1446     919      69       1
     599     633     541      59       1
     609     523      59     541       1
      75     529     584    1387       1
     668     637     681     820       1
      90     871     782    1445       1
      65     833     795     717       1
     920     994     858     897       1
     761      70     800      83       1
     922     761      83    1498       1
    1481    1453     663     680       1
     655      85     593    1419       1
     548      87     531      74       1
     897     858      69     919       1
      69     819     786     831       1
     728    1456     679     777       1
     741    1400     593     688       1
     774     738     970      77       1
     974      92    1020    1001       1
    1174    1063    1150    1214       1
     842     864     833      65       1
    1029    1014    1536      81       1
     930     961    1537    1005       1
      98    1497     964    1036       1
     872    1509     943     934       1
     100     784     830     923       1
     747     847     797      86       1
     705     591    1395    1430       1
    1430    1395     664     715       1
     961     930    1496      82       1
     907    1459     866    1496       1
      85    1493     740    1454       1
     688     747      86     741       1
     373     425     408      35       1
      92    1000    1055    1089       1
      97    1005    1015    1574       1
     964    1011    1538    1036       1
    1535     934     944    1093       1
     888    1101     835    1480       1
     720     102     705    1447       1
     387     649     617     503       1
     387       8     319     649       1
     139     499     450     435       1
     321     435     450       9       1
     435     465     539     139       1
     539      43     619     567       1
     672     651     701     136       1
     839     887     878     106       1
    1190    1187    1222    1609       1
    1373    1231    1634     161       1
    1657    1265    1279     194       1
    1239    1229    1689    1677       1
    1175    1191    1199     214       1
    1146    1118    1613    1184       1
     249    1017     989    1090       1
     912    1375     896    1522       1
     268     843     988     949       1
    1323    1551    1016     247       1
    1131    1088     237    1159       1
    1182    1159     237    1599       1
    1180     200    1640    1185       1
    1180     201    1196    1244       1
    1286    1250    1269     168       1
    1645    1315    1300    1287       1
    1272    1673    1315    1645       1
     754     731    1053    1516       1
     965     995     932    1572       1
    1330    1316     182    1344       1
    1246    1695    1285    1226       1
    1681    1261     215    1247       1
     235    1636    1132    1615       1
    1142    1117    1154     236       1
    1521    1115    1323     247       1
     141    1525     802     762       1
    1173     159    1153    1156       1
    1319    1311    1603    1604       1
    1183    1217    1240    1637       1
     213    1668    1158    1202       1
    1228     251    1218     233       1
    1066    1085    1621     251       1
     989     952     267    1375       1
    1206    1547    1592    1073       1
    1127    1103    1058     143       1
    1179    1195    1243     145       1
    1343    1367    1326    1341       1
    1316    1329    1355     182       1
    1691    1261    1692    1292       1
    1234    1232    1662    1651       1
    1215    1616    1235    1284       1
     236    1154    1564    1587       1
    1578    1368    1128    1140       1
    1186    1147    1179     145       1
    1336    1338    1697    1332       1
    1337     198    1294    1339       1
    1295     199    1308    1291       1
    1295    1291     218    1628       1
    1185    1148     201    1180       1
    1166    1197    1170     109       1
    1276    1302    1260     110       1
     147    1335    1342    1349       1
    1350     181    1347     165       1
    1340    1332    1337    1345       1
    1663    1296    1270    1641       1
    1244    1252     200    1180       1
     131    1200    1216    1227       1
    1667    1227     111    1665       1
    1351     147    1349    1357       1
    1358    1353    1346     180       1
    1325    1304    1317    1333       1
    1678    1325    1333     180       1
    1250     179    1271    1237       1
     130    1160     131    1201       1
    1289    1321    1661    1277       1
    1364     149    1679    1366       1
     150    1322    1275    1624       1
    1633    1248    1263    1278       1
     114    1242    1672    1254       1
    1242    1176    1192    1253       1
     128    1192    1176    1155       1
    1193    1600    1589    1582       1
    1040     911     984     152       1
     948    1034     984     911       1
     118     851     882     916       1
     815     119     778     862       1
     137     597     651     672       1
     136     701    1475     731       1
    1073    1592     995    1632       1
    1140    1103     109    1170       1
    1197    1166     110    1245       1
    1260    1281    1245     110       1
    1327    1666    1665     111       1
    1248     112    1277    1263       1
     762     802     140    1432       1
    1464     801     696    1428       1
     853     957    1554     884       1
    1074    1006    1024    1106       1
    1299     193    1570    1314       1
    1111     231    1124    1614       1
    1037    1099    1083     253       1
     976    1002    1030    1068       1
    1076     266    1048     250       1
     887     839    1525     926       1
    1179    1147    1127     144       1
    1306    1305    1683     146       1
    1335    1306     146    1342       1
    1688    1321    1289    1307       1
    1366    1679    1297     148       1
    1178    1605    1606    1194       1
    1528    1007    1552     956       1
     927     171     956    1552       1
     967     155    1421    1427       1
     696    1432     936     639       1
     743     702     792     158       1
     958    1506     928     187       1
    1041     910     985    1543       1
    1569    1078     211    1012       1
    1038     231    1111    1082       1
     980    1004    1611    1037       1
     264    1002     976     925       1
     158     884     852     801       1
     159    1173    1190    1584       1
     143    1169     144    1127       1
    1195    1179     144    1653       1
    1312    1683    1693    1251       1
    1357    1349     164    1350       1
     165    1353    1359    1362       1
    1274    1273    1259    1233       1
    1007    1025    1075     170       1
     742     703     791     175       1
     755     171     791     703       1
    1394     545    1386     173       1
     206     540     568     585       1
     540      44     620     568       1
     854     955     176     885       1
    1059     202    1168    1130       1
     966    1625    1571     203       1
     222     877    1046    1477       1
     627     594     243     535       1
     671     652     700     240       1
     955    1096    1172     176       1
    1374    1230     178    1224       1
     181    1340    1346    1347       1
    1361    1336     181    1350       1
     162    1326    1312    1251       1
    1303    1268     184    1630       1
    1266    1257     185    1319       1
     745     993     756     188       1
     210    1503     850     879       1
     947     986    1012     211       1
    1560    1057     914    1541       1
     978     254    1556     924       1
     187     928     853     792       1
     188     756     702     662       1
     698     745     188     632       1
     860     779     209     915       1
     846     879     812     227       1
     228    1489     857     975       1
     769    1539     901    1558       1
    1539     262    1556     901       1
     192    1024    1006     963       1
    1240    1657     194    1637       1
    1316    1330     196    1301       1
    1285    1301     196    1689       1
     197    1691    1292    1318       1
    1130    1168     201    1148       1
     931     996    1591     221       1
     709    1441     753    1479       1
     589     636     520     570       1
    1220    1189    1188     202       1
     203     886    1588     905       1
    1463     804     695    1429       1
     814     208     779     860       1
     779     734     812     209       1
    1425     767     846     227       1
     876    1504    1492     793       1
     254    1558     901    1556       1
     209     850     880     915       1
     947     910    1503     210       1
    1100     211    1078    1328       1
    1162     212    1144    1203       1
    1199    1226    1229     214       1
     215    1261    1691    1246       1
    1309     216    1234    1643       1
    1059    1130    1104    1626       1
    1104     219    1599    1141       1
     870     245     891    1112       1
     849     709    1479     789       1
     357     419     443      27       1
    1625     996     931    1571       1
     838     886     877     222       1
     204    1524     803     763       1
     208     938     647     779       1
     654     257     678    1379       1
     592    1465     704    1409       1
     822    1512    1483     261       1
     986     975    1542    1012       1
    1542    1028    1569    1012       1
    1656    1151    1658     231       1
    1191    1175     232    1255       1
     233    1218    1654    1211       1
    1181     234    1288    1636       1
    1580    1369    1129    1141       1
    1549    1114    1369    1580       1
     245     870     783    1442       1
     669     636     682     821       1
    1550    1591    1071    1207       1
     753     730    1054    1519       1
     242     388     504     571       1
     849     789     245    1442       1
     269     825     942    1529       1
     969     973     942     270       1
    1056    1086    1114    1549       1
    1132    1143     249    1615       1
     251    1621    1146    1218       1
     252     976    1068    1204       1
     980    1037     253    1581       1
     978     982    1593     254       1
     951    1559    1540     867       1
     735    1379     678     781       1
     727    1435     719     817       1
     259     665     592     552       1
     270     775     739     969       1
     275     670     692    1482       1
     576     542     670     275       1
     625     600     288     581       1
     600     625     708     276       1
     855     794     289     556       1
     855    1451     874    1487       1
     865     832     278     893       1
     276     708     721     770       1
     290    1486     883     874       1
     798     292    1448     758       1
    1576     798    1518     960       1
    1448     697    1494     758       1
     799     280    1518    1494       1
     267     952     859     856       1
     266    1009     950     921       1
     810     844     282    1508       1
     805     744     750    1439       1
     623     718    1507    1436       1
     283     693     603     658       1
     295     518     604     544       1
    1471     723    1508     282       1
     270     826     725     775       1
     409     490     574     506       1
     528     285     391     286       1
     285     759     612     574       1
     287     608     542     576       1
    1486     766    1510     883       1
     750     711     558     294       1
     605     291     757     550       1
     299     689     659     605       1
      21     447     445     344       1
     436     301    1390     448       1
     301     436     477     683       1
     477     347     348     534       1
     643     301     683    1401       1
     524     551     607     300       1
     464      23     349     416       1
     485     350      24     418       1
     496    1389     464     416       1
     298     444     466     514       1
     375     531     427      36       1
     397     303     304     398       1
       1     396     398     304       1
     305     400     396       1       1
       2     401     532     306       1
     421     309     310     481       1
       4     405     481     310       1
     405     458     573     516       1
     392     312       5      61       1
     621     313     314     403       1
     314       6     474     403       1
     468     316       7     422       1
     138     318       8     387       1
     649     319     320     476       1
     476     320       9     450       1
     435     321     322     465       1
     449      43     539     465       1
     324     439     452     323       1
     439     324      11     459       1
     428     325     326     469       1
    1050     327     328    1380       1
     426     537     564     389       1
     426     402     258     537       1
      15     437     453     332       1
     273     334      16     393       1
     336     413     406     335       1
     410     337     338     414       1
      19     533     432     340       1
     444     298     614     460       1
     444     342      20     466       1
     344     445     454     343       1
     524     455     448    1390       1
      22     436     448     346       1
     347     477     436      22       1
      23     464     534     348       1
     518     507     485     418       1
     486     351     352     415       1
      25     409     415     352       1
     622     355     356     488       1
     443     488     356      27       1
     433     358      28     411       1
     242     360      29     388       1
     650     361     362     472       1
     472     362      30     430       1
     442      44     540     473       1
     366     441     446     365       1
     441     366      32     467       1
     368     424     456     367       1
     424     368      33     438       1
    1051     369     370    1381       1
     484     538     563     390       1
     484     408     103     538       1
      87     554     427     531       1
      74     376      37     394       1
     423      38     379     487       1
     487     379     380     412       1
      40    1045     434     382       1
     431      50    1045    1382       1
      41     429     478     384       1
     386     395     463     385       1
     395     386      42     399       1
     868     561    1412     105       1
     869     562    1413     223       1
     226     564     537     735       1
     122     563     538     737       1
     394      37     377     491       1
     399      42     303     397       1
      48    1384     463     395       1
     397     398    1043      47       1
    1213      47    1392    1209       1
     404     307     308     461       1
     512     495     404     461       1
     402      14     331     483       1
     474       6     315     457       1
     461     308       3     417       1
     512     580    1403     495       1
     421     481      51     602       1
     458     311     312     392       1
     406     274     788     393       1
     491      73     787     394       1
     415     409     506     296       1
     287     527     492     410       1
     411     462     535     243       1
     433     411     243     570       1
     487     412     609      60       1
     480      39     381     482       1
     471      18     339     489       1
     608     509     288     542       1
     486     415     296     604       1
     416     349     350     485       1
     602     513     417     421       1
     604     518     418     486       1
     570     520     419     433       1
     443     419     520     598       1
     121     390     563     501       1
     420     120    1051    1381       1
     422     451     536      88       1
     468     422      88     569       1
      60     526     423     487       1
     408     425    1371     103       1
     479     374      36     427       1
     591     510     554    1395       1
     469     326      12     475       1
     459     428     511     189       1
    1042     429     463    1384       1
     440     363     364     473       1
     472     430     500     224       1
     494     297     556     289       1
     493      50     555    1391       1
     465     322      10     449       1
     552     592    1409     522       1
     120     497     438    1051       1
     521     452     439    1385       1
     473     364      31     442       1
     467      32     367     456       1
     519     446     441    1386       1
     488     443     598    1388       1
     466      20     343     454       1
     556     297     614     656       1
     447      21     345     455       1
     299     454     445     689       1
     455     345     346     448       1
     659     689     300     607       1
     300     447     455     524       1
     476     450     499     104       1
     451     138     572     536       1
     402     483    1370     258       1
     467     456     515     173       1
     569     508     457     468       1
     458     392      62     573       1
     511     428     469     190       1
     462     242     571     535       1
     534     464    1389     302       1
     225     389     564     502       1
     470     207    1050    1380       1
     650     472     224     618       1
     207     498     475    1050       1
     649     476     104     617       1
     478     429    1042      49       1
     481     405     516      51       1
     434     493     517     482       1
     432     494     525     489       1
     490     391     285     574       1
      50     493     434    1045       1
     297     494     432     533       1
     495    1403     557      45       1
     507     496     416     485       1
     496     294     558    1389       1
     938     861     560     616       1
    1397     836    1412     561       1
    1399     837    1413     562       1
     503     617     868     597       1
     504     618     869     596       1
    1400     547    1419     593       1
    1402     506     574     612       1
     295     579     507     518       1
     590     637     508     569       1
     471     509     608     414       1
     510     591     653    1371       1
     587     566     190     498       1
      52     580     512     513       1
     602     543      52     513       1
     588     565     156     497       1
    1404     611      63    1431       1
     523     517     582      59       1
    1386     545    1398     519       1
     598     520     636     669       1
    1385     546    1396     521       1
     552     522     453     437       1
    1409     654    1370     522       1
     480     523     609     412       1
     288     509     525     581       1
     526      60     575     547       1
     527     287     576     610       1
     528     286     622     583       1
     667     528     272     630       1
     529      61     621     584       1
     666     529      75     629       1
     549     273     393     788       1
      74     394     787     548       1
     477     534     302     683       1
     241     627     535     571       1
     137     628     536     572       1
     258    1379     735     537       1
     564     226     635     502       1
     103    1378     737     538       1
     563     122     634     501       1
      60     609     541     575       1
     542     288     600     670       1
      51     577     543     602       1
     296     578     544     604       1
    1408     645    1398     545       1
    1393     546    1385     189       1
     505     526     547    1400       1
     751     741      86     690       1
     690     664      87     548       1
     691     665     259     549       1
     550     757     765    1416       1
    1448    1418     638     697       1
     607     551     292    1450       1
     553     274     406     413       1
      49    1080     613     431       1
    1391     555      58     626       1
     614     298    1416     656       1
    1052    1069      53     795       1
    1401     711     293     638       1
     615     559     120     420       1
     863     815    1421     155       1
     616     560     207     470       1
     861     814    1420     191       1
     561     868     617     104       1
     104     499    1397     561       1
     562     869     618     224       1
     224     500    1399     562       1
     155     699     565     588       1
     699     631     713     565       1
     191     698     566     587       1
     698     632     712     566       1
     567     619     639     936       1
     586     567     936    1411       1
     568     620     640     935       1
     585     568     935    1410       1
     595     590     569      88       1
     594     589     570     243       1
     571     504     596     241       1
     572     503     597     137       1
     760     666     686     674       1
     759     667     687     675       1
     547     575      72    1419       1
     610     576     275    1457       1
     577      51     516    1404       1
     578     296     506    1402       1
     603     623     295     544       1
     601     624      52     543       1
    1403     580    1424      53       1
     289     716     625     581       1
     626      58     676     673       1
    1410     837    1399     585       1
    1411     836    1397     586       1
     636     589     244     682       1
     637     590      89     681       1
     102     653     591     705       1
     257     654    1409     704       1
     594     627     642    1414       1
     589     594    1414     244       1
     595     628     641    1415       1
     596     869     223     652       1
     597     868     105     651       1
     272    1388     598     669       1
     626      59     582    1391       1
     633     599      71     663       1
     624     601     694    1472       1
     623     603     693     718       1
     659     607    1450     707       1
     643     606    1390     301       1
    1418     643    1401     638       1
     573     611    1404     516       1
    1402     612     284    1433       1
    1031      57    1080    1120       1
     619    1396     644     639       1
     620    1398     645     640       1
     579     295     623    1436       1
     580      52     624    1424       1
     708     625     716     721       1
     652     671     241     596       1
     627     241     671     642       1
     628     137     672     641       1
     764     668      75    1387       1
    1394     713     631    1407       1
     172     661    1407     631       1
    1393     712     632    1405       1
     188     662    1405     632       1
    1502     728     777      84       1
     648     634     122     685       1
     634     648     939     615       1
     647     635     226     684       1
     635     647     938     616       1
     821     682    1442     783       1
     820     681    1445     782       1
     697     638     293    1449       1
    1448     292     551    1418       1
    1428     696     639     644       1
    1429     695     640     645       1
     935     640     695    1434       1
     136    1444     641     672       1
    1441     709    1414     642       1
    1406    1405     662     157       1
     157    1428     644    1406       1
    1408    1407     661     174       1
     174    1429     645    1408       1
    1482     706    1457     275       1
     785     752     788     274       1
     684     227     812     734       1
     736     685     780     123       1
     651     105     733     701       1
     102     720     726     677       1
    1371     653    1378     103       1
    1435     727     678     257       1
    1370     654    1379     258       1
     593      85    1454     688       1
      72     633     663    1453       1
    1431     657     577    1404       1
     657    1431     773      64       1
    1433     658     578    1402       1
     658    1433     776     283       1
     660      57     831     873       1
     703     661     172     755       1
    1502      71    1456     728       1
      86     715     664     690       1
     705    1430     715    1447       1
    1465    1466     714     704       1
      62     529     666     760       1
     285     528     667     759       1
     668     820     629      75       1
     669     821     630     272       1
     276     770     933     692       1
     642     671     240    1441       1
     673     676     679    1456       1
     599     673    1456      71       1
     674     686     774     724       1
     674      63     611     760       1
     675     687     775     725       1
     675     284     612     759       1
     676      58     749      70       1
     679     676      70     761       1
     737     780     685     122       1
     781     684     226     735       1
     777     679     761     922       1
    1481     680    1502      84       1
     683     302     711    1401       1
     811     736     123     845       1
     686      76     738     774       1
     271     739     775     687       1
     689     445     447     300       1
     741     751     787      73       1
     691     260    1466     665       1
     933     770     823     262       1
     706    1482     729    1511       1
     693     283     772     723       1
     693     723    1507     718       1
     771     694      64     824       1
    1472     722      65     717       1
     804     763    1434     695       1
     743    1464    1428     157       1
     801     762    1432     696       1
     744     281    1449     293       1
     697    1449     799    1494       1
     698     191     968     745       1
     699     155     967     746       1
     172     631     699     746       1
     222    1477     700     732       1
     756     187     792     702       1
     157     662     702     743       1
     174     661     703     742       1
    1435     714    1467     719       1
     646     261    1483     748       1
     292     798     959    1450       1
    1479     239    1136     789       1
     244    1414     709     849       1
     710    1444     754    1478       1
    1478     135    1135     790       1
     750     744     293     711       1
     511     712    1393     189       1
     515     713    1394     173       1
     260     793    1492     796       1
     716     289     794     277       1
     721     716     277     808       1
    1424     717     795      53       1
    1437    1436    1507    1470       1
     727     817     767    1425       1
     720     818     768     726       1
     721     808     823     770       1
     772     843    1508     723       1
     827     773    1469     724       1
      63     674     724    1469       1
     776     826     825     283       1
     826     776    1468     725       1
     726     123     780     677       1
     727    1425     781     678       1
     262    1539     729     933       1
    1511     729    1539     769       1
    1519    1019    1550     239       1
     240     700    1477     730       1
     106     878    1047    1475       1
    1018    1516    1053     107       1
     701     733     106    1475       1
     734     779     647     684       1
     118     778     736     811       1
      76     782     828     738       1
     828      91    1000    1501       1
     271     783     829     739       1
    1484     829     246     999       1
     740    1509     872     830       1
     740     830     784    1454       1
    1400     741      73     505       1
     204     763     804     175       1
     141     762     801     852       1
     968     191    1420    1426       1
     993     745     968    1452       1
     992     746     967    1455       1
    1454     784     747     688       1
     835     797     847    1480       1
     793     748    1483     876       1
     752     785     260     691       1
     750     294    1437    1439       1
    1417     785     274     553       1
     730     753    1441     240       1
    1136     891     245     789       1
     731     754    1444     136       1
    1135     892      90     790       1
     757     291     766    1486       1
    1518     798     758    1494       1
     786     800      70     749       1
     943    1509     922    1498       1
    1451     765     290     874       1
     656    1416     765    1451       1
    1485     766     291     707       1
     817     719     256    1489       1
     101     818     720    1447       1
     769     867     822    1511       1
     809     841    1049    1060       1
    1469     773    1431      63       1
    1468     776    1433     284       1
     227     684     781    1425       1
     820     782      76     629       1
     828     782     871      91       1
     821     783     271     630       1
     829     783     870     246       1
    1480     847     100     888       1
     260     785     748     793       1
     800     786     819     866       1
    1473     875     833     864       1
    1439    1471     282     805       1
    1492    1467     714     796       1
     101    1447     797     835       1
     715      86     797    1447       1
     816    1485     959     929       1
     707    1450     959    1485       1
     799    1449     281     898       1
     158     801    1464     743       1
     105    1412     807     733       1
     140    1443     836    1411       1
    1413     837    1440     806       1
     205    1440     837    1410       1
     175     804    1463     742       1
    1499     805     813    1500       1
     732     806    1476     222       1
     732     223    1413     806       1
     733     807    1474     106       1
     262     823     924    1556       1
      65     722     809     842       1
     896     844     810    1522       1
     812     879     850     209       1
     813     856     859    1500       1
     744     805    1499     281       1
     814     860     889    1420       1
     861     191     587     560       1
     815     862     890    1421       1
     863     155     588     559       1
     874     883     278    1487       1
     767     817    1489     228       1
    1533     101     835    1101       1
     768     818    1534     124       1
     819      69     858      82       1
     866     819      82    1496       1
    1504     876     255     895       1
    1511     822     261     706       1
     771     824      78     841       1
     825     269     772     283       1
     826     270     942     825       1
    1513     824     827      77       1
     739     829    1484     969       1
     100     923     906     888       1
     873     749      58     555       1
    1446     831      57    1031       1
     840     832     865     900       1
     277     794    1488     832       1
      66     937     875    1473       1
     256     895     857    1489       1
    1467     834     256     719       1
     140     802    1517    1443       1
    1412     836    1443     807       1
     205     803    1520    1440       1
     877    1571     931    1046       1
    1572     878     887     142       1
     839     106    1474    1517       1
     842      79     899     864       1
     843     772     269     988       1
    1522     810     268     949       1
     844     896     856     813       1
     768     124    1495     845       1
     767     228    1490     846       1
     228     975     986    1490       1
     847     747     784     100       1
     681      89     848    1445       1
     682     244     849    1442       1
    1502     680     663      71       1
     902     880     850    1503       1
     905     885     176    1189       1
     884    1554     904    1531       1
     928     186     957     853       1
     158     792     853     884       1
     927     170     955     854       1
     175     791     854     885       1
    1487     278     832    1488       1
     913     857     895     914       1
    1533    1101     125    1534       1
     208     814     861     938       1
     119     815     863     939       1
    1473     864     894      66       1
     264     900     865    1021       1
     800     866    1459      83       1
    1541    1540    1559    1560       1
     867    1540    1512     822       1
      84     777     922    1509       1
     872      99     923     830       1
      54    1052     875     937       1
    1512     255     876    1483       1
     932    1047     878    1572       1
     879     846    1490     210       1
     908     880     902     192       1
     889     860     915    1462       1
     851     881    1527     117       1
     909     882     903     911       1
     890     862     916    1460       1
    1575    1510     816     279       1
     917     893     278     883       1
    1584    1190    1609     142       1
     905    1588    1532     885       1
     141    1531     926    1525       1
    1534     125    1065     124       1
    1426    1461    1452     968       1
    1427     154    1455     967       1
    1427    1421     890     154       1
    1112     891    1122    1548       1
    1113     892    1121    1544       1
    1544    1121    1577     134       1
     945     893     917    1575       1
     953     894     990      80       1
     895     255    1541     914       1
     912    1522     949     248       1
     856     896    1375     267       1
     920     897    1491     972       1
     799     898     950     280       1
    1500     898     281    1499       1
    1102    1108      79    1060       1
     900     264     925    1553       1
     263     840     900    1553       1
     954     924     823     808       1
     902    1503     910    1041       1
     911     903     117     948       1
     904    1584     926    1531       1
     923      99     946     906       1
     906     125    1101     888       1
     907    1496     930    1515       1
     907    1515     964    1497       1
    1461     963    1506    1452       1
    1462     915     880     908       1
    1460     916     882     909       1
     947     211     985     910       1
     153     909     911    1040       1
    1090     912     248    1117       1
    1090     989    1375     912       1
    1542     913     229    1028       1
     975     857     913    1542       1
     254    1593     951    1558       1
     913     914    1057     229       1
    1510    1575     917     883       1
    1530     279    1576     960       1
    1438     918     977      55       1
     991     971     919    1446       1
      81    1536     994     920       1
     859     952     921    1523       1
      99    1535    1094     946       1
     954     263    1581     981       1
     924     954     981     978       1
    1004     925     976     252       1
     141     852     884    1531       1
    1532    1588    1524     204       1
    1095    1153     957     186       1
     816     929    1576     279       1
     994     961      82     858       1
     966     203    1220    1072       1
     931     221    1054    1046       1
     965    1572     142    1070       1
     932     107    1053    1047       1
     933     729    1482     692       1
     934     943    1526     944       1
     872     934    1535      99       1
     205    1410     935    1434       1
     140    1411     936    1432       1
     937      66     918    1438       1
     940    1526     943    1498       1
      83    1459     940    1498       1
    1513     941      78     824       1
     970     941    1513      77       1
     999     973     969    1484       1
    1093      98    1036    1566       1
    1021     265    1002     264       1
     210    1490     986     947       1
     985     211    1100    1570       1
    1178     984    1034    1555       1
     988     269    1529    1016       1
    1009    1530     280     950       1
    1558     951     867     769       1
    1593     982    1082     983       1
    1048     952     989    1017       1
     921     952    1048     266       1
    1008    1514    1505      67       1
    1460     962     154     890       1
    1007    1528     962     153       1
     159    1554     957    1153       1
    1462     963    1461     889       1
    1006     928    1506     963       1
     929     959     798    1576       1
    1537    1536    1014    1573       1
     909     153     962    1460       1
     192     963    1462     908       1
     964    1515      97    1011       1
     108     965    1070    1058       1
     965     108    1632     995       1
    1627     966    1072     220       1
     966    1627     996    1625       1
    1455    1528     956     992       1
     973     999     247    1016       1
      92     974    1501    1000       1
    1491     971    1458      68       1
     920     972    1013      81       1
    1529     942     973    1016       1
     925    1004     980    1553       1
    1010     977      67    1505       1
     982     978     981    1602       1
    1003     979    1023    1061       1
    1581     253    1602     981       1
    1553     980    1581     263       1
    1602    1038    1082     982       1
    1057     230    1028     229       1
     983    1618    1560    1559       1
    1025    1040     152    1107       1
     124    1065     987    1495       1
     249    1143    1598    1017       1
    1080      57     660     613       1
    1423     991    1372      56       1
     171     755     992     956       1
     958     187     756     993       1
     932     995    1592     107       1
    1631     108    1058    1103       1
    1597    1129    1369     238       1
      68    1458     997     998       1
    1033    1010     997    1422       1
    1008      67     953      80       1
    1056     999     246    1086       1
    1055    1000      91    1087       1
    1208    1001    1020    1568       1
    1060    1049    1001    1208       1
    1002     265    1066    1030       1
    1061    1043      46    1003       1
    1022    1003      46    1383       1
    1611    1004     252    1092       1
    1573    1015    1005    1537       1
    1005      97    1515     930       1
    1041    1024     192     902       1
     186     928    1006    1074       1
    1026    1009     266    1076       1
    1032    1009    1026     265       1
      55     977    1010    1033       1
    1011      97    1574    1035       1
    1013    1079    1029      81       1
    1573    1014    1084      96       1
    1098    1320      96    1084       1
    1035    1574    1205     128       1
     949     988    1016    1551       1
    1048    1017    1598     250       1
    1072    1059    1626     220       1
    1020      92    1089    1063       1
     265    1021     945    1032       1
    1022    1383    1044    1069       1
    1062    1023      55    1033       1
      47    1043    1061    1392       1
    1106    1024     193    1311       1
    1075    1025    1107    1565       1
    1118    1076     250    1613       1
    1109    1149    1097    1027       1
    1079      80    1097    1567       1
    1028     230    1614    1110       1
    1110    1601    1569    1028       1
    1029    1079    1567    1126       1
    1014    1029    1126    1084       1
     251    1068    1030    1066       1
    1120    1067    1372    1031       1
    1372    1067    1241      56       1
    1032     279    1530    1009       1
     128    1155    1081    1035       1
     127    1566    1036    1538       1
    1037    1611    1092    1099       1
    1038    1602     253    1083       1
    1064    1039    1105    1123       1
    1543     985    1570     193       1
    1042    1384    1067    1120       1
    1383     400     532    1044       1
    1054     221    1019    1519       1
     730    1477    1046    1054       1
     731    1475    1047    1053       1
     247     999    1056    1521       1
    1057    1560    1618     230       1
    1161    1108    1102      93       1
    1061    1023    1062    1392       1
      93    1208    1568    1174       1
    1562    1064    1123    1145       1
    1065     125    1377    1034       1
    1026    1085    1066     265       1
    1091      56    1241    1209       1
    1092     252    1204     232       1
      53    1069     557    1403       1
     143    1058    1070    1222       1
    1627    1071    1591     996       1
    1579    1122    1207    1071       1
    1189    1220     203     905       1
     202    1059    1072    1220       1
    1206    1073    1577    1121       1
    1106     185    1585    1074       1
    1565    1107    1273     169       1
    1076    1118    1085    1026       1
    1108    1077     899      79       1
    1120    1080      49    1042       1
    1538    1081    1582     127       1
    1082    1111    1618     983       1
    1098    1084    1126    1590       1
    1112    1086     246     870       1
    1113    1087      91     871       1
    1088    1131    1115    1521       1
    1099    1092     232    1151       1
      98    1093     944    1526       1
    1094    1535    1093    1566       1
     126     946    1094    1119       1
    1635    1156    1257    1231       1
    1153    1095    1585    1156       1
    1256    1230     177    1157       1
    1172    1096    1157     177       1
    1567      95    1590    1126       1
    1376    1139      95    1149       1
    1658    1151    1158    1668       1
    1083    1099    1151    1656       1
    1617    1100    1328    1183       1
    1570    1100    1617    1314       1
    1102    1060    1208      93       1
    1128    1631    1103    1140       1
    1141    1129    1626    1104       1
    1595    1105     126    1594       1
    1105    1595     116    1123       1
    1311     193    1299    1603       1
     152    1259    1273    1107       1
    1157    1565     169    1256       1
    1144    1110    1614    1124       1
     212    1601    1110    1144       1
    1124     231    1658    1138       1
    1618    1111    1614     230       1
    1122     891    1136    1207       1
    1121     892    1135    1206       1
    1548    1114    1086    1112       1
    1088    1549    1580     237       1
    1115    1564    1133    1323       1
    1544    1116    1087    1113       1
    1545    1116    1368    1578       1
    1142     235    1615    1117       1
    1090    1117    1615     249       1
    1184    1613    1164    1639       1
    1621    1085    1118    1146       1
    1152    1583    1177     115       1
    1116    1544     134    1368       1
    1548    1122    1579     238       1
    1622    1376    1149    1109       1
    1145    1123     116    1163       1
    1145    1605    1561    1562       1
    1583    1119     127    1177       1
    1203    1144    1124    1138       1
    1125    1612    1320    1098       1
     109    1103    1127    1147       1
    1596    1128    1368     134       1
    1128    1596     108    1631       1
    1597     238    1579    1071       1
    1626    1129    1597     220       1
     219    1104    1130    1148       1
    1586    1131    1159    1182       1
    1586     236    1587    1131       1
    1132    1636    1288    1143       1
    1323    1133    1563    1551       1
    1141    1599     237    1580       1
    1206    1135     135    1547       1
    1207    1136     239    1550       1
    1608    1160    1622    1137       1
    1151     232    1175    1158       1
    1668    1203    1138    1658       1
    1590      95    1139    1610       1
    1633    1278    1610    1139       1
    1167     133    1170    1197       1
     202    1188    1221    1168       1
    1187    1169     143    1222       1
     248    1563    1154    1117       1
    1235    1142     236    1290       1
    1194    1606    1607     151       1
    1218    1146    1184    1654       1
      94    1077    1108    1161       1
    1149      95    1567    1097       1
     133    1167    1150    1546       1
    1214    1150    1167     132       1
    1152     115    1623    1171       1
    1133    1564    1154    1563       1
    1193    1155    1176    1620       1
    1155    1193    1582    1081       1
     160    1173    1156    1635       1
    1565    1157    1096    1075       1
     214    1202    1158    1175       1
     219    1165    1182    1599       1
      93    1174    1214    1161       1
    1137      94    1161    1608       1
    1143    1288    1164    1598       1
    1162    1217    1183     212       1
    1162     213    1283    1217       1
    1178    1194     152     984       1
    1639    1164    1288     234       1
     250    1598    1164    1613       1
     218    1182    1165    1628       1
    1165     219    1148    1185       1
     132    1167    1197    1245       1
    1166     109    1147    1186       1
    1140    1170     133    1578       1
    1168    1221    1374    1224       1
    1169    1187    1219    1223       1
    1223    1219    1373    1653       1
    1171    1623    1225    1198       1
    1595    1594    1583    1152       1
    1172     177    1221    1188       1
     160    1187    1190    1173       1
    1200    1214     132    1216       1
    1255     232    1204    1228       1
     128    1205    1293    1192       1
    1620    1287    1600    1193       1
    1177     127    1582    1589       1
     144    1169    1223    1653       1
    1276    1186     145    1671       1
    1224    1196     201    1168       1
    1641    1640     200    1663       1
    1616    1181    1636     235       1
    1234    1651    1215    1643       1
    1134    1586    1182     218       1
    1637    1314    1617    1183       1
    1639     234    1654    1184       1
    1640    1628    1165    1185       1
     110    1166    1186    1276       1
    1187     160    1635    1219       1
    1199    1191    1210    1226       1
    1210    1191    1255    1659       1
    1638    1192    1293    1612       1
     114    1620    1176    1242       1
    1194     151    1259     152       1
    1684    1243    1236    1675       1
    1237    1196    1224     178       1
    1237    1271    1244    1196       1
    1216     132    1245    1281       1
    1212    1198    1225    1624       1
    1608    1200     131    1160       1
    1201     131    1227    1238       1
    1248    1201    1238     112       1
     214    1229    1239    1202       1
    1670    1283    1239    1677       1
    1162    1203    1668     213       1
    1205    1320    1612    1293       1
    1577    1073    1596     134       1
    1213      48     395     399       1
     233    1211    1247    1659       1
    1210     215    1246    1226       1
    1662    1211    1654     234       1
    1258    1650    1275     167       1
    1650    1258    1233    1212       1
    1235    1616     235    1142       1
    1294    1680    1309    1664       1
    1281    1260    1646     111       1
    1202    1239    1283     213       1
    1217     195    1669    1240       1
    1255    1228     233    1659       1
    1219    1635    1231    1373       1
    1221     177    1230    1374       1
    1070     142    1609    1222       1
    1195    1653    1236    1243       1
    1300     115    1600    1287       1
     150    1624    1225    1649       1
    1647    1327     111    1646       1
    1228    1204    1068     251       1
    1365     196    1330    1363       1
    1230    1267    1269     178       1
    1634    1266     184    1268       1
    1181    1651    1662     234       1
     216    1262    1681    1264       1
    1274    1267     169    1273       1
     151    1212    1233    1259       1
    1232    1234     216    1264       1
    1134    1290     236    1586       1
    1134     218    1619    1290       1
    1236     161    1249    1675       1
    1250    1237     178    1269       1
     195    1217    1283    1670       1
    1669    1363    1298    1265       1
    1314    1637     194    1299       1
      48    1241    1067    1384       1
    1252    1244    1271    1313       1
     197    1329    1696    1695       1
    1247     215    1210    1659       1
    1201    1248    1633     130       1
    1268    1249     161    1634       1
    1655    1303    1334     162       1
    1250    1286    1304     179       1
    1684    1251     145    1243       1
    1663    1313    1678    1296       1
     199    1270    1296    1345       1
     129    1278    1263    1280       1
     113    1297    1254    1672       1
    1254    1297    1679    1272       1
    1257    1156    1585     185       1
    1311    1319     185    1106       1
    1212    1624    1275    1650       1
    1258     167    1286     168       1
    1281     111    1227    1216       1
    1292    1692    1282    1318       1
    1680    1262     216    1309       1
    1280    1263    1277    1661       1
    1247    1211    1264    1681       1
    1265    1298    1629    1279       1
    1231    1257    1266    1634       1
     168    1269    1267    1274       1
    1302    1276    1671    1305       1
     145    1251    1693    1671       1
     162    1251    1684    1675       1
    1313    1271     179    1685       1
    1649    1315    1310     150       1
     114    1254    1272    1645       1
    1277     112    1676    1289       1
     130    1633    1139    1376       1
    1603    1279    1629    1604       1
    1280     113    1253    1652       1
    1680    1282    1692    1262       1
    1291    1642    1619     218       1
    1215    1284     217    1643       1
    1229    1226    1285    1689       1
    1304    1286     167    1317       1
    1600     115    1177    1589       1
    1676    1682    1307    1289       1
    1284    1235    1290    1619       1
    1642     217    1284    1619       1
    1318    1697    1338     197       1
    1339    1294    1664    1348       1
    1294     198    1282    1680       1
    1310    1324    1322     150       1
    1640    1641    1295    1628       1
    1270     199    1295    1641       1
    1345    1296    1678     180       1
    1303    1630    1644    1334       1
    1629    1298    1644    1630       1
    1299     194    1279    1603       1
    1648    1649    1225    1623       1
    1648    1623     115    1300       1
    1329    1316    1301    1696       1
    1302    1305    1306    1647       1
     183    1341    1334    1644       1
    1268    1303    1655    1249       1
    1360    1660    1322    1324       1
    1693    1683    1305    1671       1
    1335     147    1331    1688       1
    1327    1647    1306    1335       1
    1667    1674    1238    1227       1
    1339    1348    1308     199       1
    1308    1348    1642    1291       1
     217    1642    1348    1664       1
     149    1364    1324    1310       1
    1326     162    1334    1341       1
    1367    1690    1312    1326       1
     113    1280    1661    1321       1
     113    1321    1694    1297       1
    1363    1330    1344     183       1
     149    1673    1272    1679       1
    1343    1344     182    1354       1
    1686    1360     166    1358       1
    1329     197    1338    1355       1
    1266    1319    1604     184       1
      96    1320    1015    1573       1
    1612    1125     129    1638       1
    1335    1688    1307    1327       1
    1322    1660     167    1275       1
    1359     166    1364    1366       1
     166    1360    1324    1364       1
    1678    1313    1685    1325       1
    1304    1325    1685     179       1
    1307    1682    1666    1327       1
    1328    1078    1569    1601       1
     212    1183    1328    1601       1
    1354     182    1355    1356       1
    1331     147    1351     148       1
     198    1337    1332    1697       1
     181    1336    1332    1340       1
    1353    1358     166    1359       1
    1338    1336    1361    1355       1
    1345    1337    1339     199       1
     180    1346    1340    1345       1
    1355    1361    1698    1356       1
    1341     183    1344    1343       1
    1690     146    1683    1312       1
    1690    1352    1342     146       1
     163    1367    1343    1354       1
    1298    1363     183    1644       1
    1358     180    1333    1686       1
    1347    1346    1353     165       1
     163    1354    1356    1698       1
    1351    1357    1362     148       1
    1352     164    1349    1342       1
    1698     164    1352     163       1
    1357    1350     165    1362       1
    1686    1687    1660    1360       1
    1698    1361    1350     164       1
    1365    1363    1669     195       1
    1366     148    1362    1359       1
    1690    1367     163    1352       1
     238    1369    1114    1548       1
    1653    1373     161    1236       1
    1561    1555    1034    1377       1
    1395     554      87     664       1
     546    1393    1405    1406       1
     545    1394    1407    1408       1
    1415     641    1444     710       1
    1417     610    1457     646       1
    1418     551     606     643       1
    1419      72    1453     655       1
    1426    1420     889    1461       1
      56    1091    1422    1423       1
     991    1423    1458     971       1
    1435     257     704     714       1
     294     579    1436    1437       1
     993    1452    1506     958       1
    1493      85    1481      84       1
     940    1459     907    1497       1
    1465     592     665    1466       1
    1466     260     796     714       1
    1439    1437    1470    1471       1
    1471    1470    1507     723       1
     807    1443    1517    1474       1
     806    1440    1520    1476       1
     838     222    1476    1520       1
     135    1478     754    1516       1
     239    1479     753    1519       1
    1481      85     655    1453       1
     738     828    1501     970       1
     766    1485     816    1510       1
    1486     290     765     757       1
     794     855    1487    1488       1
    1491      68    1514     972       1
     834    1467    1492    1504       1
      84    1509     740    1493       1
    1497      98    1526     940       1
     898    1500     859    1523       1
     895     256     834    1504       1
     998    1505    1514      68       1
    1516    1018    1547     135       1
    1517     802    1525     839       1
    1518     280    1530     960       1
    1520     803    1524     838       1
    1088    1521    1056    1549       1
     154     962    1528    1455       1
     204     175     885    1532       1
     961     994    1536    1537       1
     255    1512    1540    1541       1
    1543     193    1024    1041       1
    1001    1049    1557     974       1
    1557      78     941     974       1
    1527     987     948     117       1
     133    1546    1545    1578       1
    1089    1055    1545    1546       1
    1592    1547    1018     107       1
    1591    1550    1019     221       1
     248     949    1551    1563       1
    1552    1007     170     927       1
     904    1554     159    1584       1
    1559     951    1593     983       1
    1377    1064    1562    1561       1
    1568    1020    1063    1174       1
    1571     877     886     203       1
    1119    1583    1594     126       1
    1095     186    1074    1585       1
    1564    1115    1131    1587       1
    1584     142     887     926       1
    1171     116    1595    1152       1
     108    1596    1073    1632       1
    1597    1071    1627     220       1
    1605    1178    1555    1561       1
    1607    1606    1163    1198       1
    1181    1616    1215    1651       1
    1287    1620     114    1645       1
    1649    1648    1300    1315       1
    1604    1629    1630     184       1
    1652    1638     129    1280       1
    1192    1638    1652    1253       1
    1643     217    1664    1309       1
    1646    1260    1302    1647       1
    1655     162    1675    1249       1
     231    1038    1083    1656       1
    1657    1240    1669    1265       1
     167    1660    1687    1317       1
    1232    1264    1211    1662       1
    1663     200    1252    1313       1
    1666    1682    1676    1674       1
    1665    1666    1674    1667       1
    1672    1242    1253     113       1
    1673     149    1310    1315       1
    1238    1674    1676     112       1
     196    1365    1677    1689       1
    1261    1681    1262    1692       1
    1670    1677    1365     195       1
    1686    1333    1317    1687       1
    1297    1694    1331     148       1
    1691     197    1695    1246       1
    1694    1321    1688    1331       1
    1696    1301    1285    1695       1
    1318    1282     198    1697       1
