233
233
233
232
232
232
239
239
239
231
228
228
228
228
228
229
229
169
169
168
173
174
174
141
141
140
141
141
143
129
129
129
129
131
131
131
130
130
130
384
384
384
384
386
386
408
408
387
411
411
411
411
405
405
405
401
401
401
401
400
456
456
456
455
455
455
455
454
454
452
452
452
452
478
478
479
478
478
474
689
689
691
691
690
690
690
693
695
695
695
695
678
678
679
679
679
679
676
676
737
737
737
738
739
739
739
739
748
748
751
751
732
732
732
734
734
734
734
729
729
730
730
730
731
731
731
731
830
830
831
831
829
829
829
815
811
811
811
808
809
975
975
975
975
975
972
972
972
1019
1019
1017
1017
1017
1017
1015
1017
1014
1014
1014
1014
1012
233
233
233
232
232
232
239
239
231
231
228
231
231
169
169
229
229
169
168
173
173
174
174
141
141
140
143
143
143
129
128
128
131
131
131
130
130
130
384
384
385
385
386
386
386
408
408
411
411
410
410
405
405
404
405
401
401
401
400
400
456
456
456
455
457
455
454
454
454
452
452
476
478
478
479
479
479
474
474
689
689
691
691
690
690
693
693
695
695
678
678
678
678
679
679
676
676
676
737
737
737
738
738
739
739
749
748
748
748
751
751
732
732
732
734
734
735
729
729
729
730
730
730
731
731
830
830
830
830
831
831
829
829
815
815
811
811
811
808
809
975
962
973
973
972
972
972
1019
1019
1019
1017
1018
1018
1015
1015
1014
1014
1012
1012
1012
1012
234
234
234
235
238
238
233
239
231
226
226
230
230
230
169
229
229
168
175
175
174
174
173
173
140
140
143
143
143
129
128
128
128
131
131
132
132
389
388
388
385
385
387
386
408
408
409
408
412
412
410
412
404
404
405
405
458
458
400
400
400
457
457
457
449
449
454
453
453
453
476
476
477
477
479
479
472
474
474
689
689
691
691
690
693
693
693
695
693
678
673
673
673
676
675
675
677
677
677
736
736
738
738
738
736
749
749
748
749
751
751
710
710
710
710
733
735
735
729
728
728
728
728
720
720
720
825
825
831
831
829
815
815
815
814
809
809
808
808
809
962
962
973
973
974
973
969
969
1019
1019
1018
1018
1018
1018
1015
1015
1015
1013
1013
1012
1012
234
234
234
235
238
238
236
238
226
226
230
230
230
230
170
170
170
168
168
175
175
175
172
136
136
140
140
136
136
136
142
142
128
133
133
132
132
389
388
388
385
385
390
387
409
409
409
413
413
410
412
412
404
404
402
402
403
458
458
458
457
457
459
449
449
449
449
453
453
453
476
476
477
477
477
472
472
472
474
688
688
697
688
688
692
692
692
693
694
694
694
673
673
673
675
675
677
677
677
740
736
736
736
742
749
749
746
750
750
750
745
751
710
732
733
733
733
735
735
728
728
735
721
720
720
720
825
825
825
828
828
828
812
814
814
810
809
809
808
808
962
962
973
974
974
973
973
969
1020
1020
1016
1016
1016
1022
1022
1009
1009
1014
1013
1013
1012
235
235
235
235
238
236
236
236
226
226
227
227
227
230
170
170
170
168
175
160
160
172
172
172
136
136
139
139
137
142
142
142
133
128
132
134
389
389
388
388
391
391
390
387
409
409
413
413
410
410
414
412
404
402
402
402
403
403
458
458
460
460
459
459
459
459
448
448
454
453
476
477
473
473
472
472
473
473
475
688
697
697
688
692
692
692
700
700
700
694
694
694
675
675
672
674
674
674
741
740
740
743
743
742
742
746
746
750
750
750
745
751
710
710
733
733
727
727
727
721
721
721
721
826
826
826
825
825
828
828
828
812
812
812
814
810
810
801
963
963
808
962
974
974
974
969
969
969
1020
1020
968
1016
1016
1022
1009
1009
1008
1008
1013
1013
1013
245
245
245
245
236
236
247
237
237
226
227
227
227
227
224
224
170
171
171
160
160
166
172
172
138
138
139
139
137
137
142
142
133
133
134
134
389
389
391
391
391
391
390
390
390
413
413
414
414
414
414
406
406
407
402
434
434
403
403
463
460
460
460
459
451
448
448
448
465
465
465
465
466
473
473
471
475
475
475
697
697
697
696
696
696
702
702
700
700
700
686
686
672
672
672
672
674
741
741
741
743
743
743
742
742
746
746
746
744
745
745
745
708
708
708
708
709
727
727
727
721
721
721
826
826
826
827
827
827
827
813
812
812
814
814
810
801
801
963
963
800
963
961
961
961
960
960
970
1020
1020
968
968
1016
1022
1009
1008
1008
1008
1008
1013
1013
245
245
246
246
236
247
247
237
237
255
255
225
224
225
224
171
171
171
160
160
166
166
166
166
166
138
138
139
137
137
146
146
146
133
133
132
396
396
396
396
396
396
390
393
393
393
395
414
415
415
406
406
407
407
407
439
434
434
403
463
463
463
460
461
451
451
450
448
465
465
464
466
466
466
471
471
468
475
475
469
469
696
696
696
702
702
702
702
701
701
686
686
686
672
680
674
674
741
741
743
762
742
763
763
742
744
744
744
744
744
745
711
711
708
708
709
709
709
709
722
722
722
722
723
723
827
827
824
825
813
813
813
805
805
804
804
801
801
963
800
800
961
961
961
964
960
970
970
970
968
968
968
1023
1023
1009
1009
1011
1011
1008
1010
1010
243
243
246
246
236
247
247
237
255
255
255
225
224
225
225
163
163
171
171
161
161
161
161
161
165
138
138
139
137
137
146
146
154
154
154
134
134
152
152
397
397
397
393
393
393
395
395
415
415
415
406
406
407
407
439
439
439
439
463
463
462
462
503
461
461
451
450
450
448
464
464
466
466
471
471
471
468
468
469
469
469
698
698
699
699
703
703
701
701
701
686
681
681
681
680
680
680
767
767
767
762
762
763
763
763
747
747
747
705
705
711
711
711
711
706
726
726
709
707
722
722
726
723
723
723
826
824
824
824
813
813
805
805
805
804
804
804
801
800
800
800
963
961
964
964
970
970
971
971
971
971
971
1021
1023
1022
1022
1011
1011
1011
1010
1010
243
243
245
246
236
246
244
244
255
244
254
225
224
249
163
163
163
162
162
160
161
165
165
165
165
165
138
145
145
145
146
154
154
154
135
135
134
152
152
397
397
397
395
395
395
415
395
394
394
416
416
435
435
435
435
439
438
438
462
462
462
503
503
461
451
451
450
495
495
464
464
464
467
467
470
470
470
468
468
469
698
698
698
699
699
703
703
640
701
640
640
681
681
687
680
680
767
767
767
762
762
762
762
763
754
754
747
747
705
705
705
704
704
706
706
726
707
707
707
726
726
725
725
723
723
817
824
824
822
822
805
805
806
804
803
803
803
801
801
802
802
802
967
964
967
967
960
960
971
997
997
1021
1021
1021
1023
1023
1023
1011
992
992
1010
243
243
243
247
247
246
244
244
244
254
254
254
249
249
248
163
162
162
176
176
176
161
165
167
167
167
145
138
145
153
153
153
155
155
135
135
135
152
399
399
397
392
392
392
394
394
394
394
416
416
416
435
435
434
434
438
438
438
502
462
503
503
461
461
495
495
451
495
495
494
494
467
467
467
470
470
468
468
468
698
659
699
698
699
703
703
640
640
640
684
687
687
681
687
687
682
682
682
766
766
760
760
762
761
754
754
754
747
705
755
704
704
704
706
706
706
716
707
724
724
725
725
725
816
817
817
817
824
822
823
823
822
806
806
803
803
966
966
966
802
802
967
964
964
967
960
977
979
997
997
997
997
1021
1021
993
993
993
998
992
992
1010
243
243
242
242
240
240
240
244
254
255
254
249
249
249
248
162
162
176
176
176
180
180
164
167
167
167
145
149
149
153
153
153
155
155
155
152
159
159
399
392
392
397
392
392
419
419
419
419
416
417
417
406
406
435
433
433
438
502
502
502
502
503
501
501
501
501
501
495
450
494
494
494
467
483
483
470
660
660
660
659
659
658
658
656
641
641
641
643
684
684
684
654
654
687
682
682
682
766
766
766
760
760
761
761
761
754
755
755
755
755
753
753
704
704
706
716
716
707
724
724
724
725
816
816
816
817
817
823
823
823
823
822
822
806
805
803
966
966
966
802
802
967
965
965
965
977
977
979
977
977
996
996
996
998
993
993
998
992
992
992
1010
242
242
242
240
240
240
240
244
252
252
252
252
251
248
218
218
177
177
177
177
180
180
164
182
149
149
144
149
149
145
147
147
147
155
157
152
159
159
159
399
399
399
424
424
424
419
424
419
417
417
417
417
432
432
433
433
433
437
502
437
437
501
501
500
500
500
492
492
450
494
493
493
483
483
483
482
660
660
660
659
659
658
658
656
641
641
641
643
643
684
684
654
654
683
683
683
766
765
765
764
760
760
761
761
756
756
754
755
755
753
753
753
718
718
717
717
716
793
793
793
724
795
816
816
818
818
818
818
820
820
823
806
806
807
807
807
778
778
775
775
775
775
983
965
965
965
977
977
977
996
996
996
998
998
999
993
995
995
995
995
992
242
241
241
241
241
240
253
253
253
252
252
251
251
251
218
218
179
177
177
180
180
164
164
182
149
144
144
144
148
148
147
147
147
157
157
157
135
135
159
159
429
429
424
424
429
418
418
418
421
421
432
432
432
432
433
437
433
437
437
498
498
498
500
500
500
496
492
492
492
493
493
493
481
481
482
482
482
482
659
661
658
658
656
642
642
656
656
643
643
643
654
654
685
683
683
683
765
765
765
764
764
764
756
756
756
757
757
752
752
755
753
718
718
718
717
717
717
793
793
793
795
795
795
818
818
819
819
819
820
820
821
821
821
807
807
807
778
778
775
775
772
983
983
983
983
980
980
979
1000
1000
978
998
998
999
999
1001
995
995
995
995
1006
202
202
241
241
241
207
253
253
253
252
222
251
251
218
218
179
179
179
178
178
178
164
164
182
182
144
144
148
148
150
150
150
157
157
156
156
158
158
158
428
398
429
429
429
418
418
418
425
421
420
420
432
420
420
420
440
442
442
436
498
498
498
500
496
496
496
496
488
492
492
493
481
481
481
481
482
480
480
663
661
661
661
642
642
642
656
655
655
655
643
685
685
685
685
653
653
652
765
764
764
584
584
756
752
752
757
757
752
759
759
759
718
719
719
717
716
792
792
792
792
795
795
795
819
819
818
819
819
820
820
821
821
779
779
779
778
778
774
774
772
772
981
981
983
980
980
980
979
1000
1000
978
1000
999
999
999
1001
999
995
995
1006
1006
202
202
202
207
207
207
207
250
250
250
222
222
222
222
216
216
179
179
178
178
178
181
190
182
182
183
183
144
148
150
150
150
156
156
156
156
158
158
428
428
398
398
398
426
426
425
425
425
425
420
420
418
441
441
440
440
442
442
436
436
499
499
500
496
488
488
488
488
492
490
490
490
483
483
480
480
482
663
663
663
661
661
657
657
642
642
655
655
655
654
685
650
648
653
653
653
652
652
652
591
584
584
584
752
757
757
757
752
759
759
759
712
719
719
719
716
792
792
796
796
797
797
797
794
794
794
787
787
786
786
786
821
779
779
779
807
776
774
774
773
982
981
981
981
981
980
979
978
978
978
978
1000
1001
1001
1001
1001
999
995
1006
1006
1006
203
203
202
200
200
207
207
250
250
223
223
222
251
216
216
216
216
189
189
181
181
181
190
190
190
183
183
148
151
151
151
151
156
1
1
3
158
428
428
428
398
430
430
426
426
425
427
421
421
423
423
423
440
441
441
440
442
442
436
436
436
499
499
499
488
497
497
490
490
490
486
486
486
487
487
480
480
480
663
663
657
657
657
657
667
644
645
644
644
650
650
650
648
653
648
590
590
590
590
591
591
584
586
586
586
558
558
558
558
558
712
712
712
719
714
714
714
796
796
796
797
797
797
794
794
787
787
787
786
786
786
780
780
777
777
777
776
776
773
773
982
982
982
988
987
987
987
987
984
984
984
984
1000
1002
1002
994
994
994
994
994
1004
203
203
200
200
200
200
206
223
223
223
221
221
222
219
219
219
189
189
189
181
181
191
190
190
183
183
30
30
30
151
151
151
1
1
3
3
3
3
2
2
2
430
430
430
426
427
427
421
422
423
423
441
440
441
443
443
443
443
443
443
508
508
499
497
497
497
497
505
489
489
486
486
486
487
487
485
485
485
347
666
666
666
666
667
667
644
645
644
644
650
650
648
648
648
652
652
590
590
591
591
591
586
586
586
559
559
559
559
558
558
712
712
713
713
714
714
714
714
796
799
799
799
794
787
794
789
790
790
784
784
780
780
780
777
777
776
776
776
773
773
982
982
988
988
987
987
986
986
984
984
978
1003
1003
1002
1002
994
1007
1007
1004
1004
1004
203
203
201
201
206
206
206
206
223
221
221
221
219
219
219
217
216
189
186
186
191
191
191
26
26
28
28
30
30
0
0
0
0
1
3
0
0
2
2
2
2
429
430
426
318
427
427
422
422
422
423
447
447
447
446
446
446
444
445
508
508
508
510
507
507
507
505
505
489
489
504
491
487
487
485
485
485
347
347
666
666
662
665
667
667
645
645
645
645
650
651
651
649
649
648
652
588
588
590
585
585
587
559
559
557
557
557
559
575
575
713
713
713
715
715
568
568
569
569
799
799
799
788
788
789
789
789
790
784
784
780
782
782
782
777
768
768
773
776
772
772
772
988
988
991
991
986
986
986
1003
1003
1003
1003
1002
1002
1007
1007
1007
1004
1004
1005
201
201
203
201
206
205
205
205
205
221
220
220
220
220
217
217
213
215
186
186
186
191
191
26
29
28
28
30
31
31
31
31
0
1
1
0
9
9
9
10
10
10
312
312
318
318
427
422
422
422
441
447
447
447
446
446
444
444
445
445
508
510
510
507
507
507
505
505
489
504
504
491
491
353
353
484
347
347
347
662
662
662
665
665
668
668
647
667
667
645
651
651
649
597
597
649
588
588
585
585
585
587
587
587
557
557
575
575
575
575
758
713
568
715
715
568
568
569
569
798
865
865
788
788
789
789
790
790
784
784
784
782
782
782
783
768
768
768
773
769
769
771
988
937
991
991
986
990
985
985
1003
956
956
956
1007
955
955
955
1005
1005
1005
201
201
203
195
195
205
204
204
205
205
220
220
211
217
214
214
215
215
186
185
185
181
184
184
29
29
29
29
30
31
31
5
5
5
5
9
9
9
431
10
10
10
312
312
314
318
318
318
303
303
303
303
297
317
447
509
509
444
445
445
510
510
510
506
507
362
362
505
504
504
491
491
353
353
353
484
484
664
664
662
662
664
665
665
665
668
647
647
647
599
651
651
596
597
597
649
649
588
585
588
585
587
587
556
556
557
557
758
758
758
758
574
568
715
715
715
569
569
798
798
865
865
788
788
872
872
790
785
785
785
781
781
781
783
783
783
768
769
769
769
769
771
989
937
936
991
991
990
985
985
985
956
956
956
955
958
955
954
954
1005
1005
201
196
196
198
195
195
204
204
204
204
211
211
211
217
217
214
214
215
187
185
185
184
27
27
29
26
26
25
25
25
19
4
5
5
6
9
431
431
431
431
312
315
315
315
314
314
314
303
303
317
317
297
297
317
446
509
509
509
509
511
511
511
506
506
506
362
362
362
504
504
491
353
352
352
484
484
484
345
664
670
670
664
664
646
646
668
668
647
599
599
599
596
596
596
597
589
589
589
583
583
582
582
556
556
556
557
555
555
758
555
574
574
574
574
570
570
570
798
798
798
865
865
791
791
872
872
872
785
785
785
781
781
781
783
783
890
768
768
771
771
771
770
989
989
936
936
990
990
990
985
932
932
932
932
958
958
955
954
954
954
954
196
201
198
198
198
195
195
204
208
208
211
211
210
210
214
214
215
215
187
187
187
184
27
27
27
26
24
24
25
25
19
4
4
6
6
11
11
9
431
12
312
315
315
315
314
314
316
319
319
317
317
297
297
297
290
290
290
290
511
511
511
289
289
506
506
363
363
363
363
355
355
355
352
352
352
346
346
345
670
670
670
671
671
646
646
646
668
599
599
603
599
596
596
595
589
589
589
583
583
583
582
582
582
556
553
553
555
555
555
574
573
567
572
572
570
570
570
569
798
798
788
791
791
791
791
866
874
874
874
889
889
889
891
890
890
890
783
783
771
770
770
770
989
989
936
933
933
990
990
985
932
932
932
958
958
958
952
952
952
953
953
196
196
198
197
197
197
194
194
208
208
209
210
210
210
70
213
213
187
187
185
185
184
184
27
17
17
26
24
25
19
7
4
6
6
6
11
11
11
12
12
12
313
313
304
304
304
316
316
319
302
302
302
297
290
290
291
291
445
288
288
288
289
289
295
295
360
363
363
355
355
355
354
354
352
352
346
346
345
670
345
671
671
671
669
669
669
669
646
603
603
599
595
595
595
595
595
581
581
583
581
582
576
582
553
553
553
553
573
573
573
573
567
572
572
572
571
571
571
864
864
864
866
866
867
875
872
874
874
889
889
889
891
891
890
890
880
880
880
880
770
770
937
937
933
933
933
933
990
985
985
957
957
957
956
947
947
952
952
959
959
953
196
199
199
197
197
194
194
194
195
209
209
209
210
70
70
213
213
213
212
212
127
127
17
17
17
17
24
24
19
7
7
22
22
7
7
11
11
12
12
36
313
313
313
313
304
304
316
308
308
302
302
302
303
303
291
291
291
288
445
288
288
289
289
295
360
360
360
362
362
354
354
354
338
338
358
346
346
345
345
344
344
671
669
669
603
603
602
602
646
603
593
598
598
598
595
589
581
581
581
581
576
576
552
552
552
552
552
573
554
567
567
567
572
572
571
571
571
561
864
864
864
866
867
867
875
875
873
874
874
888
888
888
891
891
890
890
880
880
883
883
937
937
882
938
938
939
939
939
934
934
957
957
957
946
947
947
947
959
959
959
953
199
199
199
199
198
192
192
194
194
193
193
209
209
70
70
70
212
212
212
212
127
127
126
127
16
16
24
19
19
19
22
22
22
6
7
8
8
14
14
36
36
13
307
304
13
316
308
308
308
308
301
301
301
298
298
291
293
293
293
294
294
294
295
295
360
360
361
359
359
359
359
354
338
338
358
358
339
339
344
344
344
350
350
600
600
603
602
602
602
598
593
593
598
598
594
578
578
581
581
583
576
576
552
548
550
550
554
554
554
554
567
566
566
572
560
560
561
561
561
867
867
867
864
875
875
873
873
873
873
888
888
888
893
891
881
881
881
881
883
883
883
883
882
938
938
939
939
934
934
934
934
946
946
946
947
950
950
959
952
950
953
199
84
84
84
80
192
192
192
193
193
208
208
69
69
69
113
113
113
124
124
127
126
126
126
16
16
16
16
18
18
18
22
8
8
8
14
8
14
14
36
13
13
307
307
305
309
309
309
300
296
296
301
298
298
298
291
293
293
292
292
294
294
364
295
361
361
361
361
359
359
359
338
338
358
358
358
339
339
339
344
350
350
600
600
601
601
601
602
607
607
593
593
593
594
594
578
578
578
578
576
583
548
548
548
550
550
554
550
564
564
565
566
566
566
560
560
561
561
869
869
868
868
868
868
870
873
876
878
878
892
892
893
893
893
893
885
881
881
882
882
882
882
882
938
939
935
935
935
935
935
946
946
957
946
946
950
951
951
950
950
953
84
84
84
80
80
192
81
193
193
71
71
69
69
69
112
113
113
113
124
124
124
124
126
126
17
16
21
18
18
18
23
23
34
34
14
15
36
36
8
13
13
39
39
307
305
305
309
309
300
296
296
296
296
299
299
298
298
293
292
292
292
294
364
364
361
365
365
366
366
357
357
337
337
337
337
339
351
351
351
350
350
600
600
601
601
601
604
604
607
607
604
604
594
594
594
594
579
579
579
579
548
548
549
549
550
551
551
564
564
564
565
565
566
560
560
562
562
562
562
869
868
868
870
870
876
876
876
878
876
892
892
894
893
895
885
885
886
884
884
884
887
941
941
941
938
935
940
931
931
930
934
929
929
929
945
945
951
951
951
950
953
85
85
80
80
80
83
81
68
68
71
71
65
65
112
112
112
112
112
114
114
125
122
122
121
122
122
21
21
23
23
23
34
34
34
15
15
32
32
32
32
39
39
307
38
305
305
309
300
300
301
300
296
299
299
299
299
271
264
264
292
292
364
364
364
365
365
365
366
366
357
343
343
343
337
337
336
336
351
351
348
348
351
351
601
607
607
604
604
604
605
605
605
592
592
592
592
579
579
612
577
577
577
549
549
551
551
551
520
551
565
565
565
564
563
563
562
562
526
869
526
526
870
870
877
877
877
879
879
876
892
892
894
894
895
895
885
886
884
884
887
887
941
941
941
940
940
940
931
931
930
930
929
929
929
945
945
949
949
949
949
951
85
85
84
83
83
83
68
68
68
71
71
65
65
115
115
115
114
114
114
125
125
122
121
121
122
120
120
21
18
23
20
20
34
35
35
15
32
33
32
39
39
307
38
38
38
306
311
311
301
301
300
270
270
270
271
271
271
264
264
266
266
292
365
364
364
367
367
366
366
343
343
357
343
341
341
336
336
336
336
348
348
348
349
349
626
626
626
606
606
605
605
592
592
609
609
592
612
612
612
577
577
577
549
549
544
544
520
520
551
551
523
523
521
563
563
563
526
526
526
869
869
526
870
877
877
877
879
879
833
878
894
894
894
895
895
885
886
857
857
886
887
887
887
940
940
942
931
931
930
930
930
928
929
929
945
945
949
949
948
949
951
85
86
86
86
83
83
68
81
81
66
66
69
65
115
115
115
114
125
125
125
125
121
121
120
120
98
98
98
98
21
20
20
35
35
35
15
33
33
37
41
41
41
38
38
306
306
273
311
311
310
310
270
270
270
271
271
264
264
266
266
265
265
381
381
381
367
367
367
342
342
357
357
343
341
341
341
324
324
330
348
349
349
349
626
626
626
606
606
606
629
628
605
609
609
608
608
612
612
614
614
614
613
613
546
544
544
545
520
520
537
523
523
521
563
524
524
525
525
525
525
871
871
837
837
871
879
879
833
833
878
834
834
895
856
856
885
857
857
886
886
884
943
943
942
942
942
942
931
931
928
928
928
944
944
897
944
948
948
948
903
903
85
86
86
86
83
82
82
81
81
66
66
66
65
65
65
118
118
118
118
118
118
120
120
121
98
98
99
99
21
20
20
20
35
58
58
33
33
37
37
41
41
41
43
45
306
306
273
311
311
310
310
310
281
270
269
269
269
264
266
265
265
381
381
381
380
380
380
367
342
342
342
342
343
341
340
324
324
324
330
329
349
328
328
328
328
627
627
606
629
629
628
609
609
608
608
608
608
615
614
614
614
613
613
546
546
544
545
545
520
537
523
523
521
521
524
524
525
525
527
871
871
871
837
837
833
838
838
833
833
878
834
834
834
856
856
856
857
850
850
851
943
943
943
943
942
926
926
926
926
925
928
928
944
944
897
944
900
948
948
903
903
87
87
85
86
86
82
82
82
82
66
67
67
67
64
64
64
117
117
117
119
119
123
123
123
97
99
99
99
55
99
55
55
58
58
58
58
33
37
37
40
40
43
43
45
306
274
275
275
273
310
281
281
281
281
269
269
269
256
256
256
265
265
383
383
380
380
374
374
356
356
356
375
340
340
340
341
324
330
330
329
329
328
328
625
627
627
627
627
629
629
628
611
611
611
622
622
615
615
615
547
547
547
613
546
545
544
545
545
537
537
537
521
521
524
524
538
522
527
527
527
527
837
837
838
838
838
838
835
835
835
858
834
859
859
856
856
850
850
850
851
851
918
919
919
916
926
926
924
925
925
925
896
896
897
897
897
900
901
902
902
903
87
87
87
87
89
89
90
78
78
67
67
67
64
64
64
73
117
117
119
119
119
123
123
123
97
97
97
55
55
55
54
54
54
54
58
59
59
59
37
40
40
41
45
45
45
274
274
275
273
281
280
280
280
268
268
269
256
256
256
267
267
265
383
383
380
374
374
374
375
356
375
375
340
340
327
327
327
330
330
330
329
329
329
625
625
624
624
629
630
628
631
611
611
622
622
622
623
615
615
614
547
547
613
545
545
535
535
535
536
536
537
538
538
522
522
522
522
527
527
836
836
836
836
836
839
839
839
835
835
835
858
832
859
859
859
848
848
850
918
851
918
918
919
916
916
916
924
924
924
925
896
896
896
896
900
901
901
901
901
902
903
88
88
89
89
89
90
90
78
78
78
67
66
64
73
73
117
119
108
108
108
108
111
103
103
97
97
96
96
53
54
54
52
52
52
57
59
59
42
42
40
40
42
43
43
45
274
273
273
280
280
280
283
287
268
258
258
258
259
259
267
267
265
257
257
382
383
374
375
375
373
373
326
326
327
327
327
325
325
325
331
331
331
335
625
625
624
630
630
630
630
631
631
628
610
622
623
623
623
620
620
620
547
547
613
532
535
535
536
536
536
539
539
538
522
515
515
515
519
519
836
519
847
847
839
839
839
839
839
833
858
832
832
859
853
853
848
848
918
918
849
849
919
919
916
916
927
927
924
925
924
896
896
898
900
900
899
901
902
902
906
906
88
88
89
90
90
90
91
91
78
79
79
73
73
116
116
116
108
108
110
110
111
111
103
103
100
100
100
53
53
53
51
52
52
57
57
59
42
42
42
42
40
47
47
43
275
275
274
274
273
283
283
283
287
268
258
258
259
259
259
259
267
267
257
257
382
383
372
372
372
373
373
326
326
342
327
327
325
325
325
331
331
331
335
625
634
634
624
624
630
631
631
631
610
610
610
610
610
620
620
620
532
532
532
533
532
532
533
535
536
539
539
539
539
515
515
515
519
519
519
527
847
847
847
847
846
841
841
841
841
832
832
858
858
853
853
848
848
851
851
849
849
849
919
919
927
927
927
924
923
923
923
898
898
898
899
899
899
901
902
902
906
88
88
94
94
94
91
91
91
76
79
79
73
72
116
116
116
110
110
110
110
111
111
103
103
96
100
100
53
53
53
51
51
56
56
57
57
61
61
62
62
47
47
47
44
275
275
282
282
282
282
283
283
287
268
287
258
259
259
259
259
261
261
257
257
382
372
372
374
372
373
373
370
371
371
326
326
326
325
325
335
335
335
333
333
634
634
624
632
632
632
638
611
639
639
639
616
616
610
621
621
621
621
533
533
533
533
534
534
535
536
543
543
540
540
514
514
516
516
516
517
517
517
844
846
846
846
841
841
832
862
862
858
863
863
853
848
852
852
852
849
917
917
917
914
914
927
921
921
923
923
923
898
898
899
899
907
907
907
907
902
906
88
88
94
94
94
91
76
76
76
79
79
72
72
72
72
74
74
109
110
105
105
111
103
96
96
96
100
51
51
51
53
52
56
56
56
57
61
61
62
62
62
47
44
44
279
279
282
282
278
278
278
285
287
287
286
286
263
261
261
260
261
261
261
382
382
379
379
379
379
370
370
370
371
371
326
326
322
322
322
322
335
333
333
333
333
634
632
632
632
638
638
637
639
639
616
616
617
617
621
618
621
531
531
530
530
530
533
534
534
543
543
543
540
540
514
516
516
516
517
517
517
844
844
846
846
842
842
840
840
862
862
862
862
863
853
855
855
852
852
852
849
917
914
914
914
922
921
921
921
923
910
910
910
910
907
907
908
904
904
906
906
88
88
93
93
93
93
95
76
76
77
72
75
75
75
74
74
74
109
106
105
105
105
104
104
102
102
102
101
50
50
50
56
52
60
60
48
61
61
62
63
63
44
44
44
279
279
279
278
278
278
285
285
285
285
286
263
263
263
260
260
260
376
376
376
379
379
369
369
379
370
370
371
371
320
320
321
322
322
322
322
323
323
332
332
634
635
635
638
638
638
637
637
637
639
616
616
617
617
618
618
621
531
531
530
530
529
529
534
534
543
542
542
542
514
514
512
512
512
512
518
518
844
844
518
842
842
842
840
840
840
861
861
863
863
860
855
855
855
852
852
917
917
914
912
912
922
922
922
922
920
911
910
910
908
908
908
908
904
904
904
906
92
92
93
93
94
93
95
95
77
77
77
75
75
75
74
109
109
109
106
106
104
104
104
104
102
102
102
101
50
50
50
48
48
60
60
48
61
63
63
63
46
46
44
279
277
277
276
276
276
284
285
286
286
286
263
262
262
260
260
377
377
376
376
376
378
378
369
369
368
368
368
371
320
320
320
321
327
334
334
334
323
332
332
332
635
635
635
633
633
637
637
636
636
639
639
619
619
618
618
618
530
531
528
528
528
528
529
542
542
542
542
542
542
514
513
512
513
513
518
518
518
518
845
843
843
842
845
845
840
840
861
863
863
863
860
855
855
854
854
854
913
912
913
912
912
915
922
922
920
920
911
911
911
908
908
908
908
904
905
904
904
92
92
92
93
93
93
95
95
95
76
76
77
107
107
107
109
109
106
106
106
105
104
104
104
102
102
102
49
49
49
49
48
48
48
60
48
60
61
61
47
47
46
46
277
277
277
279
276
284
284
284
285
286
286
286
263
262
260
260
377
377
377
377
378
378
378
369
369
369
368
368
371
321
320
320
321
321
334
334
334
323
323
332
332
332
635
635
635
633
637
637
636
636
636
617
617
619
619
618
618
530
528
528
528
528
528
529
529
541
541
541
541
540
513
513
513
514
513
512
518
518
845
845
843
843
845
845
845
840
840
861
861
863
860
860
860
855
855
854
913
913
913
913
913
915
915
915
922
920
920
920
910
910
909
909
909
909
904
904
905
905
92
92
92
92
92
93
95
95
95
77
77
77
75
107
107
107
109
107
107
106
106
105
105
101
101
101
101
101
49
49
49
49
48
60
60
48
60
60
63
63
63
46
46
46
277
277
277
276
276
276
284
284
284
284
263
263
262
262
262
262
262
377
377
378
378
378
369
369
368
368
368
368
321
321
320
321
321
321
334
323
323
323
332
332
635
635
633
633
633
633
633
636
636
636
617
617
619
619
619
619
618
618
531
531
528
529
529
529
529
541
541
541
540
540
513
513
514
513
512
512
844
844
845
845
843
845
843
843
843
843
861
861
861
860
860
860
855
854
854
854
913
912
912
913
915
915
915
915
921
921
920
920
909
909
909
909
909
904
905
905
905
