491
491
491
489
489
484
484
485
485
454
454
454
455
455
473
473
473
473
475
475
491
491
491
489
489
484
484
485
485
454
454
454
455
455
473
473
473
473
475
475
491
491
489
489
489
484
484
485
485
454
454
454
455
455
473
473
473
473
476
476
492
492
489
489
489
484
484
485
485
453
453
452
452
452
473
473
473
473
476
476
492
492
492
493
493
484
484
484
483
483
453
452
452
452
478
478
478
478
476
476
493
493
493
493
493
481
481
484
483
483
449
449
449
449
478
478
478
478
477
477
493
493
493
493
493
481
481
483
483
483
449
449
449
449
478
478
478
477
477
477
272
272
272
272
283
283
283
483
483
483
449
449
449
449
478
478
478
477
477
477
272
272
272
272
283
283
283
283
283
332
332
332
332
332
327
327
327
324
324
324
273
273
272
272
283
283
283
283
283
332
332
332
332
332
327
327
327
324
324
324
273
273
273
275
275
280
280
280
280
330
330
330
332
332
327
327
327
325
325
325
273
273
273
275
275
280
280
280
280
330
330
330
332
332
327
327
325
325
325
325
274
274
275
275
275
280
280
280
280
330
330
330
347
347
347
338
338
338
338
325
274
274
275
275
275
281
281
281
281
331
331
331
347
347
347
338
338
338
338
338
268
268
268
268
259
259
259
257
257
331
331
331
347
347
347
339
339
339
342
342
268
268
268
268
259
259
259
257
257
262
346
346
346
346
346
339
339
339
342
342
268
268
268
259
259
259
259
257
257
262
346
346
346
346
346
339
339
342
342
342
268
268
271
271
271
258
258
263
263
263
263
350
350
346
351
351
351
342
343
343
270
270
270
271
271
258
258
263
263
263
263
350
350
350
351
351
351
351
343
343
270
270
270
271
271
258
258
263
263
263
263
350
350
350
351
351
351
351
343
343
491
491
491
489
489
484
484
485
485
454
454
454
455
455
473
473
474
474
475
475
491
491
491
489
489
484
484
485
485
454
454
454
455
455
473
473
474
474
475
475
491
491
489
489
489
484
484
485
485
454
454
454
455
455
473
473
474
474
476
476
492
492
489
489
489
484
484
485
485
453
453
452
452
452
473
473
473
476
476
476
492
492
492
493
493
484
484
483
483
483
453
452
452
452
478
478
478
476
476
476
493
493
493
493
493
481
481
483
483
483
449
449
449
449
478
478
478
477
477
477
493
493
493
493
493
481
481
483
483
483
449
449
449
449
478
478
478
477
477
477
272
272
272
272
283
283
283
483
483
483
449
449
449
449
478
478
327
477
477
477
272
272
272
272
283
283
283
283
283
332
332
332
332
332
327
327
327
324
324
324
273
273
272
272
283
283
283
283
283
332
332
332
332
332
327
327
327
324
324
324
273
273
273
275
275
280
280
280
280
330
330
330
332
332
327
327
325
325
325
325
273
273
273
275
275
280
280
280
280
330
330
330
332
332
327
327
325
325
325
325
274
274
275
275
275
281
281
280
280
331
331
331
347
347
347
338
338
338
338
338
274
274
275
275
275
281
281
281
281
331
331
331
347
347
347
338
338
338
338
338
268
268
268
268
259
259
257
257
257
331
331
331
347
347
347
339
339
339
342
342
268
268
268
268
259
259
257
257
257
262
262
346
346
346
346
339
339
339
342
342
268
268
268
259
259
259
257
257
257
262
262
346
346
346
346
339
339
342
342
342
270
270
270
271
271
258
258
263
263
263
350
350
350
350
351
351
351
342
343
343
270
270
270
271
271
258
258
263
263
263
263
350
350
350
351
351
351
351
343
343
270
270
270
271
271
258
258
263
263
263
263
350
350
350
351
351
351
351
343
343
491
491
491
489
489
484
484
485
485
454
454
454
455
455
473
473
474
474
475
475
491
491
491
489
489
484
484
485
485
454
454
454
455
455
473
473
474
474
475
475
491
492
489
489
489
484
484
485
485
454
454
454
455
455
473
473
474
474
475
475
492
492
492
489
489
487
487
485
485
453
453
452
452
452
479
479
479
476
476
476
492
492
492
489
489
487
487
483
483
483
453
452
452
452
479
479
479
476
476
476
493
493
493
493
494
481
481
483
483
483
448
449
449
452
478
478
478
477
477
477
493
493
493
493
494
481
481
482
482
482
448
449
449
449
478
478
478
477
477
477
272
272
272
272
282
282
282
482
482
482
448
449
449
449
326
326
326
477
477
477
272
272
272
272
282
282
282
283
283
332
333
333
333
333
326
326
326
324
324
324
273
273
272
272
282
282
282
283
283
330
333
333
333
333
326
326
326
324
324
324
273
273
273
275
282
282
282
280
280
330
330
330
333
333
327
327
325
325
325
325
273
273
273
275
275
281
281
280
280
330
330
330
330
327
327
327
325
325
325
325
274
274
274
275
275
281
281
281
281
331
331
331
347
347
347
338
338
338
337
337
274
274
274
275
275
281
281
281
281
331
331
331
347
347
347
338
338
338
337
337
268
268
268
268
259
259
257
257
257
331
331
331
347
347
347
339
339
339
342
342
268
268
268
268
259
259
257
257
257
262
262
346
346
346
346
339
339
339
342
342
269
269
269
259
259
259
257
257
257
262
262
346
346
346
346
339
339
342
342
342
269
269
269
271
271
258
258
263
262
262
262
350
350
350
351
351
351
343
343
343
270
270
270
271
271
258
258
263
263
262
262
350
350
350
351
351
351
343
343
343
270
270
271
271
271
258
258
263
263
262
262
350
350
350
351
351
351
343
343
343
491
491
491
488
488
484
484
485
485
454
454
455
455
455
472
472
474
474
475
475
491
491
491
488
488
487
487
485
485
454
454
455
455
455
472
472
474
474
475
475
491
491
491
488
488
487
487
485
485
453
453
453
455
455
472
472
474
474
475
475
492
492
492
488
488
487
487
485
485
453
453
452
452
452
479
479
479
476
476
476
492
492
492
488
488
487
487
483
483
453
453
452
452
452
479
479
479
476
476
476
492
492
494
494
494
481
481
483
483
448
448
448
448
452
479
479
479
464
477
477
495
495
494
494
494
481
481
482
482
482
448
448
448
448
479
479
479
464
477
477
495
495
494
494
282
282
282
482
482
482
448
448
448
448
326
326
326
464
477
477
272
272
278
278
282
282
282
282
482
332
333
333
333
333
326
326
326
324
324
324
273
273
278
278
282
282
282
282
482
330
333
333
333
333
326
326
326
324
324
324
273
273
278
278
282
282
282
280
280
330
330
333
333
333
326
326
325
325
325
322
273
273
278
278
275
281
281
280
280
330
330
330
330
327
327
327
325
325
325
325
274
274
274
275
275
281
281
281
281
331
331
328
328
347
347
338
338
338
337
337
274
274
274
275
275
281
281
281
281
331
331
328
328
347
347
338
338
338
337
337
274
274
274
274
259
259
281
257
257
331
331
344
344
345
345
339
339
339
342
342
269
269
269
269
259
259
257
257
257
331
331
346
346
345
345
339
339
339
342
342
269
269
269
269
259
259
257
257
257
262
262
346
346
345
345
339
339
342
342
342
269
269
269
271
271
259
258
263
262
262
262
349
349
349
348
348
348
343
343
343
270
270
270
271
271
258
258
263
262
262
262
349
350
350
348
348
348
343
343
343
270
270
270
271
271
258
258
263
263
262
262
350
350
350
348
348
348
343
343
343
490
490
490
488
488
487
487
486
486
486
455
455
459
459
472
472
474
474
475
475
490
490
490
488
488
487
487
486
486
486
455
455
459
459
472
472
474
474
475
475
490
490
490
488
488
487
487
486
486
453
453
453
459
459
472
472
474
474
475
475
490
490
490
488
488
487
487
486
486
453
453
453
452
452
472
472
479
479
476
476
492
492
492
488
488
480
480
480
480
453
453
453
452
452
479
479
479
479
476
476
492
492
494
494
494
480
480
480
480
448
448
448
448
452
479
479
479
464
464
464
495
495
494
494
494
480
480
482
482
482
448
448
448
448
479
479
479
464
464
464
495
495
494
494
494
282
282
482
482
482
448
448
448
448
326
326
326
464
464
464
279
279
278
278
285
282
282
482
482
482
448
333
333
333
326
326
326
324
324
324
279
279
278
278
285
285
285
284
284
334
334
333
333
333
326
326
326
324
324
324
279
279
278
278
285
285
285
284
284
334
334
333
333
333
326
326
323
323
322
322
279
279
278
278
285
285
285
284
284
334
334
328
328
321
321
321
323
323
322
322
274
274
276
276
286
286
286
286
286
329
329
328
328
321
321
321
336
336
337
337
274
274
276
276
286
286
286
286
286
329
329
328
328
321
321
321
336
336
337
337
274
274
276
276
286
286
256
256
256
329
329
344
344
345
345
336
336
336
337
337
269
269
269
269
267
267
256
256
256
329
329
344
344
345
345
340
340
340
340
340
269
269
269
269
267
267
256
256
256
256
344
344
344
345
345
340
340
340
340
340
264
264
264
271
271
258
258
260
262
262
262
349
349
349
348
348
348
341
341
341
270
270
270
271
271
258
258
260
260
262
349
349
349
349
348
348
348
341
341
341
270
270
270
271
271
258
258
260
260
262
349
349
349
349
348
348
348
341
341
343
490
490
490
488
488
487
487
486
486
463
463
463
459
459
472
472
474
474
475
475
490
490
490
488
488
487
487
486
486
463
463
463
459
459
472
472
474
474
475
475
490
490
490
488
488
487
487
486
486
453
453
459
459
459
472
472
474
474
475
475
490
490
490
488
488
487
487
486
486
453
453
453
459
459
472
472
470
470
476
476
495
495
495
488
488
480
480
480
480
480
453
453
456
456
456
456
469
470
464
464
495
495
495
494
494
480
480
480
480
482
456
456
456
456
456
465
465
464
464
464
495
495
495
494
494
480
480
480
482
482
456
456
451
451
451
465
465
464
464
464
495
495
495
494
494
481
481
481
482
482
448
451
451
451
451
465
465
464
464
464
279
279
278
278
285
481
481
481
481
334
448
451
451
451
451
465
465
323
322
322
279
279
278
278
285
285
285
284
284
334
334
334
334
320
320
323
323
323
322
322
279
279
278
278
285
285
285
284
284
334
334
334
334
320
320
323
323
323
322
322
277
277
278
278
285
285
285
284
284
334
334
328
328
320
321
321
323
323
322
322
277
277
276
276
286
286
286
286
286
329
329
328
328
321
321
321
336
336
337
337
277
277
276
276
286
286
286
286
286
329
329
328
328
321
321
321
336
336
337
337
277
277
276
276
286
286
256
256
256
329
329
344
344
345
345
336
336
336
337
337
269
269
269
265
267
267
256
256
256
329
329
344
344
345
345
340
340
340
340
340
269
269
269
265
267
267
256
256
256
261
261
344
344
345
345
340
340
340
340
340
264
264
264
266
266
266
258
260
261
261
261
349
349
349
348
348
348
341
341
341
264
264
264
266
266
266
258
260
260
260
261
349
349
349
348
348
348
341
341
341
264
264
264
266
266
266
258
260
260
260
349
349
349
349
348
348
348
341
341
341
508
508
508
505
505
487
487
486
486
463
463
463
459
459
472
472
470
471
471
471
508
508
508
505
505
505
505
486
486
463
463
463
459
459
472
472
470
471
471
471
490
490
490
505
505
505
505
486
486
462
462
459
459
459
472
472
470
470
471
471
490
490
490
505
505
505
505
486
486
462
462
462
459
459
472
472
470
470
471
471
495
495
495
494
494
480
480
480
499
462
462
462
456
456
456
456
469
470
464
464
495
495
495
494
494
480
480
480
499
499
456
456
456
456
456
465
465
465
464
464
495
495
495
494
494
480
480
480
482
482
456
456
451
451
451
465
465
465
464
464
495
495
495
494
500
481
481
481
482
482
451
451
451
451
451
465
465
465
464
464
279
279
278
278
500
481
481
481
481
334
451
451
451
451
451
465
465
465
322
322
279
279
278
278
285
285
285
284
284
334
334
334
334
320
320
320
323
323
322
322
279
279
278
278
285
285
285
284
284
334
334
334
334
320
320
320
323
323
322
322
277
277
278
278
285
285
285
284
284
334
334
328
328
320
320
320
323
323
322
322
277
277
276
276
286
286
286
287
287
329
329
328
328
321
321
321
336
336
337
337
277
277
276
276
286
286
286
287
287
329
329
328
328
321
321
321
336
336
337
337
277
277
276
276
267
267
256
287
287
329
329
344
344
345
345
336
336
336
337
337
265
265
265
265
267
267
256
256
256
329
329
344
344
345
345
340
340
340
340
340
265
265
265
265
267
267
256
260
256
261
261
344
344
345
345
340
340
340
340
340
264
264
264
266
266
266
260
260
261
261
261
261
349
376
376
383
383
341
341
341
264
264
264
266
266
266
260
260
260
260
261
261
349
349
348
348
383
341
341
341
264
264
264
266
266
266
260
260
260
260
349
349
349
349
348
348
348
341
341
341
508
508
508
505
505
505
505
507
507
463
463
463
459
459
470
470
470
471
471
471
508
508
508
505
505
505
505
486
486
463
463
463
459
459
470
470
470
471
471
471
508
508
508
505
505
505
505
486
486
462
462
462
459
459
469
469
470
471
471
471
508
508
508
505
505
505
505
486
486
462
462
462
459
459
469
469
470
468
468
468
502
502
501
501
501
499
499
499
499
462
462
462
457
457
457
469
469
468
468
468
502
502
501
501
501
499
499
499
499
499
456
456
457
457
457
465
465
465
468
468
502
502
502
500
500
499
499
499
499
499
456
456
457
457
457
465
465
465
467
464
502
502
502
500
500
498
498
498
498
498
451
451
451
457
457
465
465
465
467
467
279
279
279
500
500
498
498
498
498
498
451
451
451
451
451
465
465
465
467
467
279
279
279
279
285
293
293
284
284
335
335
335
334
320
320
320
323
323
322
322
279
279
279
291
293
293
293
284
284
335
335
335
334
320
320
320
323
323
322
322
277
277
291
291
293
293
293
284
284
284
335
328
328
320
320
320
323
323
322
322
277
277
276
276
287
287
287
287
287
329
329
328
328
321
321
321
336
336
337
337
277
277
276
276
287
287
287
287
287
329
329
328
328
321
321
321
336
336
337
337
277
289
276
276
267
267
287
287
287
329
344
344
344
345
345
336
336
336
337
337
265
265
265
265
267
267
256
256
256
261
344
344
344
345
345
336
336
381
381
381
265
265
265
265
267
267
256
256
256
261
261
344
344
345
345
383
383
381
381
381
264
264
264
266
266
266
260
260
261
261
261
261
377
376
376
383
383
381
381
381
264
264
264
266
266
266
260
260
260
260
261
261
377
376
376
383
383
341
341
341
264
264
264
266
266
266
260
260
260
260
261
377
377
376
376
383
383
341
341
341
509
509
509
509
504
504
504
507
507
463
463
463
458
458
458
470
470
471
471
471
509
509
509
509
504
504
506
507
507
463
463
463
458
458
458
470
470
471
471
471
508
508
508
505
504
504
506
507
507
462
462
462
458
458
469
469
469
468
468
468
508
508
508
505
506
506
506
507
507
462
462
462
458
458
469
469
469
468
468
468
502
502
501
501
501
499
499
499
499
462
462
462
457
457
457
469
469
468
468
468
502
502
501
501
501
499
499
499
499
499
456
456
457
457
457
466
466
467
467
467
502
502
502
500
500
499
499
499
499
499
456
456
457
457
457
466
466
467
467
467
502
502
502
500
500
498
498
498
498
498
450
450
450
450
450
466
466
466
467
467
502
502
500
500
500
498
498
498
498
498
450
450
450
450
450
466
466
466
467
467
290
290
291
291
293
293
293
284
284
335
335
335
450
320
320
320
323
323
322
365
290
290
291
291
293
293
293
284
284
335
335
335
354
320
320
320
323
323
322
365
277
277
291
291
293
293
293
284
284
284
335
335
328
320
320
320
323
323
322
365
277
277
291
291
287
287
287
287
287
329
335
335
328
321
321
321
364
364
364
364
277
277
276
276
287
287
287
287
287
329
353
353
353
352
352
352
364
364
364
364
289
289
276
276
267
267
287
287
287
329
353
353
353
352
352
352
364
364
364
364
265
265
265
265
267
267
311
311
311
261
261
353
353
352
352
352
382
381
381
381
265
265
265
265
267
267
311
311
311
261
261
377
377
376
376
383
383
381
381
381
265
265
265
265
266
309
309
309
261
261
261
377
377
376
376
383
383
381
381
381
302
302
302
266
266
309
309
309
308
308
261
377
377
376
376
383
383
380
380
380
302
302
264
266
266
309
309
260
308
308
308
377
377
376
376
383
383
380
380
380
509
509
509
509
504
504
504
507
507
507
463
463
458
458
458
470
470
471
471
471
509
509
509
509
504
504
506
507
507
507
463
463
458
458
458
470
470
471
471
471
508
508
508
511
504
504
506
507
507
462
462
462
458
458
469
469
469
468
468
468
508
508
508
511
506
506
506
497
497
462
462
462
458
458
469
469
469
468
468
468
508
508
501
501
501
506
506
497
497
497
461
461
457
457
457
469
469
468
468
468
502
502
501
501
501
496
496
497
497
497
461
461
457
457
457
466
466
467
467
467
502
502
502
500
500
496
496
496
497
497
461
461
457
457
457
466
466
467
467
467
502
502
502
500
500
498
498
498
498
498
450
450
450
450
450
466
466
466
467
467
502
502
500
500
500
498
498
498
498
498
450
450
450
450
450
466
466
466
467
467
290
290
291
291
293
293
293
319
319
335
335
335
450
450
367
367
367
367
365
365
290
290
291
291
293
293
293
319
319
335
335
335
354
354
367
367
367
367
365
365
290
290
291
291
293
293
318
318
319
319
335
335
354
354
366
366
366
366
365
365
277
277
291
291
292
292
318
318
319
319
335
335
354
354
354
366
364
364
364
364
289
289
276
276
292
292
318
318
319
319
353
353
353
352
352
352
364
364
364
364
289
289
289
276
292
292
318
318
319
319
353
353
353
352
352
352
364
364
364
364
289
289
289
289
267
267
311
311
310
310
310
353
353
352
352
352
382
381
381
381
303
303
303
303
267
267
311
311
310
310
310
377
377
376
376
382
382
381
381
381
303
303
303
303
303
309
309
309
308
308
308
377
377
376
376
383
383
380
380
380
302
302
302
302
302
309
309
308
308
308
308
377
377
376
376
383
383
380
380
380
302
302
302
302
302
309
309
308
308
308
308
377
377
376
376
383
383
380
380
380
509
509
509
509
504
504
504
507
507
507
463
463
458
458
458
470
470
396
396
396
509
509
509
509
504
504
506
507
507
507
463
463
458
458
458
470
470
396
396
396
511
511
511
511
504
504
506
507
507
460
460
460
458
458
469
469
469
396
396
396
511
511
511
511
506
506
506
497
497
460
460
460
458
458
469
469
469
468
468
468
511
511
511
501
501
506
506
497
497
497
461
461
457
457
457
469
469
468
468
468
503
503
503
501
501
496
496
497
497
497
461
461
411
411
411
466
404
406
406
467
503
503
503
500
496
496
496
496
497
497
461
461
411
411
411
466
466
466
467
467
503
503
503
500
496
496
496
496
432
432
450
450
450
408
408
466
466
466
467
467
503
503
446
446
446
496
496
432
432
432
450
450
450
450
367
367
367
367
467
467
503
503
446
446
446
293
293
432
432
432
335
335
450
450
367
367
367
367
365
365
290
290
291
291
293
293
293
319
319
319
335
335
354
354
367
367
367
367
365
365
290
290
291
291
293
293
318
318
319
319
354
354
354
354
366
366
366
366
365
365
290
290
291
291
292
292
318
318
319
319
354
354
354
354
366
366
366
364
365
365
289
289
288
288
292
292
318
318
319
319
353
353
353
352
352
352
364
364
364
364
289
289
288
288
292
292
318
318
319
319
353
353
353
352
352
352
382
382
364
364
289
289
288
288
292
292
311
311
310
310
310
353
353
352
352
382
382
382
381
381
303
303
303
303
303
311
311
311
310
310
310
377
377
376
376
382
382
382
381
381
303
303
303
303
303
309
309
309
308
308
308
377
377
376
376
382
382
380
380
380
302
302
302
302
302
309
309
309
308
308
308
377
377
376
376
383
383
380
380
380
302
302
302
302
302
309
309
309
308
308
308
377
377
376
376
383
383
380
380
380
509
509
509
509
504
504
504
507
507
461
461
461
461
387
387
397
396
396
396
396
509
509
509
509
504
504
506
507
507
461
461
460
460
387
387
397
396
396
396
396
511
511
511
511
504
504
506
507
507
460
460
460
460
384
384
384
396
396
396
396
511
511
511
511
506
506
506
497
497
460
460
460
460
384
384
384
399
399
399
399
511
511
511
501
501
506
506
497
497
497
461
461
411
411
411
384
399
399
399
399
503
503
503
501
501
496
496
497
497
461
461
461
411
411
411
404
404
406
406
406
503
503
503
500
496
496
496
496
497
497
461
461
411
411
411
404
404
466
406
406
503
503
503
500
496
496
496
432
432
432
409
409
408
408
405
405
466
466
466
406
446
446
446
446
446
433
433
432
432
432
409
409
408
408
405
367
367
367
407
407
446
446
446
446
446
433
433
432
432
432
409
409
408
408
367
367
367
367
365
365
290
290
291
291
446
433
433
432
432
432
409
409
354
354
367
367
367
367
365
365
290
290
291
291
292
292
318
318
319
319
354
354
354
354
366
366
366
366
365
365
290
290
291
291
292
292
318
318
319
319
354
354
354
354
366
366
366
366
365
365
289
289
288
288
292
292
318
318
319
319
353
353
353
352
352
361
361
360
360
360
289
289
288
288
292
292
318
318
319
319
353
353
353
352
352
361
382
382
360
360
289
289
288
288
292
311
311
311
310
310
310
353
353
352
352
382
382
382
381
381
303
303
303
300
300
311
311
311
310
310
310
377
377
378
378
382
382
382
381
381
303
303
303
300
300
300
311
311
310
310
308
377
377
378
378
382
382
382
380
380
302
302
302
300
300
309
309
311
308
308
308
379
379
378
378
378
383
380
380
380
302
302
302
300
300
300
309
309
308
308
308
379
379
378
378
378
383
380
380
380
510
510
510
510
504
504
430
430
430
461
461
461
461
387
387
397
397
397
396
396
510
510
510
510
419
504
430
430
430
461
461
460
460
387
387
397
397
397
396
396
510
510
510
510
419
504
430
430
430
460
460
460
460
384
384
384
397
397
396
396
511
511
511
511
506
506
506
428
428
460
460
460
460
384
384
384
399
399
399
399
511
511
511
501
501
506
506
428
428
497
411
411
411
411
411
384
399
399
399
399
503
503
503
501
501
496
496
428
428
497
411
411
411
411
411
404
404
406
406
406
503
503
503
500
500
496
496
428
428
497
411
411
411
411
411
404
404
406
406
406
503
503
503
500
500
496
496
432
432
432
409
409
408
408
405
405
404
407
407
407
446
446
446
446
446
433
433
432
432
432
409
409
408
408
405
405
405
407
407
407
446
446
446
446
446
433
433
432
432
432
409
409
408
408
405
405
405
407
407
407
290
290
288
288
446
433
433
432
432
432
409
409
408
408
405
405
405
365
365
365
290
290
288
288
292
292
318
318
317
317
355
355
354
354
366
366
366
366
365
365
290
290
288
288
292
292
318
318
317
317
355
355
356
356
357
366
366
366
360
360
289
289
288
288
292
292
318
318
355
355
355
355
356
356
357
361
361
360
360
360
289
289
288
288
292
292
318
318
355
355
355
355
357
357
357
361
361
361
360
360
289
289
288
288
292
311
311
311
310
310
310
355
357
357
357
361
361
361
360
360
303
303
303
300
300
311
311
311
310
310
310
379
379
378
378
382
382
382
369
369
303
303
303
300
300
300
311
311
310
310
310
379
379
378
378
382
382
382
369
369
301
301
301
300
300
300
309
309
306
306
306
379
379
378
378
378
368
368
369
369
301
301
302
300
300
300
309
309
306
306
306
379
379
378
378
378
368
368
369
369
510
510
510
419
419
419
430
430
430
430
386
386
386
387
387
397
397
397
397
396
510
510
510
419
419
419
430
430
430
430
386
386
386
387
387
397
397
397
397
396
510
510
510
419
419
416
430
430
430
430
460
460
460
384
384
384
397
397
397
396
445
445
445
418
416
416
416
428
428
429
460
460
460
384
384
384
399
399
399
399
445
445
445
418
416
416
416
428
428
429
429
411
411
384
384
384
399
399
399
399
445
445
445
445
416
416
416
428
428
429
429
410
410
410
410
404
404
406
406
406
445
445
444
444
444
416
416
428
428
429
429
410
410
410
410
404
404
406
406
406
444
444
444
444
444
433
433
434
434
434
409
409
408
408
405
405
404
406
407
407
444
444
444
444
444
433
433
434
434
434
409
409
408
408
405
405
405
407
407
407
447
447
447
447
446
433
433
433
434
434
409
409
408
408
405
405
405
400
407
407
447
447
447
447
446
433
433
433
434
434
409
409
408
408
405
405
405
400
363
363
290
290
288
288
446
433
433
317
317
317
355
355
356
356
400
366
366
366
363
363
290
290
288
288
294
316
316
317
317
317
355
355
356
356
357
366
366
360
360
360
297
297
288
288
294
316
316
317
317
317
355
355
356
356
357
361
361
360
360
360
297
297
297
288
294
316
316
316
316
316
355
355
357
357
357
361
361
361
360
360
297
297
297
298
298
316
316
316
316
316
355
355
357
357
357
361
361
361
360
369
297
297
297
298
298
316
316
316
310
310
379
379
379
378
378
361
361
368
369
369
301
301
297
300
300
304
304
304
310
306
306
379
379
378
378
378
368
368
369
369
301
301
301
300
300
304
304
304
306
306
306
379
379
378
378
378
368
368
369
369
301
301
301
301
300
304
304
306
306
306
306
379
379
378
378
378
368
368
369
369
510
510
510
419
419
419
430
430
430
430
386
386
386
387
387
397
397
397
397
393
510
510
510
419
419
419
430
430
430
430
386
386
386
387
387
397
397
397
397
393
510
510
510
419
419
419
431
430
430
430
386
386
386
384
384
384
397
397
397
393
445
445
418
418
416
416
416
428
428
429
429
385
385
384
384
384
399
399
399
399
445
445
418
418
416
416
416
428
428
429
429
385
385
384
384
384
399
399
399
399
445
445
445
445
416
416
416
428
428
429
429
410
410
410
410
404
404
406
406
406
445
445
444
444
444
416
416
428
428
429
429
410
410
410
410
404
404
406
406
406
444
444
444
444
444
433
433
434
434
434
409
409
408
408
405
404
404
406
407
407
444
444
447
444
444
433
433
434
434
434
409
409
408
408
405
405
405
407
407
407
447
447
447
447
439
439
433
433
434
434
409
409
408
408
405
400
400
400
407
407
447
447
447
447
439
439
433
433
434
434
409
409
408
408
400
400
400
400
363
363
447
447
447
447
439
439
438
317
317
317
355
356
356
356
400
400
362
362
363
363
295
295
295
294
294
315
315
317
317
317
355
356
356
356
357
357
362
360
360
360
295
295
295
294
294
315
315
317
317
317
355
356
356
356
357
357
361
360
360
360
297
297
297
294
294
316
316
316
316
316
355
357
357
357
357
361
361
361
360
360
297
297
297
298
298
316
316
316
316
316
355
357
357
357
357
361
361
361
360
369
297
297
297
298
298
316
316
316
314
314
379
379
379
357
357
361
361
368
369
369
301
301
301
298
298
304
304
304
314
306
306
379
379
372
372
378
368
368
369
369
301
301
301
300
300
304
304
304
306
306
306
379
379
372
372
372
368
368
369
369
301
301
301
300
300
304
304
304
306
306
306
379
379
372
372
372
368
368
369
369
420
420
420
419
419
419
431
431
431
431
386
386
386
387
387
392
392
392
393
393
420
420
420
419
419
419
431
431
431
431
386
386
386
387
387
392
392
392
393
393
420
420
418
418
419
419
431
431
431
431
386
386
386
387
387
398
398
398
398
398
445
445
418
418
416
416
431
431
431
429
429
385
385
385
385
398
398
398
398
398
445
445
418
418
416
416
416
428
428
429
429
385
385
385
385
398
398
398
398
398
445
445
445
445
416
416
416
428
428
429
429
410
410
410
410
404
404
406
406
403
445
445
444
444
444
436
416
428
428
429
429
410
410
410
410
404
404
406
406
403
444
444
444
444
436
436
436
436
434
434
415
415
415
412
412
404
404
407
407
407
440
440
447
447
436
436
436
436
434
434
415
415
415
412
412
405
405
407
407
407
440
440
447
447
439
439
438
438
434
434
435
415
412
412
412
400
400
400
400
407
440
440
447
447
439
439
438
438
434
434
435
435
412
412
412
400
400
400
400
363
440
440
447
447
439
439
438
438
317
317
355
356
356
356
400
400
362
362
363
363
295
295
295
294
294
315
315
317
317
317
355
356
356
356
359
359
362
362
363
363
295
295
295
294
294
315
315
317
317
317
355
356
356
356
359
359
362
362
363
363
297
297
297
294
294
315
315
314
312
312
355
356
356
356
359
359
362
362
371
371
297
297
297
298
298
314
314
314
314
313
313
374
374
374
373
373
361
361
371
371
297
297
297
298
298
314
314
314
314
313
313
374
374
374
373
373
368
368
371
371
301
301
301
298
298
304
304
304
314
306
306
379
379
372
372
372
368
368
369
369
301
301
301
298
298
304
304
304
306
306
306
375
375
372
372
372
368
368
369
369
301
301
301
300
300
304
304
304
306
306
306
375
375
372
372
372
368
368
369
369
420
420
420
419
419
422
431
431
431
431
386
386
386
387
387
392
392
392
393
393
420
420
420
419
419
422
431
431
431
431
386
386
386
387
387
392
392
392
393
393
420
420
418
418
418
418
431
431
431
431
386
386
385
385
387
398
398
398
398
398
421
421
418
418
418
418
431
431
431
431
429
385
385
385
385
398
398
398
398
398
421
421
418
418
417
417
417
425
425
429
429
385
385
385
385
398
398
398
398
398
442
442
443
443
417
417
417
425
429
429
429
410
410
410
410
404
404
403
403
403
442
442
443
443
417
417
417
425
429
429
429
410
410
410
410
404
404
403
403
403
442
442
443
443
436
436
436
436
434
434
415
415
415
412
412
402
402
402
403
403
440
440
440
447
436
436
436
436
434
434
415
415
415
412
412
402
402
402
403
403
440
440
440
447
439
439
438
438
438
435
435
415
412
412
412
400
400
400
400
400
440
440
440
447
439
439
438
438
438
435
435
435
412
412
412
400
400
400
400
363
440
440
295
439
439
439
438
438
435
435
435
356
412
412
412
400
362
362
363
363
295
295
295
294
294
439
315
315
312
312
312
358
358
358
359
359
362
362
363
363
295
296
295
294
294
315
315
315
312
312
312
358
358
358
359
359
362
362
363
363
296
296
296
296
294
315
315
314
312
312
312
358
358
358
359
359
362
371
371
371
296
296
296
298
298
314
314
314
314
313
313
374
374
374
373
373
373
371
371
371
296
296
296
298
298
314
314
314
314
313
313
374
374
374
373
373
368
371
371
371
296
299
299
298
305
305
304
304
307
307
307
375
375
375
372
372
368
370
370
370
299
299
299
299
305
305
304
304
307
307
307
375
375
375
372
372
368
368
370
370
299
299
299
299
305
305
304
304
306
307
307
375
375
375
372
372
368
368
370
370
420
420
420
422
422
422
427
427
426
426
391
391
391
387
387
392
392
392
393
393
420
420
420
422
422
422
427
427
426
426
391
391
391
387
387
392
392
392
393
393
421
421
418
418
418
418
427
427
426
426
391
391
385
385
385
394
394
395
395
395
421
421
418
418
418
418
427
427
426
426
391
391
385
385
385
394
394
395
395
395
421
421
418
418
417
417
417
425
425
425
391
391
385
385
385
394
394
395
395
395
442
442
443
443
417
417
417
425
425
424
424
388
388
388
388
394
394
403
403
403
442
442
443
443
417
417
417
425
425
424
424
415
415
414
414
402
402
403
403
403
442
442
443
443
436
436
436
436
424
424
415
415
415
414
414
402
402
402
403
403
440
440
440
437
436
436
436
436
436
424
415
415
415
412
412
402
402
402
403
403
440
440
440
437
437
437
438
438
438
435
435
413
413
412
412
401
401
401
401
401
440
440
440
439
439
439
438
438
438
435
435
413
413
412
412
401
401
401
401
401
440
440
295
439
439
439
438
438
435
435
435
413
413
412
412
401
362
362
363
363
295
295
295
294
294
439
315
315
312
312
312
358
358
358
359
359
362
362
363
363
295
295
295
294
294
315
315
315
312
312
312
358
358
358
359
359
362
362
363
363
296
296
296
294
294
315
315
314
312
312
312
358
358
358
359
359
359
371
371
371
296
296
296
298
298
314
314
314
313
313
313
374
374
374
373
373
373
371
371
371
296
296
296
298
298
314
314
314
313
313
313
374
374
374
373
373
373
371
371
371
299
299
299
298
305
305
305
305
307
307
307
375
375
375
373
373
370
370
370
370
299
299
299
299
305
305
305
307
307
307
307
375
375
375
372
372
370
370
370
370
299
299
299
299
305
305
305
307
307
307
307
375
375
375
372
372
370
370
370
370
420
420
423
423
422
422
427
427
426
426
391
391
391
389
389
392
392
392
393
393
420
420
423
423
422
422
427
427
426
426
391
391
391
389
389
392
392
392
393
393
421
421
423
423
422
422
427
427
426
426
391
391
389
389
389
394
394
395
395
395
421
421
423
423
422
422
427
427
426
426
391
391
388
388
389
394
394
395
395
395
421
421
423
423
417
417
417
425
425
425
391
391
388
388
388
394
394
395
395
395
442
442
443
443
417
417
425
425
425
424
424
388
388
388
388
394
394
403
403
403
442
442
443
443
417
417
425
425
425
424
424
415
415
414
414
402
402
403
403
403
442
442
443
443
437
437
436
436
424
424
415
415
415
414
414
402
402
402
403
403
440
443
443
437
437
437
436
436
436
424
415
415
415
414
414
402
402
402
403
403
441
441
441
437
437
437
438
438
438
435
435
413
413
413
413
401
401
401
401
401
441
441
441
439
439
439
438
438
438
435
435
413
413
413
413
401
401
401
401
401
441
441
441
439
439
438
438
438
435
435
435
413
413
413
413
401
362
362
362
363
295
295
295
294
294
315
315
315
312
312
312
137
358
358
359
359
362
362
362
363
295
295
295
294
294
315
315
315
312
312
312
358
358
358
359
359
362
362
363
363
296
296
296
294
294
315
315
312
312
312
312
358
358
358
359
359
359
371
371
371
296
296
296
298
305
305
305
314
313
313
313
374
374
374
373
373
373
371
371
371
296
296
296
298
305
305
305
314
313
313
313
374
374
374
373
373
373
371
371
370
299
299
299
298
305
305
305
305
307
307
307
375
375
375
373
373
370
370
370
370
299
299
299
299
305
305
305
307
307
307
375
375
375
375
372
372
370
370
370
370
299
299
299
299
305
305
305
307
307
307
307
375
375
375
372
372
370
370
370
370
420
420
423
423
422
422
427
427
426
426
390
390
390
389
389
392
392
393
393
393
420
420
423
423
422
422
427
427
426
426
390
390
390
389
389
392
392
393
393
393
421
421
423
423
422
422
427
427
426
426
390
390
390
389
389
394
394
395
395
395
421
421
423
423
422
422
427
427
426
426
391
391
390
389
389
394
394
395
395
395
421
421
423
423
417
417
427
425
425
99
391
391
388
388
388
394
394
395
395
395
442
442
443
443
417
417
425
425
425
424
424
388
388
388
388
394
394
52
52
52
442
442
443
443
417
417
425
425
425
424
424
414
414
414
414
402
402
402
58
58
442
442
443
443
437
437
105
105
424
424
424
414
414
414
414
402
402
402
58
58
442
443
443
437
437
437
437
190
424
424
435
414
414
414
414
402
402
402
58
58
441
441
441
437
437
437
437
190
190
190
435
413
413
413
413
401
401
402
401
58
441
441
441
441
188
188
188
190
190
190
435
413
413
413
413
401
401
401
401
401
441
441
441
441
188
188
188
190
190
190
137
413
413
413
413
401
155
155
155
155
182
182
182
182
189
189
189
191
191
191
137
137
358
358
152
359
155
155
155
155
182
182
182
182
189
189
189
191
191
191
312
358
358
358
359
359
155
155
155
155
182
182
182
182
189
189
189
191
191
191
312
358
139
139
146
359
359
147
147
147
182
182
182
182
171
171
162
162
313
313
313
374
374
374
373
373
373
147
147
147
170
170
170
171
171
171
162
162
313
313
313
374
374
374
373
373
373
147
147
147
170
170
170
171
171
171
161
161
161
161
307
134
134
134
134
373
145
145
144
144
170
170
170
171
171
171
161
161
161
161
307
134
134
134
372
145
145
145
144
144
170
170
170
171
171
171
161
161
161
161
307
134
134
134
134
145
145
145
144
144
114
114
423
423
422
422
427
427
426
426
390
390
390
389
389
392
392
393
393
393
421
421
423
423
422
422
427
427
426
426
390
390
390
389
389
392
392
393
393
393
421
421
423
423
422
422
427
99
426
426
390
390
390
389
389
394
394
395
395
395
421
421
423
423
422
422
427
99
99
99
391
391
390
389
389
394
394
55
395
395
421
421
423
423
417
96
96
99
99
99
391
391
388
388
388
394
394
52
52
52
442
442
118
118
105
105
105
425
425
424
424
388
388
388
388
394
394
52
52
52
442
442
118
118
105
105
105
425
425
424
424
414
414
414
414
59
59
59
58
58
442
442
443
118
105
105
105
105
424
424
424
414
414
414
414
59
59
59
58
58
442
443
443
437
437
437
437
190
424
424
435
39
39
414
414
59
59
59
58
58
441
441
441
437
437
437
437
190
190
190
435
39
39
39
413
56
56
56
58
58
441
441
441
441
188
188
188
190
190
190
137
137
137
137
152
152
56
56
56
56
441
441
441
441
188
188
188
190
190
190
137
137
137
137
152
152
155
155
155
155
182
182
182
182
188
188
188
191
191
191
137
137
137
137
152
152
155
155
155
155
182
182
182
182
189
189
189
191
191
191
139
139
139
139
152
152
155
155
155
155
182
182
182
182
189
189
189
191
191
191
139
139
139
139
146
146
146
147
147
147
182
182
182
182
171
162
162
162
313
313
313
139
139
139
146
146
146
147
147
147
170
170
170
171
171
162
162
162
313
313
313
132
132
132
146
146
146
147
147
147
170
170
170
171
171
171
161
161
161
161
133
133
134
134
134
145
145
145
144
144
170
170
170
171
171
171
161
161
161
161
133
133
134
134
134
145
145
145
144
144
170
170
170
171
171
171
161
161
161
161
133
133
134
134
134
145
145
145
144
144
114
114
115
115
96
96
96
98
98
390
390
390
390
389
389
54
54
54
55
55
114
114
114
114
96
96
96
98
98
390
390
390
390
389
389
54
54
54
55
55
114
114
114
114
96
96
96
99
99
99
390
390
41
389
389
54
54
54
55
55
112
112
112
112
96
96
96
99
99
99
99
99
42
42
40
53
55
55
55
55
112
112
112
112
96
96
96
99
99
99
99
99
42
42
40
53
53
52
52
52
118
118
112
112
105
105
105
104
104
104
37
37
388
388
40
53
53
52
52
52
118
118
118
118
105
105
105
104
104
104
37
37
388
38
38
59
59
59
58
58
118
118
118
118
105
105
105
107
107
107
37
39
39
38
38
59
59
59
58
56
118
117
117
117
106
106
106
107
107
107
39
39
39
38
38
59
59
59
56
56
181
117
117
117
106
106
106
107
107
107
39
39
39
39
38
56
56
56
56
56
181
181
180
180
188
188
188
190
190
190
137
137
137
137
152
152
56
56
56
56
181
181
180
180
188
188
188
190
190
190
137
137
137
137
152
152
155
155
154
154
181
181
180
180
188
188
188
191
191
191
137
137
137
137
152
152
155
155
155
154
183
183
183
189
189
189
189
191
191
191
139
139
139
139
152
152
155
155
155
154
183
183
183
189
189
189
189
163
163
163
139
139
139
139
146
146
146
147
147
147
183
183
168
168
168
162
162
162
163
163
163
139
139
139
146
146
146
147
147
147
170
170
168
168
168
162
162
163
163
163
132
132
132
132
146
146
146
146
144
144
170
170
168
168
168
160
160
160
160
133
133
133
134
134
134
145
145
145
144
144
170
170
171
171
160
160
160
161
161
133
133
133
134
134
134
145
145
145
144
144
170
170
171
171
160
160
160
161
161
133
133
133
134
134
134
145
145
145
144
144
114
114
115
115
96
96
96
98
98
42
42
42
41
41
41
54
54
54
55
55
114
114
114
114
96
96
96
98
98
42
42
42
41
41
41
54
54
54
55
55
114
114
114
114
96
96
96
98
98
42
42
42
41
41
41
54
54
54
55
55
112
112
112
112
96
96
96
99
99
99
99
99
42
40
40
53
53
53
55
55
112
112
112
112
96
96
96
99
99
99
99
99
42
40
40
53
53
53
52
52
112
112
112
112
105
105
105
104
104
104
37
37
37
40
40
53
53
53
52
52
118
118
118
118
105
105
105
104
104
104
37
37
37
38
38
38
59
59
58
58
118
118
118
118
105
105
105
107
107
107
39
39
39
38
38
38
59
59
58
58
118
117
117
117
106
106
106
107
107
107
39
39
39
38
38
38
59
59
56
56
181
117
117
117
106
106
106
107
107
107
39
39
39
39
38
56
56
56
56
56
181
181
180
180
180
188
188
190
190
190
136
136
136
136
152
152
56
56
154
154
181
181
180
180
188
188
188
190
190
190
136
136
136
136
152
152
154
154
154
154
181
181
180
180
188
188
188
191
191
191
138
138
137
137
152
152
154
154
154
154
183
183
183
183
189
189
189
191
191
191
138
138
139
139
152
152
154
154
154
154
183
183
183
183
189
189
189
163
163
163
138
138
139
139
146
146
146
146
147
147
183
183
168
168
168
162
162
162
163
163
138
138
139
139
146
146
146
146
147
147
169
169
168
168
168
162
162
162
163
163
132
132
135
135
146
146
146
146
144
144
169
169
168
168
160
160
160
160
160
133
133
133
135
135
135
149
149
149
144
144
169
169
169
169
160
160
160
161
161
133
133
133
135
135
134
145
145
145
144
144
169
169
169
169
160
160
160
161
161
133
133
133
135
135
134
145
145
145
144
144
114
114
115
115
97
97
97
98
98
42
42
42
41
41
41
54
54
54
55
55
114
114
114
114
97
97
97
98
98
42
42
42
41
41
41
54
54
54
55
55
114
114
114
114
97
97
97
98
98
98
42
42
41
41
41
54
54
54
55
55
113
112
112
112
97
97
97
98
98
98
43
43
43
40
40
53
53
53
52
52
112
112
112
112
97
97
97
104
104
104
43
43
43
40
40
53
53
53
52
52
112
112
112
119
119
119
119
104
104
104
43
43
43
40
40
53
53
53
52
52
118
118
118
119
119
119
119
104
104
104
37
37
37
38
38
38
59
59
58
58
118
118
116
116
106
106
106
107
107
107
37
37
37
38
34
38
59
59
58
58
118
117
116
116
106
106
106
107
107
107
39
39
39
38
38
38
59
59
56
56
117
117
116
116
106
106
106
107
107
107
39
39
39
38
38
153
153
59
56
56
181
181
180
180
185
185
185
184
184
184
136
136
136
136
152
153
153
159
154
154
181
181
180
180
185
185
185
184
184
184
136
136
136
136
152
152
154
154
154
154
181
181
180
180
185
185
185
184
184
184
138
138
138
138
152
152
154
154
154
154
183
183
183
183
185
185
185
184
184
184
138
138
138
138
152
151
154
154
154
154
183
183
183
183
189
189
189
163
163
163
138
138
138
138
151
151
151
151
147
147
169
169
168
168
168
162
162
162
163
163
138
138
139
139
151
151
151
151
147
147
169
169
168
168
168
162
162
162
163
163
132
132
135
135
135
151
151
151
150
150
169
169
168
168
168
160
160
160
160
133
132
132
135
135
135
149
149
149
149
150
169
169
169
169
169
160
160
160
160
133
133
133
135
135
135
149
149
149
144
144
169
169
169
169
169
160
160
160
133
133
133
133
135
135
135
149
149
149
144
144
115
115
115
115
97
97
97
98
98
42
42
42
41
41
41
51
51
51
55
55
115
115
115
115
97
97
97
98
98
42
42
41
41
41
41
54
54
51
55
55
113
113
115
115
97
97
97
98
98
98
42
41
41
41
41
54
54
54
55
55
113
113
113
113
97
97
97
98
98
98
43
43
43
40
40
53
53
53
52
52
113
113
113
113
97
97
97
104
104
104
43
43
43
40
40
53
53
53
52
52
119
119
119
119
119
119
119
104
104
104
43
43
43
40
40
53
53
53
52
52
119
119
119
119
119
119
119
104
104
104
37
37
37
40
40
40
57
57
58
58
118
117
116
116
106
106
106
107
107
107
37
37
37
38
34
57
57
57
58
58
117
117
116
116
106
106
106
109
109
109
37
37
37
38
38
57
57
57
58
58
117
117
116
116
106
106
106
109
109
109
37
37
136
38
38
57
57
57
159
159
181
181
180
180
185
185
185
184
184
184
136
136
136
136
153
153
153
159
159
159
181
181
180
180
185
185
185
184
184
184
136
136
136
136
153
153
153
159
159
159
181
181
180
180
185
185
185
184
184
184
138
138
138
142
153
153
153
159
159
159
183
183
183
178
185
185
185
184
184
163
138
138
138
142
153
157
157
156
156
156
183
183
183
178
178
178
163
163
163
163
138
138
141
141
141
157
157
156
156
156
174
174
168
168
168
162
162
163
163
163
138
138
141
141
141
151
151
151
150
150
174
174
168
168
168
165
165
165
165
163
132
132
141
135
135
151
151
151
150
150
174
174
174
173
173
165
165
165
165
132
132
132
135
135
135
149
149
149
150
150
174
174
169
173
173
165
165
165
165
132
132
132
135
135
135
149
149
149
149
149
175
175
169
173
173
165
165
165
165
129
129
129
135
135
135
149
149
149
149
149
115
115
115
115
102
102
102
101
101
101
44
44
44
45
45
51
51
51
50
50
115
115
115
115
102
102
102
101
101
101
44
44
44
45
45
51
51
51
50
50
113
113
113
115
102
102
102
100
100
100
44
44
44
45
45
48
48
51
50
50
113
113
113
103
103
103
103
100
100
100
43
43
43
40
40
48
48
49
49
49
113
113
113
103
103
103
103
103
100
100
43
43
43
40
40
48
48
49
49
49
119
119
119
119
119
103
103
111
111
111
43
43
43
40
40
48
48
49
49
52
119
119
119
119
119
108
108
111
111
111
36
36
36
34
34
57
57
57
63
63
117
117
116
116
116
109
109
109
111
111
36
36
36
34
34
57
57
57
63
63
117
117
116
116
116
109
109
109
109
109
37
37
36
34
34
57
57
57
63
63
117
117
116
116
116
116
109
109
109
109
37
37
136
34
34
57
57
57
159
159
181
181
180
180
185
185
185
184
184
184
143
143
136
136
153
153
153
159
159
159
181
181
180
180
185
185
185
184
184
184
143
143
136
136
153
153
153
159
159
159
181
181
180
180
178
185
185
184
184
184
143
143
142
142
153
153
153
159
159
159
177
177
177
178
178
178
187
187
187
187
140
140
142
142
142
157
157
156
156
156
177
177
177
178
178
178
187
187
187
187
140
140
141
141
141
157
157
156
156
156
174
174
172
172
172
162
187
187
187
140
140
140
141
141
141
151
151
151
150
150
174
174
172
172
165
165
165
165
165
132
132
132
131
131
130
151
151
151
150
150
174
174
172
172
173
165
165
165
165
132
132
132
131
131
130
130
149
149
150
150
174
174
173
173
173
165
165
165
165
132
132
132
131
131
130
130
149
149
148
148
175
175
173
173
173
165
165
165
129
129
129
129
131
131
130
130
149
149
148
148
123
123
115
115
102
102
102
101
101
101
44
44
44
45
45
51
51
51
50
50
123
123
115
115
102
102
102
101
101
101
44
44
44
45
45
51
51
51
50
50
113
113
113
115
102
102
102
100
100
100
44
44
44
45
45
48
48
51
50
50
113
113
113
103
103
103
103
100
100
100
46
46
46
47
47
48
48
49
49
49
121
121
121
121
121
103
103
103
100
100
43
43
43
47
47
48
48
49
49
49
121
121
121
121
121
108
108
111
111
111
111
43
43
47
47
48
48
49
49
49
121
121
121
121
121
108
108
111
111
111
36
36
36
34
34
60
60
60
63
63
117
117
116
116
116
109
109
109
111
111
36
36
36
34
34
57
57
60
63
63
117
117
116
116
116
109
109
109
109
109
36
36
36
34
34
57
57
57
63
63
117
117
116
116
116
116
109
109
109
109
36
36
36
34
34
57
57
57
63
63
176
176
176
179
179
179
186
186
186
186
143
143
143
143
153
153
153
159
63
63
176
176
176
179
179
178
186
186
186
186
143
143
143
143
153
153
153
159
159
159
176
176
176
179
178
178
186
186
186
186
143
143
142
142
142
153
153
159
159
159
177
177
177
178
178
178
187
187
187
187
140
140
142
142
142
157
157
156
156
156
177
177
177
178
178
178
187
187
187
187
140
140
141
141
141
157
157
156
156
156
174
174
172
172
172
162
164
164
164
128
128
128
141
141
141
151
151
151
156
156
174
174
172
172
172
164
164
164
164
128
128
128
131
131
130
151
151
151
150
150
174
174
172
172
173
167
167
167
167
129
129
129
131
131
130
130
151
150
150
150
175
175
173
173
173
167
167
167
167
129
129
129
131
131
130
130
148
148
148
148
175
175
173
173
173
167
167
167
129
129
129
129
131
131
130
130
148
148
148
148
123
123
123
122
122
102
102
101
101
101
44
44
44
45
45
51
51
51
50
50
123
123
123
122
122
102
102
101
101
101
44
44
44
45
45
51
51
51
50
50
113
113
113
122
122
102
102
100
100
100
46
46
46
45
45
48
48
51
50
50
113
113
113
122
122
103
103
103
100
100
46
46
46
47
47
48
48
49
49
49
121
121
121
121
121
103
103
103
100
100
46
46
46
47
47
48
48
49
49
49
121
121
121
121
121
108
108
108
111
111
111
46
46
47
47
60
60
49
49
49
121
121
121
121
121
108
108
108
111
111
36
36
36
34
34
60
60
60
63
63
126
126
125
125
125
108
108
108
111
111
36
36
36
34
34
60
60
60
63
63
126
126
125
125
125
125
110
110
110
110
36
36
36
34
61
61
61
61
63
63
126
176
176
125
125
125
110
110
110
110
36
36
36
34
34
61
61
61
63
63
176
176
176
179
179
179
186
186
186
186
143
143
143
143
34
158
158
158
158
63
176
176
176
179
179
179
186
186
186
186
143
143
143
143
142
158
158
158
158
158
176
176
176
179
178
178
186
186
186
140
140
140
142
142
142
142
158
158
158
158
177
177
177
177
178
178
187
187
187
140
140
140
142
142
142
142
158
158
158
156
177
177
177
177
178
178
187
187
187
140
140
140
141
141
141
157
157
156
156
156
174
174
172
172
172
164
164
164
164
128
128
128
141
141
141
157
157
157
156
156
174
174
172
172
172
164
164
164
164
128
128
128
131
131
130
157
157
150
150
150
174
174
172
172
172
167
167
166
166
129
129
129
131
131
130
157
157
150
150
150
175
175
175
173
173
167
167
166
166
129
129
129
131
131
130
130
148
148
148
148
175
175
175
173
173
167
167
166
166
129
129
129
131
131
130
130
148
148
148
148
123
123
123
122
122
102
102
101
101
101
44
44
44
45
45
51
51
51
50
50
123
123
123
122
122
102
102
101
101
101
44
44
44
45
45
51
51
51
50
50
123
120
120
122
122
102
102
100
100
100
46
46
46
45
45
48
48
51
50
50
120
120
120
122
122
103
103
103
100
100
46
46
46
47
47
47
48
49
49
49
120
120
120
124
124
103
103
103
100
100
46
46
46
47
47
47
48
49
49
49
120
127
127
124
124
108
108
108
111
111
111
32
32
35
35
60
60
62
62
62
127
127
127
124
124
108
108
108
111
111
32
32
32
35
35
60
60
62
62
62
126
126
125
125
125
108
108
108
111
111
32
32
33
34
34
60
60
62
62
62
126
126
125
125
125
125
110
110
110
110
33
33
33
34
34
61
61
61
63
63
126
126
176
125
125
125
110
110
110
110
33
33
33
33
34
61
61
61
63
63
176
176
176
179
179
179
186
186
186
186
143
143
143
143
34
158
158
158
158
63
176
176
176
179
179
179
186
186
219
186
143
143
143
143
142
158
158
158
158
158
176
176
176
179
178
178
186
186
219
140
140
140
142
142
142
142
158
158
158
158
177
177
177
177
178
178
187
187
187
140
140
140
142
142
142
142
158
158
158
156
177
177
177
177
212
178
187
187
187
140
140
140
141
141
141
157
157
156
156
156
177
177
172
172
172
164
164
164
216
128
128
128
141
141
141
157
157
157
156
156
174
174
172
172
172
164
164
164
216
128
128
128
131
130
130
157
157
150
150
150
175
175
175
172
172
167
167
166
166
166
129
129
131
130
130
157
157
150
150
150
175
175
175
173
173
167
167
166
166
166
129
129
131
130
226
130
130
148
148
148
175
175
175
173
173
167
167
166
166
166
129
129
131
130
130
130
148
148
148
148
123
123
123
122
122
83
83
83
101
101
26
26
27
45
45
21
21
22
50
50
123
123
123
122
122
83
83
83
101
101
26
26
27
45
45
48
48
22
50
50
123
120
120
122
122
122
83
83
100
100
46
46
46
45
45
48
48
22
50
50
120
120
120
122
122
81
81
81
80
80
46
46
46
47
47
47
48
23
23
23
120
120
120
124
124
81
81
81
80
80
46
46
46
47
47
47
48
23
23
23
127
127
127
124
124
108
108
108
32
32
32
32
32
35
35
60
60
62
62
62
127
127
127
124
124
108
108
108
32
32
32
32
32
35
35
60
60
62
62
62
127
127
127
124
124
108
108
110
110
32
32
32
32
35
35
60
60
62
62
62
126
126
210
125
125
125
110
110
110
33
33
33
33
35
35
61
61
61
61
9
126
126
210
125
125
125
110
110
110
33
33
33
33
35
35
61
61
61
61
9
126
210
210
179
179
179
219
219
219
219
219
239
239
238
238
232
232
232
61
235
210
210
210
179
179
179
219
219
219
219
219
239
239
238
238
232
232
232
235
235
210
210
210
179
179
220
220
219
219
219
140
236
236
238
238
232
232
232
235
235
213
213
212
212
212
220
220
220
219
140
140
236
236
236
236
232
232
232
235
235
213
213
212
212
212
220
220
220
216
216
128
128
236
236
236
232
232
232
235
235
213
213
212
212
212
164
164
164
216
128
128
128
236
236
236
157
228
228
228
228
215
215
215
214
214
164
164
164
216
128
128
128
236
236
227
227
228
228
228
228
175
175
175
214
214
167
167
166
166
166
225
225
236
236
227
227
228
228
228
228
175
175
175
173
173
167
167
166
166
166
225
131
131
130
226
226
228
228
228
228
175
175
175
173
173
167
167
166
166
166
225
131
131
130
226
226
148
148
148
148
123
123
123
90
90
83
83
83
101
101
26
26
27
27
21
21
21
22
22
22
123
123
123
122
122
83
83
83
101
101
26
26
27
27
21
21
21
22
22
22
91
120
120
122
122
83
83
83
80
80
25
25
25
27
20
20
20
22
22
22
120
120
120
122
122
81
81
80
80
80
25
25
25
47
47
47
20
23
23
23
120
120
120
124
124
81
81
81
80
80
24
24
24
47
47
47
20
23
23
23
127
127
127
124
124
81
81
81
80
32
32
32
32
35
35
60
60
23
23
23
127
127
127
124
124
66
66
66
65
32
32
32
32
35
35
60
60
62
62
62
127
127
127
124
124
66
66
66
65
65
32
32
32
35
35
60
60
62
62
62
126
126
210
125
125
125
110
110
65
65
33
33
33
35
35
61
61
61
61
9
126
126
210
125
125
125
110
110
65
65
33
33
33
35
35
61
61
61
61
9
126
210
210
208
208
218
218
219
219
219
219
239
239
238
238
232
232
232
61
235
210
210
210
179
179
218
218
219
219
219
219
239
239
238
238
232
232
232
235
235
210
210
210
179
179
220
220
220
217
217
217
236
236
238
238
232
232
232
235
235
213
213
212
212
212
220
220
220
217
217
217
236
236
236
236
232
232
232
235
235
213
213
212
212
212
220
220
220
216
216
128
128
236
236
236
232
232
232
235
235
213
213
212
212
212
164
164
164
216
216
128
128
236
236
236
157
228
228
228
228
215
215
215
214
214
204
164
164
216
216
128
128
236
236
227
227
228
228
228
228
215
215
214
214
214
204
167
166
166
216
225
225
224
224
227
227
228
228
228
228
215
215
214
214
214
204
204
166
166
166
225
225
224
224
226
226
228
228
228
228
215
215
214
214
214
204
204
166
166
166
225
225
224
224
226
226
226
226
231
231
91
91
91
90
90
83
83
83
82
26
26
26
27
27
21
21
21
22
22
22
91
91
91
90
90
83
83
83
82
82
26
26
27
27
21
21
21
22
22
22
91
91
91
90
90
83
83
82
82
82
25
25
25
27
20
20
20
22
22
22
91
120
120
120
120
81
81
81
80
80
25
25
25
25
20
20
20
23
23
23
120
120
120
124
124
81
81
81
80
80
24
24
24
24
20
20
20
23
23
23
127
127
127
124
124
81
81
81
80
80
24
24
24
24
20
20
20
23
23
23
127
127
127
124
124
66
66
66
65
65
65
24
24
24
15
15
15
15
62
62
127
127
127
124
124
66
66
66
65
65
65
33
33
35
35
15
15
15
62
62
126
126
210
210
66
66
110
110
65
65
65
33
33
35
35
8
8
8
9
9
126
126
210
210
66
66
110
110
65
65
65
33
33
35
35
8
8
8
9
9
126
210
210
208
208
218
218
218
218
219
219
239
239
238
238
8
8
8
61
235
210
210
210
208
208
218
218
218
218
219
219
239
239
238
238
233
233
233
235
235
210
210
210
208
208
220
220
220
217
217
217
239
239
238
238
233
233
233
235
235
213
213
212
212
212
220
220
220
217
217
217
239
237
237
237
233
233
233
235
235
213
213
212
212
212
220
220
220
216
216
216
237
237
237
237
233
233
233
235
235
213
213
212
212
212
221
221
221
216
216
216
237
237
237
237
229
229
229
229
231
215
215
215
214
214
221
221
205
205
205
225
225
224
224
227
227
229
229
229
231
215
215
214
214
214
204
204
205
205
205
225
225
224
224
227
227
229
229
231
231
215
215
214
214
214
204
204
205
205
205
225
225
224
224
226
226
226
226
231
231
215
215
214
214
204
204
204
204
205
205
225
225
224
224
226
226
226
226
231
231
91
91
91
90
90
90
83
83
82
82
26
26
27
27
21
21
21
22
22
22
91
91
90
90
90
83
83
83
82
82
26
26
27
27
21
21
21
22
22
22
91
91
88
89
89
83
83
82
82
82
25
25
25
27
20
20
20
22
22
22
88
88
88
89
89
81
81
81
80
80
25
25
25
25
20
20
20
22
23
23
88
88
88
89
89
81
81
81
80
80
24
24
24
24
20
20
20
23
23
23
72
72
72
89
89
81
81
81
80
80
24
24
24
24
20
20
20
23
23
23
72
72
72
89
89
66
66
66
65
65
65
24
24
24
15
15
15
15
62
62
72
72
73
74
74
66
66
66
65
65
65
33
3
3
3
15
15
15
62
62
126
126
73
75
75
66
66
66
65
65
65
33
3
3
3
8
8
8
9
9
126
126
73
75
75
66
66
66
65
65
65
33
3
3
3
8
8
8
9
9
211
211
208
208
208
218
218
218
218
219
219
239
239
238
238
8
8
8
9
9
211
211
208
208
208
218
218
218
218
219
219
239
239
238
238
233
233
233
235
235
211
211
208
208
208
220
220
218
217
217
217
239
239
238
238
233
233
233
233
235
213
213
208
208
208
220
220
217
217
217
217
239
237
237
237
233
233
233
233
235
213
213
213
212
212
221
221
221
216
216
216
237
237
237
237
233
233
233
233
235
213
213
213
212
212
221
221
221
216
216
216
237
237
237
227
229
229
229
229
231
215
215
215
214
214
221
221
205
205
205
225
225
224
224
227
227
229
229
231
231
215
215
214
214
214
204
204
205
205
205
225
225
224
224
227
227
229
229
231
231
215
215
214
200
200
204
204
205
205
205
225
225
224
224
226
226
226
231
231
231
215
215
214
200
200
204
204
204
205
205
225
225
224
224
226
226
226
231
231
231
91
91
90
90
90
86
86
86
82
82
26
26
27
27
21
21
21
19
19
19
91
91
90
90
90
86
86
86
82
82
26
26
27
27
21
21
21
19
19
19
91
91
88
89
89
85
85
85
82
82
25
25
25
27
27
18
18
18
19
19
88
88
88
89
89
85
85
85
80
80
25
25
25
27
20
18
18
18
18
19
88
88
88
89
89
89
67
67
80
80
1
1
24
24
20
18
18
18
18
14
72
72
72
72
74
74
67
67
67
1
1
1
24
24
20
15
15
14
14
14
72
72
72
72
74
74
67
67
67
1
1
1
24
24
15
15
15
14
14
14
73
73
73
74
74
74
67
67
67
64
64
64
3
3
3
15
15
14
14
14
73
73
73
75
75
66
66
68
68
64
64
64
3
3
3
8
8
9
9
9
73
73
73
75
75
66
66
68
68
64
64
64
3
3
3
8
8
9
9
9
211
211
208
208
208
218
218
218
218
64
64
239
239
3
3
8
8
9
9
9
211
211
208
208
208
218
218
218
218
217
217
239
239
238
238
238
234
234
234
234
211
211
208
208
208
220
220
218
217
217
217
239
239
238
238
238
234
234
234
234
211
211
208
208
208
221
221
217
217
217
217
239
237
237
237
233
234
234
234
234
213
213
213
209
209
221
221
221
216
216
216
237
237
237
237
233
234
234
234
234
213
213
213
209
209
221
221
221
216
216
216
250
250
227
227
227
229
229
229
231
203
203
200
200
200
221
221
221
205
205
250
250
224
224
227
227
229
229
231
231
203
203
203
200
200
204
204
204
205
205
225
225
224
224
227
227
229
229
231
231
203
203
203
200
200
204
204
204
205
205
225
225
224
224
226
226
226
231
231
231
203
203
203
200
200
204
204
204
205
205
225
225
224
224
226
226
226
231
231
231
91
91
90
90
90
86
86
86
82
82
26
26
27
27
21
21
21
19
19
19
91
91
90
90
90
86
86
86
82
82
26
26
27
27
21
21
21
19
19
19
91
91
88
89
89
85
85
85
82
82
26
25
25
27
27
18
18
18
19
19
88
88
88
89
89
85
85
85
80
80
25
25
25
27
27
18
18
18
18
19
88
88
88
89
89
85
85
85
80
80
1
1
25
0
0
18
18
18
18
14
72
72
72
72
74
74
67
67
67
1
1
1
0
0
0
15
15
14
14
14
72
72
72
72
74
74
67
67
67
1
1
1
0
0
0
15
15
14
14
14
73
73
73
74
74
74
67
67
67
71
64
64
3
3
3
15
15
14
14
14
73
73
73
75
75
75
68
68
68
64
64
64
3
3
3
8
8
9
9
9
73
73
73
75
75
75
68
68
68
68
64
64
3
3
3
8
8
9
9
9
211
211
211
75
75
75
68
68
68
68
64
239
239
3
3
8
8
9
9
9
211
211
211
209
209
222
222
222
222
217
217
241
241
242
242
242
234
234
234
234
211
211
211
209
209
222
222
222
222
217
217
241
241
242
242
242
234
234
234
234
195
195
195
209
209
221
221
223
223
223
241
241
241
237
237
233
234
234
234
234
195
195
195
209
209
221
221
223
223
223
241
241
241
237
237
233
234
234
234
234
195
195
195
209
209
221
221
223
223
250
250
250
250
227
227
227
229
229
229
229
203
203
200
200
200
221
221
206
206
250
250
250
250
227
227
227
230
230
230
230
203
203
203
200
200
200
206
206
206
250
251
251
251
227
227
253
230
230
230
230
203
203
203
200
200
200
206
206
206
250
251
251
251
253
253
253
230
230
230
230
203
203
203
200
200
200
206
206
206
206
251
251
251
253
253
253
230
230
230
230
92
92
92
90
90
86
86
86
82
82
26
26
28
28
28
28
17
19
19
19
92
92
92
90
90
86
86
86
82
82
26
26
28
28
28
28
17
19
19
19
92
92
92
89
89
85
85
86
82
82
30
30
28
28
28
28
18
18
19
19
88
88
88
89
89
85
85
84
84
84
30
30
28
28
28
28
18
18
18
19
88
88
88
89
89
85
85
84
84
84
1
1
0
0
0
0
18
18
18
14
72
72
72
72
74
74
67
67
67
1
1
1
0
0
0
0
15
14
14
14
72
72
72
72
74
74
67
67
67
1
1
1
0
0
0
0
15
14
14
14
73
73
73
74
74
74
67
67
67
71
64
64
2
2
2
2
15
14
14
14
73
73
73
75
75
75
68
68
68
71
64
64
2
2
2
2
10
10
10
10
73
73
73
75
75
75
68
68
68
68
64
64
2
2
2
2
10
10
10
10
211
211
211
75
75
75
68
68
68
68
64
2
2
2
2
10
10
10
10
10
211
211
211
209
209
222
222
222
222
222
222
241
241
242
242
242
242
10
10
10
211
211
211
209
209
222
222
222
222
222
241
241
241
242
242
242
242
245
245
245
195
195
195
209
209
223
223
223
223
223
241
241
241
242
242
246
246
245
245
245
195
195
195
209
209
223
223
223
223
223
241
241
241
242
242
246
246
245
245
245
195
195
195
199
199
199
199
223
223
250
250
250
250
252
252
246
246
229
229
229
195
195
195
199
199
199
199
199
199
250
250
250
250
252
252
252
230
230
230
230
203
203
203
200
200
200
206
206
206
250
251
251
251
252
252
253
230
230
230
230
203
203
203
201
200
200
206
206
206
250
251
251
251
253
253
253
230
230
230
230
203
203
203
201
201
201
206
206
206
206
251
251
251
253
253
253
230
230
230
230
92
92
92
92
86
86
86
86
87
87
31
31
28
28
28
28
17
17
19
19
92
92
92
92
86
86
86
86
87
87
31
31
28
28
28
28
17
17
19
19
92
92
92
92
89
85
85
86
87
30
30
30
28
28
28
28
17
17
16
16
92
92
88
95
95
85
85
84
84
30
30
30
28
28
28
28
17
17
16
16
92
92
88
95
95
85
85
84
84
84
1
1
0
0
0
0
12
12
12
12
92
92
88
76
74
74
67
84
84
1
1
1
0
0
0
0
12
12
12
12
78
78
78
76
74
74
71
71
71
1
1
1
0
0
0
0
13
13
13
13
78
78
79
79
74
74
71
71
71
71
64
64
2
2
2
2
13
13
13
13
79
79
79
79
74
74
71
71
71
71
64
64
2
2
2
2
10
10
10
10
79
79
79
75
75
75
69
69
68
68
64
64
2
2
2
2
10
10
10
10
79
79
79
75
75
75
69
69
68
68
68
2
2
2
2
10
10
10
10
10
192
192
192
209
209
222
222
222
222
222
222
241
241
242
242
242
242
245
245
10
192
192
192
209
209
222
222
222
222
222
241
241
241
242
242
242
242
245
245
245
192
195
195
209
209
223
223
223
223
223
241
241
241
242
242
246
246
245
245
245
195
195
195
209
209
223
223
223
223
223
241
241
241
242
242
246
246
245
245
245
195
195
195
199
199
199
199
199
199
250
250
248
248
252
252
246
246
247
247
247
195
195
195
199
199
199
199
199
199
250
250
248
248
252
252
254
254
247
247
247
203
194
194
201
201
201
206
206
206
250
251
251
251
252
252
254
254
254
255
255
202
202
202
201
201
201
206
206
206
250
251
251
251
253
253
254
254
254
255
255
202
202
202
201
201
201
206
206
206
206
251
251
251
253
253
254
254
254
255
255
93
93
93
94
94
94
86
87
87
87
31
31
31
31
29
29
17
17
16
16
93
93
93
94
94
94
86
87
87
87
31
31
31
31
29
29
17
17
16
16
93
93
94
94
94
94
85
87
87
30
30
30
30
29
29
29
17
17
16
16
92
92
95
95
95
85
85
84
84
30
30
30
30
29
29
29
17
17
16
16
92
92
95
95
95
85
85
84
84
84
6
6
6
6
7
7
12
12
12
12
78
78
88
76
76
76
67
84
84
84
6
6
6
7
7
7
12
12
12
12
78
78
78
76
76
76
71
71
71
71
6
6
6
7
7
7
13
13
13
13
78
78
78
76
76
76
71
71
71
71
5
5
5
7
7
7
13
13
13
13
79
79
77
77
77
76
71
71
71
71
5
5
5
4
4
4
11
11
11
11
79
79
77
77
77
77
69
69
69
69
5
5
5
4
4
4
11
11
11
11
79
79
77
77
77
77
69
69
69
69
5
5
4
4
4
4
244
11
11
11
192
192
192
192
196
196
196
196
197
197
240
240
240
243
243
243
244
244
244
244
192
192
192
192
196
196
196
196
197
197
240
240
240
243
243
243
244
244
244
244
193
193
193
193
196
196
198
197
197
197
248
240
240
243
243
246
246
245
245
245
193
193
193
193
198
198
198
197
197
197
248
248
248
243
243
246
246
245
245
245
194
194
193
193
199
199
199
199
198
248
248
248
248
252
252
246
246
247
247
247
194
194
194
194
199
199
199
199
198
248
248
248
248
252
252
254
254
247
247
247
194
194
194
194
201
201
207
207
207
249
249
251
251
252
252
254
254
254
255
255
202
202
202
202
201
201
207
207
207
249
249
251
251
253
253
254
254
255
255
255
202
202
202
202
201
201
207
207
207
249
249
249
249
253
253
254
254
255
255
255
93
93
93
94
94
94
87
87
87
87
31
31
31
31
29
29
17
17
16
16
93
93
93
94
94
94
87
87
87
87
31
31
31
31
29
29
17
17
16
16
93
93
94
94
94
94
95
87
87
30
30
30
30
29
29
29
17
17
16
16
93
93
95
95
95
95
95
84
84
30
30
30
30
29
29
29
17
17
16
16
93
93
95
95
95
95
95
84
84
84
6
6
6
6
7
7
12
12
12
12
78
78
78
76
76
76
70
70
70
70
6
6
6
7
7
7
12
12
12
12
78
78
78
76
76
76
70
70
70
70
6
6
6
7
7
7
13
13
13
13
78
78
78
76
76
76
70
70
70
70
5
5
5
7
7
7
13
13
13
13
79
79
77
77
77
76
71
71
70
70
5
5
5
4
4
4
11
11
11
11
79
79
77
77
77
77
69
69
69
69
5
5
5
4
4
4
11
11
11
11
79
79
77
77
77
77
69
69
69
69
5
5
4
4
4
4
244
11
11
11
192
192
192
192
196
196
196
196
197
197
240
240
240
243
243
243
244
244
244
244
192
192
192
192
196
196
196
196
197
197
240
240
240
243
243
243
244
244
244
244
193
193
193
193
196
196
196
197
197
197
240
240
240
243
243
246
246
244
244
245
193
193
193
193
198
198
198
197
197
197
240
240
240
243
243
246
246
247
247
245
194
194
193
193
198
198
198
198
198
248
248
248
248
252
252
246
246
247
247
247
194
194
194
194
198
207
207
198
198
248
248
248
248
252
252
247
247
247
247
247
194
194
194
194
201
201
207
207
207
249
249
249
249
252
252
254
254
255
255
255
202
202
202
202
201
201
207
207
207
249
249
249
249
253
253
254
254
255
255
255
202
202
202
202
201
201
207
207
207
249
249
249
249
253
253
254
254
255
255
255
93
93
93
94
94
94
87
87
87
87
31
31
31
31
29
29
16
16
16
16
93
93
93
94
94
94
87
87
87
87
31
31
31
31
29
29
17
17
16
16
93
93
94
94
94
94
95
84
84
30
30
31
31
29
29
29
17
17
16
16
93
93
95
95
95
95
95
84
84
30
30
30
30
29
29
29
17
17
16
16
93
93
95
95
95
95
95
84
84
70
6
6
6
6
7
7
12
12
12
12
78
78
78
76
76
76
70
70
70
70
6
6
6
6
7
7
12
12
12
12
78
78
78
76
76
76
70
70
70
70
6
6
6
7
7
7
13
13
13
13
78
78
78
76
76
76
70
70
70
70
70
5
5
7
7
7
13
13
13
13
79
79
77
77
77
76
71
71
70
70
5
5
5
4
4
4
11
11
11
11
79
79
77
77
77
69
69
69
69
69
5
5
5
4
4
4
11
11
11
11
79
79
77
77
77
69
69
69
69
69
5
5
4
4
4
4
244
11
11
244
192
192
192
192
196
196
196
196
197
197
240
240
240
243
243
243
244
244
244
244
192
192
192
192
196
196
196
196
197
197
240
240
240
243
243
243
244
244
244
244
193
193
193
193
196
196
196
197
197
197
240
240
240
243
243
246
246
244
244
245
193
193
193
193
198
198
198
197
197
197
240
240
240
243
243
246
246
247
247
245
194
194
193
193
198
198
198
198
198
248
248
248
248
252
252
246
246
247
247
247
194
194
194
194
198
198
198
198
198
248
248
248
248
252
252
247
247
247
247
247
194
194
194
194
201
207
207
207
207
249
249
249
249
252
252
254
254
255
255
255
202
202
202
202
201
201
207
207
207
249
249
249
249
253
253
254
254
255
255
255
202
202
202
202
201
201
207
207
207
249
249
249
249
253
253
254
254
255
255
255
