      21
      42
      63
      84
     105
     126
     147
     168
     189
     210
     231
     252
     273
     294
     315
     336
     357
     378
     399
     420
     441
     462
     483
     504
     525
     546
     567
     588
     609
     630
     651
     672
     693
     714
     735
     756
     777
     798
     819
     840
     861
     882
     903
     924
     945
     966
     987
    1008
    1029
    1050
    1071
    1092
    1113
    1134
    1155
    1176
    1197
    1218
    1239
    1260
    1281
    1302
    1323
    1344
    1365
    1386
    1407
    1428
    1449
    1470
    1491
    1512
    1533
    1554
    1575
    1596
    1617
    1638
    1659
    1680
    1701
    1722
    1743
    1764
    1785
    1806
    1827
    1848
    1869
    1890
    1911
    1932
    1953
    1974
    1995
    2016
    2037
    2058
    2079
    2100
    2121
    2142
    2163
    2184
    2205
    2226
    2247
    2268
    2289
    2310
    2331
    2352
    2373
    2394
    2415
    2436
    2457
    2478
    2499
    2520
    2541
    2562
    2583
    2604
    2625
    2646
    2667
    2688
    2709
    2730
    2751
    2772
    2793
    2814
    2835
    2856
    2877
    2898
    2919
    2940
    2961
    2982
    3003
    3024
    3045
    3066
    3087
    3108
    3129
    3150
    3171
    3192
    3213
    3234
    3255
    3276
    3297
    3318
    3339
    3360
    3381
    3402
    3423
    3444
    3465
    3486
    3507
    3528
    3549
    3570
    3591
    3612
    3633
    3654
    3675
    3696
    3717
    3738
    3759
    3780
    3801
    3822
    3843
    3864
    3885
    3906
    3927
    3948
    3969
    3990
    4011
    4032
    4053
    4074
    4095
    4116
    4137
    4158
    4179
    4200
    4221
    4242
    4263
    4284
    4305
    4326
    4347
    4368
    4389
    4410
    4431
    4452
    4473
    4494
    4515
    4536
    4557
    4578
    4599
    4620
    4641
    4662
    4683
    4704
    4725
    4746
    4767
    4788
    4809
    4830
    4851
    4872
    4893
    4914
    4935
    4956
    4977
    4998
    5019
    5040
    5061
    5082
    5103
    5124
    5145
    5166
    5187
    5208
    5229
    5250
    5271
    5292
    5313
    5334
    5355
    5376
    5397
    5418
    5439
    5460
    5481
    5502
    5523
    5544
    5565
    5586
    5607
    5628
    5649
    5670
    5691
    5712
    5733
    5754
    5775
    5796
    5817
    5838
    5859
    5880
    5901
    5922
    5943
    5964
    5985
    6006
    6027
    6048
    6069
    6090
    6111
    6132
    6153
    6174
    6195
    6216
    6237
    6258
    6279
    6300
    6321
    6342
    6363
    6384
    6405
    6426
    6447
    6468
    6489
    6510
    6531
    6552
    6573
    6594
    6615
    6636
    6657
    6678
    6699
    6720
    6741
    6762
    6783
    6804
    6825
    6846
    6867
    6888
    6909
    6930
    6951
    6972
    6993
    7014
    7035
    7056
    7077
    7098
    7119
    7140
    7161
    7182
    7203
    7224
    7245
    7266
    7287
    7308
    7329
    7350
    7371
    7392
    7413
    7434
    7455
    7476
    7497
    7518
    7539
    7560
    7581
    7602
    7623
    7644
    7665
    7686
    7707
    7728
    7749
    7770
    7791
    7812
    7833
    7854
    7875
    7896
    7917
    7938
    7959
    7980
    8001
    8022
    8043
    8064
    8085
    8106
    8127
    8148
    8169
    8190
    8211
    8232
    8253
    8274
    8295
    8316
    8337
    8358
    8379
    8400
    8421
    8442
    8463
    8484
    8505
    8526
    8547
    8568
    8589
    8610
    8631
    8652
    8673
    8694
    8715
    8736
    8757
    8778
    8799
    8820
    8841
    8862
    8883
    8904
    8925
    8946
    8967
    8988
    9009
    9030
    9051
    9072
    9093
    9114
    9135
    9156
    9177
    9198
    9219
    9240
    9261
    9282
    9303
    9324
    9345
    9366
    9387
    9408
    9429
    9450
    9471
