103	 31	 73	
104	 63	 103	
143	 74	 130	
64	 2	 33	
75	 34	 4	
76	 35	 36	
144	 106	 78	
97	 57	 25	
139	 96	 65	
79	 7	 66	
94	 71	 54	
328	 308	 322	
108	 9	 41	
145	 108	 81	
133	 83	 68	
92	 52	 20	
137	 91	 67	
68	 12	 44	
89	 69	 49	
85	 45	 14	
111	 46	 86	
203	 181	 155	
89	 49	 17	
93	 53	 21	
112	 92	 70	
98	 58	 59	
100	 27	 72	
146	 100	 141	
105	 1	 32	
74	 2	 64	
114	 33	 3	
115	 4	 35	
147	 76	 131	
77	 76	 36	
148	 79	 132	
66	 7	 39	
80	 40	 9	
81	 41	 10	
190	 182	 149	
83	 12	 68	
218	 177	 185	
111	 14	 46	
87	 47	 48	
87	 86	 47	
150	 84	 128	
69	 16	 49	
119	 17	 50	
136	 135	 69	
183	 150	 156	
70	 20	 53	
71	 21	 54	
120	 93	 71	
151	 121	 95	
164	 133	 118	
122	 25	 58	
99	 98	 59	
184	 141	 179	
72	 27	 61	
102	 62	 29	
187	 105	 143	
73	 31	 1	
101	 61	 28	
125	 114	 3	
96	 24	 65	
65	 24	 57	
126	 39	 8	
127	 126	 8	
91	 19	 67	
67	 19	 52	
84	 44	 13	
128	 13	 45	
88	 16	 69	
112	 67	 92	
94	 54	 22	
113	 65	 97	
121	 22	 55	
138	 71	 94	
129	 28	 62	
200	 185	 138	
103	 30	 31	
275	 251	 238	
74	 32	 2	
130	 74	 64	
152	 114	 125	
77	 36	 5	
106	 5	 37	
132	 79	 66	
78	 37	 6	
219	 136	 163	
116	 6	 38	
244	 131	 196	
79	 38	 7	
153	 66	 126	
154	 126	 127	
117	 10	 42	
82	 42	 11	
155	 86	 134	
109	 11	 43	
133	 68	 118	
83	 43	 12	
118	 68	 84	
84	 68	 44	
156	 128	 85	
86	 46	 15	
157	 111	 155	
86	 15	 47	
134	 86	 87	
88	 87	 48	
135	 87	 88	
88	 48	 16	
136	 69	 89	
90	 50	 18	
135	 134	 87	
110	 18	 51	
158	 91	 137	
91	 51	 19	
137	 67	 112	
92	 67	 52	
92	 20	 70	
93	 70	 53	
93	 21	 71	
95	 55	 23	
138	 120	 71	
107	 23	 56	
159	 96	 139	
96	 56	 24	
139	 65	 113	
97	 65	 57	
160	 98	 140	
99	 59	 26	
131	 76	 77	
123	 26	 60	
141	 72	 124	
100	 60	 27	
124	 72	 101	
101	 72	 61	
161	 129	 102	
104	 29	 63	
104	 102	 29	
103	 63	 30	
187	 73	 105	
220	 194	 216	
162	 102	 104	
105	 73	 1	
105	 32	 74	
106	 77	 5	
106	 37	 78	
107	 95	 23	
107	 56	 96	
108	 80	 9	
108	 41	 81	
109	 82	 11	
109	 43	 83	
110	 90	 18	
110	 51	 91	
163	 89	 119	
111	 85	 14	
120	 70	 93	
188	 152	 168	
206	 122	 160	
140	 98	 99	
114	 64	 33	
125	 3	 34	
115	 75	 4	
115	 35	 76	
116	 78	 6	
116	 38	 79	
117	 81	 10	
117	 42	 82	
183	 118	 150	
165	 83	 133	
119	 89	 17	
119	 50	 90	
166	 70	 120	
200	 121	 151	
121	 94	 22	
121	 55	 95	
122	 97	 25	
122	 58	 98	
123	 99	 26	
123	 60	 100	
167	 129	 161	
142	 103	 73	
125	 34	 75	
168	 152	 125	
126	 66	 39	
127	 8	 40	
127	 40	 80	
235	 197	 202	
128	 84	 13	
128	 45	 85	
129	 101	 28	
129	 62	 102	
169	 114	 152	
147	 115	 76	
196	 106	 144	
189	 78	 116	
154	 153	 126	
171	 108	 145	
149	 117	 82	
190	 82	 109	
135	 88	 69	
175	 174	 135	
173	 119	 90	
239	 203	 174	
276	 219	 204	
179	 141	 124	
158	 110	 91	
191	 112	 166	
248	 214	 177	
252	 217	 249	
192	 95	 107	
253	 193	 230	
193	 160	 140	
198	 123	 146	
141	 100	 72	
233	 229	 179	
194	 161	 162	
180	 103	 142	
143	 105	 74	
195	 143	 130	
196	 77	 106	
189	 116	 148	
197	 153	 154	
172	 117	 149	
198	 99	 123	
146	 123	 100	
273	 234	 236	
208	 115	 147	
148	 116	 79	
199	 132	 197	
190	 109	 165	
207	 190	 165	
150	 118	 84	
157	 156	 85	
200	 94	 121	
192	 107	 159	
201	 152	 188	
168	 125	 75	
153	 132	 66	
170	 127	 80	
170	 154	 127	
210	 170	 171	
155	 111	 86	
174	 134	 135	
156	 150	 128	
157	 85	 111	
203	 134	 174	
226	 157	 181	
204	 163	 173	
212	 110	 158	
159	 107	 96	
205	 139	 178	
206	 97	 122	
160	 122	 98	
215	 161	 194	
162	 161	 102	
180	 162	 104	
201	 130	 169	
163	 136	 89	
173	 163	 119	
202	 154	 170	
182	 172	 149	
165	 109	 83	
207	 133	 164	
166	 112	 70	
177	 120	 138	
167	 124	 101	
167	 101	 129	
208	 75	 115	
209	 147	 131	
169	 130	 64	
169	 64	 114	
171	 170	 80	
211	 210	 171	
171	 80	 108	
182	 145	 172	
172	 145	 81	
172	 81	 117	
212	 90	 110	
176	 137	 112	
175	 135	 136	
219	 163	 204	
213	 212	 158	
213	 137	 176	
214	 120	 177	
276	 223	 219	
257	 159	 205	
178	 139	 113	
227	 206	 193	
184	 146	 141	
215	 124	 167	
216	 162	 180	
180	 104	 103	
217	 216	 180	
222	 181	 203	
181	 157	 155	
271	 269	 242	
202	 197	 154	
183	 164	 118	
226	 156	 157	
233	 179	 215	
230	 198	 184	
185	 177	 138	
231	 151	 192	
186	 174	 175	
224	 191	 214	
187	 142	 73	
201	 195	 130	
208	 188	 168	
199	 189	 148	
189	 144	 78	
199	 148	 132	
190	 149	 82	
207	 165	 133	
191	 176	 112	
214	 191	 166	
192	 151	 95	
205	 159	 139	
206	 178	 113	
230	 140	 198	
233	 194	 220	
217	 142	 187	
195	 187	 143	
280	 253	 264	
196	 131	 77	
234	 144	 189	
197	 132	 153	
238	 202	 210	
198	 140	 99	
198	 146	 184	
281	 252	 255	
244	 196	 234	
200	 138	 94	
231	 200	 151	
201	 169	 152	
255	 195	 250	
210	 202	 170	
275	 210	 211	
203	 155	 134	
239	 222	 203	
212	 204	 173	
232	 176	 191	
256	 178	 227	
257	 192	 159	
206	 113	 97	
206	 160	 193	
228	 164	 183	
242	 190	 207	
208	 168	 75	
209	 208	 147	
243	 208	 209	
234	 196	 144	
211	 171	 145	
235	 221	 197	
211	 145	 182	
251	 235	 238	
212	 173	 90	
213	 158	 137	
278	 224	 248	
247	 212	 213	
214	 166	 120	
248	 224	 214	
215	 179	 124	
215	 167	 161	
216	 194	 162	
217	 180	 142	
249	 187	 195	
225	 220	 216	
260	 185	 231	
320	 292	 279	
223	 175	 219	
219	 175	 136	
225	 216	 217	
282	 243	 272	
221	 199	 197	
283	 225	 252	
262	 183	 226	
262	 228	 183	
223	 186	 175	
284	 277	 265	
232	 191	 224	
306	 294	 280	
250	 201	 237	
237	 201	 188	
226	 183	 156	
263	 181	 222	
227	 178	 206	
264	 230	 229	
241	 207	 164	
241	 164	 228	
229	 184	 179	
338	 298	 316	
230	 193	 140	
230	 184	 229	
231	 185	 200	
285	 257	 240	
265	 232	 259	
246	 176	 232	
233	 215	 194	
286	 220	 261	
236	 189	 199	
236	 234	 189	
245	 211	 182	
238	 235	 202	
267	 199	 221	
258	 221	 235	
268	 188	 243	
301	 275	 245	
269	 182	 242	
288	 269	 271	
239	 174	 186	
270	 186	 254	
285	 231	 257	
240	 205	 178	
269	 245	 182	
263	 262	 226	
242	 182	 190	
242	 207	 241	
243	 188	 208	
272	 209	 244	
244	 209	 131	
289	 221	 258	
290	 228	 262	
275	 211	 245	
276	 204	 247	
246	 213	 176	
247	 204	 212	
277	 213	 246	
248	 177	 218	
297	 259	 278	
249	 217	 187	
250	 195	 201	
304	 237	 268	
292	 250	 279	
270	 239	 186	
258	 235	 251	
252	 225	 217	
255	 252	 249	
253	 227	 193	
293	 229	 266	
254	 186	 223	
259	 232	 224	
255	 249	 195	
279	 250	 237	
256	 240	 178	
294	 227	 253	
257	 231	 192	
257	 205	 240	
357	 339	 337	
307	 289	 258	
278	 248	 218	
295	 218	 260	
308	 260	 285	
260	 218	 185	
261	 220	 225	
350	 338	 332	
263	 226	 181	
270	 222	 239	
296	 222	 270	
290	 262	 263	
264	 253	 230	
266	 229	 233	
284	 276	 277	
265	 246	 232	
286	 233	 220	
309	 265	 291	
273	 236	 267	
267	 236	 199	
268	 237	 188	
272	 243	 209	
271	 242	 241	
274	 241	 228	
332	 291	 324	
299	 288	 271	
274	 271	 241	
310	 288	 299	
273	 244	 234	
300	 244	 273	
289	 267	 221	
305	 281	 292	
290	 274	 228	
325	 274	 290	
275	 238	 210	
301	 245	 288	
302	 223	 276	
277	 276	 247	
277	 247	 213	
277	 246	 265	
303	 256	 294	
278	 259	 224	
311	 282	 272	
304	 268	 282	
312	 264	 293	
346	 340	 345	
313	 281	 305	
292	 281	 255	
282	 268	 243	
311	 272	 300	
283	 261	 225	
283	 252	 281	
291	 265	 259	
314	 284	 309	
285	 260	 231	
303	 240	 256	
286	 266	 233	
313	 283	 281	
287	 258	 251	
316	 302	 314	
288	 245	 269	
299	 271	 274	
317	 267	 289	
307	 258	 287	
296	 263	 222	
318	 263	 296	
319	 278	 295	
371	 370	 353	
292	 255	 250	
320	 279	 304	
293	 264	 229	
321	 286	 315	
294	 256	 227	
294	 253	 280	
295	 278	 218	
330	 303	 306	
323	 270	 298	
318	 290	 263	
331	 280	 312	
297	 291	 259	
298	 270	 254	
332	 309	 291	
310	 301	 288	
325	 290	 318	
300	 272	 244	
333	 317	 307	
327	 251	 301	
301	 251	 275	
302	 254	 223	
302	 276	 284	
306	 303	 294	
303	 285	 240	
347	 320	 340	
304	 279	 237	
358	 353	 341	
315	 283	 313	
312	 280	 264	
328	 295	 308	
326	 300	 273	
336	 287	 327	
308	 295	 260	
322	 285	 303	
309	 284	 265	
324	 291	 297	
336	 327	 310	
344	 318	 323	
311	 304	 282	
326	 273	 317	
341	 266	 321	
343	 319	 328	
315	 261	 283	
337	 305	 320	
338	 314	 332	
314	 302	 284	
360	 328	 349	
315	 286	 261	
316	 298	 254	
316	 254	 302	
317	 273	 267	
317	 289	 307	
323	 296	 270	
323	 318	 296	
352	 349	 330	
319	 297	 278	
320	 305	 292	
340	 304	 311	
341	 293	 266	
321	 266	 286	
322	 308	 285	
349	 322	 330	
354	 350	 332	
342	 299	 325	
362	 335	 356	
343	 297	 319	
325	 299	 274	
344	 323	 329	
333	 326	 317	
326	 311	 300	
327	 287	 251	
327	 301	 310	
328	 319	 295	
330	 322	 303	
351	 310	 342	
329	 323	 298	
331	 306	 280	
352	 306	 331	
353	 312	 341	
334	 321	 315	
332	 314	 309	
373	 360	 349	
355	 307	 335	
345	 326	 333	
339	 315	 313	
337	 313	 305	
335	 307	 287	
336	 335	 287	
342	 310	 299	
366	 354	 348	
365	 337	 347	
340	 320	 304	
338	 329	 298	
338	 316	 314	
339	 334	 315	
339	 313	 337	
345	 311	 326	
345	 340	 311	
341	 312	 293	
358	 321	 334	
359	 325	 344	
366	 364	 354	
343	 324	 297	
360	 343	 328	
344	 325	 318	
361	 359	 344	
367	 345	 355	
355	 345	 333	
356	 336	 351	
365	 357	 337	
347	 337	 320	
347	 340	 346	
354	 324	 348	
348	 324	 343	
349	 328	 322	
352	 330	 306	
369	 351	 342	
350	 329	 338	
351	 336	 310	
369	 368	 351	
370	 331	 353	
375	 370	 371	
375	 373	 370	
353	 331	 312	
354	 332	 324	
387	 383	 386	
355	 333	 307	
356	 335	 336	
384	 376	 369	
377	 356	 368	
357	 334	 339	
388	 368	 376	
358	 341	 321	
372	 371	 358	
359	 342	 325	
361	 344	 329	
360	 348	 343	
373	 352	 370	
374	 329	 350	
382	 366	 363	
379	 362	 377	
362	 355	 335	
393	 389	 382	
363	 348	 360	
384	 383	 376	
364	 350	 354	
381	 347	 346	
379	 367	 362	
366	 348	 363	
382	 378	 366	
367	 346	 345	
367	 355	 362	
368	 356	 351	
383	 361	 374	
369	 342	 359	
384	 359	 361	
370	 352	 331	
371	 353	 358	
372	 358	 334	
390	 357	 380	
372	 334	 357	
391	 377	 388	
373	 363	 360	
373	 349	 352	
374	 361	 329	
386	 350	 364	
375	 363	 373	
385	 371	 372	
394	 378	 389	
376	 368	 369	
394	 391	 388	
377	 362	 356	
378	 364	 366	
395	 393	 385	
392	 379	 391	
379	 346	 367	
380	 357	 365	
392	 365	 381	
381	 365	 347	
381	 346	 379	
382	 363	 375	
393	 375	 385	
386	 383	 374	
387	 386	 378	
384	 369	 359	
384	 361	 383	
385	 375	 371	
390	 385	 372	
386	 374	 350	
386	 364	 378	
395	 394	 389	
387	 376	 383	
388	 377	 368	
388	 376	 387	
395	 391	 394	
389	 378	 382	
390	 372	 357	
395	 390	 380	
395	 392	 391	
391	 379	 377	
392	 380	 365	
392	 381	 379	
393	 382	 375	
395	 385	 390	
394	 388	 387	
394	 387	 378	
395	 380	 392	
395	 389	 393	
