1
2
3
4
5
6
7
8
9
10
11
12
13
14
15
16
17
18
19
20
21
22
23
24
25
26
27
28
29
30
31
32
33
34
35
36
37
38
39
40
41
42
43
44
45
46
47
48
49
50
51
51
102
153
204
255
306
357
408
459
510
561
612
663
714
765
816
867
918
969
1020
1071
1122
1173
1224
1275
1326
1377
1428
1479
1530
1581
1632
1683
1734
1785
1836
1887
1938
1989
2040
2091
2142
2193
2244
2295
2346
2397
2448
2499
2550
2601
2652
2703
2754
2805
2856
2907
2958
3009
3060
3111
3162
3213
3264
3315
3366
3417
3468
3519
3570
3621
3672
3723
3774
3825
3876
3927
3978
4029
4080
4131
4182
4233
4284
4335
4386
4437
4488
4539
4590
4641
4692
4743
4794
4845
4896
4947
4998
5049
5100
5151
5101
5102
5103
5104
5105
5106
5107
5108
5109
5110
5111
5112
5113
5114
5115
5116
5117
5118
5119
5120
5121
5122
5123
5124
5125
5126
5127
5128
5129
5130
5131
5132
5133
5134
5135
5136
5137
5138
5139
5140
5141
5142
5143
5144
5145
5146
5147
5148
5149
5150
5151
1
52
103
154
205
256
307
358
409
460
511
562
613
664
715
766
817
868
919
970
1021
1072
1123
1174
1225
1276
1327
1378
1429
1480
1531
1582
1633
1684
1735
1786
1837
1888
1939
1990
2041
2092
2143
2194
2245
2296
2347
2398
2449
2500
2551
2602
2653
2704
2755
2806
2857
2908
2959
3010
3061
3112
3163
3214
3265
3316
3367
3418
3469
3520
3571
3622
3673
3724
3775
3826
3877
3928
3979
4030
4081
4132
4183
4234
4285
4336
4387
4438
4489
4540
4591
4642
4693
4744
4795
4846
4897
4948
4999
5050
5101
