  0.0000000000  0.0000000000
  0.0199999996  0.0000000000
  0.0399999991  0.0000000000
  0.0599999987  0.0000000000
  0.0799999982  0.0000000000
  0.1000000010  0.0000000000
  0.1199999970  0.0000000000
  0.1400000010  0.0000000000
  0.1599999960  0.0000000000
  0.1800000070  0.0000000000
  0.2000000030  0.0000000000
  0.2199999990  0.0000000000
  0.2399999950  0.0000000000
  0.2599999900  0.0000000000
  0.2800000010  0.0000000000
  0.3000000120  0.0000000000
  0.3199999930  0.0000000000
  0.3400000040  0.0000000000
  0.3600000140  0.0000000000
  0.3799999950  0.0000000000
  0.4000000060  0.0000000000
  0.4199999870  0.0000000000
  0.4399999980  0.0000000000
  0.4600000080  0.0000000000
  0.4799999890  0.0000000000
  0.5000000000  0.0000000000
  0.0000000000  0.0199999996
  0.0199999996  0.0199999996
  0.0399999991  0.0199999996
  0.0599999987  0.0199999996
  0.0799999982  0.0199999996
  0.1000000010  0.0199999996
  0.1199999970  0.0199999996
  0.1400000010  0.0199999996
  0.1599999960  0.0199999996
  0.1800000070  0.0199999996
  0.2000000030  0.0199999996
  0.2199999990  0.0199999996
  0.2399999950  0.0199999996
  0.2599999900  0.0199999996
  0.2800000010  0.0199999996
  0.3000000120  0.0199999996
  0.3199999930  0.0199999996
  0.3400000040  0.0199999996
  0.3600000140  0.0199999996
  0.3799999950  0.0199999996
  0.4000000060  0.0199999996
  0.4199999870  0.0199999996
  0.4399999980  0.0199999996
  0.4600000080  0.0199999996
  0.4799999890  0.0199999996
  0.5000000000  0.0199999996
  0.0000000000  0.0399999991
  0.0199999996  0.0399999991
  0.0399999991  0.0399999991
  0.0599999987  0.0399999991
  0.0799999982  0.0399999991
  0.1000000010  0.0399999991
  0.1199999970  0.0399999991
  0.1400000010  0.0399999991
  0.1599999960  0.0399999991
  0.1800000070  0.0399999991
  0.2000000030  0.0399999991
  0.2199999990  0.0399999991
  0.2399999950  0.0399999991
  0.2599999900  0.0399999991
  0.2800000010  0.0399999991
  0.3000000120  0.0399999991
  0.3199999930  0.0399999991
  0.3400000040  0.0399999991
  0.3600000140  0.0399999991
  0.3799999950  0.0399999991
  0.4000000060  0.0399999991
  0.4199999870  0.0399999991
  0.4399999980  0.0399999991
  0.4600000080  0.0399999991
  0.4799999890  0.0399999991
  0.5000000000  0.0399999991
  0.0000000000  0.0599999987
  0.0199999996  0.0599999987
  0.0399999991  0.0599999987
  0.0599999987  0.0599999987
  0.0799999982  0.0599999987
  0.1000000010  0.0599999987
  0.1199999970  0.0599999987
  0.1400000010  0.0599999987
  0.1599999960  0.0599999987
  0.1800000070  0.0599999987
  0.2000000030  0.0599999987
  0.2199999990  0.0599999987
  0.2399999950  0.0599999987
  0.2599999900  0.0599999987
  0.2800000010  0.0599999987
  0.3000000120  0.0599999987
  0.3199999930  0.0599999987
  0.3400000040  0.0599999987
  0.3600000140  0.0599999987
  0.3799999950  0.0599999987
  0.4000000060  0.0599999987
  0.4199999870  0.0599999987
  0.4399999980  0.0599999987
  0.4600000080  0.0599999987
  0.4799999890  0.0599999987
  0.5000000000  0.0599999987
  0.0000000000  0.0799999982
  0.0199999996  0.0799999982
  0.0399999991  0.0799999982
  0.0599999987  0.0799999982
  0.0799999982  0.0799999982
  0.1000000010  0.0799999982
  0.1199999970  0.0799999982
  0.1400000010  0.0799999982
  0.1599999960  0.0799999982
  0.1800000070  0.0799999982
  0.2000000030  0.0799999982
  0.2199999990  0.0799999982
  0.2399999950  0.0799999982
  0.2599999900  0.0799999982
  0.2800000010  0.0799999982
  0.3000000120  0.0799999982
  0.3199999930  0.0799999982
  0.3400000040  0.0799999982
  0.3600000140  0.0799999982
  0.3799999950  0.0799999982
  0.4000000060  0.0799999982
  0.4199999870  0.0799999982
  0.4399999980  0.0799999982
  0.4600000080  0.0799999982
  0.4799999890  0.0799999982
  0.5000000000  0.0799999982
  0.0000000000  0.1000000010
  0.0199999996  0.1000000010
  0.0399999991  0.1000000010
  0.0599999987  0.1000000010
  0.0799999982  0.1000000010
  0.1000000010  0.1000000010
  0.1199999970  0.1000000010
  0.1400000010  0.1000000010
  0.1599999960  0.1000000010
  0.1800000070  0.1000000010
  0.2000000030  0.1000000010
  0.2199999990  0.1000000010
  0.2399999950  0.1000000010
  0.2599999900  0.1000000010
  0.2800000010  0.1000000010
  0.3000000120  0.1000000010
  0.3199999930  0.1000000010
  0.3400000040  0.1000000010
  0.3600000140  0.1000000010
  0.3799999950  0.1000000010
  0.4000000060  0.1000000010
  0.4199999870  0.1000000010
  0.4399999980  0.1000000010
  0.4600000080  0.1000000010
  0.4799999890  0.1000000010
  0.5000000000  0.1000000010
  0.0000000000  0.1199999970
  0.0199999996  0.1199999970
  0.0399999991  0.1199999970
  0.0599999987  0.1199999970
  0.0799999982  0.1199999970
  0.1000000010  0.1199999970
  0.1199999970  0.1199999970
  0.1400000010  0.1199999970
  0.1599999960  0.1199999970
  0.1800000070  0.1199999970
  0.2000000030  0.1199999970
  0.2199999990  0.1199999970
  0.2399999950  0.1199999970
  0.2599999900  0.1199999970
  0.2800000010  0.1199999970
  0.3000000120  0.1199999970
  0.3199999930  0.1199999970
  0.3400000040  0.1199999970
  0.3600000140  0.1199999970
  0.3799999950  0.1199999970
  0.4000000060  0.1199999970
  0.4199999870  0.1199999970
  0.4399999980  0.1199999970
  0.4600000080  0.1199999970
  0.4799999890  0.1199999970
  0.5000000000  0.1199999970
  0.0000000000  0.1400000010
  0.0199999996  0.1400000010
  0.0399999991  0.1400000010
  0.0599999987  0.1400000010
  0.0799999982  0.1400000010
  0.1000000010  0.1400000010
  0.1199999970  0.1400000010
  0.1400000010  0.1400000010
  0.1599999960  0.1400000010
  0.1800000070  0.1400000010
  0.2000000030  0.1400000010
  0.2199999990  0.1400000010
  0.2399999950  0.1400000010
  0.2599999900  0.1400000010
  0.2800000010  0.1400000010
  0.3000000120  0.1400000010
  0.3199999930  0.1400000010
  0.3400000040  0.1400000010
  0.3600000140  0.1400000010
  0.3799999950  0.1400000010
  0.4000000060  0.1400000010
  0.4199999870  0.1400000010
  0.4399999980  0.1400000010
  0.4600000080  0.1400000010
  0.4799999890  0.1400000010
  0.5000000000  0.1400000010
  0.0000000000  0.1599999960
  0.0199999996  0.1599999960
  0.0399999991  0.1599999960
  0.0599999987  0.1599999960
  0.0799999982  0.1599999960
  0.1000000010  0.1599999960
  0.1199999970  0.1599999960
  0.1400000010  0.1599999960
  0.1599999960  0.1599999960
  0.1800000070  0.1599999960
  0.2000000030  0.1599999960
  0.2199999990  0.1599999960
  0.2399999950  0.1599999960
  0.2599999900  0.1599999960
  0.2800000010  0.1599999960
  0.3000000120  0.1599999960
  0.3199999930  0.1599999960
  0.3400000040  0.1599999960
  0.3600000140  0.1599999960
  0.3799999950  0.1599999960
  0.4000000060  0.1599999960
  0.4199999870  0.1599999960
  0.4399999980  0.1599999960
  0.4600000080  0.1599999960
  0.4799999890  0.1599999960
  0.5000000000  0.1599999960
  0.0000000000  0.1800000070
  0.0199999996  0.1800000070
  0.0399999991  0.1800000070
  0.0599999987  0.1800000070
  0.0799999982  0.1800000070
  0.1000000010  0.1800000070
  0.1199999970  0.1800000070
  0.1400000010  0.1800000070
  0.1599999960  0.1800000070
  0.1800000070  0.1800000070
  0.2000000030  0.1800000070
  0.2199999990  0.1800000070
  0.2399999950  0.1800000070
  0.2599999900  0.1800000070
  0.2800000010  0.1800000070
  0.3000000120  0.1800000070
  0.3199999930  0.1800000070
  0.3400000040  0.1800000070
  0.3600000140  0.1800000070
  0.3799999950  0.1800000070
  0.4000000060  0.1800000070
  0.4199999870  0.1800000070
  0.4399999980  0.1800000070
  0.4600000080  0.1800000070
  0.4799999890  0.1800000070
  0.5000000000  0.1800000070
  0.0000000000  0.2000000030
  0.0199999996  0.2000000030
  0.0399999991  0.2000000030
  0.0599999987  0.2000000030
  0.0799999982  0.2000000030
  0.1000000010  0.2000000030
  0.1199999970  0.2000000030
  0.1400000010  0.2000000030
  0.1599999960  0.2000000030
  0.1800000070  0.2000000030
  0.2000000030  0.2000000030
  0.2199999990  0.2000000030
  0.2399999950  0.2000000030
  0.2599999900  0.2000000030
  0.2800000010  0.2000000030
  0.3000000120  0.2000000030
  0.3199999930  0.2000000030
  0.3400000040  0.2000000030
  0.3600000140  0.2000000030
  0.3799999950  0.2000000030
  0.4000000060  0.2000000030
  0.4199999870  0.2000000030
  0.4399999980  0.2000000030
  0.4600000080  0.2000000030
  0.4799999890  0.2000000030
  0.5000000000  0.2000000030
  0.0000000000  0.2199999990
  0.0199999996  0.2199999990
  0.0399999991  0.2199999990
  0.0599999987  0.2199999990
  0.0799999982  0.2199999990
  0.1000000010  0.2199999990
  0.1199999970  0.2199999990
  0.1400000010  0.2199999990
  0.1599999960  0.2199999990
  0.1800000070  0.2199999990
  0.2000000030  0.2199999990
  0.2199999990  0.2199999990
  0.2399999950  0.2199999990
  0.2599999900  0.2199999990
  0.2800000010  0.2199999990
  0.3000000120  0.2199999990
  0.3199999930  0.2199999990
  0.3400000040  0.2199999990
  0.3600000140  0.2199999990
  0.3799999950  0.2199999990
  0.4000000060  0.2199999990
  0.4199999870  0.2199999990
  0.4399999980  0.2199999990
  0.4600000080  0.2199999990
  0.4799999890  0.2199999990
  0.5000000000  0.2199999990
  0.0000000000  0.2399999950
  0.0199999996  0.2399999950
  0.0399999991  0.2399999950
  0.0599999987  0.2399999950
  0.0799999982  0.2399999950
  0.1000000010  0.2399999950
  0.1199999970  0.2399999950
  0.1400000010  0.2399999950
  0.1599999960  0.2399999950
  0.1800000070  0.2399999950
  0.2000000030  0.2399999950
  0.2199999990  0.2399999950
  0.2399999950  0.2399999950
  0.2599999900  0.2399999950
  0.2800000010  0.2399999950
  0.3000000120  0.2399999950
  0.3199999930  0.2399999950
  0.3400000040  0.2399999950
  0.3600000140  0.2399999950
  0.3799999950  0.2399999950
  0.4000000060  0.2399999950
  0.4199999870  0.2399999950
  0.4399999980  0.2399999950
  0.4600000080  0.2399999950
  0.4799999890  0.2399999950
  0.5000000000  0.2399999950
  0.0000000000  0.2599999900
  0.0199999996  0.2599999900
  0.0399999991  0.2599999900
  0.0599999987  0.2599999900
  0.0799999982  0.2599999900
  0.1000000010  0.2599999900
  0.1199999970  0.2599999900
  0.1400000010  0.2599999900
  0.1599999960  0.2599999900
  0.1800000070  0.2599999900
  0.2000000030  0.2599999900
  0.2199999990  0.2599999900
  0.2399999950  0.2599999900
  0.2599999900  0.2599999900
  0.2800000010  0.2599999900
  0.3000000120  0.2599999900
  0.3199999930  0.2599999900
  0.3400000040  0.2599999900
  0.3600000140  0.2599999900
  0.3799999950  0.2599999900
  0.4000000060  0.2599999900
  0.4199999870  0.2599999900
  0.4399999980  0.2599999900
  0.4600000080  0.2599999900
  0.4799999890  0.2599999900
  0.5000000000  0.2599999900
  0.0000000000  0.2800000010
  0.0199999996  0.2800000010
  0.0399999991  0.2800000010
  0.0599999987  0.2800000010
  0.0799999982  0.2800000010
  0.1000000010  0.2800000010
  0.1199999970  0.2800000010
  0.1400000010  0.2800000010
  0.1599999960  0.2800000010
  0.1800000070  0.2800000010
  0.2000000030  0.2800000010
  0.2199999990  0.2800000010
  0.2399999950  0.2800000010
  0.2599999900  0.2800000010
  0.2800000010  0.2800000010
  0.3000000120  0.2800000010
  0.3199999930  0.2800000010
  0.3400000040  0.2800000010
  0.3600000140  0.2800000010
  0.3799999950  0.2800000010
  0.4000000060  0.2800000010
  0.4199999870  0.2800000010
  0.4399999980  0.2800000010
  0.4600000080  0.2800000010
  0.4799999890  0.2800000010
  0.5000000000  0.2800000010
  0.0000000000  0.3000000120
  0.0199999996  0.3000000120
  0.0399999991  0.3000000120
  0.0599999987  0.3000000120
  0.0799999982  0.3000000120
  0.1000000010  0.3000000120
  0.1199999970  0.3000000120
  0.1400000010  0.3000000120
  0.1599999960  0.3000000120
  0.1800000070  0.3000000120
  0.2000000030  0.3000000120
  0.2199999990  0.3000000120
  0.2399999950  0.3000000120
  0.2599999900  0.3000000120
  0.2800000010  0.3000000120
  0.3000000120  0.3000000120
  0.3199999930  0.3000000120
  0.3400000040  0.3000000120
  0.3600000140  0.3000000120
  0.3799999950  0.3000000120
  0.4000000060  0.3000000120
  0.4199999870  0.3000000120
  0.4399999980  0.3000000120
  0.4600000080  0.3000000120
  0.4799999890  0.3000000120
  0.5000000000  0.3000000120
  0.0000000000  0.3199999930
  0.0199999996  0.3199999930
  0.0399999991  0.3199999930
  0.0599999987  0.3199999930
  0.0799999982  0.3199999930
  0.1000000010  0.3199999930
  0.1199999970  0.3199999930
  0.1400000010  0.3199999930
  0.1599999960  0.3199999930
  0.1800000070  0.3199999930
  0.2000000030  0.3199999930
  0.2199999990  0.3199999930
  0.2399999950  0.3199999930
  0.2599999900  0.3199999930
  0.2800000010  0.3199999930
  0.3000000120  0.3199999930
  0.3199999930  0.3199999930
  0.3400000040  0.3199999930
  0.3600000140  0.3199999930
  0.3799999950  0.3199999930
  0.4000000060  0.3199999930
  0.4199999870  0.3199999930
  0.4399999980  0.3199999930
  0.4600000080  0.3199999930
  0.4799999890  0.3199999930
  0.5000000000  0.3199999930
  0.0000000000  0.3400000040
  0.0199999996  0.3400000040
  0.0399999991  0.3400000040
  0.0599999987  0.3400000040
  0.0799999982  0.3400000040
  0.1000000010  0.3400000040
  0.1199999970  0.3400000040
  0.1400000010  0.3400000040
  0.1599999960  0.3400000040
  0.1800000070  0.3400000040
  0.2000000030  0.3400000040
  0.2199999990  0.3400000040
  0.2399999950  0.3400000040
  0.2599999900  0.3400000040
  0.2800000010  0.3400000040
  0.3000000120  0.3400000040
  0.3199999930  0.3400000040
  0.3400000040  0.3400000040
  0.3600000140  0.3400000040
  0.3799999950  0.3400000040
  0.4000000060  0.3400000040
  0.4199999870  0.3400000040
  0.4399999980  0.3400000040
  0.4600000080  0.3400000040
  0.4799999890  0.3400000040
  0.5000000000  0.3400000040
  0.0000000000  0.3600000140
  0.0199999996  0.3600000140
  0.0399999991  0.3600000140
  0.0599999987  0.3600000140
  0.0799999982  0.3600000140
  0.1000000010  0.3600000140
  0.1199999970  0.3600000140
  0.1400000010  0.3600000140
  0.1599999960  0.3600000140
  0.1800000070  0.3600000140
  0.2000000030  0.3600000140
  0.2199999990  0.3600000140
  0.2399999950  0.3600000140
  0.2599999900  0.3600000140
  0.2800000010  0.3600000140
  0.3000000120  0.3600000140
  0.3199999930  0.3600000140
  0.3400000040  0.3600000140
  0.3600000140  0.3600000140
  0.3799999950  0.3600000140
  0.4000000060  0.3600000140
  0.4199999870  0.3600000140
  0.4399999980  0.3600000140
  0.4600000080  0.3600000140
  0.4799999890  0.3600000140
  0.5000000000  0.3600000140
  0.0000000000  0.3799999950
  0.0199999996  0.3799999950
  0.0399999991  0.3799999950
  0.0599999987  0.3799999950
  0.0799999982  0.3799999950
  0.1000000010  0.3799999950
  0.1199999970  0.3799999950
  0.1400000010  0.3799999950
  0.1599999960  0.3799999950
  0.1800000070  0.3799999950
  0.2000000030  0.3799999950
  0.2199999990  0.3799999950
  0.2399999950  0.3799999950
  0.2599999900  0.3799999950
  0.2800000010  0.3799999950
  0.3000000120  0.3799999950
  0.3199999930  0.3799999950
  0.3400000040  0.3799999950
  0.3600000140  0.3799999950
  0.3799999950  0.3799999950
  0.4000000060  0.3799999950
  0.4199999870  0.3799999950
  0.4399999980  0.3799999950
  0.4600000080  0.3799999950
  0.4799999890  0.3799999950
  0.5000000000  0.3799999950
  0.0000000000  0.4000000060
  0.0199999996  0.4000000060
  0.0399999991  0.4000000060
  0.0599999987  0.4000000060
  0.0799999982  0.4000000060
  0.1000000010  0.4000000060
  0.1199999970  0.4000000060
  0.1400000010  0.4000000060
  0.1599999960  0.4000000060
  0.1800000070  0.4000000060
  0.2000000030  0.4000000060
  0.2199999990  0.4000000060
  0.2399999950  0.4000000060
  0.2599999900  0.4000000060
  0.2800000010  0.4000000060
  0.3000000120  0.4000000060
  0.3199999930  0.4000000060
  0.3400000040  0.4000000060
  0.3600000140  0.4000000060
  0.3799999950  0.4000000060
  0.4000000060  0.4000000060
  0.4199999870  0.4000000060
  0.4399999980  0.4000000060
  0.4600000080  0.4000000060
  0.4799999890  0.4000000060
  0.5000000000  0.4000000060
  0.0000000000  0.4199999870
  0.0199999996  0.4199999870
  0.0399999991  0.4199999870
  0.0599999987  0.4199999870
  0.0799999982  0.4199999870
  0.1000000010  0.4199999870
  0.1199999970  0.4199999870
  0.1400000010  0.4199999870
  0.1599999960  0.4199999870
  0.1800000070  0.4199999870
  0.2000000030  0.4199999870
  0.2199999990  0.4199999870
  0.2399999950  0.4199999870
  0.2599999900  0.4199999870
  0.2800000010  0.4199999870
  0.3000000120  0.4199999870
  0.3199999930  0.4199999870
  0.3400000040  0.4199999870
  0.3600000140  0.4199999870
  0.3799999950  0.4199999870
  0.4000000060  0.4199999870
  0.4199999870  0.4199999870
  0.4399999980  0.4199999870
  0.4600000080  0.4199999870
  0.4799999890  0.4199999870
  0.5000000000  0.4199999870
  0.0000000000  0.4399999980
  0.0199999996  0.4399999980
  0.0399999991  0.4399999980
  0.0599999987  0.4399999980
  0.0799999982  0.4399999980
  0.1000000010  0.4399999980
  0.1199999970  0.4399999980
  0.1400000010  0.4399999980
  0.1599999960  0.4399999980
  0.1800000070  0.4399999980
  0.2000000030  0.4399999980
  0.2199999990  0.4399999980
  0.2399999950  0.4399999980
  0.2599999900  0.4399999980
  0.2800000010  0.4399999980
  0.3000000120  0.4399999980
  0.3199999930  0.4399999980
  0.3400000040  0.4399999980
  0.3600000140  0.4399999980
  0.3799999950  0.4399999980
  0.4000000060  0.4399999980
  0.4199999870  0.4399999980
  0.4399999980  0.4399999980
  0.4600000080  0.4399999980
  0.4799999890  0.4399999980
  0.5000000000  0.4399999980
  0.0000000000  0.4600000080
  0.0199999996  0.4600000080
  0.0399999991  0.4600000080
  0.0599999987  0.4600000080
  0.0799999982  0.4600000080
  0.1000000010  0.4600000080
  0.1199999970  0.4600000080
  0.1400000010  0.4600000080
  0.1599999960  0.4600000080
  0.1800000070  0.4600000080
  0.2000000030  0.4600000080
  0.2199999990  0.4600000080
  0.2399999950  0.4600000080
  0.2599999900  0.4600000080
  0.2800000010  0.4600000080
  0.3000000120  0.4600000080
  0.3199999930  0.4600000080
  0.3400000040  0.4600000080
  0.3600000140  0.4600000080
  0.3799999950  0.4600000080
  0.4000000060  0.4600000080
  0.4199999870  0.4600000080
  0.4399999980  0.4600000080
  0.4600000080  0.4600000080
  0.4799999890  0.4600000080
  0.5000000000  0.4600000080
  0.0000000000  0.4799999890
  0.0199999996  0.4799999890
  0.0399999991  0.4799999890
  0.0599999987  0.4799999890
  0.0799999982  0.4799999890
  0.1000000010  0.4799999890
  0.1199999970  0.4799999890
  0.1400000010  0.4799999890
  0.1599999960  0.4799999890
  0.1800000070  0.4799999890
  0.2000000030  0.4799999890
  0.2199999990  0.4799999890
  0.2399999950  0.4799999890
  0.2599999900  0.4799999890
  0.2800000010  0.4799999890
  0.3000000120  0.4799999890
  0.3199999930  0.4799999890
  0.3400000040  0.4799999890
  0.3600000140  0.4799999890
  0.3799999950  0.4799999890
  0.4000000060  0.4799999890
  0.4199999870  0.4799999890
  0.4399999980  0.4799999890
  0.4600000080  0.4799999890
  0.4799999890  0.4799999890
  0.5000000000  0.4799999890
  0.0000000000  0.5000000000
  0.0199999996  0.5000000000
  0.0399999991  0.5000000000
  0.0599999987  0.5000000000
  0.0799999982  0.5000000000
  0.1000000010  0.5000000000
  0.1199999970  0.5000000000
  0.1400000010  0.5000000000
  0.1599999960  0.5000000000
  0.1800000070  0.5000000000
  0.2000000030  0.5000000000
  0.2199999990  0.5000000000
  0.2399999950  0.5000000000
  0.2599999900  0.5000000000
  0.2800000010  0.5000000000
  0.3000000120  0.5000000000
  0.3199999930  0.5000000000
  0.3400000040  0.5000000000
  0.3600000140  0.5000000000
  0.3799999950  0.5000000000
  0.4000000060  0.5000000000
  0.4199999870  0.5000000000
  0.4399999980  0.5000000000
  0.4600000080  0.5000000000
  0.4799999890  0.5000000000
  0.5000000000  0.5000000000
  0.0000000000  0.5199999810
  0.0199999996  0.5199999810
  0.0399999991  0.5199999810
  0.0599999987  0.5199999810
  0.0799999982  0.5199999810
  0.1000000010  0.5199999810
  0.1199999970  0.5199999810
  0.1400000010  0.5199999810
  0.1599999960  0.5199999810
  0.1800000070  0.5199999810
  0.2000000030  0.5199999810
  0.2199999990  0.5199999810
  0.2399999950  0.5199999810
  0.2599999900  0.5199999810
  0.2800000010  0.5199999810
  0.3000000120  0.5199999810
  0.3199999930  0.5199999810
  0.3400000040  0.5199999810
  0.3600000140  0.5199999810
  0.3799999950  0.5199999810
  0.4000000060  0.5199999810
  0.4199999870  0.5199999810
  0.4399999980  0.5199999810
  0.4600000080  0.5199999810
  0.4799999890  0.5199999810
  0.5000000000  0.5199999810
  0.0000000000  0.5400000210
  0.0199999996  0.5400000210
  0.0399999991  0.5400000210
  0.0599999987  0.5400000210
  0.0799999982  0.5400000210
  0.1000000010  0.5400000210
  0.1199999970  0.5400000210
  0.1400000010  0.5400000210
  0.1599999960  0.5400000210
  0.1800000070  0.5400000210
  0.2000000030  0.5400000210
  0.2199999990  0.5400000210
  0.2399999950  0.5400000210
  0.2599999900  0.5400000210
  0.2800000010  0.5400000210
  0.3000000120  0.5400000210
  0.3199999930  0.5400000210
  0.3400000040  0.5400000210
  0.3600000140  0.5400000210
  0.3799999950  0.5400000210
  0.4000000060  0.5400000210
  0.4199999870  0.5400000210
  0.4399999980  0.5400000210
  0.4600000080  0.5400000210
  0.4799999890  0.5400000210
  0.5000000000  0.5400000210
  0.0000000000  0.5600000020
  0.0199999996  0.5600000020
  0.0399999991  0.5600000020
  0.0599999987  0.5600000020
  0.0799999982  0.5600000020
  0.1000000010  0.5600000020
  0.1199999970  0.5600000020
  0.1400000010  0.5600000020
  0.1599999960  0.5600000020
  0.1800000070  0.5600000020
  0.2000000030  0.5600000020
  0.2199999990  0.5600000020
  0.2399999950  0.5600000020
  0.2599999900  0.5600000020
  0.2800000010  0.5600000020
  0.3000000120  0.5600000020
  0.3199999930  0.5600000020
  0.3400000040  0.5600000020
  0.3600000140  0.5600000020
  0.3799999950  0.5600000020
  0.4000000060  0.5600000020
  0.4199999870  0.5600000020
  0.4399999980  0.5600000020
  0.4600000080  0.5600000020
  0.4799999890  0.5600000020
  0.5000000000  0.5600000020
  0.0000000000  0.5799999830
  0.0199999996  0.5799999830
  0.0399999991  0.5799999830
  0.0599999987  0.5799999830
  0.0799999982  0.5799999830
  0.1000000010  0.5799999830
  0.1199999970  0.5799999830
  0.1400000010  0.5799999830
  0.1599999960  0.5799999830
  0.1800000070  0.5799999830
  0.2000000030  0.5799999830
  0.2199999990  0.5799999830
  0.2399999950  0.5799999830
  0.2599999900  0.5799999830
  0.2800000010  0.5799999830
  0.3000000120  0.5799999830
  0.3199999930  0.5799999830
  0.3400000040  0.5799999830
  0.3600000140  0.5799999830
  0.3799999950  0.5799999830
  0.4000000060  0.5799999830
  0.4199999870  0.5799999830
  0.4399999980  0.5799999830
  0.4600000080  0.5799999830
  0.4799999890  0.5799999830
  0.5000000000  0.5799999830
  0.0000000000  0.6000000240
  0.0199999996  0.6000000240
  0.0399999991  0.6000000240
  0.0599999987  0.6000000240
  0.0799999982  0.6000000240
  0.1000000010  0.6000000240
  0.1199999970  0.6000000240
  0.1400000010  0.6000000240
  0.1599999960  0.6000000240
  0.1800000070  0.6000000240
  0.2000000030  0.6000000240
  0.2199999990  0.6000000240
  0.2399999950  0.6000000240
  0.2599999900  0.6000000240
  0.2800000010  0.6000000240
  0.3000000120  0.6000000240
  0.3199999930  0.6000000240
  0.3400000040  0.6000000240
  0.3600000140  0.6000000240
  0.3799999950  0.6000000240
  0.4000000060  0.6000000240
  0.4199999870  0.6000000240
  0.4399999980  0.6000000240
  0.4600000080  0.6000000240
  0.4799999890  0.6000000240
  0.5000000000  0.6000000240
  0.0000000000  0.6200000050
  0.0199999996  0.6200000050
  0.0399999991  0.6200000050
  0.0599999987  0.6200000050
  0.0799999982  0.6200000050
  0.1000000010  0.6200000050
  0.1199999970  0.6200000050
  0.1400000010  0.6200000050
  0.1599999960  0.6200000050
  0.1800000070  0.6200000050
  0.2000000030  0.6200000050
  0.2199999990  0.6200000050
  0.2399999950  0.6200000050
  0.2599999900  0.6200000050
  0.2800000010  0.6200000050
  0.3000000120  0.6200000050
  0.3199999930  0.6200000050
  0.3400000040  0.6200000050
  0.3600000140  0.6200000050
  0.3799999950  0.6200000050
  0.4000000060  0.6200000050
  0.4199999870  0.6200000050
  0.4399999980  0.6200000050
  0.4600000080  0.6200000050
  0.4799999890  0.6200000050
  0.5000000000  0.6200000050
  0.0000000000  0.6399999860
  0.0199999996  0.6399999860
  0.0399999991  0.6399999860
  0.0599999987  0.6399999860
  0.0799999982  0.6399999860
  0.1000000010  0.6399999860
  0.1199999970  0.6399999860
  0.1400000010  0.6399999860
  0.1599999960  0.6399999860
  0.1800000070  0.6399999860
  0.2000000030  0.6399999860
  0.2199999990  0.6399999860
  0.2399999950  0.6399999860
  0.2599999900  0.6399999860
  0.2800000010  0.6399999860
  0.3000000120  0.6399999860
  0.3199999930  0.6399999860
  0.3400000040  0.6399999860
  0.3600000140  0.6399999860
  0.3799999950  0.6399999860
  0.4000000060  0.6399999860
  0.4199999870  0.6399999860
  0.4399999980  0.6399999860
  0.4600000080  0.6399999860
  0.4799999890  0.6399999860
  0.5000000000  0.6399999860
  0.0000000000  0.6600000260
  0.0199999996  0.6600000260
  0.0399999991  0.6600000260
  0.0599999987  0.6600000260
  0.0799999982  0.6600000260
  0.1000000010  0.6600000260
  0.1199999970  0.6600000260
  0.1400000010  0.6600000260
  0.1599999960  0.6600000260
  0.1800000070  0.6600000260
  0.2000000030  0.6600000260
  0.2199999990  0.6600000260
  0.2399999950  0.6600000260
  0.2599999900  0.6600000260
  0.2800000010  0.6600000260
  0.3000000120  0.6600000260
  0.3199999930  0.6600000260
  0.3400000040  0.6600000260
  0.3600000140  0.6600000260
  0.3799999950  0.6600000260
  0.4000000060  0.6600000260
  0.4199999870  0.6600000260
  0.4399999980  0.6600000260
  0.4600000080  0.6600000260
  0.4799999890  0.6600000260
  0.5000000000  0.6600000260
  0.0000000000  0.6800000070
  0.0199999996  0.6800000070
  0.0399999991  0.6800000070
  0.0599999987  0.6800000070
  0.0799999982  0.6800000070
  0.1000000010  0.6800000070
  0.1199999970  0.6800000070
  0.1400000010  0.6800000070
  0.1599999960  0.6800000070
  0.1800000070  0.6800000070
  0.2000000030  0.6800000070
  0.2199999990  0.6800000070
  0.2399999950  0.6800000070
  0.2599999900  0.6800000070
  0.2800000010  0.6800000070
  0.3000000120  0.6800000070
  0.3199999930  0.6800000070
  0.3400000040  0.6800000070
  0.3600000140  0.6800000070
  0.3799999950  0.6800000070
  0.4000000060  0.6800000070
  0.4199999870  0.6800000070
  0.4399999980  0.6800000070
  0.4600000080  0.6800000070
  0.4799999890  0.6800000070
  0.5000000000  0.6800000070
  0.0000000000  0.6999999880
  0.0199999996  0.6999999880
  0.0399999991  0.6999999880
  0.0599999987  0.6999999880
  0.0799999982  0.6999999880
  0.1000000010  0.6999999880
  0.1199999970  0.6999999880
  0.1400000010  0.6999999880
  0.1599999960  0.6999999880
  0.1800000070  0.6999999880
  0.2000000030  0.6999999880
  0.2199999990  0.6999999880
  0.2399999950  0.6999999880
  0.2599999900  0.6999999880
  0.2800000010  0.6999999880
  0.3000000120  0.6999999880
  0.3199999930  0.6999999880
  0.3400000040  0.6999999880
  0.3600000140  0.6999999880
  0.3799999950  0.6999999880
  0.4000000060  0.6999999880
  0.4199999870  0.6999999880
  0.4399999980  0.6999999880
  0.4600000080  0.6999999880
  0.4799999890  0.6999999880
  0.5000000000  0.6999999880
  0.0000000000  0.7200000290
  0.0199999996  0.7200000290
  0.0399999991  0.7200000290
  0.0599999987  0.7200000290
  0.0799999982  0.7200000290
  0.1000000010  0.7200000290
  0.1199999970  0.7200000290
  0.1400000010  0.7200000290
  0.1599999960  0.7200000290
  0.1800000070  0.7200000290
  0.2000000030  0.7200000290
  0.2199999990  0.7200000290
  0.2399999950  0.7200000290
  0.2599999900  0.7200000290
  0.2800000010  0.7200000290
  0.3000000120  0.7200000290
  0.3199999930  0.7200000290
  0.3400000040  0.7200000290
  0.3600000140  0.7200000290
  0.3799999950  0.7200000290
  0.4000000060  0.7200000290
  0.4199999870  0.7200000290
  0.4399999980  0.7200000290
  0.4600000080  0.7200000290
  0.4799999890  0.7200000290
  0.5000000000  0.7200000290
  0.0000000000  0.7400000100
  0.0199999996  0.7400000100
  0.0399999991  0.7400000100
  0.0599999987  0.7400000100
  0.0799999982  0.7400000100
  0.1000000010  0.7400000100
  0.1199999970  0.7400000100
  0.1400000010  0.7400000100
  0.1599999960  0.7400000100
  0.1800000070  0.7400000100
  0.2000000030  0.7400000100
  0.2199999990  0.7400000100
  0.2399999950  0.7400000100
  0.2599999900  0.7400000100
  0.2800000010  0.7400000100
  0.3000000120  0.7400000100
  0.3199999930  0.7400000100
  0.3400000040  0.7400000100
  0.3600000140  0.7400000100
  0.3799999950  0.7400000100
  0.4000000060  0.7400000100
  0.4199999870  0.7400000100
  0.4399999980  0.7400000100
  0.4600000080  0.7400000100
  0.4799999890  0.7400000100
  0.5000000000  0.7400000100
  0.0000000000  0.7599999900
  0.0199999996  0.7599999900
  0.0399999991  0.7599999900
  0.0599999987  0.7599999900
  0.0799999982  0.7599999900
  0.1000000010  0.7599999900
  0.1199999970  0.7599999900
  0.1400000010  0.7599999900
  0.1599999960  0.7599999900
  0.1800000070  0.7599999900
  0.2000000030  0.7599999900
  0.2199999990  0.7599999900
  0.2399999950  0.7599999900
  0.2599999900  0.7599999900
  0.2800000010  0.7599999900
  0.3000000120  0.7599999900
  0.3199999930  0.7599999900
  0.3400000040  0.7599999900
  0.3600000140  0.7599999900
  0.3799999950  0.7599999900
  0.4000000060  0.7599999900
  0.4199999870  0.7599999900
  0.4399999980  0.7599999900
  0.4600000080  0.7599999900
  0.4799999890  0.7599999900
  0.5000000000  0.7599999900
  0.0000000000  0.7799999710
  0.0199999996  0.7799999710
  0.0399999991  0.7799999710
  0.0599999987  0.7799999710
  0.0799999982  0.7799999710
  0.1000000010  0.7799999710
  0.1199999970  0.7799999710
  0.1400000010  0.7799999710
  0.1599999960  0.7799999710
  0.1800000070  0.7799999710
  0.2000000030  0.7799999710
  0.2199999990  0.7799999710
  0.2399999950  0.7799999710
  0.2599999900  0.7799999710
  0.2800000010  0.7799999710
  0.3000000120  0.7799999710
  0.3199999930  0.7799999710
  0.3400000040  0.7799999710
  0.3600000140  0.7799999710
  0.3799999950  0.7799999710
  0.4000000060  0.7799999710
  0.4199999870  0.7799999710
  0.4399999980  0.7799999710
  0.4600000080  0.7799999710
  0.4799999890  0.7799999710
  0.5000000000  0.7799999710
  0.0000000000  0.8000000120
  0.0199999996  0.8000000120
  0.0399999991  0.8000000120
  0.0599999987  0.8000000120
  0.0799999982  0.8000000120
  0.1000000010  0.8000000120
  0.1199999970  0.8000000120
  0.1400000010  0.8000000120
  0.1599999960  0.8000000120
  0.1800000070  0.8000000120
  0.2000000030  0.8000000120
  0.2199999990  0.8000000120
  0.2399999950  0.8000000120
  0.2599999900  0.8000000120
  0.2800000010  0.8000000120
  0.3000000120  0.8000000120
  0.3199999930  0.8000000120
  0.3400000040  0.8000000120
  0.3600000140  0.8000000120
  0.3799999950  0.8000000120
  0.4000000060  0.8000000120
  0.4199999870  0.8000000120
  0.4399999980  0.8000000120
  0.4600000080  0.8000000120
  0.4799999890  0.8000000120
  0.5000000000  0.8000000120
  0.0000000000  0.8199999930
  0.0199999996  0.8199999930
  0.0399999991  0.8199999930
  0.0599999987  0.8199999930
  0.0799999982  0.8199999930
  0.1000000010  0.8199999930
  0.1199999970  0.8199999930
  0.1400000010  0.8199999930
  0.1599999960  0.8199999930
  0.1800000070  0.8199999930
  0.2000000030  0.8199999930
  0.2199999990  0.8199999930
  0.2399999950  0.8199999930
  0.2599999900  0.8199999930
  0.2800000010  0.8199999930
  0.3000000120  0.8199999930
  0.3199999930  0.8199999930
  0.3400000040  0.8199999930
  0.3600000140  0.8199999930
  0.3799999950  0.8199999930
  0.4000000060  0.8199999930
  0.4199999870  0.8199999930
  0.4399999980  0.8199999930
  0.4600000080  0.8199999930
  0.4799999890  0.8199999930
  0.5000000000  0.8199999930
  0.0000000000  0.8399999740
  0.0199999996  0.8399999740
  0.0399999991  0.8399999740
  0.0599999987  0.8399999740
  0.0799999982  0.8399999740
  0.1000000010  0.8399999740
  0.1199999970  0.8399999740
  0.1400000010  0.8399999740
  0.1599999960  0.8399999740
  0.1800000070  0.8399999740
  0.2000000030  0.8399999740
  0.2199999990  0.8399999740
  0.2399999950  0.8399999740
  0.2599999900  0.8399999740
  0.2800000010  0.8399999740
  0.3000000120  0.8399999740
  0.3199999930  0.8399999740
  0.3400000040  0.8399999740
  0.3600000140  0.8399999740
  0.3799999950  0.8399999740
  0.4000000060  0.8399999740
  0.4199999870  0.8399999740
  0.4399999980  0.8399999740
  0.4600000080  0.8399999740
  0.4799999890  0.8399999740
  0.5000000000  0.8399999740
  0.0000000000  0.8600000140
  0.0199999996  0.8600000140
  0.0399999991  0.8600000140
  0.0599999987  0.8600000140
  0.0799999982  0.8600000140
  0.1000000010  0.8600000140
  0.1199999970  0.8600000140
  0.1400000010  0.8600000140
  0.1599999960  0.8600000140
  0.1800000070  0.8600000140
  0.2000000030  0.8600000140
  0.2199999990  0.8600000140
  0.2399999950  0.8600000140
  0.2599999900  0.8600000140
  0.2800000010  0.8600000140
  0.3000000120  0.8600000140
  0.3199999930  0.8600000140
  0.3400000040  0.8600000140
  0.3600000140  0.8600000140
  0.3799999950  0.8600000140
  0.4000000060  0.8600000140
  0.4199999870  0.8600000140
  0.4399999980  0.8600000140
  0.4600000080  0.8600000140
  0.4799999890  0.8600000140
  0.5000000000  0.8600000140
  0.0000000000  0.8799999950
  0.0199999996  0.8799999950
  0.0399999991  0.8799999950
  0.0599999987  0.8799999950
  0.0799999982  0.8799999950
  0.1000000010  0.8799999950
  0.1199999970  0.8799999950
  0.1400000010  0.8799999950
  0.1599999960  0.8799999950
  0.1800000070  0.8799999950
  0.2000000030  0.8799999950
  0.2199999990  0.8799999950
  0.2399999950  0.8799999950
  0.2599999900  0.8799999950
  0.2800000010  0.8799999950
  0.3000000120  0.8799999950
  0.3199999930  0.8799999950
  0.3400000040  0.8799999950
  0.3600000140  0.8799999950
  0.3799999950  0.8799999950
  0.4000000060  0.8799999950
  0.4199999870  0.8799999950
  0.4399999980  0.8799999950
  0.4600000080  0.8799999950
  0.4799999890  0.8799999950
  0.5000000000  0.8799999950
  0.0000000000  0.8999999760
  0.0199999996  0.8999999760
  0.0399999991  0.8999999760
  0.0599999987  0.8999999760
  0.0799999982  0.8999999760
  0.1000000010  0.8999999760
  0.1199999970  0.8999999760
  0.1400000010  0.8999999760
  0.1599999960  0.8999999760
  0.1800000070  0.8999999760
  0.2000000030  0.8999999760
  0.2199999990  0.8999999760
  0.2399999950  0.8999999760
  0.2599999900  0.8999999760
  0.2800000010  0.8999999760
  0.3000000120  0.8999999760
  0.3199999930  0.8999999760
  0.3400000040  0.8999999760
  0.3600000140  0.8999999760
  0.3799999950  0.8999999760
  0.4000000060  0.8999999760
  0.4199999870  0.8999999760
  0.4399999980  0.8999999760
  0.4600000080  0.8999999760
  0.4799999890  0.8999999760
  0.5000000000  0.8999999760
  0.0000000000  0.9200000170
  0.0199999996  0.9200000170
  0.0399999991  0.9200000170
  0.0599999987  0.9200000170
  0.0799999982  0.9200000170
  0.1000000010  0.9200000170
  0.1199999970  0.9200000170
  0.1400000010  0.9200000170
  0.1599999960  0.9200000170
  0.1800000070  0.9200000170
  0.2000000030  0.9200000170
  0.2199999990  0.9200000170
  0.2399999950  0.9200000170
  0.2599999900  0.9200000170
  0.2800000010  0.9200000170
  0.3000000120  0.9200000170
  0.3199999930  0.9200000170
  0.3400000040  0.9200000170
  0.3600000140  0.9200000170
  0.3799999950  0.9200000170
  0.4000000060  0.9200000170
  0.4199999870  0.9200000170
  0.4399999980  0.9200000170
  0.4600000080  0.9200000170
  0.4799999890  0.9200000170
  0.5000000000  0.9200000170
  0.0000000000  0.9399999980
  0.0199999996  0.9399999980
  0.0399999991  0.9399999980
  0.0599999987  0.9399999980
  0.0799999982  0.9399999980
  0.1000000010  0.9399999980
  0.1199999970  0.9399999980
  0.1400000010  0.9399999980
  0.1599999960  0.9399999980
  0.1800000070  0.9399999980
  0.2000000030  0.9399999980
  0.2199999990  0.9399999980
  0.2399999950  0.9399999980
  0.2599999900  0.9399999980
  0.2800000010  0.9399999980
  0.3000000120  0.9399999980
  0.3199999930  0.9399999980
  0.3400000040  0.9399999980
  0.3600000140  0.9399999980
  0.3799999950  0.9399999980
  0.4000000060  0.9399999980
  0.4199999870  0.9399999980
  0.4399999980  0.9399999980
  0.4600000080  0.9399999980
  0.4799999890  0.9399999980
  0.5000000000  0.9399999980
  0.0000000000  0.9599999790
  0.0199999996  0.9599999790
  0.0399999991  0.9599999790
  0.0599999987  0.9599999790
  0.0799999982  0.9599999790
  0.1000000010  0.9599999790
  0.1199999970  0.9599999790
  0.1400000010  0.9599999790
  0.1599999960  0.9599999790
  0.1800000070  0.9599999790
  0.2000000030  0.9599999790
  0.2199999990  0.9599999790
  0.2399999950  0.9599999790
  0.2599999900  0.9599999790
  0.2800000010  0.9599999790
  0.3000000120  0.9599999790
  0.3199999930  0.9599999790
  0.3400000040  0.9599999790
  0.3600000140  0.9599999790
  0.3799999950  0.9599999790
  0.4000000060  0.9599999790
  0.4199999870  0.9599999790
  0.4399999980  0.9599999790
  0.4600000080  0.9599999790
  0.4799999890  0.9599999790
  0.5000000000  0.9599999790
  0.0000000000  0.9800000190
  0.0199999996  0.9800000190
  0.0399999991  0.9800000190
  0.0599999987  0.9800000190
  0.0799999982  0.9800000190
  0.1000000010  0.9800000190
  0.1199999970  0.9800000190
  0.1400000010  0.9800000190
  0.1599999960  0.9800000190
  0.1800000070  0.9800000190
  0.2000000030  0.9800000190
  0.2199999990  0.9800000190
  0.2399999950  0.9800000190
  0.2599999900  0.9800000190
  0.2800000010  0.9800000190
  0.3000000120  0.9800000190
  0.3199999930  0.9800000190
  0.3400000040  0.9800000190
  0.3600000140  0.9800000190
  0.3799999950  0.9800000190
  0.4000000060  0.9800000190
  0.4199999870  0.9800000190
  0.4399999980  0.9800000190
  0.4600000080  0.9800000190
  0.4799999890  0.9800000190
  0.5000000000  0.9800000190
  0.0000000000  1.0000000000
  0.0199999996  1.0000000000
  0.0399999991  1.0000000000
  0.0599999987  1.0000000000
  0.0799999982  1.0000000000
  0.1000000010  1.0000000000
  0.1199999970  1.0000000000
  0.1400000010  1.0000000000
  0.1599999960  1.0000000000
  0.1800000070  1.0000000000
  0.2000000030  1.0000000000
  0.2199999990  1.0000000000
  0.2399999950  1.0000000000
  0.2599999900  1.0000000000
  0.2800000010  1.0000000000
  0.3000000120  1.0000000000
  0.3199999930  1.0000000000
  0.3400000040  1.0000000000
  0.3600000140  1.0000000000
  0.3799999950  1.0000000000
  0.4000000060  1.0000000000
  0.4199999870  1.0000000000
  0.4399999980  1.0000000000
  0.4600000080  1.0000000000
  0.4799999890  1.0000000000
  0.5000000000  1.0000000000
