862
810
777
777
853
448
410
509
447
447
862
862
863
863
860
860
860
860
860
860
874
875
874
874
874
874
877
877
878
878
878
878
878
878
878
808
808
808
808
808
808
808
808
810
810
810
810
810
810
810
810
827
827
827
827
827
827
827
826
826
826
798
798
798
798
798
798
792
792
792
792
792
792
792
792
795
795
795
795
795
770
770
770
770
770
770
770
774
774
774
774
774
775
775
775
775
775
775
775
775
782
782
782
782
780
780
780
780
780
780
780
780
780
778
778
779
779
779
779
779
776
776
776
776
776
776
776
777
777
777
777
777
777
777
777
777
777
777
776
776
776
776
776
779
779
779
779
779
779
778
778
778
778
778
781
781
781
781
781
781
781
781
783
783
783
783
772
772
772
772
772
773
773
773
773
773
769
769
769
769
769
769
769
790
790
790
790
790
790
789
789
789
785
785
785
785
785
785
785
784
784
784
822
822
822
822
822
820
820
821
821
821
821
821
821
853
853
852
852
852
852
852
852
855
855
855
855
855
854
854
854
854
862
862
862
862
858
858
858
858
858
859
859
859
859
859
841
841
841
841
841
842
842
843
843
843
843
847
847
846
846
846
941
941
941
941
941
941
938
938
938
938
938
939
939
939
939
951
951
951
951
951
951
951
951
944
944
944
944
944
944
997
997
997
997
997
998
998
998
998
998
1004
1004
1004
1004
1005
1005
1005
1005
1007
1007
1007
1007
1007
638
638
638
638
620
639
639
639
632
632
632
633
633
626
626
626
630
630
630
625
629
629
629
624
624
624
533
533
533
533
533
533
533
534
534
534
534
521
521
521
523
526
526
526
526
527
527
527
527
527
517
735
694
694
694
694
694
725
725
725
725
725
724
724
713
713
713
713
713
712
712
715
715
715
715
715
715
717
717
717
717
760
760
760
762
756
756
756
756
756
756
756
756
740
758
758
758
744
759
759
745
745
745
745
252
252
252
252
255
255
255
255
255
255
246
246
246
246
244
245
245
245
237
237
237
214
214
215
215
215
215
210
210
210
211
211
211
211
211
222
222
222
222
222
220
220
220
220
86
86
86
86
86
86
86
84
84
84
84
84
84
84
84
92
92
92
92
92
95
95
94
94
94
94
121
121
121
122
122
122
122
123
123
123
123
123
111
111
110
110
110
110
110
105
105
105
105
105
105
104
104
104
282
282
282
283
280
283
283
283
283
259
259
259
256
256
256
256
256
256
262
262
262
262
262
262
294
294
294
294
294
295
295
289
289
289
289
349
349
349
349
349
290
345
345
345
345
345
345
488
488
488
492
492
492
492
492
494
494
494
494
494
468
468
468
468
453
453
453
453
453
453
453
448
448
448
448
448
450
452
452
456
456
456
456
456
456
463
463
463
463
462
462
462
462
462
413
413
413
414
414
414
414
414
415
409
409
408
408
408
410
410
410
410
410
410
410
410
406
406
406
406
407
407
407
407
404
404
405
405
405
405
335
335
335
335
335
334
334
334
334
323
323
323
323
322
322
322
322
361
361
361
361
361
360
360
363
363
363
362
362
362
362
362
381
381
381
381
381
381
380
380
380
380
371
371
371
371
370
370
370
370
370
370
372
372
372
373
373
373
373
373
373
39
39
39
39
38
38
38
38
38
32
32
35
35
35
35
35
35
35
35
30
30
30
30
30
30
30
28
28
28
28
28
28
28
13
13
13
13
13
12
12
12
12
9
9
9
9
9
148
148
148
148
148
148
148
148
149
149
156
156
156
156
156
156
156
156
159
159
159
158
158
158
158
183
183
183
183
183
182
182
182
182
182
182
171
171
171
171
171
171
168
168
168
168
168
168
168
169
169
169
169
169
169
642
642
642
642
643
643
643
643
647
647
647
647
647
657
657
657
656
656
656
656
656
659
659
659
659
659
659
660
660
660
660
660
660
672
672
672
672
676
676
676
676
676
676
678
678
679
679
679
679
679
679
572
572
572
572
575
575
575
575
575
575
564
564
564
564
564
564
564
566
566
566
566
566
566
566
596
596
596
596
593
593
593
593
593
593
594
594
594
594
594
604
604
604
604
605
605
605
605
605
605
605
978
978
978
976
976
976
976
976
976
977
977
977
969
969
969
969
969
969
970
970
970
971
971
971
971
971
971
927
927
927
927
927
927
925
925
922
922
922
922
921
921
921
921
921
921
921
804
804
804
804
804
804
804
807
807
807
807
807
807
807
800
800
800
800
800
812
812
812
812
812
812
813
813
813
813
810
509
509
509
509
509
509
509
509
510
510
510
510
449
449
449
449
449
448
448
853
853
850
850
850
850
850
850
832
832
832
832
836
836
836
836
836
837
837
837
837
934
934
934
934
934
934
934
933
933
933
933
933
933
933
929
929
928
928
928
959
959
959
959
958
958
958
958
956
956
957
957
957
957
1015
1015
1015
1015
1015
1015
1012
1012
1012
1012
1013
1013
1013
1013
1023
1023
1023
1023
1023
1022
1022
1022
1022
1022
618
618
618
618
618
618
619
619
619
619
612
612
612
612
613
613
613
613
611
611
611
611
611
611
543
543
543
543
543
543
539
539
539
539
538
538
538
538
538
538
512
512
512
512
515
515
515
515
515
515
731
731
731
731
731
731
731
731
728
728
728
728
721
721
721
721
720
720
720
720
720
707
707
707
707
706
706
706
706
704
704
704
704
704
739
739
739
739
739
737
737
737
737
737
737
737
750
750
750
750
750
750
749
749
749
224
224
224
224
224
224
224
227
227
227
227
227
227
227
234
234
234
235
235
205
205
205
205
205
204
204
204
204
206
206
206
206
206
206
197
197
197
197
197
199
199
199
199
199
78
78
78
78
76
76
76
76
76
76
66
66
66
66
66
65
65
65
65
65
116
116
116
116
116
116
116
117
117
117
117
117
115
115
115
115
115
115
115
99
99
99
99
99
99
103
103
103
102
102
102
102
102
102
313
313
313
313
313
313
313
313
314
314
314
314
314
310
310
310
311
311
311
311
311
300
300
300
300
302
302
302
297
297
297
297
297
296
296
296
296
296
482
482
482
482
483
481
481
481
481
481
481
481
498
498
498
498
498
498
498
496
496
496
496
496
496
504
504
505
505
505
505
505
508
508
508
508
509
451
451
451
451
451
385
385
384
384
384
384
384
384
420
420
420
420
419
419
419
419
419
419
418
418
418
418
430
430
430
430
430
430
436
436
436
437
437
437
437
437
435
435
435
435
434
434
434
434
434
440
440
440
440
440
440
443
443
443
443
443
442
442
442
444
444
444
444
445
445
445
445
446
446
446
446
447
447
447
447
447
447
447
447
447
447
447
447
447
447
446
446
446
446
446
445
445
445
445
445
445
444
444
442
442
442
442
442
442
443
443
443
441
441
441
441
441
441
433
433
433
432
432
432
432
432
438
438
439
439
429
429
429
429
429
429
429
424
424
424
424
424
424
427
427
426
426
426
427
396
396
396
396
397
397
397
397
399
399
399
399
399
399
411
411
411
410
797
788
768
773
782
780
781
778
779
776
776
776
769
775
780
780
778
781
810
770
778
777
779
776
776
776
776
781
773
783
774
779
785
877
877
877
878
878
878
878
878
878
828
808
808
808
808
808
808
808
810
810
810
810
777
776
776
776
776
776
779
779
779
778
778
778
780
780
780
780
780
782
782
782
782
782
775
775
775
775
775
775
775
774
774
774
774
770
770
770
770
770
770
795
795
795
795
795
792
792
792
792
792
792
792
798
798
798
798
798
798
826
826
826
827
827
827
827
827
827
827
810
810
777
777
777
777
777
852
822
822
822
822
822
784
784
784
785
785
785
785
785
789
789
789
789
790
790
790
790
790
790
769
769
769
769
769
769
773
773
773
773
772
772
772
772
772
783
783
783
781
781
781
781
781
781
778
778
778
778
779
779
779
779
776
776
776
776
777
852
852
855
854
854
862
862
785
774
775
780
778
781
780
792
770
778
778
776
782
769
790
783
781
773
776
860
875
875
875
874
874
877
820
828
776
778
782
770
792
809
809
826
827
827
827
862
821
821
821
820
820
784
790
769
772
783
781
852
852
853
853
790
782
780
781
773
774
877
877
877
877
877
878
878
878
828
808
809
826
826
826
827
777
779
779
778
780
780
780
780
782
782
782
775
775
775
774
775
774
774
774
774
770
770
770
770
770
795
795
795
795
793
793
792
792
792
798
798
798
798
798
798
809
808
808
808
827
810
810
810
827
827
777
853
820
822
822
822
822
784
785
784
784
785
785
785
789
789
789
789
790
790
790
790
769
769
769
773
769
769
773
772
772
772
772
783
783
781
781
781
778
778
778
779
779
777
853
821
854
862
862
821
770
860
860
860
779
861
861
875
791
776
785
820
820
826
809
780
782
774
774
771
771
793
798
828
809
809
810
816
784
784
769
769
773
772
782
781
779
853
780
780
778
782
783
783
782
772
875
875
875
820
877
821
877
783
771
826
809
863
860
821
821
785
790
773
772
862
768
773
774
877
877
877
878
828
828
828
828
809
826
826
809
779
782
782
782
783
783
775
774
775
774
771
770
771
770
795
795
795
795
795
793
793
793
793
792
792
798
798
826
798
798
798
826
827
811
826
827
811
810
827
822
822
822
823
784
784
785
784
789
789
789
789
789
790
790
790
790
768
768
768
773
769
773
772
783
783
783
783
853
862
853
862
863
821
862
863
863
875
809
811
785
793
794
771
791
783
772
875
820
816
783
861
780
877
809
826
772
799
796
809
811
826
826
820
785
771
775
783
860
861
820
775
771
826
820
810
785
784
768
771
772
772
875
821
877
875
821
877
771
863
860
861
861
768
773
773
877
877
828
828
828
828
828
826
809
826
809
775
774
774
768
771
768
795
795
795
793
793
793
793
793
792
793
792
799
799
799
796
811
811
826
811
811
822
823
823
823
823
784
784
784
789
789
789
789
789
791
791
791
791
768
768
768
768
773
773
771
771
772
863
821
809
825
787
773
863
875
794
816
773
796
784
771
783
821
821
809
863
772
877
783
799
796
811
809
822
771
771
861
875
787
768
771
820
775
799
799
825
811
811
811
820
787
768
861
863
820
820
768
825
816
787
816
816
861
817
768
875
875
817
828
828
828
828
828
825
809
828
825
771
794
771
768
795
795
793
793
793
793
793
793
793
793
796
796
799
811
811
823
823
823
823
784
784
784
789
789
789
791
791
791
791
791
791
794
768
771
768
768
771
771
863
821
863
787
787
768
771
799
787
794
794
799
825
811
811
861
817
875
817
809
796
794
771
863
863
825
799
820
828
787
863
825
811
809
820
793
816
799
799
796
825
811
811
820
787
768
861
821
825
817
816
822
768
821
861
817
828
829
829
829
809
829
825
794
791
791
794
794
794
794
788
793
796
823
822
823
823
823
784
786
786
787
788
788
791
791
788
791
791
794
768
863
863
863
794
860
825
820
825
787
799
809
820
829
821
825
816
794
875
829
791
788
799
796
811
791
794
768
799
787
768
799
796
817
794
861
829
787
825
825
831
822
787
875
799
787
796
811
811
811
861
819
817
816
816
817
794
819
861
817
829
829
829
829
825
825
794
788
788
788
823
822
822
823
823
823
786
823
786
787
788
791
791
788
788
791
829
788
799
797
796
861
861
825
787
816
819
817
816
820
794
799
816
797
829
861
861
825
875
825
787
796
794
825
829
787
831
831
820
787
796
796
831
831
819
819
817
861
817
829
829
829
829
825
825
788
788
788
787
823
818
820
823
823
786
786
786
786
788
788
788
797
787
831
787
819
797
830
829
787
831
816
817
831
829
824
819
786
788
816
861
817
816
816
797
861
823
819
824
799
796
831
786
831
796
796
819
819
861
817
829
829
824
831
824
788
799
788
818
818
818
823
786
786
786
786
788
788
786
786
831
824
797
818
830
797
797
831
830
824
788
797
818
817
786
787
818
796
831
819
831
819
816
817
816
816
797
824
831
797
824
819
824
830
831
824
797
818
819
786
786
786
823
824
786
818
819
797
797
797
818
831
797
819
786
819
819
830
824
786
797
797
824
824
830
818
786
831
819
817
817
816
824
796
830
830
831
824
819
819
818
818
819
819
831
797
797
818
824
818
831
824
797
786
818
830
817
824
830
830
830
818
824
817
819
818
824
830
824
830
830
830
830
818
830
824
818
819
831
830
830
818
818
818
818
817
830
830
830
830
830
852
855
854
854
862
862
862
862
863
777
777
863
862
862
853
853
855
853
853
777
777
777
863
778
862
853
853
853
782
782
780
860
774
783
783
782
774
861
774
794
773
771
771
771
875
875
875
875
794
809
794
794
816
811
793
794
795
816
819
788
817
831
818
788
788
797
799
799
831
797
817
830
817
796
830
824
824
796
796
824
831
810
813
813
813
813
808
808
808
808
808
815
879
879
879
878
878
878
878
878
878
878
876
877
874
874
874
874
874
874
874
860
860
860
860
860
860
862
858
858
813
813
813
813
813
813
815
815
815
815
815
879
879
879
879
879
879
876
876
876
876
876
876
876
874
874
874
874
874
872
860
856
856
860
860
858
858
858
858
813
813
813
813
813
815
815
815
815
815
815
879
879
879
879
879
879
876
876
876
876
876
876
876
874
874
874
874
872
872
872
872
856
856
856
856
858
858
858
813
813
813
813
813
815
815
815
815
815
815
815
879
879
879
879
879
876
876
876
876
876
876
874
873
873
873
872
872
872
872
872
872
856
856
856
856
856
856
812
812
812
812
812
815
815
815
815
815
814
814
879
879
879
879
871
876
876
876
870
870
870
873
873
873
873
873
872
872
872
872
872
856
856
856
856
856
858
812
812
812
812
812
814
814
814
814
814
814
814
871
871
871
871
871
871
870
870
870
870
870
873
873
873
873
873
872
872
872
872
872
856
856
856
856
857
857
812
812
812
812
812
814
814
814
814
814
814
814
871
871
871
871
871
871
870
870
870
870
870
873
873
873
873
873
872
872
872
865
865
856
857
857
857
857
857
812
801
801
801
801
814
814
814
814
814
814
814
871
871
871
871
871
870
870
870
870
870
870
873
873
873
873
865
865
865
865
865
865
865
857
857
857
857
857
812
801
801
801
801
801
801
802
802
802
814
871
871
871
871
871
868
870
870
870
870
870
867
873
873
867
865
865
865
865
865
865
865
865
857
857
857
857
857
812
801
801
801
801
801
801
802
802
802
802
869
871
869
869
868
868
868
868
868
867
867
867
867
867
867
867
865
865
865
865
865
865
857
857
857
857
857
857
800
800
801
801
801
801
802
802
802
802
802
869
869
869
869
869
868
868
868
868
868
867
867
867
867
867
867
865
864
864
864
864
864
864
840
857
840
840
859
800
800
800
801
801
801
802
802
802
802
802
869
869
869
869
869
868
868
868
868
868
867
867
867
866
867
867
867
864
864
864
864
864
840
840
840
840
840
840
800
800
800
801
802
802
802
802
802
802
869
869
869
869
869
868
868
868
868
868
868
867
867
866
866
867
866
866
864
864
864
864
864
840
840
840
840
840
840
800
800
800
800
801
803
803
803
803
802
869
869
869
869
869
868
868
888
888
888
888
866
866
866
866
866
866
866
866
864
864
864
864
840
840
840
840
840
840
800
800
800
800
803
803
803
803
803
803
869
891
891
891
891
891
888
888
888
888
888
888
866
866
866
866
866
866
882
882
864
864
883
840
840
840
842
842
841
807
800
800
800
803
803
803
803
803
803
803
891
891
891
891
891
888
888
888
888
888
888
866
866
866
866
866
882
882
882
864
883
883
883
883
842
842
842
842
807
807
807
806
806
806
803
803
803
803
891
891
891
891
891
891
888
888
888
888
888
888
887
887
887
887
882
882
882
883
883
883
883
883
883
842
842
842
842
807
807
806
806
806
806
806
803
803
803
891
891
891
891
891
889
888
888
889
889
889
887
887
887
887
887
887
882
882
883
883
883
883
883
883
842
842
842
842
807
807
806
806
806
806
806
890
890
890
890
891
891
891
889
889
889
889
889
889
889
889
887
887
887
887
887
882
882
883
883
883
883
883
843
843
843
843
843
807
807
807
806
806
806
890
890
890
890
890
890
890
890
889
889
889
889
889
889
889
886
887
887
887
887
887
882
882
882
883
883
880
880
880
843
843
843
843
807
807
807
807
806
806
890
890
890
890
890
890
890
890
889
889
889
889
889
886
886
886
886
886
887
887
887
882
882
882
880
880
880
880
880
880
843
843
843
807
807
807
807
806
806
806
806
890
890
890
890
892
892
892
892
892
892
892
892
886
886
886
886
886
886
886
882
882
882
880
880
880
880
880
880
880
843
843
804
804
804
807
806
806
806
895
895
895
895
895
895
892
892
892
892
892
892
892
892
886
886
886
886
886
886
882
882
881
880
880
880
880
880
880
847
843
843
804
804
804
805
805
805
805
895
895
895
895
895
895
895
892
892
892
892
892
892
892
886
886
886
886
886
884
884
884
881
881
881
881
881
881
847
847
847
847
804
804
804
805
805
805
805
805
895
895
895
895
895
895
892
893
893
893
893
885
885
885
885
885
885
884
884
884
884
881
881
881
881
881
881
881
847
846
846
804
804
804
805
805
805
805
805
895
895
895
895
895
894
893
893
893
893
893
885
885
885
885
885
885
884
884
884
884
884
884
881
881
881
881
881
846
846
846
804
804
804
805
805
805
805
805
894
894
894
894
894
894
894
893
893
893
893
893
885
885
885
885
885
884
884
884
884
884
901
881
881
881
881
846
846
846
846
804
804
804
804
805
805
805
894
894
894
894
894
894
894
894
893
893
893
893
893
885
885
885
885
885
884
884
901
901
901
901
901
901
881
846
846
846
897
897
921
921
921
921
805
805
894
894
894
894
894
894
894
894
893
893
893
893
893
885
885
902
902
902
884
884
884
901
901
901
896
901
896
896
897
846
897
897
941
804
921
921
921
920
920
920
920
920
914
914
914
914
914
914
914
913
913
913
902
902
902
902
902
902
884
901
901
901
901
896
896
896
897
897
897
897
897
941
921
921
921
920
920
920
920
920
920
914
914
914
914
914
914
914
913
913
913
913
902
902
902
902
901
901
901
901
901
901
896
896
896
897
897
897
897
897
941
921
921
921
920
920
920
920
920
920
914
914
914
914
914
914
914
913
913
913
913
913
902
902
902
900
901
901
901
900
896
896
896
896
896
896
897
897
897
941
921
921
921
921
920
920
920
920
914
915
915
915
915
914
914
913
913
913
913
913
902
902
902
902
900
900
900
900
900
900
896
896
896
896
896
897
897
897
941
921
922
922
920
920
920
923
923
915
915
915
915
915
915
915
913
913
913
913
913
902
902
902
902
900
900
900
900
900
900
899
896
896
896
899
897
897
938
941
921
922
922
922
922
923
923
923
923
915
915
915
915
915
915
913
913
912
912
912
912
912
903
903
900
900
900
900
900
899
899
899
896
899
899
899
899
938
938
921
922
922
922
922
923
923
923
923
915
915
915
915
915
916
916
912
912
912
912
912
912
903
903
903
903
900
900
900
899
899
899
899
899
899
899
899
938
938
921
921
922
922
923
923
923
923
923
923
917
917
915
915
916
916
912
912
912
912
912
912
903
903
903
903
903
903
899
899
899
899
899
899
898
899
938
938
938
922
922
922
922
923
923
923
923
923
917
917
917
917
916
916
916
912
912
912
912
912
903
903
903
903
903
903
903
903
898
898
898
898
898
898
939
939
938
938
922
922
925
925
925
923
923
923
917
917
917
917
917
916
916
916
916
916
916
912
912
903
903
903
903
909
909
909
909
898
898
898
898
898
898
939
939
939
939
922
922
925
925
925
925
925
924
917
917
917
917
917
917
916
916
916
916
908
908
908
908
909
909
909
909
909
909
909
909
898
898
898
898
898
939
939
939
939
925
925
925
925
925
925
924
924
924
917
917
917
917
916
916
916
916
908
908
908
908
908
908
909
909
909
909
909
909
905
905
898
898
898
898
939
939
939
939
925
925
925
925
924
924
924
924
924
924
917
917
917
916
916
916
908
908
908
908
908
908
908
909
909
909
905
905
905
905
905
905
898
898
939
939
939
939
939
927
927
925
925
924
924
924
924
924
924
919
919
918
918
918
918
918
918
908
908
908
908
908
909
909
909
905
905
905
905
905
904
904
904
904
950
950
950
950
927
927
925
925
924
924
924
924
924
919
919
919
918
918
918
918
918
918
908
908
911
911
908
906
906
905
905
905
905
905
904
904
904
904
904
950
950
950
951
927
927
927
926
926
924
924
924
919
919
919
919
918
918
918
918
918
911
911
911
911
911
910
910
906
906
905
905
905
905
904
904
904
904
904
950
950
951
951
927
927
927
926
926
926
926
926
919
919
919
919
918
918
918
918
911
911
911
911
911
911
910
910
910
906
906
905
905
907
904
904
904
904
904
950
950
951
951
927
927
927
926
926
926
926
926
919
919
919
919
918
918
918
911
911
911
911
911
911
911
910
910
910
906
906
906
906
907
907
907
904
904
904
950
950
951
951
927
927
927
926
926
926
926
926
919
919
919
919
973
973
973
911
911
911
911
910
910
910
910
910
906
906
906
906
906
907
907
907
945
904
945
950
950
950
950
971
971
927
927
926
926
926
926
926
919
919
919
973
973
973
973
973
973
910
910
910
910
910
910
906
906
906
906
906
906
945
945
945
945
945
945
950
950
950
971
971
927
927
926
926
974
974
974
972
972
972
973
973
973
973
973
973
910
910
910
910
910
906
906
906
961
961
907
945
945
945
945
945
945
945
950
950
944
971
971
971
971
926
974
974
974
974
972
972
972
972
973
973
973
973
973
962
962
962
962
961
961
961
961
961
961
907
907
945
945
945
945
945
945
944
944
944
971
971
971
971
926
974
974
974
974
972
972
972
972
972
973
973
973
962
962
962
962
962
961
961
961
961
961
961
907
907
907
907
907
945
945
945
944
944
944
971
971
971
971
971
974
974
974
974
974
972
972
972
972
972
973
962
962
962
962
962
962
962
961
961
961
961
961
907
907
907
907
907
996
996
944
944
944
944
971
970
970
970
971
974
974
974
974
972
972
972
972
972
972
963
962
962
962
962
962
962
961
961
961
961
961
907
907
907
907
994
996
996
996
996
944
944
944
970
970
970
970
970
970
974
974
974
974
974
972
972
963
963
963
963
962
962
963
963
963
963
960
960
960
960
994
994
994
994
994
996
996
996
996
997
944
944
970
970
970
970
970
968
968
968
968
975
975
975
975
975
963
963
963
963
963
963
963
963
963
960
960
960
960
960
994
994
994
994
996
996
996
996
997
997
997
970
970
970
970
968
968
968
968
968
975
975
975
975
975
975
963
963
963
963
963
963
967
967
960
960
960
960
960
994
994
994
994
996
996
996
996
997
997
997
969
969
970
970
968
968
968
968
968
975
975
975
975
975
975
965
965
965
965
967
967
967
967
967
960
960
960
960
994
994
994
994
996
996
996
996
997
997
997
969
969
969
970
968
968
968
968
968
968
975
975
975
975
975
965
965
965
965
967
967
967
967
966
960
960
960
960
960
994
994
994
994
996
996
995
997
997
997
969
969
969
970
970
968
968
968
968
975
964
964
964
975
965
965
965
965
965
967
967
967
967
966
966
960
966
966
994
994
993
993
995
995
995
995
995
997
997
969
969
969
969
969
982
982
982
982
964
964
964
964
964
964
965
965
965
965
965
967
967
967
966
966
966
966
966
966
993
993
993
993
995
995
995
995
998
998
969
969
969
977
977
982
982
982
982
964
964
964
964
964
964
964
964
965
965
965
967
967
967
966
966
966
966
966
993
993
993
993
993
993
995
995
998
998
998
969
969
969
977
977
977
982
982
982
982
964
964
964
964
964
964
964
965
965
965
967
967
966
966
966
966
966
993
993
993
993
993
993
993
995
995
998
998
998
977
977
977
977
977
982
982
982
982
983
983
983
983
983
983
985
985
985
985
985
985
967
966
966
966
986
992
992
993
993
993
993
993
995
995
995
998
998
998
977
977
977
977
977
982
982
982
982
983
983
983
983
983
983
985
985
985
985
985
985
985
986
986
986
986
986
992
992
992
992
992
992
992
995
995
995
998
998
977
977
977
977
977
977
982
982
983
983
983
983
983
983
985
985
985
985
985
985
985
985
986
986
986
986
986
992
992
992
992
992
992
992
995
995
995
998
998
976
976
977
977
977
982
982
980
983
983
983
983
983
985
985
985
984
984
984
984
987
986
986
986
986
986
986
986
992
992
992
992
992
1002
995
1002
1004
1004
1004
976
976
976
977
980
980
980
980
980
983
981
981
981
981
981
981
984
984
984
984
987
987
986
986
986
986
986
1003
1003
992
992
992
1002
1002
1002
1002
1002
1004
1004
976
976
976
976
980
980
980
980
980
981
981
981
981
981
981
981
984
984
984
984
984
987
987
986
987
987
1003
1003
1003
1003
1003
1003
1002
1002
1002
1002
1002
1004
1004
976
976
976
976
980
980
980
980
980
981
981
981
981
981
981
981
984
984
984
984
984
984
987
987
987
987
987
1003
1003
1003
1003
1003
1003
1002
1002
1002
1002
1004
1004
976
976
976
976
980
980
980
980
981
981
981
981
989
989
989
989
989
984
984
984
984
984
987
987
987
987
987
1003
1003
1003
1003
1003
1003
1002
1002
1002
1002
1005
1005
976
978
978
978
978
980
980
980
980
979
979
989
989
989
989
989
989
990
990
990
990
987
987
987
987
987
987
1003
1003
1003
1003
1001
1001
1002
1002
1002
1005
1005
1005
978
978
978
978
978
980
980
979
979
979
979
979
989
989
989
989
989
990
990
990
990
990
987
991
991
991
991
1000
1000
1000
1001
1001
1001
1001
1001
1001
1001
1005
1005
978
978
978
978
978
979
979
979
979
979
979
979
989
989
989
989
988
990
990
990
990
990
990
991
991
991
991
1000
1000
1000
1000
1001
1001
1001
1001
1001
1001
1007
1005
978
978
978
978
978
978
979
979
979
979
979
989
989
989
989
988
988
988
988
990
990
990
991
991
991
991
991
1000
1000
1000
1000
1001
1001
1001
1001
1001
1007
1007
1007
605
605
605
978
978
978
979
979
979
979
979
602
602
988
988
988
988
988
988
990
990
990
991
991
991
991
991
1000
1000
1000
1000
1000
1001
1001
1001
1007
1007
1007
1007
605
605
605
607
607
607
607
607
607
602
602
602
602
988
988
988
988
988
990
990
990
991
991
991
991
991
991
1000
1000
1000
1000
1000
636
636
636
636
1007
1007
1007
605
605
605
607
607
607
607
607
607
602
602
602
602
988
988
988
988
603
603
578
578
578
578
579
579
577
577
1000
1000
1000
577
636
636
636
636
636
1007
1007
1007
605
605
605
607
607
607
607
607
607
602
602
602
602
988
988
988
603
603
603
578
578
578
578
579
579
577
577
577
577
577
577
577
636
636
636
636
1007
1007
1007
605
605
605
605
607
607
607
607
602
602
602
602
603
988
603
603
603
603
603
578
578
578
578
579
579
579
577
577
577
577
577
577
577
636
636
636
638
638
638
605
605
604
604
604
607
607
606
602
602
602
602
603
603
603
603
603
603
603
578
578
578
579
579
579
579
577
577
577
577
577
577
577
636
636
636
638
638
638
605
605
604
604
604
606
606
606
606
602
602
603
603
603
603
603
603
578
578
578
578
579
579
579
579
576
576
576
576
576
576
637
636
636
636
636
638
638
638
604
605
605
604
606
606
606
606
606
606
600
600
600
600
600
600
578
578
578
578
578
579
579
579
579
576
576
576
576
576
576
637
637
636
637
638
638
638
638
604
604
604
604
606
606
606
606
606
606
600
600
600
600
600
600
580
580
580
580
579
579
579
579
579
576
576
576
576
576
576
637
637
637
637
637
638
638
638
604
604
604
604
606
606
606
606
606
600
600
600
600
600
600
600
580
580
580
580
580
580
583
583
576
576
576
576
576
576
637
637
637
637
637
637
637
639
639
604
604
604
604
595
595
595
595
606
600
601
600
600
600
600
580
580
580
580
580
580
580
583
583
583
583
582
582
582
582
582
637
637
637
637
637
637
639
639
594
594
594
594
595
595
595
595
606
601
601
601
601
601
601
580
580
580
580
580
580
580
583
583
583
583
582
582
582
582
582
635
635
637
637
635
632
639
639
594
594
594
594
594
595
595
595
595
601
601
601
601
601
601
581
581
581
581
581
581
583
583
583
583
583
582
582
582
582
582
635
635
635
635
635
632
632
632
594
594
594
594
595
595
595
595
595
601
601
601
601
601
601
581
581
581
581
581
581
581
583
583
583
583
583
582
582
582
582
635
635
635
635
635
632
632
632
594
594
594
594
594
595
595
595
601
601
601
601
601
598
581
581
581
581
581
581
581
581
581
583
583
583
583
582
582
582
635
635
635
635
635
635
632
632
632
594
593
593
593
594
594
595
599
599
599
599
599
598
598
598
581
581
586
586
587
587
587
588
588
588
588
589
582
582
589
635
635
635
635
635
634
633
633
633
593
593
593
593
595
595
595
599
599
599
599
599
598
598
598
586
586
586
586
587
587
587
588
588
588
588
589
589
589
589
589
634
634
634
634
634
634
633
633
593
593
593
592
592
592
592
599
599
599
599
599
598
598
598
586
586
586
586
587
587
587
588
588
588
588
589
589
589
589
634
634
634
634
634
634
634
634
626
593
592
592
592
592
592
592
592
599
599
599
599
598
598
598
586
586
586
586
587
587
587
588
588
588
588
588
589
589
589
589
634
634
634
634
634
634
626
626
593
592
592
592
592
592
592
592
599
599
599
598
598
598
598
598
586
586
586
587
587
587
588
588
588
588
588
589
589
589
631
634
634
634
630
630
630
630
626
593
593
593
592
592
592
592
597
597
599
599
598
598
598
598
586
586
586
586
587
587
587
587
588
590
588
589
589
589
631
631
631
631
631
630
630
630
630
630
593
593
593
593
592
592
592
597
597
597
597
597
597
598
584
586
586
586
587
587
587
587
587
590
590
590
589
589
589
591
631
631
631
631
630
630
630
630
630
596
596
596
596
596
596
597
597
597
597
597
597
584
584
584
584
584
585
585
585
585
585
590
590
590
590
590
591
591
591
631
631
631
631
631
630
630
630
630
596
596
596
596
596
596
596
597
597
597
597
597
584
584
584
584
584
585
585
585
585
585
590
590
590
590
590
591
591
591
631
631
631
631
631
630
630
630
629
596
596
596
596
596
596
596
597
597
597
597
597
584
584
584
584
584
585
585
585
585
585
585
590
590
590
590
591
591
591
628
631
631
631
628
629
629
629
629
596
596
567
567
567
567
567
567
567
560
560
560
584
584
584
584
584
585
585
585
585
585
590
590
590
590
590
591
591
591
628
628
628
628
628
628
629
629
629
566
566
567
567
567
567
567
567
567
560
560
560
560
584
584
584
585
585
585
544
546
546
546
590
546
546
591
591
591
591
628
628
628
628
628
629
629
629
629
566
566
566
567
567
567
567
567
560
560
560
560
561
561
561
561
561
544
544
544
544
546
546
546
546
546
546
591
591
591
591
628
628
628
628
629
629
629
629
566
566
566
567
567
567
567
567
560
560
560
560
561
561
561
561
561
544
544
544
544
546
546
546
546
546
546
591
591
591
529
628
628
628
628
629
629
629
624
566
566
565
565
565
565
565
565
560
560
560
560
561
561
561
561
561
544
544
544
544
544
546
546
546
546
547
547
529
529
529
529
529
628
628
629
629
624
624
566
566
565
565
565
565
565
565
565
560
560
560
561
561
561
561
561
544
544
544
544
544
544
546
546
547
547
547
529
529
529
529
529
628
528
528
528
528
533
566
566
565
565
565
565
565
565
565
560
563
563
561
561
561
561
545
544
544
544
544
545
546
547
547
547
547
547
547
529
529
529
529
528
528
528
528
528
533
566
566
566
566
565
565
565
565
565
560
563
563
563
563
563
563
545
545
545
545
545
545
545
547
547
547
547
547
547
529
529
529
529
528
528
528
528
528
528
564
564
564
564
562
562
562
562
562
562
563
563
563
563
563
563
563
545
545
545
545
545
545
547
547
547
547
547
547
529
529
529
529
528
528
528
528
528
533
564
564
564
562
562
562
562
562
562
562
563
563
563
563
563
563
563
545
545
545
545
545
548
547
548
551
551
551
551
529
531
531
531
528
528
528
533
533
533
564
564
564
562
562
562
562
562
562
562
562
563
563
548
548
548
548
545
545
545
545
548
548
548
548
551
551
551
551
551
531
531
531
531
531
531
531
533
533
564
564
564
574
574
574
562
562
562
562
571
571
571
548
548
548
548
548
548
549
549
549
548
548
551
551
551
551
551
551
531
531
531
531
531
531
531
533
533
564
564
574
574
574
574
574
571
571
571
571
571
571
571
548
548
548
548
548
549
549
549
549
551
551
551
551
551
551
551
531
531
531
531
531
531
531
534
534
564
574
574
574
574
574
574
571
571
571
571
571
571
571
558
558
558
548
549
549
549
549
549
551
551
550
550
550
550
550
530
530
530
530
530
530
534
534
534
564
574
574
574
574
574
574
571
571
571
571
571
571
571
558
558
558
558
559
549
549
549
549
549
550
550
550
550
550
550
530
530
530
530
530
530
530
534
534
575
575
574
574
574
574
570
570
570
570
570
570
570
558
558
558
558
558
559
559
559
549
549
549
550
550
550
550
550
550
530
530
530
530
530
530
521
534
534
575
575
575
575
574
570
570
570
570
570
570
570
570
570
558
558
558
558
559
559
559
549
549
549
550
550
550
550
550
530
530
530
530
530
521
521
521
521
521
575
575
575
575
575
570
570
570
570
570
570
570
569
558
558
558
558
558
559
559
559
549
559
555
550
550
555
555
555
555
555
520
520
520
520
521
521
521
521
575
575
575
575
573
573
573
570
569
569
569
569
569
558
558
558
559
559
559
559
559
559
559
555
555
555
555
555
555
555
555
520
520
520
520
521
521
521
521
575
575
575
575
573
573
573
573
569
569
569
569
569
569
569
569
559
559
559
559
559
559
555
555
555
555
555
555
555
555
520
520
520
520
520
521
521
521
521
572
572
572
572
573
573
573
573
573
569
569
569
569
569
569
569
569
556
556
556
556
556
556
555
554
554
555
554
554
520
520
520
520
520
520
520
526
526
526
572
572
572
572
573
573
573
573
573
573
568
568
568
568
569
569
556
556
556
556
556
556
556
554
554
554
554
554
554
554
554
524
520
520
520
520
526
526
526
572
572
572
572
572
573
573
573
573
568
568
568
568
568
568
557
556
556
556
556
556
556
556
554
554
554
554
554
554
524
524
524
524
524
524
526
526
526
526
572
572
572
572
687
687
687
573
573
568
568
568
568
568
568
557
557
556
556
556
556
553
553
554
554
554
554
554
524
524
524
524
524
524
524
526
526
526
526
572
572
572
572
687
687
687
687
687
568
568
568
568
557
557
557
557
557
557
557
553
553
553
553
553
553
553
553
553
524
524
524
524
524
524
526
526
526
526
679
679
679
679
687
687
687
687
687
687
568
568
684
684
557
557
557
557
557
557
557
553
553
553
553
553
553
553
552
524
524
524
524
525
525
526
527
527
527
679
679
679
679
679
687
687
687
687
687
568
568
684
684
684
684
557
557
557
557
557
553
553
553
553
552
552
552
552
552
525
525
525
525
525
525
525
527
527
679
679
679
679
687
687
687
687
687
687
685
685
684
684
684
684
684
557
557
680
680
553
553
552
552
552
552
552
552
552
525
525
525
525
525
525
525
527
527
679
679
678
678
678
678
686
686
686
686
685
685
685
684
684
684
684
680
680
680
680
680
680
552
552
552
552
552
552
552
525
525
525
525
525
525
527
527
527
679
679
678
678
678
678
686
686
686
686
686
685
685
684
684
684
684
680
680
680
680
680
680
552
552
552
552
690
690
691
525
525
691
695
695
695
695
527
517
679
678
678
678
678
678
686
686
686
686
685
685
685
684
684
684
684
680
680
680
680
680
680
690
690
690
690
690
690
691
691
691
691
695
695
695
695
695
694
679
679
678
678
678
686
686
686
686
686
685
685
685
684
685
681
681
680
680
681
680
680
690
690
690
690
690
690
691
691
691
691
695
695
695
695
695
694
694
678
678
678
678
678
686
686
686
686
685
685
685
685
685
685
681
681
681
681
681
681
688
690
690
690
690
690
691
691
691
691
691
695
695
695
695
694
694
694
676
676
678
677
677
677
677
686
686
686
685
685
685
685
681
681
681
681
681
681
681
688
688
690
690
690
690
691
691
691
691
689
695
695
695
695
694
694
694
676
676
676
676
677
677
677
677
677
677
677
682
682
682
681
681
681
681
681
681
681
688
688
688
690
688
691
691
691
691
689
689
689
695
695
693
694
694
694
676
676
676
676
676
676
677
677
677
677
682
682
682
682
682
682
681
683
683
683
688
688
688
688
688
688
688
691
688
689
689
689
689
693
693
693
693
693
694
676
676
677
677
677
676
677
677
677
682
682
682
682
682
682
682
683
683
683
683
683
688
688
688
688
688
688
688
688
689
689
689
689
693
693
693
693
693
693
676
676
676
677
677
677
674
674
674
674
682
682
682
682
682
683
683
683
683
683
683
683
688
697
697
697
697
697
689
689
689
689
689
693
693
693
693
693
693
676
676
672
672
672
673
674
674
674
674
674
674
682
682
682
683
683
683
683
683
683
683
697
697
697
697
697
697
689
689
689
689
692
692
693
693
693
693
693
672
672
672
672
672
673
673
674
674
674
674
674
675
675
675
675
675
683
683
696
696
697
697
697
697
697
697
697
689
689
689
692
692
692
692
692
692
693
725
672
672
672
672
673
673
673
673
674
674
674
674
675
675
675
675
675
699
699
696
696
696
697
697
697
697
697
701
701
701
701
701
692
692
692
692
692
692
724
672
672
672
673
673
673
673
673
674
674
674
675
675
675
675
675
675
699
699
699
696
696
697
696
696
696
696
701
701
701
701
701
692
692
692
692
692
692
724
672
672
672
673
673
673
673
673
673
674
674
675
675
675
675
675
675
699
699
699
696
696
696
696
696
696
696
701
701
701
701
701
692
692
692
692
700
713
724
660
660
672
672
673
673
673
673
673
674
675
674
675
663
663
663
699
699
699
699
696
696
696
696
696
696
701
701
701
701
701
701
700
700
700
700
700
713
713
660
660
660
660
661
661
661
661
661
673
663
663
663
663
663
663
699
699
699
699
698
698
698
698
698
702
702
701
701
701
703
700
700
700
700
700
713
713
713
660
660
660
660
661
661
661
661
661
662
662
663
663
663
663
663
699
699
699
698
698
698
698
698
698
702
702
702
703
703
703
703
700
700
700
713
713
713
713
660
660
660
660
661
661
661
661
661
662
662
662
663
663
663
663
699
699
698
698
698
698
698
698
702
702
702
702
703
703
703
703
703
700
700
700
700
713
713
660
660
660
660
661
661
661
661
661
662
662
662
663
663
663
699
699
699
698
698
698
698
698
702
702
702
702
702
703
703
703
703
703
700
700
700
712
713
713
659
659
659
659
660
661
661
661
662
662
662
662
662
663
663
663
667
667
698
698
667
667
702
702
702
702
702
702
703
703
703
703
718
700
700
712
712
712
712
659
659
659
659
658
658
661
662
662
662
662
662
662
663
669
669
667
667
667
667
667
667
667
702
702
702
702
703
703
703
718
718
718
718
712
712
712
712
712
659
659
659
658
658
658
658
662
662
662
662
662
668
668
669
669
669
667
667
667
667
667
667
665
665
665
665
664
664
664
664
718
718
718
718
712
712
712
712
659
658
658
658
658
658
658
658
658
668
668
668
668
668
669
669
669
669
667
667
667
667
667
665
665
665
665
664
664
664
664
718
718
718
719
712
712
712
715
659
658
658
658
658
658
658
658
658
668
668
668
668
668
669
669
669
669
667
666
666
667
665
665
665
665
665
665
664
664
664
718
718
718
719
719
719
719
715
659
659
659
658
658
658
671
671
671
668
668
668
668
668
668
669
669
669
666
666
666
666
666
665
665
665
665
664
664
664
664
718
718
719
719
719
719
719
715
659
659
659
659
658
671
671
671
671
671
668
668
668
668
668
669
669
669
666
666
666
666
666
666
665
665
665
664
664
664
664
718
719
719
719
719
719
719
719
656
656
656
656
656
671
671
671
671
671
668
670
670
670
669
669
669
669
666
666
666
666
666
666
665
665
664
664
664
664
664
718
719
719
719
719
717
717
717
656
656
656
656
656
671
671
671
671
671
671
670
670
670
670
670
669
666
666
666
666
666
649
649
665
767
767
767
767
767
718
718
718
766
719
719
717
717
717
656
656
656
656
656
671
671
671
645
645
645
670
670
670
670
670
650
650
650
649
649
649
649
649
649
767
767
767
767
767
767
718
718
766
719
717
717
717
717
656
656
656
657
657
657
671
671
645
645
645
645
670
670
670
670
650
650
650
649
649
649
649
649
649
767
767
767
767
767
767
766
766
766
717
717
717
717
717
656
657
657
657
657
657
645
645
645
645
645
645
670
670
670
670
650
650
650
649
649
649
649
649
648
767
767
767
767
767
767
766
766
766
766
717
717
717
717
656
656
657
657
657
645
645
645
645
645
645
670
670
670
651
651
650
650
650
649
649
649
649
648
648
648
648
764
764
767
766
766
766
766
760
760
760
717
760
657
657
657
657
657
657
645
645
645
645
645
645
651
651
651
651
651
651
650
649
650
648
648
648
648
648
648
764
764
764
766
766
766
766
760
760
760
760
760
657
657
657
657
657
646
646
646
644
644
644
644
651
651
651
651
651
651
650
650
650
648
648
648
648
648
764
764
764
764
766
766
766
766
760
760
760
760
760
647
647
647
647
646
646
646
646
644
644
644
644
644
651
651
651
651
651
650
650
650
648
648
648
648
764
764
764
764
764
765
766
766
766
761
761
761
761
761
647
647
647
647
646
646
646
646
646
644
644
644
655
651
651
651
651
650
650
650
650
648
648
648
764
764
764
764
764
765
765
765
765
761
761
761
761
761
761
647
647
647
647
646
646
646
646
646
644
644
644
655
655
655
651
651
651
654
654
654
654
654
654
654
764
764
764
764
765
765
765
765
761
761
761
761
761
761
647
647
647
647
647
646
646
646
644
644
644
644
655
655
655
655
655
655
654
654
654
654
654
654
654
764
753
753
765
765
765
765
765
761
761
761
761
761
761
647
647
647
643
643
646
646
646
644
644
644
644
655
655
655
655
655
655
654
654
654
654
654
654
753
753
753
753
753
765
765
765
765
765
765
765
761
756
756
643
643
643
643
643
646
646
646
646
644
641
655
655
655
655
655
655
655
654
654
654
654
753
753
753
753
753
753
755
765
765
765
755
757
757
757
756
756
756
643
643
643
643
643
643
640
640
640
640
641
641
655
652
652
652
652
653
653
653
653
653
753
753
753
753
753
755
755
755
755
755
755
757
757
757
757
756
756
643
643
643
643
643
643
640
640
640
640
641
641
641
641
652
652
652
652
653
653
653
653
753
753
753
753
753
755
755
755
755
755
755
757
757
757
757
756
756
643
642
642
642
642
642
640
640
640
640
641
641
641
641
641
652
652
652
653
653
653
653
653
752
752
753
755
755
755
755
755
755
755
757
757
757
757
756
756
642
642
642
642
642
640
640
640
640
640
641
641
641
641
641
652
652
652
653
653
653
653
653
752
752
754
754
755
755
755
754
754
757
757
757
757
758
756
756
642
642
642
642
642
640
640
640
640
641
641
641
641
641
652
652
652
652
652
653
653
653
752
752
752
754
754
754
754
754
754
754
757
757
757
758
758
758
758
642
642
642
161
161
161
161
640
640
640
640
641
641
652
652
652
652
652
653
653
166
752
752
752
752
754
754
754
754
754
754
754
757
757
758
758
758
758
758
642
642
161
161
161
161
161
163
163
163
163
163
163
163
163
167
167
167
166
166
166
166
752
752
752
752
752
754
754
754
754
754
754
758
758
758
758
758
758
169
169
161
161
161
161
161
163
163
163
163
163
163
163
163
167
167
167
166
166
166
166
752
752
752
752
752
251
251
251
251
251
251
251
758
758
758
758
758
169
169
169
161
161
161
161
163
163
163
163
163
163
163
167
167
167
167
166
166
166
166
752
752
752
250
250
250
251
251
251
251
251
251
251
759
759
759
759
169
169
169
161
161
161
161
163
162
162
162
162
162
167
167
167
167
167
167
166
166
166
166
166
250
250
250
250
251
251
251
251
251
251
759
759
759
759
759
169
169
169
161
161
161
161
163
162
162
162
162
162
162
167
167
167
167
167
166
166
166
166
166
250
250
250
250
251
251
251
251
759
759
759
759
759
759
759
169
169
169
160
160
160
160
160
160
162
162
162
162
162
167
167
167
164
165
165
166
165
165
250
250
250
250
248
248
248
248
248
248
759
759
759
759
759
759
169
169
169
160
160
160
160
160
160
160
162
162
162
162
164
164
164
164
165
165
165
165
165
250
250
250
250
248
248
248
248
248
248
253
253
253
252
252
745
168
169
169
160
160
160
160
160
160
160
160
162
162
164
164
164
164
164
165
165
165
165
165
250
250
250
250
248
248
248
248
248
248
253
253
253
252
252
252
168
168
169
172
172
172
172
160
160
160
160
162
162
164
164
164
164
164
164
165
165
165
165
165
250
249
249
248
248
248
248
248
248
253
253
253
252
252
252
168
168
168
172
172
172
172
172
172
173
173
173
173
164
164
164
164
164
165
165
165
165
165
191
249
249
249
249
249
249
249
249
253
253
253
253
253
252
252
168
168
168
172
172
172
172
172
172
173
173
173
173
173
164
164
164
190
190
191
191
191
191
191
191
249
249
249
249
249
249
249
253
253
253
253
253
253
252
168
168
168
168
172
172
172
172
173
173
173
173
173
173
173
173
190
190
190
190
191
191
191
191
191
249
249
249
249
249
249
240
253
253
253
253
254
254
252
168
168
168
168
172
172
172
172
173
173
173
173
174
173
173
190
190
190
190
190
191
191
191
191
191
189
249
240
240
240
240
240
240
240
254
254
254
254
254
168
168
175
175
175
175
175
175
174
174
174
174
174
174
173
190
190
190
190
190
190
191
191
191
189
189
189
240
240
240
240
240
240
240
254
254
254
254
254
171
171
171
175
175
175
175
175
175
174
174
174
174
174
186
190
190
190
190
190
190
191
191
191
189
189
189
240
240
240
240
240
240
240
254
254
254
254
254
171
171
171
171
175
175
175
175
175
174
174
174
174
186
186
186
186
190
185
185
185
191
185
189
189
189
189
240
241
241
241
240
247
247
254
254
254
254
254
171
171
171
171
171
175
175
175
175
174
174
174
174
186
186
186
186
186
185
185
185
185
185
189
189
189
189
189
241
241
241
241
247
247
247
247
254
254
255
171
171
171
171
171
171
175
175
175
174
174
174
174
186
186
186
186
186
185
185
185
185
185
189
189
189
189
189
241
241
241
241
247
247
247
247
247
247
246
170
170
170
170
170
170
170
170
170
170
181
181
186
186
186
186
186
186
185
185
185
185
188
189
189
189
188
241
241
241
241
241
247
247
247
247
247
247
246
170
170
170
170
170
170
170
170
170
170
181
181
186
186
186
187
187
185
185
185
185
188
188
188
188
188
243
243
241
241
241
241
241
241
247
247
247
247
246
182
182
170
170
180
180
180
180
180
181
181
181
181
187
187
187
187
187
185
185
188
188
188
188
188
188
243
243
243
243
241
241
244
244
247
247
244
246
246
182
182
170
170
180
180
180
180
180
180
181
181
181
187
187
187
187
187
184
184
184
188
188
188
188
188
243
243
243
243
243
243
244
244
244
244
244
244
246
182
182
170
170
180
180
180
180
180
180
181
181
181
187
187
187
187
187
184
184
184
184
184
184
188
188
243
243
243
243
243
243
244
244
244
244
244
244
244
182
182
182
182
180
180
180
179
179
181
181
181
181
187
187
187
187
187
184
184
184
184
184
184
188
188
188
243
243
243
243
242
244
244
244
244
244
244
244
182
182
182
182
182
180
180
179
179
181
181
181
181
187
187
177
177
184
184
184
184
184
184
140
188
140
141
243
242
242
242
242
242
242
245
245
245
245
245
182
182
182
182
182
180
180
179
179
179
181
181
179
176
176
177
177
177
184
184
184
140
140
140
140
140
141
141
141
242
242
242
242
242
245
245
245
245
245
183
183
183
183
183
179
179
179
179
179
179
179
176
176
176
177
177
177
177
177
177
140
140
140
140
140
141
141
141
242
242
242
242
242
245
245
245
245
245
183
183
183
183
183
179
179
179
179
179
179
179
176
176
176
176
176
177
177
177
177
140
140
140
140
141
141
141
141
242
242
242
242
242
245
245
214
214
214
183
183
183
183
178
178
179
179
178
178
178
176
176
176
176
176
176
177
177
177
177
140
140
140
141
141
141
141
141
242
242
213
213
213
245
214
214
214
214
183
183
183
183
178
178
178
178
178
178
178
178
176
176
176
176
176
177
177
177
140
140
140
140
140
141
141
141
141
213
213
213
213
213
213
213
214
214
214
183
158
158
158
178
178
178
178
179
178
178
176
176
176
155
155
136
177
137
137
137
137
137
137
137
141
141
141
141
213
213
213
213
213
213
213
214
214
214
158
158
158
158
158
178
178
178
178
178
178
155
155
155
155
155
136
136
137
137
137
137
137
137
137
142
142
142
212
212
212
213
213
213
213
213
214
214
214
158
158
158
158
158
152
152
152
152
152
155
155
155
155
155
155
136
136
137
137
137
137
137
137
137
142
142
142
142
212
212
213
213
212
212
214
214
214
215
158
158
158
158
152
152
152
152
152
152
155
155
155
155
155
136
136
136
137
137
137
139
139
139
142
142
142
142
142
212
212
212
212
212
212
214
214
215
215
158
158
158
158
152
152
152
152
152
152
155
155
155
155
136
136
136
136
139
139
139
139
139
139
139
142
142
142
142
142
142
212
212
212
212
212
214
215
215
159
159
159
159
159
159
152
152
152
152
152
155
155
136
136
136
136
136
139
139
139
139
139
139
139
142
142
142
142
142
142
212
212
212
212
212
212
210
210
159
159
159
159
159
159
152
152
152
152
154
154
154
136
136
136
136
136
139
139
139
139
139
139
143
143
143
143
143
209
209
209
209
209
209
209
210
210
210
159
159
159
159
159
153
153
153
153
153
154
154
154
154
136
154
136
139
138
138
138
138
138
138
138
143
143
143
143
209
209
209
209
209
209
209
210
210
210
156
159
159
159
159
153
153
153
153
153
153
154
154
154
154
154
135
135
138
138
138
138
138
138
138
138
143
143
143
143
209
209
209
209
209
208
210
210
210
156
156
157
157
157
153
153
153
153
153
153
154
154
154
154
154
135
135
135
138
138
138
138
138
138
138
143
143
143
143
209
209
208
208
208
208
208
208
211
156
156
157
157
157
157
153
153
153
153
154
154
154
154
154
154
135
135
135
135
135
138
138
132
132
143
143
143
143
143
209
209
208
208
208
208
208
208
211
156
156
157
157
157
157
157
153
153
153
145
145
144
144
144
144
135
135
135
135
135
135
132
132
132
132
143
143
132
132
209
208
208
208
208
208
208
208
211
156
157
157
157
157
157
157
145
145
145
145
145
144
144
144
144
144
135
135
135
135
135
132
132
132
132
132
132
132
217
217
216
208
208
208
208
223
223
211
156
156
157
157
157
157
157
145
145
145
145
145
144
144
144
144
144
135
135
135
134
133
132
132
132
132
132
132
132
217
217
216
216
216
223
223
223
223
223
156
156
156
157
157
157
145
145
145
145
145
145
144
144
144
144
144
134
134
134
134
133
133
133
132
132
133
133
217
217
217
216
216
216
223
223
223
223
223
156
156
156
156
149
149
149
145
145
145
145
144
144
144
144
144
134
134
134
134
134
133
133
133
133
133
133
217
217
217
217
216
216
216
223
223
223
223
223
149
149
149
149
149
149
149
145
145
145
147
147
147
147
147
134
134
134
134
134
134
133
133
133
133
133
217
217
217
217
216
216
216
216
216
223
223
223
223
149
149
149
149
149
149
149
147
147
147
147
147
147
147
147
134
134
134
134
134
133
133
133
133
130
130
130
217
217
217
216
216
216
216
216
223
223
223
220
148
148
149
149
149
149
149
147
147
147
147
147
147
147
147
134
134
134
129
129
133
133
133
130
130
130
130
130
217
217
217
216
216
216
219
219
219
220
220
148
148
149
151
151
151
151
151
151
150
150
150
147
147
147
129
129
129
129
129
129
129
131
130
130
130
130
130
217
217
217
216
219
219
219
219
220
220
220
148
148
148
151
151
151
151
151
150
150
150
150
146
146
146
129
129
129
129
129
129
129
131
131
130
130
130
130
219
219
219
219
219
219
219
219
220
220
220
148
148
148
151
151
151
151
151
150
150
150
150
146
146
146
146
129
129
129
129
129
129
131
131
130
130
130
130
219
219
219
219
219
219
219
220
220
220
220
148
148
151
148
151
151
151
150
150
150
150
150
146
146
146
146
129
129
128
128
128
131
131
131
130
130
130
218
218
219
219
218
218
218
220
220
220
220
220
148
148
148
151
151
151
151
150
150
150
150
146
146
146
146
146
128
128
128
128
128
128
131
131
131
131
131
218
218
218
218
218
218
218
87
220
87
86
86
148
8
8
8
8
8
8
8
150
150
146
146
146
146
146
146
128
128
128
128
128
128
131
131
131
131
131
218
218
218
218
218
218
87
87
87
87
87
86
148
8
8
8
8
8
8
8
150
150
146
146
3
3
3
128
128
128
128
128
128
128
131
131
131
131
80
218
218
218
218
218
82
87
87
87
87
87
87
9
9
8
8
8
8
8
11
11
11
10
10
3
3
3
3
128
128
3
0
0
0
131
131
80
80
80
80
80
218
82
82
82
82
87
87
87
87
87
9
9
8
8
8
8
8
11
11
11
10
10
10
3
3
3
3
3
3
0
0
0
0
0
80
80
80
80
80
80
80
82
82
82
87
87
87
87
87
9
9
9
9
9
8
11
11
11
11
10
10
10
3
3
3
3
3
3
0
0
0
0
0
80
80
80
80
80
80
80
82
82
82
82
87
85
85
84
9
9
9
9
9
11
11
11
11
11
10
10
10
3
10
3
3
3
0
0
0
0
0
0
80
81
81
80
80
80
82
82
82
82
82
85
85
85
84
9
9
9
9
11
9
11
11
10
10
10
10
10
10
2
2
2
2
0
0
0
0
0
81
81
81
81
81
81
81
82
82
82
82
82
85
85
85
84
12
12
9
9
9
11
11
11
10
10
10
10
10
2
2
2
2
2
2
1
1
1
1
81
81
81
81
81
81
81
83
82
82
83
85
85
85
85
84
12
12
12
12
12
11
11
11
10
15
15
15
5
2
2
2
2
2
1
1
1
1
1
81
81
81
81
81
81
83
83
83
83
83
85
85
85
85
84
12
12
12
12
12
15
15
15
15
15
15
15
5
5
2
2
2
2
1
1
1
1
1
81
81
89
89
89
89
83
83
83
83
83
85
85
85
85
84
12
12
12
12
12
15
15
15
15
15
15
15
5
5
2
2
2
2
1
1
1
1
1
1
89
89
89
89
89
83
83
83
83
83
83
85
85
85
84
13
12
12
12
12
12
15
15
15
15
15
5
5
5
2
5
5
7
7
7
1
1
1
1
6
89
89
89
88
83
83
83
83
83
83
85
92
92
84
13
13
13
13
14
14
14
14
14
15
15
5
5
5
5
5
5
5
7
7
7
7
6
6
6
89
89
89
88
88
88
88
88
93
93
93
93
92
92
13
13
13
13
14
14
14
14
14
14
4
4
5
5
5
5
5
5
7
7
7
7
7
6
6
89
89
89
88
88
88
88
88
93
93
93
93
93
92
13
13
13
13
13
14
14
14
14
14
4
4
4
4
4
4
5
7
7
7
7
7
7
6
6
89
89
88
88
88
88
88
88
93
93
93
93
93
92
13
13
13
13
13
14
14
14
14
4
4
4
4
4
4
4
4
16
7
7
7
7
6
6
6
6
6
6
88
88
88
88
90
93
93
93
93
93
92
28
28
28
28
13
13
14
14
14
4
4
4
4
4
4
4
4
16
16
7
7
6
6
6
6
6
6
6
6
90
90
90
90
90
93
93
93
93
92
28
28
28
28
28
14
25
25
25
25
25
25
25
25
25
16
16
16
16
16
16
23
6
6
22
22
22
22
90
90
90
90
90
90
90
90
90
92
92
28
28
28
28
29
29
25
25
25
25
25
25
25
25
25
16
16
16
16
16
23
23
23
23
22
22
22
22
90
90
90
90
90
90
90
90
90
93
95
28
28
28
28
29
29
29
25
25
25
25
25
25
27
16
16
16
16
16
17
17
23
23
23
22
22
22
22
22
91
91
91
91
91
94
94
94
94
94
28
29
29
29
29
29
29
24
24
24
24
24
24
27
27
16
16
16
16
17
17
23
23
23
22
22
22
22
91
91
91
91
91
91
94
94
94
94
94
29
29
29
29
29
29
24
24
24
24
24
24
24
27
27
16
17
17
17
17
17
23
23
23
23
22
22
22
91
91
91
91
91
91
94
94
94
94
94
28
29
29
29
29
29
24
24
24
24
24
24
27
27
27
17
17
17
17
17
17
23
23
23
23
22
22
22
91
91
91
91
91
91
94
94
94
121
94
30
30
30
29
29
31
24
24
24
24
24
27
27
27
27
27
17
17
17
17
17
23
23
23
21
22
21
20
20
20
20
91
120
121
121
121
121
121
94
30
30
30
31
31
31
31
26
26
26
26
27
27
27
27
27
17
17
17
17
23
23
19
21
21
21
21
20
20
20
20
120
120
120
121
121
121
121
121
30
30
30
31
31
31
31
26
26
26
26
27
27
27
27
27
18
18
18
19
19
19
19
19
21
21
21
20
20
20
20
20
120
120
121
121
121
121
121
30
30
30
31
31
31
31
26
26
26
26
26
27
18
18
18
18
18
19
19
19
19
19
21
21
21
21
20
20
20
20
20
120
120
120
120
121
121
121
30
30
31
31
31
31
26
26
26
26
26
26
18
18
18
18
18
18
19
19
19
19
19
21
21
21
21
21
20
20
20
20
120
120
120
120
122
122
122
30
30
30
31
31
31
26
26
26
26
26
26
18
18
18
18
18
18
18
19
19
19
19
21
21
21
21
21
61
61
20
120
120
120
120
120
122
122
122
30
30
30
31
31
31
31
40
40
40
40
40
42
42
18
18
18
42
19
19
19
19
58
21
58
58
61
61
61
61
61
61
120
120
120
120
122
122
122
35
35
35
35
34
34
34
40
40
40
40
40
42
42
42
42
42
42
42
42
58
58
58
58
58
58
61
61
61
61
61
61
120
62
62
122
122
122
122
35
35
35
34
34
34
34
40
40
40
40
40
42
42
42
42
42
42
42
42
58
58
58
58
58
58
61
61
61
61
61
62
62
62
62
62
122
122
122
35
35
35
34
34
34
34
40
40
40
40
40
43
43
43
42
42
42
42
42
58
58
58
58
58
61
61
61
60
60
60
62
62
62
62
62
62
62
123
35
35
34
34
34
34
34
40
40
40
40
41
41
43
43
43
43
43
59
59
58
58
58
58
60
60
61
61
60
60
63
63
63
62
62
62
62
62
123
35
35
35
34
34
34
41
41
41
41
41
41
41
41
43
43
43
43
59
59
59
59
59
60
60
60
60
60
60
63
63
63
63
63
63
62
62
62
123
35
35
35
34
34
34
41
41
41
41
41
41
41
41
43
43
43
43
59
59
59
59
59
59
60
60
60
60
60
63
63
63
63
63
63
62
62
111
123
32
32
32
34
34
33
33
41
41
41
41
41
41
43
43
43
43
43
59
59
59
59
59
59
59
60
60
60
60
63
63
63
63
63
63
111
111
111
111
32
32
32
32
32
33
33
33
33
33
44
44
44
43
43
43
45
45
59
59
59
59
56
56
56
60
60
57
57
63
63
63
51
51
51
111
111
111
111
32
32
32
32
32
32
33
33
33
33
44
44
44
44
45
45
45
45
45
56
56
56
56
56
56
56
57
57
57
57
57
51
51
51
51
51
51
110
110
32
32
32
32
32
33
33
33
33
33
44
44
44
44
44
45
45
45
45
56
56
56
56
56
56
57
57
57
57
57
57
57
51
51
51
51
51
110
110
38
38
38
32
32
33
33
33
33
44
44
44
44
44
44
45
45
45
45
56
56
56
56
56
52
52
57
57
57
57
57
57
51
51
51
51
51
110
110
38
38
38
38
32
32
33
33
33
44
44
44
44
44
45
45
45
45
45
54
54
56
56
52
52
52
52
52
52
57
57
57
51
51
51
51
51
110
110
38
38
38
38
36
36
36
33
33
33
44
46
46
46
46
45
45
45
45
54
54
54
54
54
52
52
52
52
52
57
53
49
50
50
50
50
50
110
110
38
38
38
38
36
36
36
36
36
36
36
46
46
46
46
47
47
47
54
54
54
54
54
54
54
52
52
52
52
52
53
49
49
49
50
50
50
50
50
38
38
38
38
38
36
36
36
36
36
36
36
46
46
46
47
47
47
54
54
54
54
54
54
55
52
52
52
52
53
53
49
49
49
50
50
50
50
50
39
39
39
39
39
39
36
36
36
36
36
46
46
46
46
47
47
47
47
54
54
54
55
55
55
55
52
53
53
53
53
49
49
49
50
50
50
50
50
39
39
39
39
39
39
39
36
36
36
46
46
46
46
47
47
47
47
47
55
55
55
55
55
55
53
53
53
53
53
49
49
49
49
50
50
50
50
105
39
39
39
39
37
37
37
37
37
37
46
46
46
47
47
47
47
47
47
55
55
55
55
55
55
53
53
53
53
53
49
49
49
49
49
104
104
104
104
39
39
39
39
37
37
37
37
37
37
37
46
46
47
47
47
274
274
274
55
55
55
55
55
285
53
53
53
53
53
49
49
49
49
48
104
104
104
104
373
39
39
39
37
37
37
37
37
37
375
375
275
275
275
275
274
274
274
274
274
55
285
285
285
285
285
53
287
48
48
48
48
48
48
48
104
104
104
373
373
373
373
373
37
37
37
37
37
375
375
275
275
275
275
275
274
274
274
274
285
285
285
285
285
285
287
287
287
48
48
48
48
48
48
48
104
104
373
373
373
373
373
375
375
375
375
375
375
375
275
275
275
275
275
274
274
274
274
285
285
285
285
285
287
287
287
287
287
48
48
48
48
48
282
104
104
373
373
373
373
373
373
375
375
375
375
375
275
275
275
275
275
275
274
274
274
274
285
285
285
285
284
284
287
287
287
287
48
48
48
282
282
282
282
282
373
373
372
372
372
372
375
375
375
375
375
275
275
275
275
272
272
272
274
274
285
285
285
284
284
284
284
287
287
287
287
48
280
280
282
282
282
282
282
373
373
372
372
372
372
374
375
375
375
374
374
272
272
272
272
272
272
274
274
278
278
278
278
284
284
284
284
287
287
287
287
280
280
280
282
282
282
282
372
372
372
372
372
374
374
374
374
374
374
374
374
272
272
272
272
272
279
279
278
278
278
278
284
284
284
284
284
287
287
287
280
280
280
280
280
282
282
372
372
372
372
372
374
374
374
374
374
374
374
374
273
272
272
272
272
279
279
279
278
278
278
284
284
284
284
284
286
286
281
280
280
280
280
280
280
280
372
372
372
368
368
374
374
374
374
374
273
273
273
273
273
272
272
279
279
279
279
278
278
278
284
284
284
284
286
286
286
281
281
280
280
280
280
280
280
370
370
370
368
368
368
368
368
368
368
273
273
273
273
273
272
272
279
279
279
279
278
278
278
278
286
286
286
286
286
286
281
281
281
281
281
281
281
281
370
370
370
370
368
368
368
368
368
368
273
273
273
273
273
272
272
279
279
279
279
279
278
278
278
286
286
286
286
286
286
281
281
281
281
281
281
281
281
370
370
370
368
368
368
368
368
368
368
273
273
273
273
273
277
277
279
279
279
279
279
278
278
267
286
286
286
286
286
266
266
266
281
281
281
281
281
283
370
370
370
371
371
371
369
368
368
368
273
273
273
277
277
277
277
277
279
276
276
276
278
267
267
267
286
286
267
266
266
266
266
258
258
258
258
258
258
370
370
370
371
371
371
369
369
369
369
379
379
379
277
277
277
277
277
276
276
276
276
276
267
267
267
267
267
267
266
266
266
258
258
258
258
258
258
259
370
370
371
371
371
371
369
369
369
369
379
379
379
277
277
277
277
277
276
276
276
276
276
267
267
267
267
267
266
266
266
266
258
258
258
258
258
258
259
371
370
370
369
369
369
369
369
369
369
379
379
379
379
277
277
277
276
276
276
276
276
276
267
267
267
267
266
266
266
266
266
258
258
258
258
258
256
256
371
371
371
369
369
369
369
369
369
378
378
378
379
379
277
277
277
276
276
276
276
276
270
267
267
267
265
265
266
266
266
266
257
257
257
257
256
256
256
371
371
371
383
383
369
369
378
378
378
378
378
379
379
379
277
270
270
270
270
270
270
270
270
265
265
265
264
266
264
264
257
257
257
257
257
256
256
256
371
371
383
383
383
383
383
378
378
378
378
378
379
379
379
376
376
270
270
270
270
270
270
265
265
265
265
264
264
264
264
264
257
257
257
257
257
257
256
380
371
383
383
383
383
383
383
378
378
378
378
379
379
376
376
376
376
270
270
270
270
270
265
265
265
265
264
264
264
264
264
257
257
257
257
257
256
256
380
380
380
383
383
383
383
383
378
378
378
378
379
379
376
376
376
376
270
270
270
270
265
265
265
265
265
264
264
264
264
264
257
257
257
263
263
262
256
380
380
380
380
380
383
383
383
378
378
378
377
379
377
376
376
376
271
271
271
271
271
271
265
265
265
265
264
264
264
264
264
263
263
263
263
263
262
262
380
380
380
380
380
383
383
382
382
382
377
377
377
377
377
376
376
271
271
271
271
271
271
271
265
265
269
269
269
264
268
263
263
263
263
263
263
262
262
380
381
380
380
380
382
382
382
382
382
382
377
377
377
377
376
376
271
271
271
271
271
271
271
269
269
269
269
269
268
268
263
263
263
263
263
263
262
262
381
381
380
380
380
382
382
382
382
382
382
377
377
377
377
376
376
376
271
271
271
271
352
269
269
269
269
269
268
268
268
263
263
263
263
263
262
262
262
381
381
381
380
380
382
382
382
382
382
382
377
377
377
377
376
376
376
352
352
352
352
352
352
269
269
269
269
268
268
268
268
268
260
260
260
260
262
262
381
381
381
381
381
383
382
382
382
382
377
377
377
377
353
376
353
352
352
352
352
352
352
352
269
269
269
269
268
268
268
268
268
260
260
260
260
260
262
381
381
381
381
381
383
367
367
367
367
366
377
366
353
353
353
353
352
352
352
352
352
352
352
269
269
269
268
268
268
268
268
260
260
260
260
260
260
294
381
381
381
381
367
367
367
367
367
366
366
366
366
366
353
353
353
352
352
352
353
354
354
354
354
354
354
354
268
268
268
260
260
260
260
260
260
294
294
362
362
362
362
367
367
367
367
367
366
366
366
366
366
366
353
353
353
353
353
353
354
354
354
354
354
354
354
354
354
261
261
260
260
261
261
294
294
294
362
362
362
362
367
367
367
367
366
366
366
366
366
366
366
353
353
353
353
353
353
354
354
354
355
355
355
354
354
261
261
261
261
261
261
261
294
294
294
362
362
362
362
362
367
367
367
365
365
365
366
366
366
366
353
353
359
359
359
354
354
354
355
355
355
355
355
355
355
261
261
261
261
261
288
294
294
294
362
362
362
362
362
367
367
367
365
365
365
365
365
365
359
359
359
359
359
359
359
357
357
357
355
355
355
355
355
355
261
261
261
261
288
288
288
288
288
362
362
362
363
363
363
363
364
364
365
365
365
365
365
359
359
359
359
359
359
359
357
357
357
355
355
355
355
355
350
261
261
261
288
288
288
288
288
288
363
363
363
362
363
363
364
364
364
364
364
365
365
365
359
359
359
358
359
359
357
357
357
357
355
355
355
350
350
350
350
350
350
350
288
288
288
288
288
363
363
363
363
363
363
364
364
364
364
364
365
365
365
358
358
358
358
359
359
357
357
357
356
356
356
356
356
350
350
350
350
350
350
288
288
288
288
288
363
363
363
363
363
363
364
364
364
364
364
364
365
365
358
358
358
358
358
358
357
357
357
356
356
356
356
356
350
350
350
350
350
348
348
288
288
349
289
360
360
360
360
360
360
364
364
364
364
364
365
365
358
358
358
358
358
358
358
357
357
357
356
356
356
356
356
350
350
350
351
351
348
348
348
348
349
349
360
360
360
360
360
360
360
320
364
324
324
324
324
325
358
358
358
358
358
358
357
357
357
357
356
356
356
351
351
351
351
351
351
348
348
348
348
349
349
360
360
360
360
360
360
320
320
324
324
324
324
324
325
325
325
325
338
338
338
357
339
339
356
356
356
356
351
351
351
351
351
348
348
348
348
349
349
349
361
361
361
360
360
360
320
320
324
324
324
324
324
325
325
325
325
338
338
338
338
339
339
339
356
356
351
351
351
351
351
348
348
348
348
348
349
349
349
361
361
361
361
361
361
320
320
324
324
324
324
325
325
325
325
325
338
338
338
338
339
339
339
339
339
339
351
351
351
351
348
348
348
348
348
349
349
349
361
361
361
361
361
320
320
320
320
324
324
324
325
325
325
325
325
338
338
338
338
339
339
339
339
339
339
351
351
347
347
347
347
344
344
344
349
349
349
361
361
361
361
361
320
320
320
320
324
324
324
325
325
325
325
325
338
338
338
338
338
339
339
339
339
339
347
347
347
347
347
347
344
344
344
344
344
344
322
322
322
322
322
320
320
320
320
324
326
326
326
326
327
327
327
336
338
338
338
338
337
339
339
337
347
347
347
347
347
347
347
344
344
344
344
344
344
322
322
322
322
322
322
320
320
320
326
326
326
326
326
327
327
327
336
336
336
336
337
337
337
337
337
337
347
347
347
347
347
346
344
344
344
344
344
344
322
322
322
322
322
322
320
320
320
326
326
326
326
326
327
327
327
336
336
336
336
336
337
337
337
337
337
337
347
347
346
346
346
346
344
344
344
345
345
322
322
322
322
322
321
321
321
321
326
326
326
326
326
327
327
327
336
336
336
336
336
337
337
337
337
337
340
346
346
346
346
346
346
346
345
345
345
345
323
323
323
323
323
321
321
321
321
326
321
321
326
326
327
327
327
336
336
336
336
336
337
337
337
340
340
340
340
346
346
346
346
346
346
345
489
489
489
323
323
323
323
323
321
321
321
321
321
321
321
326
326
327
327
327
336
336
336
336
343
337
337
340
340
340
340
340
340
346
346
346
346
489
489
489
489
489
323
323
323
323
323
321
321
321
321
321
321
329
329
329
327
327
327
327
343
343
343
343
343
343
340
340
340
340
340
491
346
346
491
489
489
489
489
489
489
323
323
323
323
323
332
332
332
332
332
321
329
329
329
329
327
327
343
343
343
343
343
343
343
340
340
340
340
340
491
491
491
491
491
489
489
489
489
489
334
334
334
334
334
332
332
332
332
332
329
329
329
329
328
328
328
343
343
343
343
343
343
343
340
340
340
341
491
491
491
491
491
491
489
489
489
489
492
334
334
334
334
334
332
332
332
332
332
329
329
329
329
328
328
328
328
343
343
343
342
342
341
341
341
341
341
341
491
491
491
491
490
489
490
490
492
492
334
334
334
334
332
332
332
332
332
329
329
329
329
329
328
328
328
328
328
342
342
342
342
342
341
341
341
341
341
491
491
491
490
490
490
490
490
492
492
334
334
334
334
334
332
332
333
333
333
329
329
329
329
328
328
328
328
328
342
342
342
342
342
341
341
341
341
341
491
491
490
490
490
490
490
490
492
492
335
335
334
334
334
332
332
333
333
333
333
333
331
330
330
328
328
328
328
328
342
342
342
342
341
341
341
341
465
491
490
490
490
490
490
490
495
495
492
335
335
335
335
335
333
333
333
333
333
333
333
331
330
330
330
328
328
330
474
342
342
342
342
341
341
341
465
465
465
465
490
490
490
490
495
495
495
492
335
335
334
335
335
335
333
333
333
333
331
331
331
330
330
330
330
330
330
474
474
342
342
342
474
474
474
465
465
465
467
467
467
467
495
495
495
495
495
335
335
335
335
335
335
333
333
333
333
331
331
331
330
330
330
330
330
330
474
474
342
474
474
474
474
474
465
465
465
467
467
467
467
467
495
495
495
494
335
335
335
335
405
405
403
403
403
333
331
331
331
330
330
331
331
330
330
474
474
474
474
474
474
474
465
465
465
465
467
467
467
467
495
495
495
495
494
405
405
405
405
405
403
403
403
403
403
331
331
331
331
331
331
331
331
330
330
474
474
474
474
475
465
465
465
465
465
467
467
467
467
495
495
495
494
494
405
405
405
405
405
403
403
403
403
403
403
331
331
331
472
472
472
472
473
473
473
473
475
475
475
465
465
465
465
467
467
467
467
467
495
495
495
494
494
405
405
405
405
405
403
403
403
403
403
402
402
402
472
472
472
472
472
473
473
473
473
475
475
475
464
464
464
464
464
467
467
466
466
495
466
494
494
468
405
405
405
404
404
404
403
403
403
403
402
402
402
402
472
472
472
472
473
473
473
473
475
475
475
475
464
464
464
464
466
466
466
466
466
466
466
468
468
404
404
404
404
404
404
404
404
404
402
402
402
402
402
472
472
472
472
473
473
473
473
475
475
475
475
464
464
464
464
466
466
466
466
466
466
468
468
468
404
404
404
404
404
404
404
404
404
403
402
402
402
402
472
472
472
472
473
473
473
473
475
475
475
475
464
464
464
464
466
466
466
466
466
468
468
468
468
407
404
404
404
407
407
401
401
402
402
402
402
402
402
472
472
472
476
473
473
473
473
475
475
475
464
464
464
464
464
466
466
466
469
469
468
468
468
468
407
407
407
407
407
407
401
401
402
401
400
402
400
400
400
476
476
476
476
476
476
479
475
479
479
479
464
464
470
470
469
469
469
469
469
469
469
468
453
407
407
407
407
407
407
401
401
401
401
400
400
400
400
400
476
476
476
476
476
476
479
479
479
479
479
479
470
470
470
470
469
469
469
469
469
469
453
453
407
407
407
407
407
401
401
401
401
401
400
400
400
400
400
476
476
476
476
476
476
479
479
479
479
479
470
470
470
470
471
469
469
471
471
469
469
453
453
406
406
406
406
406
401
401
401
401
401
401
400
400
400
400
476
476
476
476
477
479
479
479
479
479
479
470
470
470
471
471
471
471
471
469
469
469
453
453
406
406
406
406
406
406
407
401
401
400
400
400
400
400
400
476
477
477
477
477
477
479
479
479
478
470
470
470
470
471
471
471
471
471
469
469
452
453
453
406
406
406
406
406
406
401
401
401
401
400
414
414
414
414
477
477
477
477
477
477
478
478
478
478
478
470
470
470
470
471
471
471
471
452
452
452
452
453
406
406
406
409
409
409
409
409
409
409
409
414
414
414
414
477
477
477
477
477
478
478
478
478
478
478
478
470
470
471
471
471
471
471
452
452
452
452
448
410
410
410
410
409
409
409
409
409
409
409
409
414
414
414
477
477
477
477
477
478
478
478
478
478
478
463
470
471
471
456
456
456
452
452
452
452
452
448
410
410
410
410
409
409
409
408
408
409
409
409
414
414
414
414
414
477
477
478
478
478
478
478
463
463
463
463
456
456
456
456
456
456
452
452
452
452
448
410
410
410
410
409
409
408
408
408
409
409
409
414
414
414
414
413
413
413
462
462
462
462
462
462
463
463
463
456
456
456
456
456
456
456
452
452
452
448
509
509
509
509
509
509
509
509
509
510
510
449
449
449
449
449
449
448
448
508
508
508
508
508
508
509
510
510
511
511
511
511
511
449
449
449
448
448
508
508
508
508
508
508
510
510
510
511
511
511
511
511
449
449
448
448
448
508
508
508
508
508
508
510
510
510
511
511
511
511
511
454
454
454
448
453
508
508
505
505
505
510
510
510
511
511
511
511
511
454
454
454
454
454
454
505
505
505
505
505
505
510
507
511
511
511
511
506
454
454
454
454
454
454
505
505
505
505
505
505
505
507
507
507
506
506
506
506
506
454
454
454
454
505
505
505
504
504
507
507
507
507
507
506
506
506
506
506
454
454
454
454
504
504
504
504
504
507
507
507
507
507
506
506
506
506
455
454
455
455
453
504
504
504
504
504
507
507
507
507
507
506
506
506
506
455
455
455
455
453
504
504
504
504
504
504
507
507
507
507
506
506
506
455
455
455
455
455
453
496
496
504
504
504
504
507
502
502
502
502
506
455
455
455
455
455
455
455
496
496
496
497
497
497
502
502
502
502
502
502
502
455
455
455
455
455
468
496
496
496
497
497
497
497
502
502
502
502
502
502
502
503
503
503
503
503
496
496
497
497
497
497
497
502
502
502
502
502
502
503
503
503
503
503
468
496
496
496
497
497
497
497
497
500
500
500
500
500
503
503
503
503
503
494
496
496
496
497
497
497
497
500
500
500
500
500
500
503
503
503
503
503
494
498
496
496
496
497
497
497
500
500
500
500
500
500
503
503
503
503
494
494
498
498
496
499
499
499
499
500
500
500
500
500
500
501
501
501
494
494
494
498
498
498
499
499
499
499
499
500
501
501
501
501
501
501
501
501
494
494
498
498
498
499
499
499
499
499
499
501
501
501
501
501
501
501
492
492
494
498
498
498
499
499
499
499
499
499
501
501
501
501
501
493
493
492
492
492
498
498
498
481
481
499
499
499
501
484
484
484
493
493
493
493
493
492
492
498
498
481
481
481
480
480
484
484
484
484
484
493
493
493
493
493
493
493
481
481
481
481
480
480
480
484
484
484
484
484
484
493
493
493
493
493
492
481
481
480
480
480
480
480
484
484
484
484
484
484
484
493
493
493
488
492
481
481
480
480
480
480
480
484
484
484
485
485
488
488
493
493
488
488
488
481
481
480
480
480
480
480
480
485
485
485
485
488
488
488
488
488
488
488
481
481
483
483
483
483
480
480
485
485
485
485
485
488
488
488
488
488
488
483
483
483
483
483
483
480
485
485
485
485
485
486
486
486
488
488
345
345
483
483
483
483
483
483
485
485
485
485
485
486
486
486
486
486
486
486
345
481
483
483
483
483
483
487
487
485
485
485
486
486
486
486
486
486
486
345
482
482
482
483
483
483
487
487
487
487
487
486
486
486
486
486
486
486
345
482
482
482
482
482
482
487
487
487
487
487
290
290
290
290
290
290
290
345
482
482
482
482
482
482
487
487
487
487
487
290
290
290
290
290
290
290
290
482
482
482
482
482
487
487
487
487
487
487
487
290
290
290
290
290
290
290
296
296
296
296
299
299
299
299
299
299
299
299
290
291
291
291
291
291
349
296
296
296
296
299
299
299
299
299
299
299
299
299
291
291
291
291
291
291
296
296
296
296
296
299
299
299
299
299
299
299
291
291
291
291
291
291
291
296
296
296
296
298
298
298
298
298
298
298
298
293
291
291
291
291
291
289
296
296
296
296
298
298
298
298
298
298
298
293
293
293
289
291
289
289
289
297
297
297
297
298
298
298
298
298
298
293
293
293
289
289
289
289
289
289
297
297
297
297
303
303
303
298
298
293
293
293
293
289
289
289
289
289
289
297
297
297
297
303
303
303
298
293
293
293
293
293
289
289
295
295
295
295
297
297
297
297
303
303
303
303
293
293
293
293
293
295
295
295
295
295
295
297
297
297
302
302
303
303
303
303
293
293
293
295
295
295
295
295
295
295
302
302
302
302
302
302
303
303
303
303
303
292
292
295
295
295
295
295
294
302
302
302
302
302
302
302
303
303
303
292
292
292
292
292
292
292
294
294
302
302
302
302
302
302
302
302
303
292
292
292
292
292
292
292
292
292
294
300
300
300
300
301
301
301
301
303
292
292
292
292
292
292
307
307
307
294
300
300
300
300
301
301
301
301
301
301
301
301
301
307
307
307
307
307
307
300
300
300
300
300
301
301
301
301
301
301
301
301
307
307
307
307
307
262
300
300
300
300
300
311
300
301
306
306
306
301
301
307
307
307
307
307
262
311
311
311
311
311
311
300
306
306
306
306
306
306
306
306
307
307
307
262
311
311
311
311
311
311
309
306
306
306
306
306
306
306
306
306
304
307
307
311
311
311
311
311
309
309
309
309
309
309
306
306
306
306
304
304
304
262
311
310
310
310
309
309
309
309
309
309
309
308
304
304
304
304
304
304
262
310
310
310
310
310
309
309
309
309
309
308
308
304
304
304
304
304
304
256
310
310
310
310
309
309
309
309
309
308
308
308
304
304
304
304
304
304
256
310
310
310
310
310
308
308
308
308
308
308
308
304
304
305
305
305
305
256
310
310
310
310
310
308
308
308
308
308
308
305
305
305
305
305
305
305
305
314
314
314
314
314
310
308
308
308
308
308
305
305
305
305
305
305
305
305
314
314
314
314
314
315
315
315
315
316
316
316
316
305
305
259
259
259
259
314
314
314
314
314
315
315
315
315
316
316
316
316
305
305
259
259
259
259
314
314
315
315
315
315
315
315
315
316
316
316
316
316
317
259
259
259
259
314
314
315
315
315
315
315
315
316
316
316
316
316
316
317
259
259
259
259
313
312
312
315
315
312
312
312
312
316
316
316
317
317
317
259
259
259
283
313
312
312
315
312
312
312
312
312
312
316
316
317
317
317
317
283
283
283
313
312
312
312
315
312
312
319
319
319
319
319
317
317
317
317
283
283
283
313
312
312
312
312
312
312
319
319
319
319
319
319
317
317
317
283
283
283
313
313
312
312
318
318
318
319
319
319
319
319
319
319
317
317
283
283
283
313
313
313
313
318
318
318
318
319
319
319
319
319
317
317
317
317
283
283
313
313
313
313
318
318
318
318
318
318
318
318
319
106
106
106
283
283
283
313
313
313
102
318
318
318
318
318
318
318
318
106
106
106
106
317
317
282
102
102
102
102
102
101
101
101
101
101
318
106
106
106
106
106
106
106
282
102
102
102
102
101
101
101
101
101
101
101
101
106
106
106
106
106
106
106
102
102
102
102
101
101
101
101
101
101
101
101
101
106
106
106
106
104
104
102
102
102
102
102
101
101
100
100
100
100
100
107
107
107
107
107
104
104
103
103
103
103
103
103
103
100
100
100
100
107
107
107
107
107
107
107
104
103
103
103
103
100
100
100
100
100
100
100
107
107
107
107
107
107
105
105
102
103
103
103
100
100
100
100
100
100
100
107
107
107
107
107
107
105
105
103
103
103
103
100
98
98
97
97
97
109
109
109
109
109
109
105
105
105
103
103
103
98
98
98
98
97
97
97
109
109
109
109
109
109
109
105
105
99
99
99
98
98
98
98
97
97
97
97
109
109
109
109
109
109
105
105
99
99
99
98
98
98
98
98
97
97
97
97
109
109
109
109
109
105
105
99
99
99
98
98
98
98
97
97
97
97
97
97
108
108
108
110
110
110
99
99
99
99
98
98
98
97
97
97
97
108
108
108
108
108
108
110
110
99
99
99
99
98
98
96
96
96
96
96
108
108
108
108
108
111
110
110
99
99
99
114
114
114
96
96
96
96
96
108
108
108
108
111
111
111
111
115
115
114
114
114
114
114
96
96
96
96
96
108
108
108
111
111
111
111
115
115
114
114
114
114
114
96
96
96
96
96
108
108
108
127
111
111
111
115
115
114
114
114
114
114
96
96
96
96
112
112
127
127
127
127
123
123
115
115
114
114
114
114
114
112
112
112
112
112
112
127
127
127
127
123
123
115
115
114
114
113
113
113
112
112
112
112
112
112
127
127
127
127
123
123
115
115
115
115
113
113
113
113
112
112
112
112
112
127
127
127
127
127
123
115
115
115
115
113
113
113
113
112
112
112
112
126
127
127
127
127
127
123
117
117
117
115
113
113
113
113
113
112
112
126
126
126
126
127
126
126
123
117
117
117
117
115
113
113
113
113
118
118
124
126
126
126
126
126
126
126
117
117
117
117
117
113
113
113
113
118
118
124
124
126
126
126
126
126
126
117
117
117
117
118
118
118
118
118
118
118
124
124
126
126
126
125
126
122
117
117
117
118
118
118
118
118
118
118
124
124
124
124
125
125
125
125
121
116
116
117
117
118
118
118
118
118
118
124
124
124
124
125
125
125
125
121
116
116
116
117
119
119
119
119
119
124
124
124
124
124
125
125
125
125
125
116
116
116
116
119
119
119
119
119
124
124
124
124
124
125
125
125
125
125
116
116
116
64
64
119
119
119
119
124
119
119
69
125
125
125
125
125
95
116
116
64
64
64
64
119
119
119
119
119
119
69
69
95
95
95
95
95
116
116
64
64
64
64
64
64
119
119
69
69
69
69
95
95
95
95
95
116
116
64
64
64
64
64
64
68
68
69
69
69
69
69
95
95
95
95
65
65
65
65
64
64
64
68
68
68
68
69
69
69
69
95
95
95
95
65
65
65
65
65
64
64
68
68
68
68
69
69
69
69
71
71
95
95
65
65
65
65
65
64
64
68
68
68
68
69
69
69
71
71
71
92
92
65
65
65
65
67
67
67
68
68
68
68
69
71
71
71
71
71
71
92
65
65
65
67
67
67
67
67
68
68
68
68
70
71
71
71
71
71
92
66
66
66
67
67
67
67
67
68
68
70
70
70
70
70
71
71
71
92
66
66
66
67
67
67
67
67
67
67
70
70
70
70
70
71
71
71
92
66
66
66
67
67
67
67
67
67
67
70
70
70
70
70
70
71
71
84
66
66
66
66
66
74
74
74
74
74
70
70
70
70
70
75
75
84
84
66
66
66
66
66
74
74
74
74
74
70
70
75
75
75
75
75
75
84
76
76
76
77
77
77
74
74
74
74
74
74
75
75
75
75
75
75
75
76
76
76
77
77
77
77
77
74
74
74
75
75
75
75
75
75
75
84
76
76
76
77
77
77
77
77
74
74
74
75
73
73
73
75
73
73
73
76
76
77
77
77
77
77
77
74
74
73
73
73
73
73
73
73
73
73
76
76
76
77
77
77
77
79
79
79
73
73
73
73
73
73
73
73
73
76
76
76
76
77
79
79
79
79
79
79
72
72
72
72
72
72
86
86
78
78
76
78
78
79
79
79
79
79
79
72
72
72
72
72
72
86
86
78
78
78
78
78
78
79
79
79
79
72
72
72
72
72
72
72
86
86
78
78
78
78
78
78
79
79
79
194
194
72
72
72
72
72
86
86
86
78
78
78
78
78
78
79
198
198
194
194
194
194
194
194
194
221
86
86
199
199
199
78
78
78
79
198
198
198
194
194
194
194
194
194
221
221
221
199
199
199
199
198
198
198
198
198
198
198
194
194
194
194
194
221
221
221
199
199
199
199
198
198
198
198
198
198
198
194
194
194
194
221
221
221
221
199
199
199
199
199
198
198
198
198
198
195
195
195
195
195
221
221
221
221
199
199
199
199
199
196
196
196
196
195
195
195
195
195
195
221
221
221
221
197
197
197
197
197
196
196
196
196
195
195
195
195
195
195
221
221
221
222
197
197
197
196
196
196
196
196
196
195
195
195
195
195
195
195
222
222
222
197
197
197
196
196
196
196
196
196
193
193
193
193
192
192
192
222
222
222
197
197
197
197
197
196
193
193
193
193
193
193
193
192
192
192
192
222
222
197
197
197
197
197
196
193
193
193
193
193
193
193
192
192
192
192
222
222
206
206
206
206
197
196
196
193
193
193
193
193
192
192
192
192
192
222
222
206
206
206
206
206
196
196
193
200
200
200
200
192
192
192
192
192
222
211
206
206
206
207
207
207
207
207
200
200
200
200
192
192
192
201
211
211
211
206
206
206
207
207
207
207
207
200
200
200
201
201
201
201
201
211
211
211
206
206
206
207
207
207
207
207
200
200
200
201
201
201
201
201
211
211
211
206
204
204
207
207
207
207
200
200
200
200
201
201
201
201
201
211
211
211
204
204
204
204
207
207
207
200
200
200
200
201
201
201
201
201
201
210
210
204
204
204
204
204
207
207
207
200
202
202
201
201
203
203
203
210
210
210
204
204
204
204
204
207
207
207
200
202
202
202
203
203
203
203
210
210
210
204
204
205
205
204
204
202
202
202
202
202
202
203
203
203
203
215
215
215
205
205
205
205
205
235
202
202
202
202
202
203
203
203
203
203
203
215
215
205
205
205
205
205
235
235
202
202
202
202
203
203
203
203
203
203
215
215
205
205
205
205
235
235
235
202
202
202
202
236
236
236
236
203
215
215
215
205
235
235
205
235
235
235
232
232
232
232
236
236
236
236
236
237
215
215
205
235
235
235
235
235
232
232
232
232
232
232
236
236
236
236
237
237
237
205
205
235
235
235
235
232
232
232
232
232
232
232
236
236
236
237
237
237
234
234
234
234
235
235
232
235
232
232
232
232
236
236
236
236
237
237
237
234
234
234
234
234
233
233
233
233
232
232
236
232
236
236
237
237
237
237
234
234
234
234
234
233
233
233
233
238
238
238
236
239
239
239
237
237
237
234
234
234
234
234
233
233
233
233
238
238
238
238
239
239
239
239
237
246
227
227
227
234
234
233
233
233
233
238
238
238
238
239
239
239
239
246
246
227
227
227
227
234
233
233
233
233
238
238
238
238
239
239
239
239
246
246
227
227
227
227
227
227
233
233
238
238
238
238
238
239
239
239
239
246
246
227
227
227
227
233
226
226
233
238
238
238
238
239
239
239
239
239
246
246
227
227
226
226
226
226
226
226
226
228
228
228
228
228
228
228
228
246
246
227
227
226
226
226
226
226
226
226
228
228
228
228
228
228
228
228
255
246
224
224
226
225
226
226
226
226
226
226
228
228
228
228
228
228
255
255
255
224
224
224
225
225
225
226
226
230
230
230
230
230
230
228
228
255
255
255
224
224
225
225
225
225
225
225
230
230
230
230
230
230
229
229
255
255
255
224
224
225
225
225
225
225
225
230
230
230
230
230
229
229
229
229
255
255
224
224
225
225
225
225
230
230
230
230
230
230
230
229
229
229
229
255
255
224
224
224
225
225
231
231
231
231
231
231
231
229
229
229
229
229
252
255
224
224
224
225
225
231
231
231
231
231
231
231
231
229
229
229
229
252
252
224
224
749
749
749
749
231
231
231
231
231
231
231
229
229
229
229
252
252
749
749
749
749
749
749
749
231
748
748
748
231
229
229
745
745
745
745
252
749
749
749
749
749
748
748
748
748
748
748
747
747
747
745
745
745
745
745
749
749
749
749
748
748
748
748
748
748
748
747
747
747
747
745
745
745
745
750
750
750
749
748
748
748
748
748
747
747
747
747
747
747
745
745
745
745
750
750
750
750
751
751
748
748
748
747
747
747
747
747
744
745
745
744
744
750
750
750
751
751
751
751
746
746
747
747
747
747
747
744
744
744
744
744
750
750
750
751
751
751
751
746
746
746
746
747
744
744
744
744
744
744
744
750
750
750
750
751
751
751
746
746
746
746
746
744
744
744
744
744
744
744
750
737
737
737
751
751
751
751
746
746
746
746
746
744
741
740
740
740
740
737
737
737
737
751
751
751
746
746
746
746
746
741
741
741
741
740
740
740
737
737
736
736
736
751
751
746
746
736
746
741
741
741
741
741
740
740
740
737
737
736
736
736
751
751
736
736
736
736
741
741
741
741
741
740
740
740
737
737
736
736
736
736
751
751
736
736
741
741
741
741
741
741
740
740
740
737
737
737
736
736
736
736
736
736
736
741
741
741
742
742
740
740
740
740
737
737
738
738
738
738
738
738
738
742
742
742
742
742
742
762
740
740
756
737
739
739
738
738
738
738
738
742
742
742
742
742
742
742
762
762
762
762
739
739
739
739
738
738
738
738
742
742
742
742
742
742
742
762
762
762
762
739
739
739
738
738
738
738
738
742
743
743
743
743
742
762
762
762
762
762
739
739
739
739
739
738
738
738
743
743
743
743
743
743
763
763
763
762
762
739
739
739
739
705
705
705
743
743
743
743
743
743
743
763
763
763
762
762
739
739
704
704
705
705
705
743
743
705
743
743
743
763
763
763
763
762
762
704
704
704
704
705
705
705
705
705
705
705
743
763
763
763
763
763
763
762
704
704
704
704
705
705
705
705
705
705
705
743
763
763
763
763
763
763
760
704
704
704
705
704
709
709
709
709
709
708
708
708
763
763
716
716
760
760
704
704
704
704
705
709
709
709
709
709
708
708
708
708
708
716
716
716
716
704
704
704
704
705
709
709
709
709
709
708
708
708
708
708
708
716
716
716
706
706
706
706
706
709
709
709
709
709
708
708
708
708
708
716
716
716
716
706
706
706
706
706
706
709
709
709
708
708
708
708
708
716
716
716
716
716
706
706
706
706
706
706
709
709
710
710
710
711
711
711
716
716
716
716
716
707
707
706
706
706
710
710
710
710
710
710
711
711
711
716
714
714
715
715
707
707
707
707
707
710
710
710
710
710
710
711
711
714
714
714
714
715
715
707
707
707
707
707
707
710
710
710
710
711
711
711
714
714
714
714
715
715
707
720
707
707
707
707
710
710
710
711
711
711
711
711
714
714
714
715
715
720
720
707
707
707
707
710
710
711
711
711
711
711
714
714
714
714
715
715
720
720
720
723
723
723
723
723
723
711
711
711
714
714
714
714
714
715
715
720
720
720
723
723
723
723
723
723
723
727
727
727
714
714
712
712
712
712
720
720
720
723
723
723
723
723
723
727
727
727
727
727
727
727
712
727
713
720
720
720
720
720
723
723
723
723
727
727
727
727
727
727
727
727
727
713
720
720
720
721
721
721
723
723
722
722
727
726
726
727
727
727
724
724
713
721
721
721
721
721
722
722
722
722
722
722
726
726
726
726
724
724
724
724
721
721
721
721
721
722
722
722
722
722
722
726
726
726
726
724
724
724
724
721
721
721
721
721
722
722
722
722
726
726
726
726
726
726
724
724
724
724
721
721
728
728
728
728
722
722
722
726
726
726
726
726
724
724
724
724
724
728
728
721
728
728
728
722
722
722
722
726
726
726
725
725
725
725
725
725
728
728
728
728
728
729
729
729
729
729
733
733
733
725
725
725
725
725
725
728
728
728
728
729
729
729
729
729
733
733
733
733
733
725
732
725
725
725
728
728
728
729
729
729
729
729
729
733
733
733
733
733
732
732
732
725
725
731
731
730
729
729
729
729
729
733
733
733
733
733
733
732
732
732
732
732
731
731
730
730
730
730
730
729
729
729
733
733
733
732
732
732
732
732
732
731
731
730
730
730
730
730
734
734
734
733
733
732
732
732
732
732
732
732
731
731
730
730
730
730
730
734
734
734
734
734
732
732
735
735
694
694
694
731
731
730
730
730
734
734
734
734
734
734
734
735
735
735
735
694
694
694
731
731
731
730
730
734
734
734
734
734
734
734
735
735
735
735
735
735
735
731
731
731
730
730
734
734
514
514
514
516
516
735
735
735
735
735
735
735
731
731
731
730
514
514
514
514
514
514
516
516
516
516
735
735
735
517
517
515
515
515
514
514
514
514
514
514
516
516
516
516
516
516
517
517
517
517
515
515
515
514
514
514
514
516
516
516
516
516
516
516
517
517
517
517
527
515
515
515
515
514
514
514
516
516
516
516
516
517
517
517
517
517
527
527
515
515
515
513
513
513
514
513
513
513
519
519
517
517
517
517
517
527
527
515
515
515
513
513
513
514
513
513
513
519
519
519
519
517
517
522
527
527
515
515
515
513
513
513
513
513
513
519
519
519
519
519
519
522
522
522
522
512
512
512
512
512
512
513
513
518
519
519
519
519
519
519
522
522
522
522
512
512
512
512
512
512
513
513
518
518
519
519
519
519
519
522
522
522
522
512
512
512
512
512
512
513
518
518
518
518
518
518
519
522
522
522
522
522
512
512
512
512
537
537
513
518
518
518
518
518
518
518
523
522
522
523
523
538
538
538
538
537
537
537
537
518
518
518
518
518
518
523
523
523
523
523
538
538
538
538
537
537
537
537
537
518
535
535
535
523
523
523
523
523
523
538
538
538
538
537
537
537
537
537
518
535
535
535
535
523
523
523
523
521
538
538
538
538
537
537
537
537
537
536
535
535
535
535
523
523
523
534
521
538
538
538
538
538
537
536
536
536
536
535
535
535
535
535
535
534
534
534
539
539
539
539
537
537
536
536
536
536
535
535
535
535
535
535
534
534
534
539
539
539
539
537
536
536
536
536
536
535
536
536
540
540
532
532
532
534
539
539
539
539
539
536
536
536
536
536
536
536
540
540
540
540
532
532
534
539
539
539
539
539
539
536
540
540
540
540
541
540
540
540
540
532
532
532
539
539
542
542
542
542
542
540
540
540
540
541
540
540
540
540
532
532
532
543
543
542
542
542
542
542
542
542
541
541
541
540
540
532
532
532
532
532
543
543
543
542
542
542
542
542
542
541
541
541
541
541
532
532
532
532
532
543
543
543
542
542
542
542
542
541
541
541
541
541
541
541
532
532
532
533
543
543
543
543
543
542
542
542
541
541
541
541
541
541
541
624
624
533
533
543
543
543
610
610
610
610
609
609
609
609
609
609
609
609
624
624
624
533
543
543
543
610
610
610
610
609
609
609
609
609
609
609
609
624
624
624
624
611
611
611
610
610
610
610
609
609
609
609
609
609
609
609
624
624
624
624
611
611
611
610
610
610
610
608
608
608
608
608
625
625
625
624
624
624
624
611
611
610
610
610
610
608
608
608
608
608
608
625
625
625
625
624
625
625
611
611
611
611
610
610
608
608
608
608
608
625
625
625
625
625
625
625
625
611
611
611
611
610
610
608
608
608
608
608
627
625
625
625
625
625
625
627
611
611
611
611
611
610
610
608
608
608
627
627
627
627
627
627
627
627
626
613
613
613
613
613
615
615
615
615
614
614
627
627
627
627
627
627
626
626
613
613
613
613
613
615
615
615
615
614
614
614
614
627
627
627
627
626
626
613
613
613
613
613
615
615
615
615
614
614
614
614
614
627
627
627
626
626
613
613
613
613
613
615
615
615
615
614
614
614
614
614
633
627
626
626
626
612
612
612
612
612
613
615
615
614
614
614
614
614
614
633
633
626
626
626
612
612
612
612
612
612
615
615
615
622
622
614
614
633
633
633
633
626
626
612
612
612
612
612
612
615
615
615
622
622
622
622
622
633
633
633
633
633
612
612
612
612
612
616
616
616
616
622
622
622
622
622
622
633
633
633
633
619
619
619
619
619
616
616
616
616
622
622
622
622
622
622
632
632
632
632
619
619
619
619
619
616
616
616
616
622
622
622
622
622
623
632
632
632
632
619
619
619
619
619
616
616
616
616
623
623
623
623
623
623
623
623
639
632
619
619
619
619
619
619
616
616
623
623
623
623
623
623
623
623
639
639
639
618
618
618
618
618
619
616
616
623
623
623
623
621
621
623
639
639
639
639
618
618
618
618
618
618
616
616
623
623
621
621
621
621
620
639
639
620
620
618
618
617
617
617
617
616
616
621
621
621
621
621
621
620
639
639
620
620
618
618
617
617
617
617
617
617
621
621
621
621
621
621
620
639
620
620
620
618
618
617
617
617
617
617
617
621
621
621
621
621
621
620
620
620
620
620
618
618
617
617
617
617
617
1021
1021
1016
1016
1016
1016
620
620
620
620
620
638
1022
1022
1022
1022
617
617
1021
1021
1021
1021
1016
1016
1016
1016
620
620
1006
1006
1006
1022
1022
1022
1022
617
1021
1021
1021
1021
1021
1016
1016
1016
1016
620
1006
1006
1006
1006
1022
1022
1022
1022
617
1021
1021
1021
1021
1021
1016
1016
1016
1016
1016
1006
1006
1006
1006
1022
1022
1022
1022
1020
1020
1021
1021
1021
1021
1016
1016
1016
1016
1016
1006
1006
1006
1006
1022
1022
1022
1022
1020
1020
1021
1021
1021
1021
1016
1016
1017
1017
1017
1006
1006
1006
1006
1023
1023
1023
1020
1020
1020
1020
1020
1020
1020
1017
1017
1017
1017
1017
1017
1006
1006
1006
1023
1023
1023
1023
1020
1020
1020
1020
1020
1020
1020
1017
1017
1017
1017
1017
1006
1006
1005
1023
1023
1023
1023
1020
1020
1020
1020
1020
1018
1017
1017
1017
1017
1017
1017
1005
1005
1005
1023
1023
1023
1023
1023
1018
1018
1018
1020
1018
1018
1017
1017
1017
1017
1005
1005
1005
1005
1023
1023
1023
1023
1023
1018
1018
1018
1018
1018
1018
1019
1019
1019
1019
1005
1005
1005
1005
1013
1013
1013
1013
1013
1013
1018
1018
1018
1018
1019
1019
1019
1019
1019
1019
1004
1004
1004
1013
1013
1013
1013
1013
1013
1018
1018
1018
1018
1019
1019
1019
1019
1019
1019
1019
1004
1004
1013
1013
1013
1013
1013
1013
1018
1018
1018
1018
1019
1019
1019
1019
1019
1019
1019
1004
1004
1013
1013
1013
1013
1011
1011
1011
1011
1011
1011
1011
1011
1010
1010
1010
999
999
999
999
1012
1012
1012
1012
1012
1011
1011
1011
1011
1011
1011
1011
1010
1010
1010
999
999
999
999
1012
1012
1012
1012
1012
1012
1011
1011
1011
1011
1011
1010
1010
1010
1010
1010
999
999
999
1012
1012
1012
1012
1012
1012
1011
1011
1011
1011
1010
1010
1010
1010
1010
1010
999
999
999
1012
1012
1015
1015
1015
1014
1014
1014
1014
1009
1010
1010
1010
1010
1010
1008
999
999
999
1015
1012
1015
1015
1014
1014
1014
1014
1014
1009
1009
1010
1010
1008
1008
1008
999
999
999
1015
1012
1012
1014
1014
1014
1014
1014
1009
1009
1009
1009
1008
1008
1008
1008
999
999
999
1015
1015
1015
1014
1014
1014
1014
1009
1009
1009
1009
1009
1008
1008
1008
1008
999
1008
997
1015
1015
1015
1014
1014
1014
1014
1009
1009
1009
1009
1009
1008
1008
1008
1008
1008
1008
997
1015
1015
1015
957
957
957
1014
1009
1009
1009
1009
1009
1008
1008
1008
1008
1008
947
997
1015
1015
1015
957
957
957
1014
1009
952
952
1009
946
946
946
946
947
947
947
947
957
957
957
1015
957
957
952
952
952
952
946
946
946
946
946
947
947
947
947
957
957
957
957
952
952
952
952
952
952
946
946
946
946
946
947
947
947
947
957
957
957
952
952
952
952
952
952
952
946
946
946
946
946
947
947
947
947
957
957
957
957
952
952
952
952
952
946
946
946
946
946
947
947
947
947
948
956
956
956
956
956
956
956
956
953
953
953
953
953
946
947
947
947
948
948
956
956
956
956
956
956
956
956
953
953
953
953
953
953
948
948
948
948
948
958
958
956
956
956
956
956
953
953
953
953
953
953
953
948
948
948
948
948
958
958
958
956
958
958
958
953
953
953
953
953
954
948
948
948
948
948
948
958
958
958
956
956
958
958
958
953
954
954
954
954
954
948
948
948
948
951
958
958
958
958
958
958
958
958
954
954
954
954
954
954
954
948
949
949
949
959
959
959
959
959
955
955
955
955
954
954
954
954
954
949
949
949
949
949
959
959
959
959
959
955
955
955
955
955
955
955
954
949
949
949
949
949
951
959
959
959
959
959
955
955
955
955
955
955
954
954
949
949
949
949
949
951
959
959
959
959
959
955
955
955
955
955
955
954
954
949
949
949
949
949
951
928
928
928
928
928
928
928
955
930
930
930
930
954
949
937
937
936
936
939
928
928
928
928
928
928
928
930
930
930
930
930
930
937
937
937
936
936
936
928
928
928
928
928
928
930
930
930
930
930
930
937
937
937
936
936
936
936
929
929
929
929
929
928
928
930
930
930
930
937
937
937
936
936
936
936
938
929
929
929
929
929
929
928
930
930
930
930
937
937
937
936
936
936
936
938
929
929
929
929
929
929
931
931
931
931
931
937
937
937
936
936
936
936
938
933
929
929
929
929
931
931
931
931
931
931
937
937
937
937
936
936
936
938
933
933
933
933
929
931
931
931
931
931
931
937
937
937
940
940
940
938
938
933
933
933
933
932
931
931
931
931
931
942
942
942
942
940
940
940
940
938
933
933
933
932
932
932
932
931
942
942
942
942
942
942
940
940
940
940
941
933
933
932
932
932
932
932
931
942
942
942
942
942
942
940
940
940
940
941
933
933
933
932
932
932
932
932
932
942
942
942
942
940
940
940
940
940
941
934
934
932
932
932
932
932
932
932
932
942
942
942
942
940
940
940
941
941
934
934
935
935
935
935
935
935
935
943
943
943
943
943
943
943
940
941
941
934
934
935
935
935
935
935
935
935
943
943
943
943
943
943
943
847
846
941
934
934
934
934
935
935
935
935
935
935
943
943
943
943
943
847
847
846
846
934
934
934
934
935
935
935
935
935
935
943
943
943
943
943
847
847
846
846
934
934
934
838
838
838
838
838
838
838
844
844
844
844
844
847
847
846
846
934
934
934
838
838
838
838
838
838
838
844
844
844
844
844
844
847
847
847
837
837
837
838
838
838
838
838
838
838
844
844
844
844
844
844
847
847
847
837
837
837
837
837
837
838
838
838
839
844
844
844
844
844
847
847
847
843
837
837
837
837
837
837
839
839
839
839
839
839
845
844
844
845
845
843
843
837
837
837
837
837
837
839
839
839
839
839
839
845
845
845
845
845
843
842
836
836
836
836
836
839
839
839
839
839
845
845
845
845
845
845
845
842
842
836
836
836
836
836
836
839
839
839
839
845
845
845
845
845
845
842
842
842
836
836
836
833
833
833
839
839
835
835
835
835
835
835
845
845
842
842
841
836
836
836
833
833
833
833
833
835
835
835
835
835
835
835
845
841
841
841
836
836
836
833
833
833
833
833
833
835
835
835
835
835
835
841
841
841
841
832
832
832
832
833
833
833
833
835
835
835
835
835
834
834
841
841
841
841
832
832
832
832
832
832
833
833
833
834
834
834
834
834
834
834
841
841
841
832
832
832
832
832
832
833
833
834
834
834
834
834
834
834
834
841
841
841
832
832
832
832
832
832
833
833
834
834
834
834
834
834
834
859
859
859
859
850
850
850
850
851
851
851
849
849
849
849
848
848
848
848
859
859
859
859
850
850
850
851
851
851
851
849
849
849
849
848
848
848
848
859
859
859
859
850
850
850
851
851
851
851
851
849
849
849
849
848
848
848
848
859
859
859
850
850
850
851
851
851
851
851
849
849
849
849
848
848
848
848
848
859
859
850
850
850
851
851
851
851
849
849
849
849
849
848
848
848
848
848
858
858
850
850
850
850
851
851
851
849
849
849
855
855
848
848
854
854
858
858
858
853
853
852
852
852
852
851
855
855
855
849
855
855
854
854
854
854
858
858
853
853
850
852
852
852
852
852
855
855
855
855
855
854
854
854
854
858
858
853
853
853
852
852
852
852
852
855
855
855
855
854
854
854
854
854
854
854
447
446
446
444
442
442
443
441
434
435
436
425
390
415
419
426
441
440
443
442
443
435
432
429
442
444
446
446
447
447
446
445
445
444
436
451
509
510
510
449
449
450
447
447
447
446
446
446
445
445
445
444
444
444
444
443
443
443
443
443
440
440
440
440
440
434
434
434
434
434
435
435
437
437
437
437
437
437
436
436
430
430
430
430
430
430
418
418
418
418
419
419
419
419
419
420
420
420
420
384
384
384
384
384
384
385
451
451
451
451
447
447
447
447
447
447
410
411
411
411
399
399
399
399
399
397
397
397
397
397
396
396
396
396
427
426
426
427
427
424
424
424
424
424
424
429
429
429
429
429
439
439
439
438
438
432
432
432
432
433
433
433
441
441
441
441
441
443
443
442
442
442
442
444
444
445
445
445
445
445
446
446
446
447
462
462
413
413
413
412
412
415
415
415
415
408
408
408
408
408
411
411
410
410
408
429
426
440
443
442
441
441
434
436
419
442
447
447
446
444
445
432
439
437
509
451
510
446
445
444
443
437
418
384
385
451
451
396
439
433
442
442
444
446
458
385
384
384
384
384
462
462
415
408
408
408
411
411
419
440
440
441
435
432
429
443
445
444
510
451
458
450
446
445
444
444
442
443
443
440
440
440
440
434
434
434
435
435
435
437
437
437
437
436
436
430
430
430
430
430
418
418
418
418
419
419
419
419
420
420
420
384
463
463
463
463
457
456
456
450
449
408
415
397
397
397
397
396
396
396
396
427
426
427
427
427
427
424
424
424
424
424
429
429
429
429
439
438
438
432
432
432
433
433
433
441
441
441
443
443
442
442
444
444
445
462
413
413
413
413
412
412
412
415
397
397
408
399
399
399
399
411
411
446
445
444
509
446
451
450
450
385
457
463
415
408
427
442
430
451
443
443
437
437
418
463
385
457
457
450
447
397
396
429
439
432
443
445
463
384
397
397
399
399
411
429
429
440
440
441
433
435
419
442
444
432
442
437
418
384
452
427
439
433
458
462
413
384
384
462
408
419
434
443
435
432
429
442
440
433
433
440
434
434
434
435
435
435
437
437
436
436
436
430
430
430
418
418
418
418
418
418
419
420
420
420
420
420
384
463
457
458
458
450
450
415
396
397
396
396
396
427
396
427
427
427
427
427
424
424
424
424
424
429
439
439
438
438
438
432
432
433
433
441
441
441
441
413
413
413
412
415
412
412
415
408
411
415
411
399
411
411
450
457
458
451
397
411
427
440
441
433
430
439
437
457
462
433
457
433
434
435
463
463
463
457
450
451
396
396
427
424
413
397
408
411
415
451
451
443
436
438
418
385
385
450
396
427
439
432
432
397
399
399
428
428
441
443
433
419
433
436
418
418
462
458
427
438
433
385
384
385
462
408
419
433
437
432
428
434
434
435
435
435
438
436
436
430
431
431
417
417
417
417
417
419
420
420
420
420
420
387
387
457
458
458
458
450
415
396
396
393
393
427
426
426
425
424
425
425
428
428
428
439
439
438
438
438
432
433
413
463
385
413
415
413
412
412
412
415
411
399
415
411
399
397
460
457
450
426
413
438
450
393
428
387
397
434
439
457
458
397
393
393
435
462
399
415
451
458
426
431
439
457
457
434
460
385
426
393
426
460
411
411
415
450
436
438
422
385
439
398
428
428
422
436
422
422
460
426
438
385
398
421
438
435
435
435
437
436
430
431
431
431
417
417
417
417
418
422
420
420
420
387
387
387
387
457
457
458
458
393
393
426
426
425
425
425
425
425
428
428
439
428
439
438
438
435
460
385
413
413
415
412
412
412
412
412
415
398
399
394
411
458
439
398
426
431
431
439
457
460
411
393
439
422
426
387
435
438
394
393
415
428
460
389
398
385
457
422
450
393
431
389
398
398
459
398
393
426
460
460
457
426
436
393
426
411
458
436
422
460
398
428
422
436
422
393
387
398
398
421
438
428
431
431
431
417
417
417
417
417
421
421
421
387
387
387
387
458
458
426
426
425
425
425
425
428
425
428
428
439
439
460
385
385
412
412
412
412
412
412
388
395
399
394
458
439
422
457
431
389
457
393
393
393
394
460
422
428
458
460
428
387
389
398
422
428
439
387
393
423
412
394
393
395
460
398
399
422
394
431
398
459
398
393
423
459
423
422
460
385
398
421
422
461
395
394
421
428
431
431
417
417
417
417
417
421
421
421
387
387
387
458
459
425
425
425
425
425
425
425
428
428
457
385
385
389
388
388
388
388
395
395
460
393
394
422
431
423
389
394
398
398
459
431
416
387
431
394
395
393
393
431
388
423
423
393
461
459
398
393
423
422
459
398
421
416
422
461
394
398
421
431
417
417
416
425
416
421
421
421
387
387
459
457
422
425
416
416
425
459
460
385
386
459
389
389
412
388
388
388
395
395
395
394
416
416
395
422
431
423
388
423
416
460
398
459
459
386
389
387
392
392
388
422
461
398
459
394
423
423
416
423
386
421
395
392
421
421
394
421
416
416
416
421
390
391
391
389
459
416
416
459
386
459
460
389
389
386
394
388
388
388
394
395
416
416
422
423
392
416
390
416
386
386
388
394
392
423
423
461
394
392
388
386
394
388
423
423
416
421
421
390
390
416
390
391
388
389
389
416
461
459
461
389
386
391
394
395
395
394
395
395
423
392
461
389
423
416
390
423
390
388
461
389
392
394
395
416
422
392
423
459
392
388
386
395
392
423
390
390
390
391
389
388
386
386
391
391
394
394
395
395
392
392
389
423
392
423
392
461
391
390
389
394
395
386
390
390
388
392
423
390
391
388
392
390
390
386
391
386
391
394
392
395
390
386
391
392
392
390
390
386
391
395
391
391
391
390
390
391
391
392
391
391
392
391
392
395
392
392
391
392
509
450
450
450
448
449
510
510
510
509
509
451
447
450
447
450
449
449
449
449
457
444
445
446
451
450
458
450
451
458
460
458
450
451
411
451
459
460
440
434
433
460
435
434
434
460
398
459
460
389
461
459
436
385
438
438
436
459
459
431
386
386
461
431
431
459
461
461
461
417
387
387
416
461
461
461
461
461
386
461
417
386
386
417
423
386
386
391
390
386
386
461
389
389
416
395
390
422
423
416
391
391
389
388
391
391
422
391
421
390
421
