179
179
184
180
142
96
142
97
89
131
92
95
72
86
77
231
231
224
251
130
133
254
132
132
255
133
136
141
133
130
184
184
184
181
178
181
180
180
89
96
106
98
87
89
92
81
92
94
73
73
77
77
255
230
187
231
227
227
250
250
254
184
99
109
96
86
86
79
78
250
250
133
136
254
254
250
254
254
254
254
254
132
254
143
184
143
184
142
178
142
97
184
185
179
178
178
86
181
177
181
255
180
180
143
98
87
95
99
176
87
187
87
95
86
95
94
95
94
177
94
72
73
93
79
231
231
224
231
224
227
227
227
225
250
250
250
251
251
251
184
179
142
142
96
98
95
95
94
73
133
133
130
184
130
136
179
185
178
178
109
106
78
77
77
231
109
109
109
101
86
92
92
89
73
78
78
230
250
250
97
72
255
255
133
255
136
130
141
143
143
142
184
179
178
180
180
109
96
98
99
87
99
87
92
92
94
94
73
79
228
230
230
224
227
225
227
224
250
251
143
143
88
96
94
72
250
136
133
136
225
228
250
250
137
142
179
178
184
184
178
178
86
92
178
96
99
99
95
95
92
92
255
225
136
138
185
185
109
96
79
228
96
101
228
228
255
255
254
139
136
136
137
137
142
186
187
184
176
180
96
96
99
99
92
93
73
73
79
228
228
230
224
224
250
225
225
228
176
186
185
185
177
101
255
136
95
72
137
89
73
235
99
99
137
185
224
224
96
96
94
72
236
236
138
133
228
224
228
229
143
186
177
180
109
97
97
176
92
93
238
189
187
185
72
79
96
97
97
101
228
229
139
255
186
239
176
176
93
93
229
224
225
236
137
187
93
72
224
225
255
139
138
143
89
89
139
139
185
185
139
139
186
186
186
187
176
96
235
228
93
72
177
186
93
72
88
92
232
139
229
72
101
176
236
255
88
97
101
101
137
186
176
176
93
93
229
224
225
236
88
97
176
177
138
137
235
225
100
88
185
176
100
96
228
229
186
187
238
139
97
99
93
232
137
186
139
139
139
138
187
185
72
72
100
188
72
235
89
191
229
90
225
238
101
97
176
176
229
224
236
238
97
88
138
137
139
139
185
88
91
229
236
139
232
238
100
101
100
100
235
229
176
101
101
234
238
137
91
72
186
188
138
138
185
177
72
90
186
188
88
103
232
236
97
88
236
238
188
100
91
90
97
88
238
103
232
232
235
90
137
186
235
234
236
237
236
237
177
100
100
100
235
229
97
88
88
91
238
138
91
90
186
188
188
188
103
88
236
236
97
102
238
238
238
103
91
235
188
189
232
237
190
190
103
103
235
232
238
237
188
177
100
189
91
235
191
190
237
237
100
100
88
233
232
237
100
88
234
234
190
190
100
100
103
91
232
237
239
237
88
103
188
189
103
91
189
177
239
191
91
91
235
234
100
239
90
234
234
234
190
190
190
190
102
100
234
237
103
234
237
190
239
190
189
102
189
189
191
239
91
234
189
233
190
191
102
102
234
239
188
191
233
233
102
91
189
188
102
102
239
190
233
234
233
191
234
233
102
233
102
102
239
233
233
233
239
191
239
239
191
102
102
102
233
239
945
957
954
917
918
789
873
872
871
877
834
835
833
838
842
692
663
663
662
662
662
644
641
640
679
750
685
682
812
801
803
805
798
794
772
779
782
783
783
952
783
955
917
917
917
918
918
697
349
357
357
353
361
360
366
367
264
429
431
430
449
448
453
459
463
461
408
414
401
402
283
149
148
145
289
289
289
292
292
294
261
276
269
418
422
423
421
462
463
460
358
377
352
353
362
383
367
435
435
425
451
451
454
448
452
453
383
368
446
446
436
450
450
454
455
468
448
433
446
446
437
510
511
507
497
497
468
445
440
443
508
504
504
506
499
496
508
505
498
500
499
988
993
501
500
993
1001
1000
995
998
998
975
975
964
965
868
880
834
882
870
870
965
967
966
972
973
998
996
1005
1006
1006
408
411
404
120
166
150
147
214
147
86
81
73
94
87
14
67
45
114
24
17
407
407
281
404
404
405
411
406
406
45
45
70
64
81
81
85
70
70
230
230
77
231
251
248
252
132
252
217
217
217
144
163
166
169
168
124
123
119
106
109
109
106
87
87
87
295
295
262
263
257
256
363
362
365
364
364
364
333
348
335
328
348
349
697
697
691
841
840
846
849
848
880
880
982
983
980
976
445
976
859
858
858
699
698
663
693
842
838
832
835
848
848
852
663
641
640
640
766
766
743
743
741
565
561
514
514
523
526
525
527
527
545
544
549
550
560
563
564
740
745
742
749
765
765
642
641
737
736
708
708
720
729
532
535
533
528
529
542
543
634
633
633
624
588
631
588
627
627
625
624
624
723
723
724
593
532
601
600
636
542
543
542
593
601
590
589
631
589
632
588
632
632
632
634
542
637
636
591
601
601
627
623
633
634
538
538
537
537
527
526
522
514
515
519
566
727
737
737
545
544
549
552
562
562
563
744
745
748
750
751
679
812
803
807
775
795
772
777
778
778
808
802
824
775
768
776
777
776
769
776
777
770
776
770
770
770
823
826
831
815
575
571
571
572
559
558
556
819
823
822
820
820
952
954
954
95
180
183
108
183
184
142
141
141
134
181
173
184
131
130
132
193
153
135
945
956
913
912
925
923
867
864
869
916
912
927
927
909
998
999
999
960
920
920
924
912
912
952
953
952
782
780
780
782
779
768
771
774
774
826
826
831
829
824
824
826
825
771
817
817
819
557
559
552
552
553
555
818
817
816
819
819
819
557
557
559
559
555
547
547
545
555
821
546
548
545
526
544
524
524
536
541
540
524
521
513
512
512
726
727
736
723
537
536
539
529
538
536
542
627
626
555
554
816
816
822
953
917
780
780
786
781
786
773
771
825
827
553
818
549
523
551
520
524
539
530
518
518
517
725
721
723
536
634
639
637
526
769
956
958
915
908
907
910
997
997
916
958
780
787
793
874
878
887
893
889
686
687
675
694
662
642
694
644
643
785
787
787
772
795
795
828
828
549
514
550
522
513
539
529
529
534
535
724
720
714
542
639
589
639
513
944
936
936
937
959
908
924
927
925
784
784
780
787
788
872
874
876
884
892
837
837
674
675
695
661
663
792
793
879
800
887
895
888
684
673
675
642
676
797
794
799
798
807
806
806
831
815
829
556
556
558
575
560
550
515
561
561
567
512
518
529
528
533
518
600
603
589
589
540
531
512
512
550
775
798
917
915
787
908
920
926
925
922
962
967
865
790
788
796
793
800
804
802
830
814
575
815
575
563
565
564
566
516
517
532
535
601
914
914
914
910
1005
911
910
920
921
922
920
962
967
923
791
872
874
874
801
800
813
803
811
570
571
809
809
744
741
740
566
726
725
724
724
593
906
961
961
920
961
871
887
887
812
886
811
683
681
746
746
569
570
683
891
888
683
681
747
750
746
745
736
737
748
720
721
721
722
727
745
569
810
891
877
879
875
866
791
963
890
995
996
998
998
973
973
975
961
974
966
964
966
965
864
880
868
884
894
894
686
685
747
738
739
737
762
763
763
641
760
723
761
761
759
992
992
986
985
441
441
440
440
979
977
978
978
970
970
991
991
984
979
969
989
990
990
990
968
969
969
993
993
992
977
991
981
855
854
854
981
850
832
832
833
837
687
673
673
678
678
764
766
640
765
762
767
738
750
836
836
835
971
767
969
988
989
440
856
862
847
861
855
862
861
846
846
838
687
675
501
988
986
986
858
859
845
844
844
860
861
840
688
843
842
675
694
499
504
509
508
437
446
445
863
375
382
352
377
379
379
378
378
378
841
841
863
380
377
370
370
372
840
380
693
693
689
689
696
698
695
689
694
674
843
987
508
505
373
497
507
511
510
437
446
446
433
375
375
376
380
359
359
448
454
430
451
438
439
427
367
368
362
382
357
357
358
358
358
374
383
371
434
434
450
450
454
454
449
423
417
269
270
272
294
293
429
422
428
271
260
262
294
424
429
264
266
261
263
425
264
266
258
256
426
265
256
256
366
265
259
361
361
365
355
355
354
364
362
354
364
333
332
356
357
463
461
400
403
282
286
291
290
290
291
292
273
421
421
420
422
429
429
264
265
259
365
363
414
412
420
419
278
275
273
272
416
416
270
278
278
270
260
256
328
311
293
329
328
328
329
329
258
267
271
268
413
329
418
411
409
410
401
400
403
261
277
279
261
309
311
308
407
407
402
283
278
262
127
126
114
150
173
175
149
274
284
281
14
155
140
147
144
530
953
910
992
414
119
308
763
623
818
945
944
944
959
959
937
914
906
907
911
1005
1005
1003
995
1000
1000
1001
993
501
500
500
496
468
497
452
453
459
459
461
461
414
409
409
406
406
16
17
24
114
82
12
45
45
64
64
70
74
76
76
76
231
231
227
248
248
254
252
252
134
134
196
153
153
289
289
289
292
295
295
295
311
309
328
335
335
335
349
350
697
696
696
663
663
662
644
641
646
762
759
761
761
714
714
720
720
731
601
601
603
591
589
631
588
626
623
622
622
623
627
623
625
624
633
633
633
634
635
538
537
537
524
525
525
527
544
545
545
554
554
818
818
817
817
823
822
822
770
769
776
776
777
777
778
783
783
783
954
952
957
945
945
251
252
252
132
130
130
130
141
141
142
184
179
179
178
181
108
109
109
106
106
87
87
85
85
81
81
95
94
73
78
77
77
231
231
231
227
248
251
953
953
662
662
643
644
778
778
783
783
952
952
783
783
349
350
460
459
463
461
289
289
292
292
453
455
452
452
497
468
499
496
501
501
993
992
995
1000
1003
1003
1003
1003
147
147
85
85
92
81
73
74
95
75
14
114
45
45
24
25
16
17
411
406
44
45
70
64
44
64
70
74
76
74
77
230
251
248
132
132
252
252
147
153
109
104
106
106
99
98
85
87
364
333
333
348
329
335
349
348
696
697
544
526
646
641
720
714
720
720
635
635
626
588
627
626
623
627
625
624
761
761
532
731
601
601
588
631
601
603
623
623
623
625
633
624
634
633
635
538
537
524
524
525
527
545
777
777
776
776
769
769
822
770
953
954
108
109
108
181
108
108
173
184
141
141
134
134
181
173
172
173
141
141
817
818
823
816
554
554
525
524
538
537
626
627
816
822
944
944
959
936
663
663
591
589
937
937
906
907
910
1005
907
911
731
724
593
592
907
907
762
763
646
640
760
762
699
697
293
295
333
333
309
309
295
294
330
328
414
409
82
12
957
953
414
414
762
762
623
623
818
818
945
953
944
944
936
944
959
936
936
936
937
937
914
914
906
907
907
910
911
910
1005
1005
1005
1003
1003
1000
1000
992
1001
993
501
993
502
501
500
499
500
499
496
496
468
497
452
452
453
453
453
460
459
460
461
461
408
413
408
414
409
409
411
411
410
406
16
16
16
16
24
119
24
24
14
14
12
67
12
45
64
45
64
67
64
64
79
79
79
79
76
230
254
254
252
135
132
252
196
134
153
153
153
153
217
217
145
290
292
292
295
295
295
295
311
309
311
309
328
335
349
333
350
349
699
697
698
663
663
662
644
662
646
763
762
762
762
759
761
761
714
714
720
720
731
532
593
532
603
601
589
589
623
622
625
623
625
625
624
624
624
633
633
638
633
634
635
635
538
538
537
537
537
524
525
525
527
526
527
527
527
544
527
545
545
545
554
554
555
555
818
818
817
817
823
816
823
822
822
822
822
770
770
770
769
769
776
768
776
776
777
777
778
778
778
778
783
783
952
952
953
954
953
957
251
252
252
254
132
135
132
133
130
130
133
131
131
131
141
141
141
142
172
184
172
173
181
183
183
183
183
183
108
109
104
104
107
106
107
99
87
87
87
87
85
85
92
85
81
81
81
95
80
94
74
73
73
74
78
79
230
77
251
251
349
349
463
463
413
461
499
501
16
407
67
45
152
153
113
85
294
295
364
364
328
364
358
358
520
525
544
544
723
723
626
625
624
624
723
722
724
724
532
532
603
589
588
588
543
543
536
537
536
537
779
779
772
768
771
770
820
822
140
140
173
175
130
131
135
128
252
134
952
952
817
818
545
545
626
626
642
662
956
956
958
936
761
760
765
763
723
760
292
292
329
308
365
329
175
173
997
997
993
992
414
414
995
995
115
115
45
45
65
64
75
74
147
147
696
696
663
663
643
641
601
601
591
591
623
623
524
524
782
782
252
252
74
78
663
662
460
460
145
289
448
452
455
452
498
993
993
993
996
996
147
147
85
82
80
81
65
70
80
75
407
411
64
70
134
128
147
147
85
85
356
333
349
349
526
526
708
708
720
721
632
588
627
625
532
535
589
589
603
601
634
634
779
776
769
769
954
954
110
105
182
110
158
141
134
128
175
175
131
140
816
817
823
816
957
945
689
663
997
910
907
908
592
592
723
760
262
309
329
329
82
84
957
953
767
765
937
937
497
497
411
409
119
16
119
119
114
119
66
67
65
64
65
65
132
135
153
152
153
153
153
146
217
217
147
289
295
262
308
262
333
356
640
765
638
624
547
547
555
555
128
130
131
131
131
141
158
142
172
172
172
173
159
173
175
183
171
182
183
182
183
182
104
109
105
104
104
106
107
106
112
106
107
87
112
87
112
87
84
81
80
81
80
95
80
75
74
75
74
78
695
689
448
448
414
412
463
460
448
455
505
498
498
993
996
997
411
414
144
144
66
65
84
85
146
153
364
364
356
333
357
333
697
696
663
663
526
520
721
722
542
543
632
626
638
632
779
786
770
820
820
823
954
954
175
171
128
134
132
135
956
956
779
779
772
768
821
816
544
526
525
524
536
536
536
543
816
816
957
954
722
723
520
525
769
771
997
997
642
663
663
662
601
601
721
708
995
996
760
760
1000
994
993
993
413
463
273
273
365
329
364
364
308
308
643
642
358
349
74
75
74
74
104
105
626
626
172
173
603
603
640
640
294
294
907
910
501
498
411
411
406
407
16
127
119
24
67
67
129
132
290
144
636
591
777
777
75
74
77
77
407
127
153
152
273
295
354
364
358
358
544
549
724
724
532
533
588
588
529
543
536
536
521
536
820
820
155
140
158
141
175
171
128
130
954
955
816
555
547
547
626
626
662
662
958
958
767
738
765
765
723
723
175
175
996
997
414
412
115
115
643
640
782
782
460
453
448
448
455
455
993
993
995
996
85
84
75
75
407
411
134
152
147
147
113
85
526
526
626
632
535
532
603
603
542
634
768
769
954
954
182
104
158
158
175
175
821
817
820
823
956
956
997
908
908
907
592
592
262
262
767
767
937
914
497
497
127
119
119
119
67
67
82
82
65
65
67
67
146
152
146
146
294
262
357
356
640
640
547
546
555
555
131
131
131
140
129
140
158
172
172
173
172
172
182
183
182
182
182
110
110
104
105
104
107
107
107
106
112
107
112
112
112
113
113
85
81
83
75
80
75
80
74
80
957
957
273
294
507
497
448
455
992
994
411
405
148
147
262
294
356
356
765
765
639
588
636
600
770
771
821
555
525
525
958
958
721
724
639
639
600
603
937
958
914
907
592
535
766
767
760
767
359
359
294
272
354
355
463
463
413
413
411
411
407
405
127
127
114
119
172
174
155
140
499
499
697
697
696
697
499
505
520
520
723
723
772
786
132
128
642
642
329
308
1000
992
696
696
600
533
782
952
695
663
144
145
498
498
146
147
82
66
66
65
146
217
636
636
779
779
105
117
689
689
997
909
908
910
908
907
328
329
119
126
66
83
152
129
129
128
171
170
66
85
689
695
145
144
113
112
365
364
349
357
523
523
721
722
632
632
549
544
539
536
736
722
771
771
694
642
533
592
721
725
738
760
969
969
273
290
365
256
365
364
308
308
642
643
65
75
407
407
127
127
291
144
359
359
549
544
529
542
521
536
771
820
820
823
156
140
156
158
175
170
131
131
954
955
555
555
547
547
626
632
766
765
737
723
174
175
999
997
414
412
412
412
115
84
676
676
462
454
454
455
993
993
996
999
80
66
83
65
128
154
85
113
83
84
634
634
772
772
954
954
110
110
159
158
174
175
821
821
827
821
956
956
308
262
118
119
67
65
146
155
146
152
140
131
140
129
159
158
160
172
160
172
171
182
182
182
111
104
110
105
105
105
105
107
116
112
116
112
116
112
113
115
66
66
357
357
454
455
405
405
365
365
359
696
767
766
676
642
737
737
529
542
600
540
638
634
636
600
547
549
539
529
914
914
958
958
642
694
535
724
639
588
693
693
533
533
915
912
908
909
722
721
767
767
689
689
695
694
691
691
263
263
355
365
356
356
256
329
407
407
407
405
127
127
155
157
146
144
290
289
588
588
914
908
499
499
82
84
128
128
365
365
125
105
115
82
160
174
413
463
498
505
988
501
359
352
542
542
639
632
779
786
779
779
772
772
520
520
771
771
969
994
308
257
118
105
144
144
127
404
272
273
955
955
816
816
66
84
83
65
909
908
117
118
333
333
546
546
114
112
507
507
994
994
405
401
156
146
294
294
354
354
765
676
639
632
521
521
916
956
600
600
532
533
535
535
766
766
359
377
355
355
463
462
412
413
114
114
174
170
507
506
689
359
782
782
67
83
67
83
67
67
152
152
129
129
170
171
523
523
722
722
551
549
722
736
773
773
694
694
517
725
989
969
290
273
290
290
365
256
291
291
827
827
156
156
159
156
171
170
129
140
553
553
170
174
921
999
420
421
84
115
451
454
154
155
916
916
110
111
159
159
170
171
821
821
126
119
155
155
146
157
140
129
159
160
160
174
171
182
111
182
110
110
117
105
116
105
116
116
84
113
115
115
66
83
352
352
454
454
506
506
116
117
263
308
693
689
551
514
676
676
542
542
921
909
819
819
554
546
722
727
517
725
637
637
914
915
539
539
637
636
676
676
600
600
969
992
767
767
738
738
988
988
693
689
359
359
449
451
357
357
262
261
355
355
420
421
290
273
401
400
272
272
272
294
404
127
148
148
638
633
116
116
638
632
779
779
769
771
291
144
533
533
155
155
996
997
448
454
816
821
82
82
1000
994
148
157
520
520
913
912
926
915
355
354
463
463
157
156
696
696
505
505
145
144
83
83
125
125
126
126
528
533
766
767
529
529
521
521
820
823
637
632
154
154
129
129
122
125
116
118
115
84
354
354
455
455
401
404
365
363
766
764
737
737
542
542
540
528
548
551
916
916
694
694
535
535
725
721
912
927
926
909
722
722
677
694
359
379
263
261
257
257
121
121
125
125
413
421
498
498
786
786
780
786
772
773
522
522
820
771
969
969
955
917
555
818
82
84
921
909
118
116
126
117
546
553
511
507
506
497
401
401
354
354
764
679
638
637
916
916
600
540
534
517
766
766
379
377
174
170
781
781
781
782
170
170
523
523
551
551
773
773
827
774
771
825
821
823
156
156
171
168
129
154
553
553
555
546
170
166
999
999
155
129
917
916
160
159
168
170
827
819
146
146
154
154
160
160
160
160
160
174
111
171
111
111
110
110
117
117
692
693
917
917
451
454
511
507
504
507
988
498
988
988
401
401
404
404
550
550
737
737
634
542
637
637
819
819
999
999
913
912
783
783
819
819
557
555
551
548
827
825
676
676
926
926
921
921
725
725
738
739
989
992
998
969
969
969
377
377
694
694
506
504
454
454
257
257
353
353
400
421
291
291
272
272
276
261
262
261
122
126
633
638
937
914
554
547
84
84
521
521
155
154
496
497
555
555
721
721
449
462
999
994
308
257
691
691
766
764
529
542
638
634
636
600
914
914
677
677
691
359
263
257
151
157
774
768
148
148
404
121
994
994
357
353
679
676
521
521
517
535
421
423
506
497
523
514
773
795
290
290
256
256
827
825
159
156
916
917
116
116
352
352
506
506
118
117
693
689
542
542
736
736
727
725
638
637
541
541
691
689
272
261
355
355
401
412
163
148
779
780
533
534
146
151
151
151
927
914
156
157
291
291
533
528
521
539
539
539
122
124
116
116
352
353
404
405
355
363
736
737
549
551
913
916
674
677
909
926
725
727
117
125
420
421
786
786
773
772
780
787
773
773
521
522
118
118
553
553
764
764
534
534
161
166
166
166
782
781
168
169
168
171
522
522
827
827
553
553
166
166
917
917
163
163
169
168
821
821
146
151
155
154
160
160
161
161
168
111
111
124
123
125
118
117
676
676
423
449
401
401
273
149
272
261
423
462
507
511
505
505
998
998
998
998
402
405
120
404
121
121
258
257
739
739
737
737
529
528
549
549
772
773
917
916
927
927
927
912
781
780
778
782
548
548
786
786
557
557
517
725
634
637
677
677
529
518
540
636
912
927
540
540
926
926
914
914
998
994
988
988
379
379
692
692
352
353
261
260
256
365
462
462
995
996
359
691
774
774
116
118
517
725
400
420
506
506
693
693
727
727
726
725
676
677
451
451
353
355
421
421
274
273
275
275
148
149
157
157
913
913
122
124
126
122
539
539
122
123
749
750
786
772
921
926
401
401
636
600
827
825
960
999
828
819
917
781
504
504
986
988
404
404
550
550
556
819
827
825
679
676
921
921
739
739
989
989
989
968
377
377
450
454
354
353
418
418
273
273
276
276
691
690
540
529
774
774
121
121
353
353
751
751
421
421
499
506
550
514
795
795
825
826
352
352
506
504
691
690
541
541
691
689
276
276
400
401
151
150
159
163
151
157
291
291
521
513
355
363
727
736
549
548
675
675
726
727
117
125
418
422
781
780
794
794
521
522
764
764
534
534
167
166
169
168
122
169
168
168
522
514
168
166
913
917
163
163
150
160
161
161
167
161
125
125
353
353
449
462
422
462
450
451
509
511
404
402
156
151
166
166
168
123
124
124
550
514
541
540
540
529
522
522
751
678
973
960
960
999
922
920
825
825
557
552
552
548
828
557
540
529
521
521
787
787
781
781
825
825
819
819
828
831
529
529
518
516
516
727
737
743
727
741
998
998
990
986
968
989
969
969
508
986
688
690
690
690
277
277
256
258
363
256
362
363
418
422
420
420
403
400
274
149
540
600
451
430
151
151
636
637
912
927
126
126
781
781
405
402
739
739
377
379
504
504
272
275
124
121
692
692
736
736
727
727
363
355
150
150
927
927
786
794
166
166
118
118
430
423
275
274
511
511
969
968
973
998
405
402
120
121
258
261
742
749
913
912
927
924
924
919
517
725
678
677
675
675
518
518
926
920
377
690
842
692
382
382
774
775
275
275
149
149
122
122
539
530
168
121
751
764
918
918
504
504
120
404
550
550
557
819
679
676
383
362
403
418
149
291
690
690
529
540
751
679
514
514
795
795
775
795
774
826
377
376
530
529
276
276
151
151
552
562
675
675
780
780
792
794
522
530
168
169
166
164
918
917
150
150
161
150
161
167
166
161
124
125
794
794
451
430
451
451
450
450
508
504
167
166
256
256
742
737
550
550
749
749
741
727
550
548
750
750
917
912
960
960
921
960
924
926
919
924
826
825
826
826
557
557
530
513
785
785
674
675
787
787
556
828
529
541
529
529
743
742
986
986
989
990
969
969
378
377
688
688
690
690
353
353
259
259
383
361
422
420
260
260
416
418
531
531
150
151
423
423
123
124
120
120
258
258
516
516
677
678
534
518
352
382
274
149
122
123
749
750
556
556
377
376
550
514
795
798
150
150
514
522
402
405
150
151
169
123
678
678
960
960
552
552
780
787
825
826
516
517
517
516
726
726
742
743
968
968
986
986
690
841
277
277
259
256
422
422
402
403
162
149
124
124
692
692
149
150
787
792
169
169
423
430
275
274
450
509
968
968
973
972
281
120
742
749
919
912
922
922
688
693
775
774
149
150
362
362
400
400
514
515
774
774
276
260
548
548
675
675
787
794
123
122
167
164
169
169
918
918
161
162
674
688
792
794
430
430
509
509
508
508
123
281
161
150
363
360
688
693
743
743
775
775
826
826
918
912
922
922
924
924
559
552
513
530
530
530
518
518
917
917
516
516
920
920
566
741
972
972
678
678
672
675
378
376
451
430
382
382
260
260
403
419
418
403
275
277
281
403
274
274
260
260
534
529
557
557
985
986
990
989
971
971
376
376
416
418
270
276
751
751
277
276
418
420
164
123
423
422
509
509
960
960
552
557
831
829
534
529
743
742
690
690
361
362
422
422
274
274
973
968
266
260
749
749
383
353
123
120
681
751
780
918
561
550
559
560
438
451
450
450
165
167
267
258
742
745
747
749
741
741
747
750
824
806
824
826
785
785
674
674
785
787
990
970
690
688
363
361
260
260
531
531
266
258
829
828
515
514
798
798
150
150
402
402
750
672
785
785
566
726
841
841
270
279
259
259
256
256
403
402
149
150
792
792
423
423
275
275
281
281
748
742
149
162
362
353
515
515
123
123
167
167
167
164
164
169
918
919
161
162
422
422
425
451
259
363
378
378
842
842
514
567
742
748
566
741
750
750
775
807
923
919
793
792
560
561
963
922
972
961
963
960
747
746
971
990
678
678
971
971
838
842
509
509
987
986
430
438
450
450
260
260
259
258
403
403
258
258
284
277
121
120
504
504
165
165
510
509
558
558
534
531
841
841
417
418
968
968
919
919
512
516
381
381
508
508
362
383
418
416
784
780
512
530
751
750
920
920
784
785
123
123
165
162
430
429
922
923
270
270
165
162
793
793
794
794
280
281
259
259
741
743
743
743
775
807
559
559
534
518
516
516
566
565
972
972
672
672
380
376
271
270
282
419
284
274
274
274
984
986
986
986
376
376
418
419
824
831
829
829
742
743
286
286
741
741
750
750
824
806
831
824
826
806
784
788
986
970
530
518
828
556
558
556
515
515
794
797
798
798
281
283
678
678
279
279
277
277
281
281
283
281
748
748
382
383
123
169
164
164
164
164
164
123
925
918
418
417
383
383
508
987
368
360
741
741
561
561
925
924
829
829
512
512
784
918
784
784
675
838
807
826
787
793
923
922
566
567
961
961
750
673
746
748
972
961
985
985
968
971
378
378
422
417
270
270
266
260
269
419
271
270
284
287
450
450
781
781
423
423
162
162
688
688
793
793
508
508
123
123
165
281
361
259
552
552
963
920
380
378
419
282
277
284
283
403
984
985
438
425
510
450
165
165
742
742
806
831
518
531
828
556
515
515
797
798
672
678
841
841
278
284
286
162
281
164
417
422
843
843
747
750
925
925
562
560
922
923
746
747
970
970
839
842
431
430
434
436
259
366
267
258
510
510
509
510
558
558
559
558
688
688
975
968
416
419
530
512
784
784
162
165
793
797
259
259
740
743
775
775
562
559
518
518
566
741
975
972
687
675
381
380
984
970
380
381
381
381
740
745
284
286
807
824
788
784
793
787
979
970
515
515
283
402
678
678
279
270
281
164
165
164
925
925
360
361
430
431
287
280
438
438
436
436
966
972
843
843
560
561
563
560
748
746
807
807
575
558
512
512
829
829
923
922
745
745
970
975
843
688
508
508
380
380
510
510
429
422
416
417
278
419
279
278
285
284
566
516
381
383
681
673
562
562
258
267
512
512
561
567
789
923
923
963
970
970
970
970
838
838
985
987
417
417
382
382
793
797
280
281
366
259
559
559
564
564
672
673
416
416
287
286
788
788
368
360
360
368
924
925
512
512
519
519
924
784
789
788
687
674
793
792
565
567
565
566
961
961
961
961
747
750
673
678
985
985
378
378
417
429
270
270
270
270
266
267
271
266
416
416
286
165
793
793
283
278
283
285
984
984
280
165
830
830
829
828
799
798
798
798
843
841
839
843
431
431
265
265
443
510
165
280
740
740
380
381
383
381
285
284
807
806
970
991
512
567
283
283
270
270
838
839
437
510
561
565
744
740
519
519
745
745
512
512
799
797
797
799
830
830
562
560
565
565
962
962
746
681
746
746
974
970
687
838
380
841
375
383
439
439
369
368
439
438
431
431
271
271
285
282
265
267
270
285
270
282
267
267
165
280
674
674
963
963
971
971
790
923
966
972
419
419
984
970
269
269
268
270
508
987
963
923
673
672
923
923
970
974
839
839
366
265
287
287
924
925
366
360
283
285
439
436
436
436
966
962
560
561
561
560
805
805
575
558
829
815
443
443
373
380
285
287
383
383
681
681
673
685
567
567
789
789
970
970
985
441
793
793
265
366
558
559
788
788
789
789
838
687
788
796
793
793
519
567
566
565
966
962
429
429
268
278
271
271
282
283
984
984
165
286
830
814
815
828
797
799
844
843
564
744
375
375
806
806
806
807
991
991
789
789
439
431
564
565
815
575
828
575
791
789
802
806
575
575
565
565
565
561
789
790
874
799
744
570
962
966
991
985
974
970
991
991
673
673
844
841
840
840
437
436
375
375
374
383
428
269
265
265
265
265
285
284
278
282
806
806
360
360
285
280
436
437
563
563
745
748
814
829
843
843
510
443
278
278
282
285
383
369
559
559
746
673
417
417
285
285
280
287
286
287
806
805
687
838
744
740
799
799
805
799
830
814
565
565
962
963
746
746
746
746
673
686
687
837
439
439
439
439
383
368
271
264
265
267
264
266
280
165
269
268
268
268
790
790
839
839
367
367
438
439
975
974
558
558
681
680
789
789
970
978
796
793
788
788
687
687
796
796
519
567
962
962
424
428
264
264
165
287
802
830
575
828
799
799
844
844
564
564
984
991
428
424
564
564
563
744
744
744
830
806
815
575
791
790
791
788
683
746
966
966
443
441
840
846
375
375
373
840
437
437
428
424
417
424
268
269
830
806
285
282
287
280
417
428
360
360
278
282
437
510
570
745
978
974
374
383
436
436
268
271
282
285
923
790
963
963
974
970
805
805
815
558
442
443
793
793
788
789
796
796
962
967
429
429
268
268
984
441
564
564
806
806
425
439
575
575
565
560
872
874
991
977
840
841
375
370
374
383
268
428
426
265
426
265
367
426
278
282
434
437
563
563
814
814
681
747
287
287
744
568
570
683
685
686
837
837
427
438
374
368
368
368
428
264
369
369
975
974
572
573
681
680
970
978
687
687
873
796
264
264
802
814
874
879
979
991
791
796
805
805
366
426
434
435
374
375
446
437
437
437
975
975
840
840
686
686
802
814
568
570
685
673
974
964
441
441
978
991
846
840
442
443
374
375
844
373
425
435
434
434
428
428
380
380
559
573
360
368
791
791
974
974
965
962
373
380
685
685
979
979
802
802
815
815
569
744
974
974
375
373
559
573
833
838
563
564
568
744
802
806
791
791
680
746
373
373
442
446
424
428
424
425
570
570
978
978
575
815
443
508
791
788
967
865
803
802
264
427
814
809
809
575
872
874
874
874
979
977
268
268
264
264
264
265
367
367
563
568
568
744
569
569
684
686
686
686
371
368
268
268
572
574
796
873
264
264
802
803
878
874
979
979
685
685
366
427
435
435
446
446
441
443
975
975
964
967
572
568
562
559
872
872
878
799
873
791
878
874
569
569
680
683
680
680
980
977
978
978
370
370
372
372
446
447
381
380
369
367
426
426
264
424
963
790
686
687
832
839
966
966
424
424
564
564
441
441
373
845
370
374
804
804
808
809
872
874
814
808
568
568
833
837
791
873
802
803
800
804
845
840
571
570
974
965
979
441
846
846
845
844
845
373
427
439
434
434
573
572
371
369
372
372
815
815
571
574
573
572
867
873
264
264
982
978
987
443
967
967
804
803
803
801
264
427
979
977
685
891
686
686
371
371
440
440
427
425
446
446
845
846
568
571
568
572
837
686
865
865
878
800
683
682
569
683
965
964
442
976
440
979
844
845
370
370
372
372
562
562
685
680
441
443
442
441
867
867
442
441
370
370
427
435
366
369
426
427
811
814
846
846
815
574
832
833
569
570
978
978
809
809
866
875
572
574
803
802
878
879
369
427
435
435
972
968
967
964
563
572
568
568
875
878
432
447
369
432
867
791
967
965
861
372
808
809
873
873
873
872
800
800
982
974
845
845
432
446
371
371
372
845
264
264
800
803
426
426
441
440
837
832
846
861
801
813
571
572
865
872
836
837
804
878
811
811
571
571
982
964
446
447
435
427
371
432
682
680
746
683
814
803
891
684
964
967
839
838
680
680
437
442
833
833
872
872
427
366
878
804
370
370
447
447
832
839
374
374
432
435
873
791
865
865
803
801
447
440
683
570
440
440
846
845
860
845
433
433
372
863
442
447
815
809
879
875
973
973
878
874
878
878
427
432
861
845
811
811
872
866
803
801
441
440
435
435
447
447
832
832
686
888
813
812
682
683
876
876
888
684
861
861
860
860
861
861
433
433
839
839
442
442
799
799
874
872
965
965
809
574
571
574
686
837
867
865
962
962
800
800
682
682
976
445
569
569
875
875
803
803
867
872
982
965
440
440
836
833
832
847
801
813
888
837
878
877
571
574
432
432
864
964
967
964
680
680
858
433
434
371
813
801
445
440
445
440
861
861
859
863
372
858
574
809
877
877
811
811
809
809
866
872
866
866
682
891
446
434
864
864
976
976
808
808
836
835
812
813
810
570
682
682
801
800
871
879
965
965
888
686
684
680
833
836
836
836
863
372
433
444
976
976
978
982
875
875
864
865
432
447
432
432
832
832
847
861
866
865
811
811
866
866
801
800
447
858
851
847
861
861
859
860
860
860
983
868
571
574
445
445
570
570
867
865
847
832
847
847
813
801
888
888
433
433
371
371
445
447
863
372
811
812
809
809
444
445
856
976
858
445
858
858
891
891
868
868
833
847
847
862
863
863
862
863
982
983
888
891
980
977
809
810
808
812
860
861
432
371
982
983
875
871
836
835
813
812
877
877
432
432
891
680
444
433
801
813
811
811
865
866
682
810
811
808
836
889
834
833
810
811
875
879
868
868
889
836
980
976
983
983
864
864
864
866
811
811
877
801
445
445
866
865
847
847
888
888
835
834
981
880
980
977
444
444
833
833
836
836
871
864
810
810
890
811
836
836
444
447
871
876
860
860
682
891
887
801
864
871
432
432
856
856
850
862
868
983
813
886
858
858
891
891
851
833
851
849
850
847
863
858
859
862
891
888
977
980
812
813
860
860
887
887
886
682
811
811
869
864
889
889
982
983
832
849
889
889
890
890
981
981
980
977
977
978
812
813
444
444
859
859
860
862
682
810
894
894
834
851
870
869
887
877
834
836
981
981
977
977
833
851
871
870
864
869
850
860
880
868
886
886
858
858
858
858
682
895
850
850
891
888
887
887
886
887
890
812
869
864
982
983
849
849
890
890
870
869
856
856
871
869
877
876
893
893
886
895
895
889
880
868
850
850
854
981
877
887
894
889
880
880
981
981
889
889
889
895
682
890
855
981
854
857
851
848
894
892
981
880
886
886
856
856
887
887
864
869
848
849
849
849
886
890
880
880
868
870
880
880
848
848
895
894
849
850
857
862
854
855
856
856
445
445
862
859
884
876
856
857
892
835
682
895
856
857
880
880
885
885
855
853
981
981
889
895
855
855
854
854
894
894
849
848
848
848
834
892
895
895
885
885
855
853
444
445
445
856
870
870
890
886
877
877
868
868
857
857
852
880
857
854
894
892
880
880
834
834
849
849
894
893
849
854
857
855
857
857
880
880
854
850
883
852
848
848
883
834
853
854
444
444
834
835
887
886
880
880
870
870
894
895
882
852
862
859
885
877
884
885
855
855
884
887
870
870
877
870
854
854
893
893
882
883
853
853
883
834
870
880
895
892
881
881
893
884
876
876
895
895
855
853
892
885
871
870
834
892
849
855
882
883
882
852
892
883
834
834
870
881
848
882
885
877
893
892
882
882
853
853
881
884
876
877
895
893
883
834
852
852
882
881
882
882
884
884
852
853
870
870
882
882
884
892
883
883
881
884
884
884
884
884
882
882
20
19
17
19
410
408
398
457
398
397
394
384
384
26
17
17
25
25
15
8
10
3
4
35
35
35
4
0
10
29
385
408
458
474
472
470
471
471
468
487
500
503
1022
493
493
494
491
500
461
458
453
457
458
453
479
475
453
470
477
452
452
453
502
502
1023
1017
1021
502
1002
1018
1017
1011
1014
1005
1005
911
906
938
928
942
943
940
904
905
1001
1002
1007
1023
1003
1006
1018
1005
1006
1002
904
939
936
929
928
937
936
934
933
950
948
949
936
959
934
932
944
947
932
945
945
945
947
946
935
950
896
897
911
1013
1013
1009
482
487
487
467
467
465
474
386
387
410
20
22
386
393
20
31
9
28
27
29
39
38
40
47
46
46
12
13
14
14
14
36
36
42
62
71
68
249
192
195
204
222
220
221
211
212
289
288
292
305
313
307
307
315
315
315
330
318
330
311
310
315
314
314
42
50
48
48
50
52
53
52
53
247
246
247
244
203
203
222
223
207
200
244
206
210
210
296
298
288
288
296
298
298
301
302
298
300
306
300
317
331
331
334
323
342
336
338
338
350
699
698
698
698
664
665
668
649
651
647
646
758
758
713
755
719
717
710
710
730
730
729
731
593
598
597
597
587
587
584
631
577
577
628
612
612
620
618
621
621
621
615
615
322
323
346
345
345
351
698
345
701
658
657
659
658
656
664
664
648
652
757
753
753
758
758
655
652
648
752
754
754
754
705
705
706
705
706
733
728
729
595
594
594
598
598
595
595
587
586
581
611
613
617
617
617
618
622
622
629
629
629
629
591
590
602
602
596
603
602
593
593
709
714
761
719
712
715
718
761
713
641
641
667
667
666
662
660
660
666
660
698
350
350
336
339
343
332
334
335
331
293
304
304
293
304
292
289
214
214
209
221
215
218
197
219
223
219
217
248
248
77
70
76
70
44
58
44
61
43
45
3
13
3
13
18
390
406
390
18
19
385
395
384
399
396
471
486
468
486
480
481
467
469
469
491
490
490
503
1002
1017
1004
911
1005
903
901
1012
1012
903
1004
897
939
899
936
930
933
197
153
253
193
192
193
198
249
69
6
7
63
60
35
38
200
211
209
145
215
215
215
297
293
293
311
311
309
335
327
327
327
326
326
324
324
334
335
327
342
341
332
334
321
339
337
346
340
332
348
350
347
700
699
699
668
668
660
668
645
662
645
650
647
647
651
646
646
653
763
712
759
718
718
715
715
714
709
711
708
730
710
720
730
597
606
602
607
606
590
590
590
580
584
589
587
582
582
581
576
630
577
631
609
578
608
628
611
610
622
614
612
617
896
482
389
945
945
944
959
959
936
906
906
904
911
911
1005
1006
1006
1000
1001
502
502
502
496
496
496
468
452
478
459
459
461
408
408
409
410
406
19
17
25
14
14
14
945
948
949
948
948
949
950
950
951
932
933
933
929
929
928
928
928
943
943
940
940
940
898
896
896
896
901
901
1012
1012
1012
1013
1015
1011
1011
1011
1009
1008
1016
1017
1017
1017
1020
1021
1021
493
493
493
494
489
494
488
482
482
482
480
480
481
466
484
467
467
465
465
465
465
472
476
473
474
474
456
456
396
396
397
397
394
392
392
393
393
386
388
386
389
391
22
22
22
20
20
20
30
29
28
31
28
8
8
9
10
3
3
3
2
4
5
5
6
34
35
35
39
39
38
36
36
43
43
42
42
51
51
50
52
52
53
247
244
246
244
244
203
203
200
200
207
207
206
223
223
223
220
220
221
221
221
210
211
210
210
296
296
296
296
303
302
303
303
306
307
313
313
313
315
315
315
316
317
317
324
324
326
326
327
327
322
323
323
342
342
342
343
336
338
346
346
345
703
345
703
701
658
658
656
656
656
664
664
664
665
668
669
669
651
651
649
649
648
652
652
652
653
653
756
757
752
753
754
754
754
719
718
717
717
717
710
710
705
705
705
706
734
734
735
735
595
595
599
599
597
597
597
607
607
607
607
587
587
583
582
582
582
578
578
609
579
609
609
611
610
610
613
612
612
617
617
616
618
619
619
619
619
619
619
621
621
621
219
288
292
295
293
311
311
328
334
334
332
348
348
350
699
699
698
660
662
662
644
641
763
646
759
712
761
714
709
730
729
729
731
593
602
590
589
591
631
577
623
622
45
44
44
58
56
70
76
77
77
226
226
226
248
253
253
193
193
134
196
196
410
410
384
409
394
397
392
394
17
17
25
24
28
9
2
2
6
34
473
473
472
472
496
496
493
493
494
494
494
494
461
408
458
458
478
478
468
452
1019
1017
1017
1021
502
503
1008
1008
905
905
904
906
940
941
940
940
1001
1002
1006
1007
1004
1005
932
933
929
928
906
937
950
933
948
947
949
948
936
936
959
944
946
945
945
945
950
948
898
896
1011
1015
900
1013
1008
1009
495
488
465
464
481
467
476
470
474
473
394
393
22
22
389
22
386
387
30
30
9
9
28
30
38
35
46
46
12
46
14
14
36
38
43
43
43
41
221
222
288
289
307
306
313
307
315
313
309
330
42
42
63
50
53
54
245
244
223
223
206
206
203
203
206
206
211
211
213
213
296
297
298
298
302
298
300
300
306
300
316
316
331
331
342
342
343
343
346
338
699
699
702
698
668
668
649
649
646
655
713
759
719
719
717
718
730
730
728
728
606
587
631
577
629
629
612
613
618
618
621
621
622
621
346
347
345
345
703
344
658
701
658
658
656
664
649
649
653
653
762
758
652
654
754
753
754
753
710
704
705
706
735
735
599
599
587
586
583
583
578
578
613
613
619
619
614
622
627
629
577
629
603
590
602
602
714
714
719
719
714
761
641
641
645
645
660
660
661
698
343
343
348
348
335
335
293
305
299
293
215
215
215
145
217
153
196
196
219
217
226
248
71
70
71
58
43
43
46
44
8
10
19
406
474
456
468
468
480
481
481
481
1017
1017
1005
911
897
900
900
1012
933
932
193
193
2
5
35
34
202
202
221
211
214
214
310
330
330
330
322
322
326
325
324
317
334
335
340
332
350
350
665
665
668
671
651
669
757
653
709
730
710
710
597
597
606
607
587
586
581
582
579
579
611
609
616
617
482
482
386
389
959
936
937
936
906
906
906
939
905
906
911
905
911
911
1005
1005
1006
1006
1003
1000
1001
1000
503
502
502
502
500
491
491
487
486
496
468
486
468
471
468
478
452
478
453
459
458
459
458
458
408
395
408
408
410
409
415
410
406
19
17
19
25
17
24
24
14
14
14
13
948
946
949
949
948
948
948
950
950
950
951
951
933
933
928
929
928
929
928
928
943
928
943
943
942
941
942
941
943
940
898
941
898
898
896
898
896
896
901
901
901
900
901
900
900
1012
1012
1012
1013
1015
1011
1010
1011
1011
1011
1009
1008
1008
1008
1008
1008
1017
1020
1020
1021
1020
1021
1020
493
1021
493
493
493
493
494
494
488
489
488
488
480
482
480
482
480
480
480
485
481
481
467
484
467
467
465
464
465
465
465
476
476
476
472
472
472
473
456
474
456
456
456
456
397
457
397
397
397
397
397
394
393
392
393
392
393
393
386
386
386
388
386
389
389
389
389
391
22
22
22
23
20
20
20
20
20
20
20
31
30
30
30
29
28
9
9
8
10
10
10
10
3
10
3
3
3
2
2
4
2
5
5
4
6
6
6
6
34
35
39
35
39
35
39
39
38
39
38
36
36
36
36
41
41
43
63
51
51
51
50
51
52
52
52
50
52
52
53
53
244
244
244
244
202
203
202
203
200
202
207
202
207
200
207
206
206
223
222
222
220
220
220
220
221
220
211
221
211
208
210
211
210
210
210
210
296
297
296
296
302
302
307
300
307
306
313
307
313
313
313
313
315
313
314
314
316
315
316
316
317
317
324
324
326
325
326
326
323
322
323
323
342
342
342
343
336
339
338
339
338
338
345
346
345
346
345
345
703
344
701
703
701
701
656
658
656
656
656
656
664
664
665
664
670
668
669
651
651
669
649
649
649
649
648
649
654
652
652
653
653
653
752
752
752
757
752
753
719
755
719
719
717
717
710
717
716
717
716
710
705
710
705
704
705
704
705
705
734
706
734
733
735
734
735
735
595
734
595
594
594
599
599
599
598
598
597
597
597
597
607
604
583
583
583
585
583
583
578
582
578
582
578
578
609
609
609
579
611
608
613
610
613
611
612
612
614
617
617
617
618
618
621
618
619
619
621
618
620
618
214
219
299
288
305
293
311
311
330
331
350
348
697
699
699
702
698
698
647
641
646
758
758
763
761
713
708
709
730
729
729
728
731
598
602
593
603
602
584
584
591
584
631
577
577
630
622
622
45
59
58
44
58
58
59
58
70
70
71
76
68
69
226
77
226
226
249
248
253
248
253
253
193
253
193
193
198
193
153
134
153
196
153
153
21
22
23
19
385
415
396
397
25
25
2
3
464
465
466
468
485
486
491
500
458
458
459
479
495
490
1023
503
1015
1011
1015
1004
903
1005
902
911
938
930
931
943
1001
1002
938
939
930
937
959
935
387
388
20
20
38
38
46
46
38
38
56
71
222
220
211
208
319
318
50
50
245
203
337
337
645
651
711
716
593
602
606
587
698
698
664
657
758
758
752
752
704
704
728
728
594
599
733
735
611
609
614
614
631
577
602
604
709
709
715
761
641
647
671
667
660
698
351
350
348
341
305
305
209
215
219
219
197
218
59
71
44
44
41
37
3
3
482
480
896
901
197
197
198
199
212
288
301
305
319
330
325
324
334
334
702
702
671
668
641
650
655
646
717
718
714
714
606
607
590
590
584
584
630
630
577
577
948
948
933
932
929
932
940
941
898
898
1012
900
1012
1012
1015
1011
1017
1019
1017
1016
1021
493
495
494
483
488
484
481
466
464
476
476
474
475
394
392
393
386
30
31
26
31
28
9
0
5
35
34
36
37
43
41
51
42
247
247
206
207
210
208
213
297
303
302
316
317
324
324
345
345
701
658
656
656
669
671
670
651
654
652
756
756
757
756
753
753
719
718
585
585
581
582
579
579
611
611
613
613
730
730
593
599
59
59
56
71
192
193
199
216
384
410
394
398
398
394
26
25
27
27
28
29
4
5
477
476
503
492
494
495
399
408
479
478
1008
1008
1020
1017
1009
1009
904
904
941
943
1006
1007
1002
1007
951
951
929
934
950
949
947
945
898
898
466
466
473
473
390
391
388
388
9
8
39
33
1
13
27
15
304
306
41
42
244
245
220
223
206
207
213
213
297
297
298
299
302
299
300
300
300
300
331
325
323
341
339
343
665
665
713
713
755
719
730
729
606
606
629
629
615
613
703
703
656
658
648
648
754
753
587
586
622
615
629
608
602
605
719
719
712
719
645
650
645
645
660
667
661
661
343
342
305
304
301
301
249
249
71
71
46
47
10
8
456
475
484
484
485
484
1016
1017
901
900
933
933
2
2
35
35
34
34
203
203
331
318
324
317
320
321
341
341
666
665
670
670
716
717
580
582
578
578
616
620
936
935
939
904
1004
1006
490
500
490
487
464
471
477
478
395
385
19
21
13
15
948
948
950
950
951
951
932
951
928
929
931
931
928
943
942
942
941
941
898
898
896
897
896
896
901
897
901
897
900
902
1015
1013
1013
1015
1015
1010
1011
1010
1011
1009
1008
1008
1008
1019
1020
1023
1021
1022
1021
1022
493
492
493
492
488
489
488
489
488
488
482
483
483
483
480
484
466
466
467
466
464
464
470
470
465
476
476
477
472
472
472
472
456
474
457
457
396
396
397
396
398
394
392
392
392
392
393
387
387
387
388
388
389
388
391
391
391
391
22
23
23
23
20
20
31
31
30
31
31
29
28
28
10
8
11
10
3
11
11
11
2
2
4
5
5
6
39
33
33
33
38
38
36
36
43
43
63
51
51
51
51
51
52
52
53
54
52
53
246
246
244
245
203
203
200
194
202
202
207
202
200
207
200
207
223
223
221
220
221
221
221
221
211
211
210
211
296
298
302
302
306
300
304
307
306
306
313
304
304
313
312
312
312
312
315
314
315
314
316
316
316
316
326
325
322
322
322
323
322
322
342
342
339
343
336
339
338
339
336
338
336
338
346
346
346
346
345
345
703
700
701
701
656
659
666
665
657
664
665
671
669
651
669
651
649
648
648
649
652
653
653
654
752
757
753
754
753
754
717
716
717
715
717
716
710
716
704
704
704
707
706
706
733
733
733
706
735
735
733
733
595
599
598
594
597
598
604
596
594
598
604
604
583
585
585
585
583
583
578
581
581
582
579
579
610
610
612
612
614
617
612
612
620
616
617
618
617
617
619
619
620
620
209
215
288
299
310
310
340
347
351
702
351
659
763
758
713
761
709
709
729
728
590
584
584
591
576
576
59
59
59
59
68
68
69
68
69
69
249
248
253
192
193
253
193
193
199
195
153
216
196
196
26
18
395
395
396
457
384
385
27
27
4
4
13
15
399
399
470
471
490
490
1022
1020
491
491
475
458
479
479
479
478
495
503
1023
1001
1007
1004
939
939
904
904
1023
1002
1019
1006
938
936
930
930
935
932
904
897
487
483
387
385
9
27
68
226
331
331
312
310
319
319
50
52
301
299
342
323
347
351
719
755
576
577
628
629
610
613
614
614
650
645
753
752
599
734
595
594
576
581
605
602
718
715
713
759
671
660
660
660
340
339
321
334
325
325
307
304
218
219
0
13
32
1
415
390
415
390
19
19
486
469
487
486
466
469
490
500
503
503
1022
1002
903
903
897
903
1010
903
1004
1004
939
939
249
249
215
212
298
297
340
340
338
347
670
651
647
655
712
718
716
714
710
709
730
732
586
584
577
577
616
614
897
899
932
934
1018
1018
466
485
241
246
206
206
226
226
903
900
489
495
470
470
384
395
29
30
33
32
222
220
241
54
205
205
194
245
209
208
317
318
618
618
337
347
344
351
700
701
659
656
650
654
709
710
706
706
595
728
598
599
590
590
645
667
348
336
253
249
56
56
902
897
932
929
201
194
320
327
325
324
671
671
707
730
586
585
581
580
579
576
628
611
942
931
899
941
486
483
484
480
399
396
398
398
21
21
28
27
8
9
0
2
5
5
32
34
38
38
43
41
63
41
203
194
310
314
344
344
652
654
753
755
607
607
608
608
598
593
71
71
253
194
0
0
471
466
457
458
1010
1013
930
931
1001
1002
387
393
21
20
38
38
331
318
50
48
49
49
246
245
336
338
594
602
698
659
758
752
752
752
728
734
599
599
733
732
604
604
347
351
305
305
213
208
219
209
218
197
59
56
60
60
44
60
37
37
897
897
198
199
288
297
324
324
351
344
650
650
763
654
584
584
608
628
577
576
930
930
932
932
941
941
900
902
1014
1015
1018
1016
483
489
489
490
466
485
469
466
475
475
394
394
384
393
30
21
2
0
32
34
38
37
41
41
49
62
42
63
213
208
301
302
316
319
701
700
670
670
670
670
756
756
757
763
719
712
585
585
579
579
598
728
59
61
56
71
192
192
216
216
398
398
477
477
495
492
495
495
495
495
1009
1018
1020
1023
1007
1010
941
938
947
948
944
947
898
899
473
472
391
390
389
385
33
33
0
13
15
27
43
42
241
241
218
222
205
205
204
207
213
213
297
297
212
213
298
299
305
301
325
331
755
713
729
732
606
604
615
610
344
703
658
700
755
713
586
586
615
615
628
628
712
712
666
667
659
666
226
226
1
47
47
47
10
15
456
475
480
484
1016
1016
2
4
317
317
318
317
325
320
341
341
666
666
717
709
935
934
15
10
950
947
951
951
947
951
930
934
931
931
931
930
942
942
941
941
898
899
898
897
897
897
900
902
902
897
1012
1013
1015
1015
1010
1010
1010
1011
1009
1007
1008
1008
1019
1018
1020
1020
1020
1020
1022
1022
492
492
492
495
489
489
488
483
483
483
487
483
466
466
466
469
464
464
470
470
476
470
476
477
472
479
472
479
456
474
456
457
397
396
458
396
395
392
387
387
388
385
388
388
389
415
389
391
23
23
23
23
23
23
23
23
21
20
30
26
31
31
9
28
29
29
10
10
11
10
10
10
3
11
11
11
34
7
51
49
48
55
245
241
203
201
202
201
200
201
221
220
208
209
210
208
296
298
305
306
312
304
312
312
319
314
327
325
326
325
320
323
322
320
343
343
343
343
337
336
347
351
700
700
656
657
659
659
657
666
657
657
665
671
651
669
648
648
654
653
752
752
755
755
718
716
709
716
704
704
707
707
707
707
706
733
735
734
596
594
596
596
598
596
580
585
581
581
579
579
610
613
611
611
612
612
614
614
620
620
620
614
209
209
209
208
298
299
337
337
702
702
700
702
758
758
714
715
728
729
584
584
59
59
71
68
226
242
195
195
197
197
19
23
398
399
26
18
32
1
0
0
471
466
475
458
396
458
479
479
475
474
470
470
503
1022
1007
1019
1004
1009
1018
1018
930
936
929
930
932
929
935
951
946
945
27
27
30
29
59
62
253
192
222
218
305
305
318
330
310
305
314
314
49
48
54
247
299
298
325
325
614
614
701
700
659
700
732
732
586
586
594
598
759
719
715
715
661
666
661
661
336
337
331
325
306
304
1
0
17
18
395
395
399
399
470
471
469
469
471
469
1004
1004
903
903
899
939
199
198
62
61
40
40
209
208
331
324
321
321
702
702
756
655
590
586
580
580
581
581
327
327
946
944
46
40
667
645
199
204
200
200
734
734
618
621
21
18
19
390
415
415
487
480
503
492
1022
1022
1010
1015
903
1013
938
938
931
931
55
56
347
347
645
645
711
709
657
657
219
209
218
218
56
59
41
43
212
212
718
718
607
607
604
604
18
30
713
713
580
581
611
628
734
599
196
199
385
384
394
395
27
27
4
5
477
477
399
399
478
477
897
904
1007
1007
15
9
220
218
212
212
320
320
321
342
321
323
339
340
713
755
755
755
611
612
648
649
628
630
301
301
240
253
485
486
667
671
620
620
899
898
1009
1007
490
500
491
491
470
470
395
392
19
19
938
938
38
32
48
48
69
54
243
241
314
310
320
322
347
347
666
666
653
655
713
752
711
715
605
602
337
348
702
351
585
580
576
576
61
57
69
242
384
395
13
10
491
490
483
483
492
492
904
939
899
897
1018
1016
944
947
897
904
897
897
487
491
387
385
302
302
351
351
610
611
648
654
715
715
304
304
415
415
485
466
486
486
489
489
903
897
215
215
645
670
645
651
655
647
709
709
707
732
590
586
934
934
1018
1019
54
246
32
46
205
205
204
205
194
245
209
209
319
318
351
702
706
707
728
728
902
902
201
201
711
707
938
938
0
7
62
61
194
194
344
702
654
654
608
608
579
579
240
192
19
21
60
40
57
49
50
55
337
337
732
729
301
300
215
213
209
209
47
41
897
897
297
297
655
654
489
490
466
469
395
384
42
57
302
300
671
670
757
752
579
579
62
62
68
71
199
195
1009
1019
947
947
15
15
223
216
299
288
606
604
615
615
661
659
240
242
32
46
40
40
318
317
716
716
935
935
930
934
899
899
1013
1015
1023
1023
483
483
466
464
464
466
477
470
477
477
457
475
393
387
388
385
29
29
10
11
13
10
34
34
57
62
245
241
240
241
204
195
208
209
213
213
310
305
312
310
319
319
314
314
325
327
325
320
320
320
339
336
347
345
648
645
709
716
707
707
711
711
707
707
733
732
605
605
585
585
581
581
581
581
288
298
71
71
243
242
69
242
199
198
7
4
1018
1016
935
932
947
947
204
204
55
53
647
650
615
615
655
655
596
605
666
666
304
304
60
41
939
899
197
204
61
60
320
327
326
326
576
576
1023
1022
700
698
758
758
728
728
667
671
197
197
945
945
340
341
341
321
719
759
605
602
321
321
671
666
18
26
26
26
458
399
495
490
477
477
1010
1010
1007
1019
318
319
647
650
671
671
4
4
390
23
19
23
469
466
903
903
240
249
340
340
655
655
384
384
241
243
657
657
899
899
15
15
56
68
194
194
457
457
60
60
608
608
576
576
1014
1014
384
395
1
1
50
49
670
670
57
57
56
56
389
390
40
33
0
0
241
241
218
218
730
732
606
606
604
605
242
243
939
939
492
1022
487
487
475
479
385
387
30
26
0
13
32
7
661
661
732
707
192
201
192
194
222
222
310
310
48
57
485
486
199
199
61
62
37
41
40
37
47
46
60
40
205
205
503
492
1014
1014
938
938
57
57
216
205
212
212
320
320
615
615
240
240
55
48
630
630
61
61
57
57
15
15
345
344
648
650
54
241
732
728
42
42
654
647
628
630
192
240
57
62
301
301
300
306
60
60
490
490
62
61
205
218
218
216
47
33
1023
1023
1023
1001
475
457
475
475
32
47
241
240
201
201
195
199
577
580
69
69
68
55
201
201
53
53
577
576
340
340
390
390
47
32
56
48
68
68
199
199
40
40
204
204
48
48
630
630
48
55
302
302
934
935
204
204
61
60
60
60
194
194
33
40
62
62
194
201
241
241
242
242
241
241
204
199
240
240
48
57
730
732
242
243
194
192
194
194
218
218
194
194
57
57
54
241
47
47
243
68
243
242
68
53
48
68
204
204
71
55
243
243
242
241
55
243
55
55
68
55
48
55
243
241
241
243
47
32
