251
945
46
45
153
217
621
949
2
41
206
211
619
254
254
254
132
133
130
130
130
130
131
141
141
142
142
184
184
184
179
179
179
181
178
181
181
108
180
109
109
109
106
106
106
98
99
87
87
89
86
86
92
92
95
95
94
94
73
73
73
79
78
77
77
77
231
231
231
231
227
227
250
250
251
945
944
944
944
959
959
959
936
937
906
906
906
906
907
911
911
1005
1005
1005
1003
1006
1006
1000
1000
1001
1001
502
502
502
500
500
496
496
496
468
468
452
452
452
453
459
459
459
461
461
408
408
414
409
410
410
406
406
406
17
17
24
25
14
14
14
14
12
45
45
44
64
64
70
70
70
76
76
76
77
231
231
248
248
248
252
252
252
193
193
134
196
153
153
217
214
145
289
289
289
292
292
292
293
293
295
311
311
311
309
328
328
335
335
335
334
332
332
348
348
348
350
350
697
699
699
698
698
663
660
660
662
662
644
644
641
641
646
646
763
762
762
759
761
761
761
714
714
714
720
720
720
729
729
731
731
593
601
601
603
603
590
589
589
591
631
631
588
577
627
627
627
623
622
622
622
623
623
625
625
625
624
624
633
633
633
633
634
635
635
538
538
537
537
537
524
525
525
525
527
527
527
527
545
545
545
554
554
555
818
818
817
817
817
823
823
822
822
822
770
770
769
776
776
776
777
777
777
778
778
783
783
783
952
952
952
952
953
953
953
953
945
948
948
948
949
949
949
948
950
950
950
951
933
933
933
933
929
928
928
928
928
943
942
943
943
940
940
898
898
896
896
896
901
901
901
900
1012
1012
1012
1013
1013
1011
1011
1011
1011
1009
1008
1008
1008
1017
1017
1017
1020
1021
1021
1021
1021
493
493
493
494
494
494
488
488
482
482
482
480
480
480
481
481
467
467
467
467
465
465
465
465
465
476
472
472
473
474
474
456
456
456
396
396
397
397
397
394
394
392
393
393
393
386
386
386
386
389
389
391
22
22
22
22
20
20
20
30
30
30
28
28
28
9
8
9
10
10
3
3
3
3
2
5
5
5
6
6
34
35
35
35
39
39
39
38
36
36
36
36
43
43
42
42
51
63
51
50
52
52
52
53
53
247
247
244
244
244
244
203
203
202
200
200
207
207
207
206
223
223
222
220
220
220
221
221
221
211
211
210
210
210
296
296
296
296
298
298
302
302
303
300
300
306
306
307
307
313
313
313
313
315
315
315
315
316
317
317
324
324
326
326
326
327
327
322
322
323
323
342
342
342
342
343
343
336
338
338
346
346
346
345
345
345
703
703
701
701
658
658
658
656
656
664
664
664
664
664
665
668
668
668
669
669
651
651
651
649
649
649
648
652
652
652
653
653
653
757
752
752
754
754
754
754
754
719
719
719
718
717
717
717
716
710
710
710
705
705
705
705
706
734
734
733
735
735
595
595
595
599
599
598
597
597
597
597
607
607
607
607
587
587
587
583
583
583
582
582
582
578
578
578
609
609
609
609
611
611
610
613
613
613
612
612
617
617
617
617
617
618
618
618
619
619
619
619
619
621
621
621
621
184
180
89
73
227
133
254
251
254
254
132
136
141
142
142
184
179
179
178
181
180
96
98
99
87
87
92
95
94
94
73
77
230
224
227
227
250
250
251
184
142
96
95
94
133
133
136
179
178
96
228
77
109
96
86
92
79
78
250
225
255
255
255
143
137
142
185
178
180
99
97
89
95
94
72
224
224
227
251
186
97
72
255
133
230
250
143
178
185
178
86
180
99
95
92
236
136
185
109
79
96
228
133
255
136
137
143
187
176
96
99
92
73
228
228
224
225
229
186
187
185
255
93
93
72
99
138
224
101
72
236
139
79
228
137
177
176
97
86
236
187
72
101
101
228
139
186
176
93
229
225
177
93
224
225
137
97
138
185
139
186
187
176
229
235
187
93
89
139
235
100
238
97
101
137
176
88
229
236
88
177
138
232
100
185
101
229
186
238
97
93
137
139
139
186
91
188
72
88
90
236
101
176
229
238
88
138
238
177
90
236
232
88
100
235
100
100
238
91
137
138
188
91
188
88
232
97
238
188
91
88
239
232
90
138
235
232
237
189
100
235
100
91
190
90
190
188
103
237
88
239
239
91
102
232
190
103
235
237
188
189
234
190
237
189
103
237
103
234
190
100
234
237
239
103
190
103
189
190
103
234
189
102
233
191
191
102
234
90
237
239
189
189
190
233
102
191
102
237
191
234
233
191
102
239
233
191
233
102
102
233
234
233
239
102
233
233
122
936
907
995
498
497
463
407
114
957
954
954
952
782
779
779
776
768
770
770
822
816
817
555
554
547
545
544
526
525
524
537
543
543
634
638
624
626
627
956
956
955
917
781
780
786
786
773
771
820
823
821
821
555
553
547
549
523
520
520
521
536
529
542
542
638
632
626
916
917
918
781
780
786
772
795
768
774
825
819
819
819
557
548
550
514
523
522
513
539
529
542
636
637
588
588
914
915
912
919
924
788
788
793
797
798
807
806
831
829
575
558
562
560
561
567
512
512
534
534
533
601
603
589
636
600
540
540
531
530
514
514
514
550
552
559
557
556
831
826
826
775
794
792
787
784
784
918
912
912
937
908
926
927
922
923
789
796
872
874
799
806
802
830
815
575
558
572
563
565
565
519
516
517
533
592
592
909
920
922
923
791
873
872
874
878
800
801
803
811
809
574
568
744
564
741
566
726
517
535
532
996
999
998
961
966
967
864
869
870
881
884
893
890
682
682
683
746
748
742
736
736
722
708
720
724
721
725
727
741
743
745
570
569
809
811
812
813
887
877
871
866
865
865
962
960
921
909
997
994
998
972
975
964
965
868
880
882
892
894
889
891
680
746
746
747
739
737
737
723
723
992
969
989
968
970
978
981
981
852
849
849
833
833
837
673
678
751
679
765
765
762
761
760
767
739
750
750
673
685
888
836
835
834
883
852
868
983
974
970
968
969
994
992
993
988
988
990
991
991
980
855
854
854
847
832
839
838
675
678
678
676
640
763
498
986
986
984
979
440
856
859
860
861
840
839
842
842
675
677
642
643
496
507
509
508
443
442
447
444
372
370
380
380
841
690
689
689
663
662
644
662
694
692
692
688
843
840
845
863
863
856
445
440
443
508
504
505
499
507
511
450
436
437
446
432
433
375
375
376
377
691
691
689
663
448
454
430
430
431
439
427
367
360
383
353
353
357
359
358
697
358
359
352
382
381
383
368
432
434
434
425
450
454
455
455
460
462
423
423
429
264
426
265
366
363
362
354
357
333
421
422
422
429
424
264
267
259
259
355
364
364
414
412
400
419
269
270
270
260
261
257
329
328
335
364
365
256
258
266
271
268
417
418
420
421
413
411
401
402
403
282
278
277
261
262
262
308
407
281
283
285
284
277
272
294
295
119
124
166
162
149
291
290
292
295
273
275
274
287
280
120
121
127
116
67
75
85
82
252
147
146
140
289
147
148
159
173
953
662
641
778
783
952
783
358
459
461
289
292
452
452
468
499
501
993
1000
1003
1006
147
85
81
78
75
114
45
24
17
406
45
64
64
70
70
230
251
132
252
217
104
106
87
85
364
349
335
348
696
527
641
714
724
634
588
627
627
624
723
532
601
589
601
627
623
633
634
538
524
525
545
777
776
769
770
952
109
183
108
172
141
134
181
173
141
818
817
554
524
538
626
822
944
959
661
589
937
906
1005
910
724
593
907
763
640
761
697
295
333
309
295
328
409
14
953
414
762
623
818
945
944
944
936
936
937
914
914
907
910
1005
1003
995
1000
1001
993
501
500
500
496
497
452
453
453
459
461
408
408
409
411
411
406
16
24
24
82
12
45
44
64
64
74
79
76
135
252
134
134
153
153
217
145
292
295
309
311
308
335
333
349
697
696
663
644
646
762
762
761
714
720
532
593
603
589
622
625
625
624
633
638
633
635
538
537
537
525
527
526
544
545
547
554
555
818
817
816
816
822
822
770
769
768
776
777
778
778
783
952
953
957
252
254
132
132
130
130
131
141
141
172
173
181
183
108
108
106
106
98
87
87
85
81
81
81
80
75
78
79
230
248
349
463
461
499
407
67
146
87
294
364
328
697
526
544
708
625
624
723
724
532
603
631
543
536
536
779
768
771
820
140
175
131
132
135
952
818
545
626
644
956
936
760
765
723
290
308
329
173
997
992
414
995
115
67
65
74
147
696
663
640
601
591
623
524
782
135
74
662
460
290
448
455
501
993
996
147
81
81
74
75
411
70
134
147
85
333
349
526
708
720
632
626
532
639
601
634
777
769
954
104
108
158
134
175
140
816
816
957
663
910
907
592
760
309
328
82
957
765
937
497
411
16
119
24
67
65
65
135
152
153
146
217
289
294
309
333
640
632
547
818
128
131
131
172
172
173
173
183
183
183
182
108
104
104
107
107
107
112
112
66
80
80
80
74
78
695
448
414
463
448
498
501
996
414
144
80
113
217
364
333
349
697
663
526
722
543
632
632
779
820
820
954
171
152
135
956
779
772
821
544
524
536
536
816
957
723
520
769
997
694
663
592
721
995
760
992
993
463
273
329
329
308
642
349
65
74
105
626
172
591
640
294
910
501
409
406
16
119
67
128
144
636
777
75
78
16
152
294
354
358
544
724
532
588
543
536
524
820
140
158
175
128
955
817
544
626
642
958
767
765
760
175
997
412
115
640
782
460
448
455
993
996
84
65
405
128
144
85
526
632
535
603
634
769
954
110
158
175
821
823
956
910
907
592
262
767
937
497
127
119
67
82
65
65
146
146
294
357
765
547
555
131
140
140
158
172
172
171
182
182
104
105
107
107
112
112
112
113
66
80
75
80
957
273
497
455
995
405
144
262
356
640
639
591
771
821
524
958
724
639
600
958
908
535
767
767
359
273
354
463
413
411
407
127
116
175
155
499
699
696
506
520
722
772
128
642
329
1000
696
600
782
695
145
498
146
82
66
147
636
779
105
689
997
908
908
329
119
66
152
128
171
84
695
144
113
365
357
523
721
632
549
539
722
771
642
533
721
738
969
273
365
365
308
642
65
407
127
290
359
549
542
521
820
823
155
158
171
129
955
555
547
632
766
736
174
997
412
412
115
676
448
454
501
996
66
65
129
84
84
542
772
954
110
158
174
821
823
956
263
119
67
152
152
131
155
159
159
160
182
182
182
110
105
107
112
116
116
113
66
357
455
405
365
359
766
676
736
542
600
634
636
549
539
914
958
694
535
639
693
533
915
908
721
738
689
695
359
263
355
354
256
407
405
127
155
144
290
588
914
499
84
129
365
105
82
160
413
505
498
352
543
638
786
786
772
520
771
1000
308
105
291
127
273
955
555
83
83
909
118
357
546
116
507
994
405
147
262
354
676
639
521
958
600
533
535
766
377
355
462
412
114
174
506
691
782
83
83
83
154
129
170
523
722
549
736
773
694
725
992
290
292
256
291
827
156
156
171
129
553
174
999
421
84
454
154
916
110
159
171
819
126
155
154
129
159
174
171
111
111
117
117
112
113
115
83
352
454
506
118
263
693
523
676
542
921
819
546
736
725
637
915
539
636
642
600
989
766
738
988
689
691
449
357
262
355
420
291
400
272
261
404
148
638
114
638
780
771
291
533
157
996
448
816
83
994
148
520
913
927
355
463
156
696
505
145
66
117
126
528
738
529
521
823
637
154
129
110
116
115
357
507
405
363
764
737
542
540
551
916
694
535
517
912
926
722
677
379
261
257
404
125
421
988
772
780
773
522
827
969
955
819
84
909
117
118
548
507
497
401
354
679
639
916
540
517
766
377
170
781
782
170
523
551
773
774
827
825
156
170
129
553
554
170
998
155
916
159
170
825
154
154
160
160
174
111
111
110
117
692
917
451
507
504
498
988
401
404
550
737
542
637
819
999
913
782
819
819
548
827
679
926
921
725
766
989
998
969
377
694
505
454
257
355
400
291
272
261
261
126
632
937
554
115
521
157
496
555
721
449
998
257
691
764
529
638
636
915
677
691
257
157
774
148
404
994
353
679
521
517
462
506
514
773
272
256
825
156
916
118
352
506
118
693
542
727
726
637
541
689
272
361
401
148
780
534
157
151
927
156
148
528
513
539
125
116
353
404
363
737
551
916
674
926
727
125
421
786
772
780
773
522
118
553
764
534
161
166
780
168
168
522
827
553
166
917
160
168
827
151
155
160
161
111
122
122
117
679
449
401
149
272
423
511
505
998
973
404
121
121
257
739
737
528
549
772
913
927
912
780
778
548
787
557
517
637
675
534
540
927
528
926
914
994
988
379
692
352
260
363
462
995
359
774
118
725
420
506
693
727
725
677
451
362
422
273
275
149
157
913
125
124
539
122
764
772
921
401
540
825
999
828
918
504
986
120
550
556
825
676
921
739
989
989
377
450
353
418
291
276
690
529
774
121
353
679
421
499
514
795
826
352
504
690
541
689
276
400
151
163
157
149
513
363
727
548
675
727
124
422
780
794
522
764
518
166
169
169
168
522
168
917
163
163
161
161
122
353
423
462
451
509
402
163
166
169
124
550
541
636
522
751
960
960
920
826
557
553
556
540
513
787
781
824
553
828
529
517
726
743
741
998
989
968
969
986
690
690
277
256
256
361
420
420
403
149
540
451
151
636
927
126
781
402
739
377
508
277
121
693
743
566
363
150
927
792
169
117
430
274
511
968
973
402
121
258
749
913
924
912
516
677
678
518
926
379
692
382
774
275
150
123
530
122
750
918
504
120
548
556
676
362
418
274
690
540
751
514
795
795
774
376
530
276
151
552
675
780
794
513
169
166
918
150
161
161
167
124
794
430
451
450
508
167
258
742
550
749
741
552
751
917
960
920
924
924
824
826
557
530
785
674
787
828
541
529
743
986
990
968
378
693
689
382
259
361
420
260
418
531
151
423
123
120
258
516
677
518
382
274
123
750
556
376
514
795
150
513
402
151
123
751
973
552
785
826
516
516
726
743
968
508
378
277
259
422
403
149
124
692
150
787
169
430
274
509
969
973
120
742
919
920
842
775
150
362
400
515
775
276
552
675
792
169
164
164
918
167
842
794
430
509
508
281
150
360
688
743
775
826
919
922
924
559
513
530
518
917
516
920
566
972
678
672
378
430
382
260
403
418
277
281
274
260
534
557
986
990
971
376
418
276
751
276
418
169
422
509
960
557
831
529
742
688
361
422
274
973
258
749
382
120
750
918
561
562
451
450
167
256
742
747
727
750
824
824
785
674
787
990
688
362
266
531
266
556
515
798
150
402
678
785
566
841
279
259
256
403
162
792
423
275
281
742
162
362
515
123
167
164
164
919
167
422
438
360
378
842
561
748
566
747
807
925
792
560
920
961
960
747
990
672
971
842
509
985
438
425
260
267
403
258
279
120
504
165
510
558
531
688
417
968
919
512
381
508
383
416
785
530
750
920
784
123
162
431
922
270
165
793
794
164
259
743
743
775
559
518
519
741
972
672
376
271
419
284
286
985
986
376
416
831
829
745
286
741
750
824
831
824
785
990
531
828
558
515
797
798
283
750
279
275
281
281
748
383
123
165
164
164
925
417
362
508
360
565
561
925
829
512
924
784
674
807
792
923
566
961
681
748
972
985
971
378
417
270
266
419
271
284
450
781
423
162
688
793
987
123
283
360
552
963
378
419
275
283
985
438
510
165
745
806
531
828
515
798
672
841
284
162
280
422
843
747
925
560
922
747
970
838
431
436
265
267
510
510
558
558
843
975
416
512
784
165
797
259
740
775
559
518
566
972
673
380
984
381
381
745
286
807
784
788
970
515
283
681
279
281
164
925
366
431
280
439
436
972
839
560
562
748
807
575
512
829
923
745
975
843
443
380
510
429
416
419
279
284
516
383
673
562
267
515
567
925
963
971
970
838
987
417
381
797
280
366
559
565
673
416
286
788
368
368
789
512
519
784
789
687
793
567
567
961
961
681
673
985
841
429
270
270
266
271
416
287
793
282
282
984
165
830
828
797
798
841
843
431
265
510
165
740
380
381
286
807
991
519
283
270
838
437
561
740
519
745
512
799
799
829
562
565
962
747
746
991
687
841
375
438
368
438
431
271
282
265
278
278
267
280
674
963
971
923
966
419
984
269
268
987
963
672
923
975
839
265
286
924
366
280
438
436
966
560
561
805
575
829
443
373
285
381
681
685
567
789
970
985
793
366
559
788
789
687
796
793
567
565
962
429
278
266
285
984
287
830
815
799
844
744
375
807
806
991
789
439
564
815
575
790
806
575
565
560
790
874
744
962
441
974
991
685
841
840
437
375
374
269
265
366
285
278
806
360
287
436
563
748
814
843
443
278
285
369
559
681
417
285
287
284
805
838
744
799
805
814
565
962
746
746
687
837
439
439
368
271
267
267
280
269
268
790
846
367
439
966
559
685
789
974
796
788
687
796
519
962
428
264
287
802
815
799
844
564
984
424
563
564
744
802
815
791
873
683
966
441
840
375
373
437
424
428
269
830
282
287
428
367
282
437
570
974
383
436
268
285
791
963
974
805
575
443
796
788
796
967
429
268
441
564
806
424
575
565
874
977
840
370
374
428
426
426
367
278
446
563
814
681
287
744
683
684
837
435
374
368
264
367
975
572
680
978
687
872
264
802
879
979
873
805
426
435
374
446
437
975
840
686
814
568
680
964
441
977
846
442
370
373
435
434
428
380
573
369
790
964
967
373
685
979
802
574
570
974
373
573
838
564
563
802
791
683
372
446
424
425
569
978
575
987
791
967
803
425
808
809
872
874
977
268
426
265
367
563
568
569
686
837
374
428
572
873
264
814
879
979
685
367
435
446
441
975
967
568
559
872
879
791
878
569
680
680
977
978
370
372
446
380
369
426
264
790
686
839
966
424
564
441
373
374
804
809
874
814
568
837
873
803
804
844
571
964
440
846
844
845
425
434
573
369
845
815
574
573
873
264
978
987
967
803
803
427
979
684
686
371
979
427
447
846
571
572
686
865
804
683
569
965
440
976
845
370
372
562
685
441
442
867
442
372
427
369
427
803
846
574
833
570
978
809
875
572
802
878
427
435
973
964
572
568
878
447
369
867
965
845
808
791
872
800
964
845
434
371
372
264
803
427
440
833
846
801
571
867
686
800
812
571
965
432
427
371
680
683
814
684
965
838
682
442
833
872
427
878
370
447
832
371
434
791
865
801
447
570
440
844
861
433
863
442
574
875
973
879
878
432
861
811
866
800
976
435
447
832
888
812
682
876
684
861
860
861
433
839
442
879
874
965
574
571
837
865
865
800
682
976
569
875
813
867
982
440
833
847
801
836
877
571
446
864
964
891
433
371
801
445
976
845
863
858
809
877
811
811
866
866
682
446
864
976
812
836
813
570
810
800
875
864
888
684
836
836
863
433
976
982
875
864
432
432
832
847
864
811
866
801
445
832
861
860
860
868
570
445
570
867
832
847
813
888
858
371
445
863
808
809
444
856
856
858
891
868
851
847
859
859
982
888
977
810
812
860
433
983
875
835
813
877
432
891
444
887
811
866
810
808
836
835
810
879
868
889
980
983
869
865
811
877
445
866
847
888
835
982
980
444
835
889
865
810
810
894
444
876
859
891
887
871
444
856
860
983
813
858
891
851
851
850
859
862
891
980
812
862
887
890
811
869
889
983
849
889
890
981
980
977
886
858
859
862
890
894
834
870
877
835
981
977
851
871
869
850
868
886
858
856
895
850
891
887
886
886
869
983
849
890
870
859
869
871
893
886
895
880
850
981
885
894
880
980
889
895
890
855
862
848
894
982
886
858
887
869
848
849
812
868
870
880
848
894
850
857
855
858
445
859
876
857
892
895
857
868
885
853
981
895
855
854
892
848
848
834
895
885
855
445
856
870
886
884
868
857
852
854
892
880
848
849
894
854
854
857
880
850
882
834
892
853
444
834
893
880
870
895
852
862
885
884
855
885
870
881
857
893
882
853
834
882
893
881
893
876
895
853
884
871
883
852
883
852
883
834
881
852
885
892
882
853
881
876
893
883
852
881
882
893
853
871
882
892
883
884
884
884
883
930
930
939
941
1004
1013
1002
1020
490
495
471
466
458
475
395
395
17
21
15
29
13
0
4
1
10
25
30
27
415
390
23
19
387
385
384
393
399
396
457
478
477
453
470
486
485
469
487
483
491
489
503
492
1007
1019
1016
1002
1010
911
903
1004
897
897
904
899
939
938
946
947
934
935
945
947
211
220
218
196
195
253
226
76
34
47
44
59
57
68
243
240
194
201
205
222
40
41
42
49
52
54
244
210
208
219
303
299
288
215
297
296
306
301
288
312
305
305
315
314
311
324
318
330
327
325
331
323
320
320
343
341
334
336
348
332
346
347
348
701
702
350
665
657
698
702
700
656
671
660
698
651
667
667
648
650
645
653
655
647
752
752
646
754
755
758
718
712
713
716
715
714
707
709
709
594
728
729
730
732
733
598
599
728
607
605
602
606
590
602
585
584
590
581
581
591
608
579
577
613
628
628
617
615
615
620
614
622
410
409
394
394
17
25
9
2
34
473
472
487
493
494
494
408
458
453
471
1017
1021
502
1008
905
906
943
940
1001
1003
1006
933
928
939
951
948
949
936
935
946
945
950
896
1013
1013
1009
488
467
467
465
474
393
23
391
386
30
8
28
39
46
46
15
36
43
42
220
288
307
307
315
330
42
50
53
244
223
207
203
206
211
213
213
298
298
300
300
316
331
342
343
338
699
698
668
669
646
758
719
717
730
728
587
631
629
612
618
621
622
346
345
703
701
658
656
649
653
758
648
753
753
710
705
735
599
587
583
578
613
618
629
629
630
590
602
715
718
712
641
667
660
661
343
332
325
293
293
215
215
197
197
219
248
71
56
43
47
10
19
456
468
484
481
1017
911
900
1012
933
193
5
35
200
211
214
330
330
327
324
317
334
334
350
665
668
669
653
730
710
604
606
587
582
578
611
616
482
389
959
937
939
904
905
911
911
1005
1006
1002
1001
502
502
500
500
487
468
468
478
478
453
459
458
408
385
410
410
19
17
25
24
14
13
946
949
949
950
950
951
932
929
929
930
928
943
942
942
940
940
898
898
896
901
901
901
1012
1012
1013
1010
1011
1011
1009
1008
1017
1020
1020
1021
1021
493
493
494
489
488
482
482
480
480
481
484
466
464
470
470
476
472
472
474
474
456
396
397
397
398
392
392
393
386
388
388
389
391
22
22
20
20
20
31
31
29
28
8
9
10
10
3
3
2
5
5
6
6
34
35
39
39
38
38
36
36
43
42
51
51
50
52
52
53
246
246
203
202
200
200
207
206
223
223
222
220
221
221
221
210
210
213
297
296
302
306
307
313
312
313
315
314
316
316
317
324
326
326
322
323
342
342
336
336
338
346
346
345
703
703
701
658
656
656
664
665
669
669
651
649
649
648
652
652
756
757
757
753
754
718
717
717
716
716
704
704
704
705
706
734
733
735
595
595
595
599
598
597
597
607
583
583
582
582
582
578
609
609
608
610
610
612
612
616
617
619
619
621
621
214
288
293
311
331
350
699
699
702
641
646
763
712
709
729
729
593
593
602
584
584
631
577
622
44
44
58
58
71
71
69
69
226
248
253
253
253
193
193
196
196
196
23
19
415
397
25
0
464
469
487
491
458
458
503
1002
1010
1004
903
903
931
943
1001
939
936
959
388
20
38
46
36
71
222
208
330
50
245
338
648
710
593
586
698
657
758
752
704
728
599
735
611
614
631
602
709
715
647
667
660
350
340
305
215
219
218
59
44
43
11
480
897
197
198
215
305
314
325
334
702
668
650
655
718
714
606
590
584
630
577
948
932
929
940
941
900
900
1015
1016
1016
1022
495
488
481
464
476
474
394
387
31
31
9
4
34
37
41
51
247
206
213
297
303
317
325
344
658
656
671
651
652
756
757
753
718
585
581
579
611
613
730
598
59
56
192
196
384
398
394
26
27
29
6
472
495
495
398
479
1019
1020
1009
904
941
1006
1007
932
929
950
947
898
466
473
391
389
8
33
1
15
307
63
245
223
207
213
213
298
298
300
300
331
323
339
665
713
755
730
606
629
612
344
659
654
753
586
615
629
602
719
712
645
645
660
661
342
305
299
249
71
47
8
474
484
484
1016
900
932
2
35
34
203
331
317
334
341
665
670
716
580
579
616
935
904
1004
491
491
471
470
395
18
13
948
950
951
951
930
930
931
942
941
898
896
896
901
901
900
1015
1015
1015
1009
1009
1008
1018
1020
1022
1022
492
492
489
489
488
483
483
484
484
467
464
470
476
476
476
473
456
457
457
396
398
392
392
392
387
388
388
389
391
23
23
21
31
31
29
28
10
11
11
11
2
4
4
33
33
38
41
41
51
50
63
50
53
53
246
246
203
202
202
202
200
200
205
220
221
221
208
210
297
302
306
304
306
304
304
312
312
314
314
316
316
326
322
323
322
342
343
339
339
338
336
347
347
345
703
701
659
666
666
666
670
651
648
649
654
653
757
755
755
718
716
717
710
704
707
706
706
733
735
733
594
594
598
604
596
604
585
585
580
581
581
579
610
612
614
614
616
617
617
619
620
209
288
310
337
351
702
758
713
709
728
584
584
630
59
59
68
68
69
249
253
192
193
198
216
216
18
395
457
384
26
4
15
458
471
490
1022
491
475
479
478
503
1002
1004
938
904
1018
1007
938
930
935
897
487
387
27
68
318
310
319
48
301
323
351
755
577
628
610
614
648
713
594
734
581
605
715
713
671
661
339
321
325
304
218
13
1
390
390
19
486
486
469
490
503
1023
903
903
1014
1014
938
249
212
297
340
337
645
655
712
715
709
730
586
577
620
896
932
1018
485
246
206
226
900
495
470
395
29
32
220
54
205
245
208
318
618
347
344
700
657
654
711
706
734
594
590
645
337
249
56
897
929
201
327
325
671
711
586
581
579
608
938
941
483
485
398
399
21
29
9
4
4
32
38
41
43
194
314
344
654
755
604
608
598
71
192
0
464
457
1015
931
1002
387
21
38
331
48
49
245
337
594
659
713
752
728
594
733
604
347
305
215
209
197
56
60
60
37
896
198
212
324
351
647
763
590
628
576
934
932
941
902
1015
1016
483
489
485
466
475
394
393
30
0
32
37
41
63
63
208
302
319
700
670
670
756
756
719
585
576
598
62
56
192
216
398
477
492
494
495
1018
1023
1010
942
947
947
899
473
391
385
33
13
27
41
246
222
205
204
213
297
212
299
301
331
713
729
606
615
344
700
753
586
615
628
712
667
661
249
46
47
8
475
485
1016
2
324
318
320
341
666
716
934
13
951
932
951
931
931
931
942
938
899
899
897
902
902
1012
1015
1010
1010
1007
1008
1018
1023
1022
1021
492
492
489
488
483
483
466
466
464
470
477
477
477
472
474
457
397
396
392
387
388
385
385
390
390
23
21
23
21
18
18
28
29
8
11
10
11
11
6
62
48
245
201
202
201
209
221
208
298
304
304
312
319
320
325
322
320
323
339
339
347
700
659
659
657
657
671
645
645
654
757
753
718
711
704
707
707
706
733
598
596
596
585
581
579
610
611
612
614
620
620
209
209
299
337
702
351
763
709
732
580
59
68
226
198
197
19
399
26
7
0
471
479
396
479
475
470
1023
1019
1007
1019
936
934
934
932
946
27
26
62
192
222
304
318
310
319
48
247
299
324
620
700
659
732
586
596
719
715
666
661
336
331
304
1
26
395
399
471
469
469
1004
1014
939
198
61
37
209
331
321
344
655
590
580
576
327
946
47
667
204
204
734
618
18
23
385
486
503
1022
1015
1014
938
930
57
337
645
711
657
219
218
57
60
212
718
604
605
18
753
580
628
599
216
384
399
27
4
477
399
479
904
1007
15
220
212
325
341
321
340
759
759
615
649
628
301
249
485
671
620
899
1007
490
491
470
395
19
942
33
48
54
241
312
327
347
671
655
752
711
596
336
351
580
576
62
242
384
10
490
490
495
904
904
1023
935
897
902
487
387
301
351
611
650
715
304
415
469
486
490
902
212
670
651
647
711
732
586
934
1018
54
32
205
204
245
209
318
351
732
732
902
201
711
938
1
43
194
351
654
608
630
240
21
40
49
50
336
729
301
215
209
60
897
298
654
490
466
384
62
301
670
756
576
62
71
195
1019
947
15
205
299
606
615
659
242
46
40
331
716
935
930
899
1014
1023
491
466
464
477
479
475
384
385
29
10
10
32
49
245
241
201
209
210
310
310
319
319
327
325
327
340
346
650
709
707
707
707
706
605
584
581
580
288
71
68
69
195
7
1018
934
947
204
55
647
615
655
596
666
304
60
899
216
61
327
327
576
1023
698
758
728
671
197
945
341
321
759
605
321
671
26
26
399
490
479
1004
1019
319
650
671
32
390
19
466
903
240
340
655
384
241
659
899
8
71
194
457
60
608
576
1014
384
7
49
670
62
56
415
33
0
241
218
732
606
605
242
939
503
491
479
415
26
0
7
657
707
195
192
218
310
49
486
199
61
40
40
47
40
216
503
1014
938
55
218
297
320
610
240
55
630
61
57
15
345
650
54
728
61
647
608
240
57
301
305
60
490
57
218
205
40
1023
1018
457
475
32
240
199
199
577
242
69
199
243
577
340
390
46
55
68
199
40
204
55
630
48
302
934
204
61
61
194
40
61
199
241
242
241
199
240
49
730
242
194
194
216
240
57
243
40
69
243
69
55
199
56
243
243
243
55
68
55
243
243
32
