862
785
790
774
775
782
780
780
778
781
781
780
862
810
792
770
770
780
778
779
778
779
779
779
776
776
777
777
776
776
776
776
776
777
776
781
769
773
790
862
792
772
782
783
781
773
775
779
776
785
863
860
860
863
860
860
860
860
875
874
874
877
877
820
878
878
878
877
878
878
878
828
808
808
808
810
808
827
810
808
810
777
776
776
776
776
776
779
779
779
778
778
778
780
780
780
780
782
782
782
782
775
775
775
775
775
775
774
774
774
774
770
770
770
770
770
795
795
795
795
795
792
792
792
792
792
792
798
798
798
798
798
798
826
826
809
826
826
827
827
827
810
777
777
777
777
777
853
862
821
861
821
820
875
821
820
822
822
822
822
784
784
784
784
785
785
785
785
789
789
789
790
790
790
790
790
769
769
769
769
769
769
773
773
772
772
772
772
783
783
783
781
781
781
781
781
781
778
778
778
779
779
779
776
776
776
777
852
853
852
852
853
855
855
854
854
854
853
862
854
862
854
790
790
782
782
780
780
780
780
778
781
778
770
770
778
777
779
779
776
777
776
779
781
773
772
772
774
774
779
779
785
785
875
820
820
877
878
877
808
877
828
808
809
808
809
826
808
826
809
827
827
810
827
827
810
827
810
777
777
777
776
776
779
779
780
780
780
780
782
782
775
775
775
774
774
775
775
771
774
774
770
770
770
770
795
795
795
795
795
793
792
792
792
792
798
798
798
798
798
809
808
809
808
827
810
811
810
827
827
827
810
777
777
777
852
853
821
822
822
822
822
822
784
784
784
785
785
789
789
789
789
790
790
790
769
769
769
769
773
769
769
769
773
772
772
772
772
783
782
781
781
781
778
778
779
779
776
777
777
852
852
854
853
862
853
862
862
862
785
769
773
778
780
780
781
792
793
770
770
778
778
778
778
782
769
774
791
783
783
780
772
772
776
875
875
874
877
877
821
821
816
808
780
778
782
782
770
770
792
826
808
826
809
827
810
863
853
821
861
821
821
784
785
790
790
773
772
772
783
782
781
852
853
853
853
790
783
780
780
773
774
877
877
878
820
878
878
877
878
877
828
828
828
828
826
798
826
809
809
779
779
778
780
780
782
782
783
783
775
775
774
775
775
774
774
770
770
770
795
795
795
792
793
793
792
792
798
792
798
798
798
798
810
809
826
811
826
826
810
810
827
827
810
777
853
853
820
822
822
822
784
784
785
784
785
785
785
785
789
789
789
789
790
790
790
790
790
790
769
769
769
769
773
771
773
773
772
772
783
783
783
781
781
781
778
779
853
862
862
862
863
853
781
770
791
861
875
875
875
791
785
785
816
798
809
775
775
771
774
793
787
798
796
820
808
827
827
827
810
877
784
787
769
768
769
773
772
772
781
782
862
778
778
783
783
783
781
772
877
875
821
861
877
821
878
877
782
771
826
811
863
860
863
875
821
768
773
773
828
877
877
877
877
828
809
828
798
809
782
783
775
774
774
771
771
770
770
770
795
795
795
795
795
793
793
792
792
792
792
792
799
798
798
798
811
826
810
809
827
827
822
822
823
822
823
823
784
784
789
789
789
789
791
791
790
790
773
773
768
771
774
783
783
782
862
863
863
821
861
863
853
863
860
863
875
816
809
776
799
785
793
787
794
769
794
775
875
820
820
782
783
781
828
828
826
828
772
792
799
825
825
827
811
826
811
820
785
771
783
861
860
861
820
775
772
826
826
785
784
784
771
769
772
772
821
861
828
817
768
863
875
875
768
773
774
774
828
828
877
877
828
828
826
809
809
826
775
773
774
771
768
771
771
768
795
795
795
793
793
793
793
793
798
796
799
811
811
827
811
823
823
823
823
784
784
785
784
789
789
789
791
791
791
795
768
768
768
768
768
768
773
771
862
821
860
863
863
825
826
793
785
773
875
821
794
794
816
821
796
825
784
787
771
783
783
821
809
860
799
796
799
811
811
820
771
771
771
861
820
793
791
791
771
816
793
793
799
796
831
826
811
809
811
820
768
861
860
821
875
820
771
796
816
816
861
828
822
791
875
821
861
828
828
828
817
822
828
829
809
809
828
825
771
771
794
791
794
795
793
787
793
793
797
786
796
796
811
823
822
823
823
784
784
789
789
789
789
791
791
794
789
791
791
768
768
768
768
863
863
863
863
799
784
787
771
771
799
799
788
768
794
791
799
796
825
825
811
811
875
861
817
820
829
817
809
811
829
796
794
795
863
829
825
861
825
825
825
820
793
787
875
787
811
811
816
787
768
863
821
861
817
817
816
816
768
768
821
861
822
829
829
829
829
809
825
794
794
791
794
794
794
794
793
794
788
793
823
822
823
823
786
784
823
786
788
789
791
791
788
788
791
794
794
768
860
794
861
829
819
799
797
811
817
825
861
861
796
825
768
875
875
818
794
788
788
793
787
796
825
791
829
794
829
829
787
825
831
811
822
816
875
787
787
799
796
811
811
811
863
820
819
816
817
821
875
829
817
829
829
829
831
831
794
794
794
788
788
788
788
818
822
820
822
823
786
786
823
786
786
788
788
788
788
791
829
788
799
799
799
786
796
818
861
825
825
787
787
875
861
817
817
817
816
820
819
816
797
861
861
831
819
796
825
787
797
825
825
825
829
820
786
797
831
831
796
811
819
819
817
829
829
825
829
830
824
788
788
788
797
787
823
823
830
823
823
786
786
823
786
799
787
788
788
797
787
799
823
820
797
796
829
829
831
788
831
819
829
819
797
816
861
817
817
816
816
816
797
799
861
796
786
799
787
824
787
831
796
824
819
819
819
831
825
831
831
824
788
799
799
818
818
819
817
786
786
823
786
797
786
831
824
824
797
831
830
797
831
818
830
799
818
817
819
787
818
797
831
819
819
816
817
816
787
797
796
824
796
818
819
824
830
830
824
819
819
823
797
786
830
824
797
786
786
797
824
824
797
797
786
786
831
824
797
831
824
818
819
797
831
817
819
817
816
824
824
796
831
830
830
818
818
819
818
824
817
797
797
786
818
824
831
824
824
819
830
830
817
830
830
830
818
817
819
830
818
819
830
818
824
818
824
830
830
818
830
831
824
818
830
830
818
818
830
818
852
855
855
854
862
862
777
777
777
863
853
782
875
773
774
816
817
788
830
796
830
824
796
831
810
810
810
810
810
810
808
808
808
808
808
808
808
808
878
878
878
878
878
878
878
878
877
877
874
874
874
874
874
874
860
860
860
860
860
860
862
862
862
862
813
813
813
813
813
813
808
808
815
815
815
879
879
879
879
878
878
878
878
876
876
876
876
876
874
874
874
874
874
874
860
860
856
860
860
860
858
858
858
858
813
813
813
813
813
813
815
815
815
815
815
879
879
879
879
879
879
876
876
876
876
876
876
876
874
874
874
874
872
872
872
872
856
856
856
856
858
858
858
858
813
813
813
813
813
813
815
815
815
815
815
815
879
879
879
879
879
876
876
876
876
876
876
876
874
874
874
874
872
872
872
872
872
856
856
856
856
856
856
858
813
813
813
813
813
813
815
815
815
815
815
815
879
879
879
879
879
876
876
876
876
876
870
873
874
873
873
873
872
872
872
872
872
856
856
856
856
856
856
858
812
812
812
812
812
815
815
815
815
814
814
814
814
879
879
879
871
871
871
870
870
870
870
873
873
873
873
873
872
872
872
872
872
856
856
856
856
856
857
858
812
812
812
812
812
812
814
814
814
814
814
814
871
871
871
871
871
871
870
870
870
870
870
873
873
873
873
873
872
872
872
872
872
856
856
857
857
857
857
859
812
812
812
812
812
812
814
814
814
814
814
814
871
871
871
871
871
871
870
870
870
870
870
873
873
873
873
873
865
865
865
865
865
865
857
857
857
857
857
859
812
812
801
801
801
801
814
814
814
814
814
814
871
871
871
871
871
870
870
870
870
870
870
873
873
873
873
865
865
865
865
865
865
865
857
857
857
857
857
859
812
812
801
801
801
801
801
802
802
802
814
814
871
871
871
871
868
868
868
870
867
867
867
867
867
867
867
865
865
865
865
865
865
865
857
857
857
857
857
859
812
812
801
801
801
801
801
802
802
802
802
869
869
869
869
869
868
868
868
868
868
867
867
867
867
867
867
865
865
864
864
864
864
864
840
857
857
857
857
859
800
800
800
801
801
801
801
802
802
802
802
869
869
869
869
869
868
868
868
868
868
867
867
867
866
867
867
865
865
864
864
864
864
864
840
840
840
840
840
841
800
800
800
801
801
801
801
802
802
802
802
869
869
869
869
869
868
868
868
868
868
867
867
867
866
867
867
867
867
864
864
864
864
840
840
840
840
840
840
841
800
800
800
801
801
802
802
802
802
802
802
869
869
869
869
868
868
868
868
868
868
866
866
866
866
866
866
866
866
864
864
864
864
840
840
840
840
840
840
841
800
800
800
800
800
802
803
803
803
802
802
869
869
869
869
891
888
888
888
888
888
888
866
866
866
866
866
866
866
882
864
864
864
840
840
840
840
840
840
841
800
800
800
800
800
803
803
803
803
803
803
869
891
891
891
891
888
888
888
888
888
888
866
866
866
866
866
882
882
882
864
864
883
883
883
842
842
842
842
841
807
800
800
800
800
803
803
803
803
803
803
891
891
891
891
891
888
888
888
888
888
888
887
887
887
887
866
882
882
882
883
883
883
883
883
842
842
842
842
842
807
807
807
800
806
806
803
803
803
803
803
891
891
891
891
891
888
888
888
888
888
888
887
887
887
887
887
882
882
883
883
883
883
883
883
842
842
842
842
842
807
807
807
806
806
806
806
803
803
803
803
891
891
891
891
889
889
889
889
889
889
889
887
887
887
887
887
882
882
883
883
883
883
883
883
843
843
842
843
843
807
807
807
807
806
806
806
890
890
890
890
891
891
891
891
889
889
889
889
889
889
889
887
887
887
887
887
882
882
882
883
883
883
880
880
843
843
843
843
843
807
807
807
807
806
806
806
890
890
890
890
890
890
890
890
889
889
889
889
889
886
886
886
886
887
887
887
887
882
882
882
880
880
880
880
880
843
843
843
843
807
807
807
807
806
806
806
806
890
890
890
890
890
890
890
889
889
889
889
889
886
886
886
886
886
886
886
882
882
882
880
880
880
880
880
880
880
843
843
843
807
807
807
807
806
806
806
806
890
890
890
890
890
892
892
892
892
892
892
892
892
886
886
886
886
886
886
882
882
882
880
880
880
880
880
880
880
843
843
843
804
804
804
807
806
806
806
806
895
895
895
895
895
895
892
892
892
892
892
892
892
886
886
886
886
886
886
886
884
881
881
880
881
881
881
880
847
847
847
847
804
804
804
804
805
805
805
805
895
895
895
895
895
895
892
892
892
892
892
892
892
885
885
885
885
884
884
884
884
881
881
881
881
881
881
881
847
847
846
846
804
804
804
804
805
805
805
805
895
895
895
895
895
895
892
893
893
893
893
892
885
885
885
885
885
884
884
884
884
884
884
881
881
881
881
881
846
846
846
846
804
804
804
804
805
805
805
805
895
895
895
895
895
895
894
893
893
893
893
893
885
885
885
885
885
884
884
884
884
884
884
881
881
881
881
881
846
846
846
846
804
804
804
804
805
805
805
805
894
894
894
894
894
894
894
893
893
893
893
893
885
885
885
885
885
884
884
884
901
901
901
901
901
881
881
846
846
897
897
846
804
804
804
804
805
805
805
805
894
894
894
894
894
894
894
893
893
893
893
893
885
885
885
885
885
884
884
901
901
901
896
901
901
896
897
846
846
897
897
941
804
921
921
921
805
805
805
894
894
894
894
894
894
894
894
893
893
893
893
893
902
902
902
902
902
884
884
901
901
901
896
896
896
896
897
897
897
897
941
941
921
921
921
921
805
920
920
920
920
914
914
914
914
914
914
914
913
913
913
913
902
902
902
902
902
901
901
901
901
901
901
896
896
897
897
897
897
897
941
941
921
921
921
921
920
920
920
920
920
914
914
914
914
914
914
914
913
913
913
913
913
902
902
902
900
901
901
901
901
901
896
896
896
896
896
897
897
897
941
941
921
921
921
921
920
920
920
920
920
914
914
914
914
914
914
914
913
913
913
913
913
902
902
902
900
900
900
900
900
900
896
896
896
896
896
897
897
897
941
941
921
921
921
920
920
920
920
920
920
915
915
915
915
914
914
914
913
913
913
913
902
902
902
902
900
900
900
900
900
900
900
896
896
896
896
897
897
897
941
941
921
921
922
920
920
920
920
923
923
915
915
915
915
915
915
913
913
913
913
913
902
902
902
902
900
900
900
900
900
899
899
899
896
896
899
899
899
938
938
938
921
921
922
922
922
923
923
923
923
915
915
915
915
915
915
916
912
912
912
912
912
912
903
903
903
903
900
900
900
899
899
899
899
899
899
899
899
938
938
938
921
921
922
922
922
923
923
923
923
923
915
915
915
915
915
916
912
912
912
912
912
912
903
903
903
903
903
903
900
899
899
899
899
899
899
899
899
938
938
938
922
922
922
922
922
923
923
923
923
923
917
917
915
915
915
916
912
912
912
912
912
912
903
903
903
903
903
903
903
899
899
898
898
898
898
899
899
938
938
938
922
922
922
922
922
923
923
923
923
917
917
917
917
916
916
916
916
916
916
912
912
912
903
903
903
903
903
903
909
898
898
898
898
898
898
939
939
939
939
939
922
922
922
925
925
925
925
923
923
917
917
917
917
917
916
916
916
916
916
912
912
912
912
909
909
909
909
909
909
909
898
898
898
898
898
939
939
939
939
939
922
922
922
925
925
925
923
923
924
917
917
917
917
917
916
916
916
908
908
908
908
908
908
909
909
909
909
909
909
909
905
898
898
898
898
939
939
939
939
939
925
925
925
925
925
925
924
924
924
924
917
917
917
917
916
916
916
908
908
908
908
908
908
909
909
909
905
905
905
905
905
905
898
898
898
939
939
939
939
939
925
925
925
925
925
924
924
924
924
924
917
917
917
917
916
916
916
918
908
908
908
908
908
909
909
909
905
905
905
905
905
905
904
904
904
950
950
950
950
951
927
927
925
925
925
924
924
924
924
924
919
919
918
918
918
918
918
918
908
908
908
908
908
909
909
909
905
905
905
905
904
904
904
904
904
950
950
950
950
951
927
927
925
925
925
924
924
924
924
919
919
919
918
918
918
918
918
918
911
911
911
911
908
908
906
906
905
905
905
905
904
904
904
904
904
904
950
951
951
951
927
927
927
927
926
924
924
924
924
919
919
919
918
918
918
918
911
911
911
911
911
911
910
910
910
906
906
905
905
905
904
904
904
904
904
950
950
951
951
951
927
927
927
927
926
926
926
926
924
919
919
919
918
918
918
918
911
911
911
911
911
911
910
910
910
910
906
906
906
907
907
907
904
904
904
950
950
951
951
951
927
927
927
927
926
926
926
926
919
919
919
919
919
918
918
918
911
911
911
910
911
911
910
910
906
906
906
906
906
907
907
907
907
904
904
950
950
950
950
951
927
927
927
927
926
926
926
926
926
919
919
919
919
973
973
973
911
911
911
910
910
910
910
910
906
906
906
906
906
906
945
945
945
945
945
945
950
950
950
951
971
971
927
927
926
926
926
926
926
919
919
919
919
973
973
973
973
973
910
910
910
910
910
910
906
906
906
906
906
906
945
945
945
945
945
945
950
950
950
951
971
971
927
927
926
926
926
974
974
972
972
972
972
973
973
973
973
973
962
962
962
962
910
910
961
961
961
961
907
907
945
945
945
945
945
945
944
944
944
944
971
971
971
971
926
926
974
974
974
972
972
972
972
973
973
973
973
973
962
962
962
962
910
961
961
961
961
961
907
907
907
907
907
945
945
945
944
944
944
944
971
971
971
971
971
971
974
974
974
974
972
972
972
972
973
973
973
973
962
962
962
962
962
961
961
961
961
961
907
907
907
907
907
945
945
945
944
944
944
944
971
971
971
971
971
971
974
974
974
974
972
972
972
972
972
973
973
962
962
962
962
962
962
961
961
961
961
961
907
907
907
907
907
996
996
996
944
944
944
944
971
971
970
970
971
971
974
974
974
974
974
972
972
972
972
972
963
962
962
962
962
962
963
961
961
961
961
961
994
994
994
994
996
996
996
996
996
944
944
944
970
970
970
970
970
970
974
974
974
974
974
974
972
972
963
963
963
963
963
963
963
963
963
960
960
960
960
960
994
994
994
994
996
996
996
996
997
997
997
944
970
970
970
970
970
970
968
968
968
975
975
975
975
975
975
963
963
963
963
963
963
963
963
960
960
960
960
960
994
994
994
994
996
996
996
996
997
997
997
997
970
970
970
970
970
968
968
968
968
975
975
975
975
975
975
965
965
963
963
963
963
963
967
967
960
960
960
960
994
994
994
994
996
996
996
996
997
997
997
997
969
969
970
970
970
968
968
968
968
968
975
975
975
975
975
965
965
965
965
967
967
967
967
967
960
960
960
960
960
994
994
994
994
996
996
996
997
997
997
997
969
969
969
970
970
968
968
968
968
968
975
975
975
975
975
965
965
965
965
967
967
967
967
966
966
960
960
960
960
994
994
994
994
995
995
995
995
997
997
997
969
969
969
969
969
968
968
968
968
968
964
964
964
975
975
965
965
965
965
965
967
967
967
966
966
966
966
966
966
993
993
993
993
995
995
995
995
998
998
997
969
969
969
969
969
968
982
982
982
968
964
964
964
964
964
964
964
965
965
965
967
967
967
966
966
966
966
966
966
993
993
993
993
993
995
995
995
998
998
998
969
969
969
969
977
977
982
982
982
982
964
964
964
964
964
964
964
965
965
965
967
967
967
966
966
966
966
966
993
993
993
993
993
993
995
995
998
998
998
998
969
969
969
969
977
977
982
982
982
982
964
964
964
964
964
964
964
965
965
965
967
967
967
966
966
966
966
992
993
993
993
993
993
993
995
995
998
998
998
998
977
977
977
977
977
977
982
982
982
983
983
983
983
983
983
985
985
985
985
985
985
967
967
986
966
986
986
992
992
992
993
993
992
992
995
995
995
998
998
998
977
977
977
977
977
977
982
982
982
983
983
983
983
983
983
985
985
985
985
985
985
985
986
986
986
986
986
992
992
992
992
992
992
992
995
995
995
998
998
998
977
977
977
977
977
982
982
982
982
983
983
983
983
983
985
985
985
985
985
985
985
985
986
986
986
986
986
986
992
992
992
992
992
992
995
995
995
1004
1004
1004
976
976
977
977
977
982
982
982
980
983
983
983
983
983
985
985
985
984
984
984
987
987
986
986
986
986
986
986
992
992
992
992
992
1002
1002
1002
1002
1004
1004
1004
976
976
976
976
976
980
980
980
980
983
983
981
981
981
981
981
984
984
984
984
984
987
987
986
986
986
986
1003
1003
992
992
992
992
1002
1002
1002
1002
1004
1004
1004
976
976
976
976
976
980
980
980
980
981
981
981
981
981
981
981
984
984
984
984
984
984
987
987
987
987
987
1003
1003
1003
1003
1003
1003
1002
1002
1002
1002
1004
1004
1004
976
976
976
976
976
980
980
980
980
981
981
981
981
981
981
981
989
984
984
984
984
984
987
987
987
987
987
1003
1003
1003
1003
1003
1003
1002
1002
1002
1002
1005
1005
1005
976
976
976
976
976
980
980
980
980
981
981
981
989
989
989
989
989
984
984
984
984
984
987
987
987
987
987
1003
1003
1003
1003
1003
1003
1002
1002
1002
1002
1005
1005
1005
976
976
978
978
978
980
980
980
980
981
979
979
989
989
989
989
989
990
990
990
990
990
987
987
987
987
987
1003
1003
1003
1003
1001
1001
1001
1001
1001
1001
1005
1005
1005
978
978
978
978
978
978
980
980
979
979
979
979
989
989
989
989
989
990
990
990
990
990
990
991
991
991
991
1000
1000
1000
1000
1001
1001
1001
1001
1001
1001
1001
1005
1005
978
978
978
978
978
978
979
979
979
979
979
979
989
989
989
989
988
988
988
990
990
990
990
991
991
991
991
1000
1000
1000
1000
1001
1001
1001
1001
1001
1001
1007
1007
1007
978
978
978
978
978
978
979
979
979
979
979
979
989
989
989
989
988
988
988
990
990
990
991
991
991
991
991
1000
1000
1000
1000
1000
1001
1001
1001
1001
1007
1007
1007
1007
605
605
605
978
978
978
979
979
979
979
979
979
602
988
988
988
988
988
988
990
990
990
991
991
991
991
991
1000
1000
1000
1000
1000
636
636
636
636
1007
1007
1007
1007
605
605
605
605
607
607
607
607
607
602
602
602
602
988
988
988
988
988
603
990
990
990
991
991
991
991
991
1000
1000
1000
1000
1000
636
636
636
636
1007
1007
1007
1007
605
605
605
605
607
607
607
607
607
602
602
602
602
988
988
988
988
603
603
578
578
578
578
579
579
991
577
577
577
577
577
577
636
636
636
636
1007
1007
1007
1007
605
605
605
605
607
607
607
607
607
602
602
602
602
988
988
603
603
603
603
578
578
578
578
579
579
579
577
577
577
577
577
577
577
636
636
636
638
638
638
638
605
605
605
607
607
607
607
607
607
602
602
602
603
603
603
603
603
603
603
578
578
578
578
579
579
579
577
577
577
577
577
577
577
636
636
636
638
638
638
638
605
605
605
604
604
607
607
607
606
602
602
602
603
603
603
603
603
603
603
578
578
578
579
579
579
579
576
576
576
577
577
577
577
636
636
636
638
638
638
638
605
605
605
604
604
606
606
606
606
602
602
602
600
600
603
603
603
578
578
578
578
579
579
579
579
576
576
576
576
576
576
637
637
636
636
636
638
638
638
638
604
604
604
604
604
606
606
606
606
606
600
602
600
600
600
600
578
578
578
578
578
579
579
579
579
576
576
576
576
576
576
637
637
637
637
637
638
638
638
638
604
604
604
604
604
606
606
606
606
606
600
600
600
600
600
600
580
580
580
580
580
579
579
579
579
576
576
576
576
576
576
637
637
637
637
637
637
639
639
639
604
604
604
604
604
606
606
606
606
606
600
600
600
600
600
600
580
580
580
580
580
580
583
583
583
576
576
576
582
582
582
637
637
637
637
637
637
639
639
639
604
604
604
604
604
595
595
595
606
606
601
600
600
600
600
600
580
580
580
580
580
580
583
583
583
583
582
582
582
582
582
637
635
637
637
637
637
639
639
639
594
594
594
594
594
595
595
595
606
606
601
601
601
601
601
580
580
580
580
580
580
580
583
583
583
583
582
582
582
582
582
635
635
635
635
635
632
632
632
632
594
594
594
594
594
595
595
595
595
601
601
601
601
601
601
581
581
581
581
581
581
581
583
583
583
583
583
582
582
582
582
635
635
635
635
635
632
632
632
632
594
594
594
594
594
594
595
595
595
601
601
601
601
601
601
581
581
581
581
581
581
581
581
583
583
583
583
582
582
582
582
635
635
635
635
635
632
632
632
632
594
594
594
594
594
594
595
595
595
601
601
601
601
601
598
581
581
581
581
581
587
581
581
583
583
583
583
582
582
582
635
635
635
635
635
635
635
633
633
633
594
594
593
593
595
595
595
595
599
599
599
599
598
598
598
598
586
586
586
587
587
587
581
588
588
588
589
589
589
589
589
589
634
634
634
634
634
633
633
633
593
593
593
593
595
595
595
595
599
599
599
599
598
598
598
586
586
586
586
587
587
587
587
588
588
588
589
589
589
589
634
634
634
634
634
634
634
634
633
626
593
593
592
592
592
592
592
592
599
599
599
599
598
598
598
586
586
586
586
587
587
587
588
588
588
588
588
589
589
589
589
634
634
634
634
634
634
634
626
626
593
593
592
592
592
592
592
592
599
599
599
599
598
598
598
598
586
586
586
587
587
587
588
588
588
588
588
589
589
589
589
634
634
634
634
630
630
630
626
626
593
593
593
593
592
592
592
592
599
599
599
599
598
598
598
598
586
586
586
587
587
587
587
588
588
588
588
589
589
631
631
631
631
631
631
630
630
630
630
630
593
593
593
593
592
592
592
592
597
599
599
599
597
598
598
586
586
586
586
587
587
587
587
590
590
588
588
589
589
589
589
631
631
631
630
630
630
630
630
630
593
593
593
593
593
592
592
592
597
597
597
597
597
584
584
584
584
586
586
585
585
585
587
590
590
590
590
591
591
591
631
631
631
631
631
630
630
630
630
630
596
596
596
596
596
596
596
597
597
597
597
597
597
584
584
584
584
585
585
585
585
585
590
590
590
590
590
591
591
591
631
631
631
631
631
630
630
630
630
630
596
596
596
596
596
596
596
597
597
597
597
597
597
584
584
584
584
585
585
585
585
585
585
590
590
590
590
591
591
591
628
631
631
631
631
629
629
629
629
629
596
596
596
596
596
596
596
597
597
597
597
597
597
584
584
584
584
585
585
585
585
585
585
590
590
590
590
591
591
591
628
628
631
628
628
628
629
629
629
629
596
596
596
567
567
567
567
567
567
560
560
560
560
584
584
584
584
585
585
585
585
546
546
590
590
590
590
591
591
591
628
628
628
628
628
628
629
629
629
629
566
566
566
567
567
567
567
567
567
560
560
560
560
584
584
584
584
544
544
544
544
546
546
546
546
546
546
591
591
591
591
628
628
628
628
629
629
629
629
629
566
566
566
567
567
567
567
567
567
560
560
560
561
561
561
561
561
561
544
544
544
546
546
546
546
546
546
591
591
591
591
628
628
628
628
629
629
629
624
624
566
566
566
567
567
567
567
567
567
560
560
560
561
561
561
561
561
544
544
544
544
544
546
546
546
546
546
591
591
529
529
529
529
628
628
629
629
629
624
624
566
566
566
565
565
565
565
565
565
560
560
560
561
561
561
561
561
544
544
544
544
544
544
546
546
546
547
547
591
529
529
529
529
628
628
528
528
528
533
533
566
566
566
565
565
565
565
565
565
560
560
560
561
561
561
561
561
544
544
544
544
544
544
546
546
547
547
547
547
529
529
529
529
528
528
528
528
528
533
533
566
566
566
566
565
565
565
565
565
560
560
563
563
561
561
561
545
545
545
545
545
545
545
547
547
547
547
547
547
529
529
529
529
528
528
528
528
528
528
533
566
566
566
566
565
565
565
565
565
560
560
563
563
563
563
563
563
545
545
545
545
545
545
547
547
547
547
547
547
529
529
529
529
528
528
528
528
528
528
533
564
564
564
564
565
562
562
562
562
562
563
563
563
563
563
563
563
545
545
545
545
545
545
547
547
547
547
547
547
529
529
529
529
528
528
528
528
533
533
533
564
564
564
564
562
562
562
562
562
562
562
563
563
563
563
563
563
545
545
545
545
545
548
548
548
551
551
551
551
551
531
531
531
531
531
531
531
533
533
533
564
564
564
564
562
562
562
562
562
562
562
563
563
563
548
548
548
548
548
549
549
549
548
548
548
551
551
551
551
551
531
531
531
531
531
531
531
533
533
533
564
564
564
564
574
574
562
562
562
562
562
571
571
571
548
548
548
548
548
549
549
549
549
551
551
551
551
551
551
551
531
531
531
531
531
531
531
534
534
534
564
564
564
574
574
574
574
571
571
571
571
571
571
571
548
548
548
548
548
549
549
549
549
551
551
551
550
550
550
550
530
530
530
530
531
531
531
534
534
534
564
564
574
574
574
574
574
571
571
571
571
571
571
571
558
558
558
548
548
549
549
549
549
551
551
551
550
550
550
550
530
530
530
530
530
530
530
534
534
534
564
564
574
574
574
574
574
571
571
571
571
571
571
571
558
558
558
558
559
559
559
549
549
549
551
550
550
550
550
550
530
530
530
530
530
530
530
534
534
534
575
575
574
574
574
574
574
570
570
570
570
570
570
570
558
558
558
558
559
559
559
549
549
549
550
550
550
550
550
550
530
530
530
530
530
521
521
521
521
521
575
575
575
575
575
574
570
570
570
570
570
570
570
570
558
558
558
558
559
559
559
549
549
549
550
550
550
555
555
555
530
520
520
520
520
521
521
521
521
521
575
575
575
575
575
574
570
570
570
570
570
570
569
558
558
558
558
558
559
559
559
559
559
555
555
550
555
555
555
555
555
555
520
520
520
521
521
521
521
521
575
575
575
575
575
573
573
570
570
569
569
569
569
569
558
558
558
559
559
559
559
559
559
555
555
555
555
555
555
555
555
520
520
520
520
521
521
521
521
521
575
575
575
575
575
573
573
573
573
569
569
569
569
569
569
569
569
559
559
559
556
556
556
555
555
554
555
555
555
520
520
520
520
520
520
520
526
526
526
526
575
572
572
572
572
573
573
573
573
573
569
569
569
569
569
569
569
556
556
556
556
556
556
554
554
554
554
554
554
554
554
554
520
520
520
520
526
526
526
526
572
572
572
572
572
573
573
573
573
573
568
568
568
568
569
569
569
556
556
556
556
556
556
554
554
554
554
554
554
554
524
524
524
524
520
520
526
526
526
526
572
572
572
572
572
573
573
573
573
573
568
568
568
568
568
557
557
556
556
556
556
556
556
554
554
554
554
554
554
524
524
524
524
524
524
526
526
526
526
526
572
572
572
572
572
687
687
573
573
573
568
568
568
568
568
557
557
557
556
556
556
553
553
553
553
553
553
553
553
524
524
524
524
524
524
526
526
526
526
526
572
572
572
572
572
687
687
687
687
687
568
568
568
568
557
557
557
557
557
557
557
553
553
553
553
553
553
553
553
524
524
524
524
524
524
526
526
527
527
527
679
679
679
679
679
687
687
687
687
687
568
568
568
684
684
684
557
557
557
557
557
553
553
553
553
553
552
552
552
552
524
524
525
525
525
525
525
527
527
527
679
679
679
679
679
687
687
687
687
687
568
568
568
684
684
684
684
557
557
557
557
553
553
553
552
552
552
552
552
552
525
525
525
525
525
525
525
527
527
527
679
679
679
679
679
687
687
687
687
687
687
685
685
684
684
684
684
557
557
557
680
680
680
552
552
552
552
552
552
552
525
525
525
525
525
525
525
527
527
527
679
679
679
678
678
678
686
686
686
686
686
685
685
684
684
684
684
680
680
680
680
680
680
552
552
552
552
690
690
552
525
525
525
525
525
695
695
527
527
517
679
679
679
679
678
678
686
686
686
686
686
685
685
684
684
684
684
680
680
680
680
680
680
690
690
552
552
690
690
691
691
691
691
695
695
695
695
695
695
517
679
679
678
678
678
678
686
686
686
686
685
685
685
684
684
684
684
680
680
680
680
680
680
690
690
690
690
690
690
691
691
691
691
695
695
695
695
694
694
694
678
678
678
678
678
678
686
686
686
686
685
685
685
685
685
681
681
681
681
681
680
680
680
690
690
690
690
690
691
691
691
691
695
695
695
695
695
694
694
694
678
678
678
678
678
678
678
686
686
686
685
685
685
685
685
681
681
681
681
681
681
688
688
690
690
690
690
691
691
691
691
691
695
695
695
695
694
694
694
694
676
676
678
678
677
677
677
686
686
686
685
685
685
685
685
681
681
681
681
681
681
688
688
688
690
690
690
691
691
691
691
689
689
695
695
695
694
694
694
694
676
676
676
676
676
676
677
677
677
677
677
682
682
682
682
681
681
681
683
681
681
688
688
688
688
688
688
691
691
691
689
689
689
693
693
693
693
693
694
694
676
676
676
676
676
676
677
677
677
677
682
682
682
682
682
682
681
681
683
683
683
688
688
688
688
688
688
688
688
688
689
689
689
693
693
693
693
693
693
694
676
676
676
677
677
677
677
677
677
677
682
682
682
682
682
682
683
683
683
683
683
683
688
688
688
688
688
688
688
689
689
689
689
693
693
693
693
693
693
725
676
676
676
677
677
677
677
674
674
674
674
674
682
682
682
682
683
683
683
683
683
683
697
697
697
697
697
697
689
689
689
689
689
692
693
693
693
693
693
725
676
676
676
672
672
673
673
674
674
674
674
674
682
682
682
682
675
683
683
683
683
683
697
697
697
697
697
697
689
689
689
689
692
692
692
692
692
693
693
725
672
672
672
672
672
673
673
673
674
674
674
674
675
675
675
675
675
683
683
683
696
696
697
697
697
697
697
697
701
701
701
701
692
692
692
692
692
692
724
725
672
672
672
672
672
673
673
673
674
674
674
674
675
675
675
675
675
699
699
699
696
696
697
697
696
696
697
697
701
701
701
701
692
692
692
692
692
692
724
724
672
672
672
672
673
673
673
673
673
674
674
674
675
675
675
675
675
699
699
699
696
696
697
697
696
696
696
701
701
701
701
701
692
692
692
692
692
692
724
724
672
672
672
672
672
673
673
673
673
674
674
674
675
675
675
675
675
699
699
699
696
696
696
696
696
696
696
701
701
701
701
701
700
700
700
700
700
713
713
713
660
660
672
672
672
661
673
673
673
673
673
675
675
675
663
663
699
699
699
699
698
698
696
696
696
696
696
701
701
701
701
701
700
700
700
700
700
713
713
713
660
660
660
660
660
661
661
661
661
673
673
663
663
663
663
663
699
699
699
699
698
698
698
698
698
696
702
702
703
703
703
703
700
700
700
713
713
713
713
713
660
660
660
660
660
661
661
661
661
662
662
662
663
663
663
663
699
699
698
698
698
698
698
698
698
702
702
702
703
703
703
703
703
700
700
700
700
713
713
713
660
660
660
660
660
661
661
661
661
662
662
662
663
663
663
663
699
699
698
698
698
698
698
702
702
702
702
702
703
703
703
703
703
700
700
700
700
713
713
713
660
660
660
660
660
661
661
661
661
662
662
662
662
663
663
663
699
699
698
698
698
698
698
702
702
702
702
702
703
703
703
703
703
700
700
700
712
712
712
712
660
659
659
659
660
661
661
661
661
662
662
662
662
663
663
663
663
667
667
667
667
667
667
702
702
702
702
702
703
703
703
718
718
718
712
712
712
712
712
712
659
659
659
659
658
658
661
661
662
662
662
662
662
663
663
669
669
667
667
667
667
667
667
665
702
702
702
702
703
664
664
718
718
718
718
712
712
712
712
715
659
659
658
658
658
658
658
658
662
662
668
662
668
668
669
669
669
669
667
667
667
667
667
665
665
665
665
664
664
664
664
718
718
718
718
712
712
712
712
715
659
659
658
658
658
658
658
658
658
662
668
668
668
668
669
669
669
669
667
667
667
667
667
665
665
665
665
665
664
664
664
718
718
718
719
719
719
719
715
715
659
659
659
658
658
658
658
658
658
668
668
668
668
668
668
669
669
669
666
666
666
667
667
665
665
665
665
665
664
664
664
718
718
718
719
719
719
719
715
715
659
659
659
659
658
658
658
671
671
671
668
668
668
668
668
669
669
669
666
666
666
666
666
666
665
665
665
664
664
664
664
718
719
719
719
719
719
719
719
715
659
659
659
659
659
659
671
671
671
671
668
668
668
668
668
669
669
669
666
666
666
666
666
666
665
665
665
664
664
664
664
718
719
719
719
719
717
717
719
715
656
656
656
656
656
656
671
671
671
671
671
670
670
670
670
669
669
669
666
666
666
666
666
666
665
665
767
664
664
664
664
718
718
766
719
719
717
717
717
717
656
656
656
656
656
656
671
671
671
671
671
670
670
670
670
670
669
669
666
666
666
649
649
649
649
767
767
767
767
767
767
718
718
766
719
719
717
717
717
717
656
656
656
656
656
656
671
671
671
645
645
645
670
670
670
670
650
650
650
649
649
649
649
649
649
767
767
767
767
767
767
718
718
766
717
717
717
717
717
717
656
656
656
656
657
657
671
671
671
645
645
645
670
670
670
670
650
650
650
649
649
649
649
649
649
767
767
767
767
767
767
766
766
766
766
717
717
717
717
717
656
656
657
657
657
657
671
645
645
645
645
645
670
670
670
670
650
650
650
649
649
649
649
649
648
648
648
648
767
767
767
766
766
766
766
760
760
717
717
760
657
657
657
657
657
657
645
645
645
645
645
645
670
670
670
651
651
651
650
649
649
649
648
648
648
648
648
764
764
767
767
766
766
766
760
760
760
760
760
760
657
657
657
657
657
657
645
645
645
645
645
645
645
651
651
651
651
651
650
650
650
648
648
648
648
648
648
764
764
764
766
766
766
766
760
760
760
760
760
760
657
657
657
657
657
657
646
646
644
644
644
644
644
651
651
651
651
651
650
650
650
648
648
648
648
648
764
764
764
764
765
766
766
766
761
761
761
760
761
760
647
647
647
647
647
646
646
646
646
644
644
644
644
651
651
651
651
651
650
650
650
648
648
648
648
764
764
764
764
764
765
765
766
766
761
761
761
761
761
756
647
647
647
647
647
646
646
646
646
644
644
644
655
655
651
651
651
651
650
650
650
654
654
654
654
764
764
764
764
765
765
765
765
761
761
761
761
761
761
756
647
647
647
647
647
646
646
646
646
644
644
644
655
655
655
651
651
650
650
654
654
654
654
654
654
764
764
764
764
765
765
765
765
761
761
761
761
761
761
756
647
647
647
647
647
646
646
646
646
644
644
644
655
655
655
655
655
655
654
654
654
654
654
654
654
753
753
753
764
764
765
765
765
765
765
765
761
761
761
756
647
647
647
647
643
646
646
646
646
644
644
644
655
655
655
655
655
655
654
654
654
654
654
753
753
753
753
753
753
765
765
765
765
765
765
757
756
756
756
756
643
643
643
643
643
643
643
646
646
644
644
641
655
655
655
655
655
655
653
653
653
654
654
753
753
753
753
753
755
755
755
755
755
757
757
757
757
756
756
756
643
643
643
643
643
643
643
640
640
640
640
641
641
655
652
652
652
652
653
653
653
653
753
753
753
753
753
755
755
755
755
755
755
757
757
757
757
756
756
756
643
643
643
643
643
643
643
640
640
640
641
641
641
641
641
652
652
652
653
653
653
653
653
752
753
753
753
755
755
755
755
755
755
757
757
757
757
756
756
756
643
643
642
642
642
642
640
640
640
640
641
641
641
641
641
652
652
652
653
653
653
653
653
752
752
753
753
755
755
755
755
755
755
757
757
757
757
756
756
756
642
642
642
642
642
642
640
640
640
640
641
641
641
641
641
652
652
652
652
653
653
653
653
752
752
754
754
754
754
754
754
754
757
757
757
757
758
758
758
758
642
642
642
642
642
642
640
640
640
640
640
641
641
641
652
652
652
652
652
653
653
653
752
752
752
754
754
754
754
754
754
754
757
757
757
758
758
758
758
758
642
642
642
642
161
161
161
640
640
640
640
641
641
641
652
652
652
652
652
166
166
166
752
752
752
752
752
754
754
754
754
754
754
754
758
758
758
758
758
758
642
642
642
161
161
161
161
163
163
163
163
163
163
163
163
167
167
167
166
166
166
166
752
752
752
752
752
752
251
251
251
754
754
754
758
758
758
758
758
758
169
169
169
161
161
161
161
163
163
163
163
163
163
163
163
167
167
167
166
166
166
166
752
752
752
752
752
250
251
251
251
251
251
251
251
758
758
758
759
759
169
169
169
161
161
161
161
163
163
163
163
162
163
163
167
167
167
167
167
167
166
166
166
166
250
250
250
250
251
251
251
251
251
251
251
759
759
759
759
759
169
169
169
161
161
161
161
163
163
162
162
162
162
162
167
167
167
167
167
166
166
166
166
166
250
250
250
250
250
251
251
251
251
759
759
759
759
759
759
759
169
169
169
169
161
161
161
161
161
162
162
162
162
162
167
167
167
167
167
167
166
166
166
166
250
250
250
248
251
251
251
248
248
759
759
759
759
759
759
745
169
169
169
169
160
160
160
160
160
160
162
162
162
162
164
164
164
164
165
165
165
165
165
250
250
250
250
248
248
248
248
248
248
253
253
759
759
759
759
745
169
169
169
169
160
160
160
160
160
160
160
162
162
162
164
164
164
164
165
165
165
165
165
250
250
250
250
248
248
248
248
248
248
253
253
253
252
252
252
745
168
169
169
169
160
160
160
160
160
160
160
162
162
162
164
164
164
164
164
165
165
165
165
165
250
250
250
248
248
248
248
248
248
253
253
253
252
252
252
252
168
168
168
168
172
172
172
160
160
160
160
162
162
162
164
164
164
164
164
165
165
165
165
165
165
249
249
249
249
249
248
248
248
253
253
253
253
252
252
252
168
168
168
168
172
172
172
172
172
173
173
173
173
173
164
164
164
164
165
165
191
165
191
191
191
249
249
249
249
249
249
249
253
253
253
253
253
253
252
252
168
168
168
168
172
172
172
172
172
173
173
173
173
173
173
164
164
190
190
190
191
191
191
191
191
249
249
249
249
249
249
249
253
253
253
253
253
253
252
252
168
168
168
168
172
172
172
172
172
173
173
173
173
173
173
173
190
190
190
190
191
191
191
191
191
191
249
249
249
249
249
240
240
240
254
254
254
254
254
255
168
168
168
168
172
172
172
172
172
174
174
174
174
173
173
173
190
190
190
190
190
191
191
191
189
189
189
240
240
240
240
240
240
240
254
254
254
254
254
255
168
168
168
175
175
175
175
175
175
174
174
174
174
174
173
173
190
190
190
190
190
191
191
191
189
189
189
240
240
240
240
240
240
240
254
254
254
254
254
255
171
171
171
171
175
175
175
175
175
174
174
174
174
174
186
186
190
190
190
190
190
191
191
191
189
189
189
240
240
241
241
240
240
240
254
254
254
254
254
255
171
171
171
171
171
175
175
175
175
174
174
174
174
186
186
186
186
190
190
185
185
185
185
189
189
189
189
189
241
241
241
241
240
247
247
247
254
254
254
255
171
171
171
171
171
171
175
175
175
175
174
174
174
186
186
186
186
186
185
185
185
185
185
189
189
189
189
189
241
241
241
241
247
247
247
247
247
247
247
255
171
171
171
171
171
171
175
175
175
175
174
174
174
186
186
186
186
186
185
185
185
185
185
189
189
189
189
189
241
241
241
241
247
247
247
247
247
247
246
246
171
170
170
170
170
170
170
170
170
170
181
181
186
186
186
186
186
186
185
185
185
188
188
188
188
188
188
243
241
241
241
241
241
241
247
247
247
247
246
246
171
170
170
170
170
170
170
170
170
170
181
181
181
186
187
187
187
187
185
185
185
188
188
188
188
188
243
243
243
243
241
241
241
241
247
247
247
247
246
246
182
182
170
170
170
180
180
180
180
180
181
181
181
187
187
187
187
187
185
185
185
188
188
188
188
188
243
243
243
243
243
243
244
244
244
244
244
244
246
246
182
182
170
170
170
180
180
180
180
180
181
181
181
187
187
187
187
187
184
184
184
184
184
184
188
188
243
243
243
243
243
243
244
244
244
244
244
244
244
244
182
182
182
182
182
180
180
180
180
180
181
181
181
187
187
187
187
187
184
184
184
184
184
184
188
188
188
243
243
243
243
243
244
244
244
244
244
244
244
244
182
182
182
182
182
180
180
180
179
181
181
181
181
187
187
187
187
187
184
184
184
184
184
184
188
188
188
243
243
242
242
242
242
244
244
245
245
245
245
245
182
182
182
182
182
180
180
180
179
179
181
181
181
181
176
177
177
177
184
184
184
184
184
140
140
140
141
141
141
242
242
242
242
242
245
245
245
245
245
245
182
182
182
182
182
180
180
180
179
179
179
179
179
176
176
177
177
177
177
177
177
140
140
140
140
140
141
141
141
242
242
242
242
242
245
245
245
245
245
245
183
183
183
183
183
183
179
179
179
179
179
179
176
176
176
176
176
177
177
177
177
140
140
140
140
140
141
141
141
242
242
242
242
242
245
245
245
214
214
237
183
183
183
183
183
183
179
179
179
179
179
179
176
176
176
176
176
177
177
177
177
140
140
140
141
141
141
141
141
242
242
242
242
242
245
245
214
214
214
237
183
183
183
183
183
178
179
179
179
178
178
178
176
176
176
176
176
177
177
177
177
140
140
140
140
141
141
141
141
213
213
213
213
213
213
213
214
214
214
214
183
183
183
183
183
178
178
178
179
178
178
178
176
176
176
176
176
177
177
137
137
140
140
140
140
141
141
141
141
213
213
213
213
213
213
213
214
214
214
214
183
183
158
158
158
178
178
178
178
178
178
178
155
155
155
155
136
136
137
137
137
137
137
137
137
137
141
142
141
212
212
213
213
213
213
213
214
214
214
214
158
158
158
158
158
178
178
178
178
178
178
178
155
155
155
155
136
136
137
137
137
137
137
137
137
142
142
142
142
212
212
213
213
213
213
213
214
214
214
215
158
158
158
158
158
158
152
152
152
152
155
155
155
155
155
155
136
136
137
137
137
137
137
137
137
142
142
142
142
212
212
212
212
212
212
214
214
215
215
215
158
158
158
158
158
152
152
152
152
152
155
155
155
155
136
136
136
136
139
139
139
139
139
139
139
142
142
142
142
142
142
212
212
212
212
212
214
215
215
215
158
158
158
158
158
152
152
152
152
152
152
155
155
155
136
136
136
136
139
139
139
139
139
139
139
142
142
142
142
142
142
212
212
212
212
212
212
210
210
210
159
159
159
159
159
159
152
152
152
152
152
155
155
155
136
136
136
136
139
139
139
139
139
139
139
143
143
143
143
142
142
209
209
209
209
212
212
210
210
210
159
159
159
159
159
159
159
152
152
152
152
154
154
154
136
136
136
136
139
139
138
138
138
138
138
143
143
143
143
142
209
209
209
209
209
209
210
210
210
210
159
159
159
159
159
159
153
153
153
153
153
154
154
154
154
154
136
136
139
138
138
138
138
138
138
138
143
143
143
143
209
209
209
209
209
209
210
210
210
210
156
159
159
159
159
159
153
153
153
153
153
154
154
154
154
154
135
135
135
138
138
138
138
138
138
138
143
143
143
143
209
209
208
208
208
208
208
208
211
211
156
156
157
157
157
157
153
153
153
153
153
154
154
154
154
154
135
135
135
135
135
138
138
138
138
138
143
143
143
143
209
209
208
208
208
208
208
208
211
211
156
156
157
157
157
157
153
153
153
153
153
154
154
154
154
154
135
135
135
135
135
135
132
132
132
132
143
143
143
143
209
209
208
208
208
208
208
208
211
211
156
156
157
157
157
157
157
153
153
153
153
145
144
144
144
144
144
135
135
135
135
135
132
132
132
132
132
132
132
132
209
209
208
208
208
208
208
208
211
211
156
156
156
157
157
157
157
145
145
145
145
145
144
144
144
144
144
135
135
135
135
135
132
132
132
132
132
132
132
217
217
216
216
216
223
223
223
223
223
222
156
156
156
157
157
157
157
145
145
145
145
145
144
144
144
144
144
134
134
134
134
133
133
133
132
132
132
132
132
217
217
216
216
216
223
223
223
223
223
222
156
156
156
156
156
157
157
145
145
145
145
145
144
144
144
144
144
134
134
134
134
133
133
133
133
133
133
133
217
217
217
216
216
216
223
223
223
223
223
222
156
156
156
156
156
149
149
145
145
145
145
145
144
144
144
144
134
134
134
134
134
133
133
133
133
133
133
217
217
217
217
216
216
216
216
223
223
223
223
222
149
149
149
149
149
149
149
149
145
145
145
147
147
147
147
134
134
134
134
134
134
133
133
133
130
130
130
217
217
217
216
216
216
216
216
223
223
223
223
222
149
149
149
149
149
149
149
149
147
147
147
147
147
147
147
134
134
134
134
134
133
133
133
133
130
130
130
130
217
217
217
216
216
216
216
219
219
220
220
220
148
148
149
149
149
149
149
149
147
147
147
147
147
147
147
147
129
129
129
129
129
129
133
130
130
130
130
130
217
217
217
216
216
219
219
219
219
220
220
220
148
148
148
148
151
151
151
151
151
150
150
150
147
147
147
147
129
129
129
129
129
129
131
131
130
130
130
130
217
217
217
217
219
219
219
219
220
220
220
220
148
148
148
148
151
151
151
151
150
150
150
150
146
146
146
146
129
129
129
129
129
129
131
131
130
130
130
130
219
219
219
219
219
219
219
219
220
220
220
220
148
148
148
148
151
151
151
151
151
150
150
150
146
146
146
146
129
129
129
129
129
129
131
131
130
130
130
130
218
219
219
219
219
219
219
220
220
220
220
220
148
148
148
151
151
151
151
151
150
150
150
150
146
146
146
146
128
128
128
128
128
128
131
131
131
131
131
218
218
218
218
218
218
218
218
220
220
86
86
86
148
148
148
151
151
151
151
151
150
150
150
150
146
146
146
146
128
128
128
128
128
128
131
131
131
131
131
218
218
218
218
218
218
218
87
87
87
87
86
86
148
148
8
8
8
8
8
8
150
150
150
146
146
146
146
146
128
128
128
128
128
128
131
131
131
131
131
218
218
218
218
218
218
87
87
87
87
87
87
86
148
148
8
8
8
8
8
8
150
150
150
146
146
3
3
146
128
128
128
128
128
128
131
131
131
80
80
80
80
218
218
82
82
82
87
87
87
87
87
86
9
9
8
8
8
8
8
8
11
11
10
10
10
3
3
3
3
3
3
0
0
0
0
0
80
80
80
80
80
80
80
82
82
82
87
87
87
87
87
86
9
9
8
8
8
8
8
8
11
11
10
10
10
3
3
3
3
3
3
0
0
0
0
0
80
80
80
80
80
80
80
82
82
82
82
87
87
87
87
86
9
9
9
9
9
9
9
11
11
11
10
10
10
3
3
3
3
3
3
0
0
0
0
0
80
80
81
80
80
80
80
82
82
82
82
82
85
85
84
84
9
9
9
9
9
9
11
11
11
11
10
10
10
10
10
3
3
3
3
0
0
0
0
0
81
81
81
81
81
81
82
82
82
82
82
85
85
85
84
84
9
9
9
9
9
11
11
11
11
10
10
10
10
2
2
2
2
2
2
0
0
1
0
0
81
81
81
81
81
81
81
82
82
82
82
85
85
85
84
84
12
12
9
9
11
11
11
11
11
10
10
10
10
2
2
2
2
2
2
1
1
1
1
81
81
81
81
81
81
81
83
83
83
83
85
85
85
85
84
84
12
12
12
12
12
11
11
11
11
10
15
15
5
5
2
2
2
2
1
1
1
1
1
81
81
89
89
89
89
83
83
83
83
83
85
85
85
85
84
84
12
12
12
12
12
12
15
15
15
15
15
15
5
5
2
2
2
2
1
1
1
1
1
1
81
89
89
89
89
83
83
83
83
83
83
85
85
85
84
84
12
12
12
12
12
12
15
15
15
15
15
15
5
5
2
2
2
2
7
7
1
1
1
1
6
89
89
89
89
83
83
83
83
83
83
85
85
85
84
84
13
12
12
12
12
15
15
15
15
15
15
15
5
5
5
5
5
5
7
7
7
1
1
1
6
89
89
89
88
88
88
88
88
83
83
85
85
92
92
84
13
13
13
13
13
14
14
14
14
15
15
15
5
5
5
5
5
5
7
7
7
7
1
6
6
89
89
89
88
88
88
88
88
93
93
93
93
93
92
92
13
13
13
13
13
13
14
14
14
14
4
4
4
4
5
5
5
5
7
7
7
7
7
7
6
89
89
89
88
88
88
88
88
93
93
93
93
93
92
92
13
13
13
13
13
13
14
14
14
14
4
4
4
4
4
4
5
5
7
7
7
7
6
6
6
6
6
6
88
88
88
88
88
93
93
93
93
93
92
92
13
13
13
13
13
13
14
14
14
14
4
4
4
4
4
4
4
16
16
7
7
7
6
6
6
6
6
6
6
90
90
90
90
90
93
93
93
93
92
92
28
28
28
28
28
14
14
14
14
14
4
4
4
4
4
4
4
16
16
16
7
7
6
6
6
6
6
6
6
90
90
90
90
90
90
90
90
93
92
92
28
28
28
28
28
14
14
25
25
25
25
25
25
25
25
16
16
16
16
16
16
23
23
23
22
22
22
22
6
90
90
90
90
90
90
90
90
93
93
95
28
28
28
28
28
29
29
25
25
25
25
25
25
25
25
16
16
16
16
17
17
23
23
23
22
22
22
22
22
91
91
91
91
90
90
90
90
93
93
95
28
28
28
28
28
29
29
25
25
25
25
25
25
25
27
16
16
16
16
17
17
23
23
23
22
22
22
22
22
91
91
91
91
91
94
94
94
94
94
94
28
28
29
29
29
29
29
24
24
24
24
24
24
27
27
16
16
16
16
17
17
23
23
23
23
22
22
22
91
91
91
91
91
91
94
94
94
94
94
94
28
29
29
29
29
29
29
24
24
24
24
24
24
27
27
17
17
17
17
17
17
23
23
23
23
22
22
22
91
91
91
91
91
91
94
94
94
94
94
94
28
29
29
29
29
29
29
24
24
24
24
24
27
27
27
27
17
17
17
17
17
23
23
23
23
22
22
22
20
20
20
91
91
91
121
121
121
121
94
94
30
30
30
29
29
29
31
24
24
24
24
24
27
27
27
27
17
17
17
17
17
23
23
23
21
21
21
20
20
20
20
120
120
120
121
121
121
121
94
94
30
30
30
30
31
31
31
26
26
26
26
24
27
27
27
27
18
18
18
17
17
19
19
19
21
21
21
20
20
20
20
20
120
120
121
121
121
121
121
121
30
30
30
30
31
31
31
26
26
26
26
26
27
27
27
27
18
18
18
19
19
19
19
19
21
21
21
20
20
20
20
20
120
120
120
120
121
121
121
121
30
30
30
30
31
31
31
26
26
26
26
26
27
18
18
18
18
18
19
19
19
19
19
21
21
21
21
21
20
20
20
20
20
120
120
120
122
122
122
122
30
30
30
31
31
31
31
26
26
26
26
26
27
18
18
18
18
18
18
19
19
19
19
21
21
21
21
21
61
61
20
20
120
120
120
120
122
122
122
122
30
30
30
31
31
31
31
31
26
26
26
26
26
42
18
18
18
18
18
19
19
19
19
21
21
21
21
21
61
61
61
61
120
120
120
120
122
122
122
122
30
30
30
31
31
31
31
31
40
40
40
40
42
42
42
42
18
18
42
19
19
19
58
58
58
58
61
61
61
61
61
61
120
120
120
120
122
122
122
122
35
35
35
35
34
34
34
40
40
40
40
40
42
42
42
42
42
42
42
42
58
58
58
58
58
58
61
61
61
61
61
61
62
62
62
62
122
122
122
122
35
35
35
35
34
34
34
40
40
40
40
40
43
43
43
42
42
42
42
42
58
58
58
58
58
58
61
61
61
60
60
62
62
62
62
62
62
62
123
123
35
35
35
35
34
34
34
40
40
40
40
40
41
43
43
42
42
42
42
42
58
58
58
58
58
60
61
61
60
60
60
62
63
62
62
62
62
62
123
123
35
35
35
34
34
34
34
40
40
40
40
40
41
41
43
43
43
43
59
59
59
58
58
58
60
60
60
61
60
60
63
63
63
63
63
62
62
62
123
123
35
35
35
34
34
34
34
41
41
41
41
41
41
41
43
43
43
43
59
59
59
59
59
59
60
60
60
60
60
63
63
63
63
63
63
62
62
62
123
123
35
35
35
34
34
34
34
41
41
41
41
41
41
41
43
43
43
43
59
59
59
59
59
59
59
60
60
60
60
63
63
63
63
63
63
111
111
111
111
111
35
32
32
34
34
34
33
41
41
41
41
41
41
41
43
43
43
43
59
59
59
59
59
59
59
59
60
60
60
63
63
63
63
63
63
111
111
111
111
111
35
32
32
32
32
32
33
33
33
33
44
44
44
43
43
45
45
45
45
56
56
56
56
56
56
56
57
57
57
57
57
51
51
51
51
51
51
111
110
110
32
32
32
32
32
32
33
33
33
33
44
44
44
44
44
45
45
45
45
56
56
56
56
56
56
56
57
57
57
57
57
57
51
51
51
51
51
51
110
110
32
32
32
32
32
32
33
33
33
33
44
44
44
44
44
45
45
45
45
56
56
56
56
56
56
52
57
57
57
57
57
57
51
51
51
51
51
110
110
110
38
38
38
32
32
32
33
33
33
33
44
44
44
44
44
45
45
45
45
54
54
56
56
56
52
52
52
52
52
57
57
57
51
51
51
51
51
110
110
110
38
38
38
38
32
32
33
33
33
33
44
44
44
46
46
45
45
45
45
54
54
54
54
54
52
52
52
52
52
57
57
57
50
50
50
50
51
110
110
110
38
38
38
38
38
36
36
33
33
44
44
44
46
46
46
45
45
45
45
54
54
54
54
54
54
52
52
52
52
52
53
49
49
49
50
50
50
50
50
105
38
38
38
38
38
38
36
36
36
36
36
36
46
46
46
47
47
47
54
54
54
54
54
54
54
52
52
52
52
52
53
49
49
49
50
50
50
50
50
105
38
38
38
38
38
38
36
36
36
36
36
36
46
46
46
47
47
47
47
54
54
54
54
55
55
55
52
52
53
53
53
49
49
49
50
50
50
50
50
105
39
39
39
39
39
39
39
36
36
36
36
36
46
46
46
47
47
47
47
55
55
55
55
55
55
55
53
53
53
53
53
49
49
49
50
50
50
50
50
105
39
39
39
39
39
39
39
36
36
36
36
46
46
46
47
47
47
47
47
55
55
55
55
55
55
53
53
53
53
53
49
49
49
49
49
104
104
104
104
105
39
39
39
39
39
37
37
37
37
37
37
46
46
46
47
47
47
47
47
55
55
55
55
55
55
53
53
53
53
53
49
49
49
49
49
104
104
104
104
105
39
39
39
39
39
37
37
37
37
37
37
46
46
46
47
47
47
274
274
274
274
55
55
285
285
285
285
53
53
53
48
48
49
48
48
48
104
104
104
104
373
373
373
373
373
37
37
37
37
37
37
375
275
275
275
275
275
274
274
274
274
285
285
285
285
285
285
53
287
287
48
48
48
48
48
48
48
104
104
104
373
373
373
373
373
37
37
37
37
37
37
375
275
275
275
275
275
274
274
274
274
285
285
285
285
285
285
287
287
287
287
48
48
48
48
48
48
104
104
104
373
373
373
373
373
373
375
375
375
375
375
375
275
275
275
275
275
275
274
274
274
285
285
285
285
285
284
287
287
287
287
48
48
48
282
282
282
282
282
282
373
373
373
373
373
373
375
375
375
375
375
375
275
275
275
275
275
272
274
274
274
285
285
285
284
284
284
287
287
287
287
48
48
48
282
282
282
282
282
282
373
373
373
372
372
372
375
375
375
375
375
375
275
275
272
272
272
272
274
274
274
278
278
278
284
284
284
284
287
287
287
287
280
280
280
282
282
282
282
282
373
373
373
372
372
372
374
375
375
375
375
374
275
272
272
272
272
272
274
274
274
278
278
278
284
284
284
284
284
287
287
287
280
280
280
280
280
282
282
282
372
372
372
372
372
374
374
374
374
374
374
374
374
374
272
272
272
272
279
279
279
278
278
278
284
284
284
284
284
287
287
287
280
280
280
280
280
280
280
280
372
372
372
372
372
374
374
374
374
374
374
374
374
273
273
272
272
272
279
279
279
278
278
278
284
284
284
284
284
286
286
281
281
280
280
280
280
280
280
280
372
372
372
372
368
368
368
374
374
374
374
273
273
273
273
272
272
279
279
279
279
278
278
278
278
286
286
286
286
286
286
281
281
281
281
281
281
281
281
283
370
370
370
370
368
368
368
368
368
368
273
273
273
273
273
272
272
279
279
279
279
279
278
278
278
286
286
286
286
286
286
281
281
281
281
281
281
281
281
283
370
370
370
370
368
368
368
368
368
368
273
273
273
273
273
272
272
279
279
279
279
279
278
278
278
286
286
286
286
286
286
266
266
281
281
281
281
281
281
283
370
370
370
370
368
368
368
368
368
368
273
273
273
273
277
272
277
277
279
279
279
279
278
278
267
267
286
286
286
286
266
266
266
258
258
258
258
258
258
259
370
370
370
370
371
371
369
368
368
368
273
273
273
273
277
277
277
277
276
276
276
276
276
267
267
267
267
267
267
266
266
266
266
258
258
258
258
258
258
259
370
370
370
370
371
371
369
369
369
369
379
379
379
277
277
277
277
277
276
276
276
276
276
267
267
267
267
267
267
266
266
266
258
258
258
258
258
258
259
259
370
370
370
371
371
371
369
369
369
369
379
379
379
277
277
277
277
277
276
276
276
276
276
267
267
267
267
267
266
266
266
266
258
258
258
258
258
258
256
256
371
371
371
371
369
369
369
369
369
369
378
378
379
379
277
277
277
277
276
276
276
276
276
267
267
267
267
265
266
266
266
266
257
257
257
257
256
256
256
256
371
371
371
371
369
369
369
369
369
378
378
378
379
379
277
277
277
277
276
276
276
270
270
270
265
265
265
265
266
266
266
266
257
257
257
257
256
256
256
256
371
371
371
371
383
369
369
369
378
378
378
378
379
379
379
277
277
270
270
270
270
270
270
270
265
265
265
264
264
264
264
264
257
257
257
257
257
257
256
256
371
371
371
383
383
383
383
383
378
378
378
378
379
379
379
376
376
376
270
270
270
270
270
265
265
265
265
264
264
264
264
264
257
257
257
257
257
257
256
256
380
371
371
383
383
383
383
383
378
378
378
378
379
379
376
376
376
376
270
270
270
270
270
265
265
265
265
264
264
264
264
264
257
257
257
257
263
263
256
256
380
380
380
380
380
383
383
383
378
378
378
378
379
379
376
376
376
376
270
270
270
270
271
265
265
265
265
264
264
264
264
264
263
263
263
263
263
262
262
262
380
380
380
380
380
383
383
383
378
378
378
377
377
377
377
376
376
271
271
271
271
271
271
271
265
265
265
269
269
264
264
264
263
263
263
263
263
262
262
262
380
380
380
380
380
383
382
382
382
382
382
377
377
377
377
376
376
271
271
271
271
271
271
271
271
269
269
269
269
268
268
263
263
263
263
263
263
262
262
262
381
381
380
380
380
380
382
382
382
382
382
377
377
377
377
376
376
376
271
271
271
271
271
271
269
269
269
269
269
268
268
263
263
263
263
263
263
262
262
262
381
381
380
380
380
380
382
382
382
382
382
377
377
377
377
376
376
376
271
271
352
352
352
352
269
269
269
269
268
268
268
268
268
260
260
260
260
262
262
262
381
381
381
381
381
383
382
382
382
382
382
377
377
377
377
376
376
376
352
352
352
352
352
352
269
269
269
269
268
268
268
268
268
260
260
260
260
260
262
262
381
381
381
381
381
383
383
382
382
382
382
377
377
377
353
353
353
352
352
352
352
352
352
352
269
269
269
269
268
268
268
268
268
260
260
260
260
260
260
294
381
381
381
381
381
383
383
367
367
367
366
366
366
366
353
353
353
352
352
352
352
352
352
352
354
354
354
354
268
268
268
268
260
260
260
260
260
260
294
294
381
381
381
381
381
367
367
367
367
366
366
366
366
366
366
353
353
353
353
353
353
354
354
354
354
354
354
354
354
354
261
261
260
260
260
261
294
294
294
294
362
362
362
362
362
367
367
367
367
366
366
366
366
366
366
353
353
353
353
353
353
354
354
354
354
355
355
354
354
354
261
261
261
261
261
261
294
294
294
294
362
362
362
362
362
367
367
367
367
365
365
366
366
366
366
366
353
353
353
353
353
354
354
354
355
355
355
355
355
355
261
261
261
261
261
261
294
294
294
294
362
362
362
362
362
367
367
367
367
365
365
365
365
366
366
366
353
359
359
359
359
354
357
357
355
355
355
355
355
355
261
261
261
261
261
288
288
288
288
295
362
362
362
362
362
367
367
367
367
365
365
365
365
365
359
359
359
359
359
359
359
357
357
357
355
355
355
355
355
355
261
261
261
261
288
288
288
288
288
295
362
362
362
362
363
363
363
364
364
364
364
365
365
365
359
359
359
359
359
359
359
357
357
357
355
355
355
355
350
350
350
350
350
350
288
288
288
288
288
288
363
363
363
363
363
363
363
364
364
364
364
365
365
365
358
358
358
358
359
359
359
357
357
357
356
356
356
356
350
350
350
350
350
350
288
288
288
288
288
289
363
363
363
363
363
363
363
364
364
364
364
364
365
365
358
358
358
358
359
359
359
357
357
356
356
356
356
356
350
350
350
350
350
350
348
288
288
288
288
289
363
363
363
363
363
363
363
364
364
364
364
364
365
365
358
358
358
358
358
358
357
357
357
356
356
356
356
356
350
350
350
350
351
348
348
348
348
349
349
289
360
360
360
360
360
360
360
364
364
364
364
365
365
365
358
358
358
358
358
358
357
357
357
357
356
356
356
356
350
351
351
351
351
351
348
348
348
349
349
349
360
360
360
360
360
360
360
320
364
364
324
324
324
325
325
325
358
358
358
358
357
357
357
357
356
356
356
351
351
351
351
351
351
348
348
348
348
349
349
349
361
361
360
360
360
360
360
320
324
324
324
324
324
325
325
325
325
338
338
338
338
339
339
339
356
356
356
351
351
351
351
348
348
348
348
348
349
349
349
349
361
361
361
360
360
360
360
320
324
324
324
324
324
325
325
325
325
338
338
338
338
339
339
339
339
339
339
351
351
351
351
348
348
348
348
348
349
349
349
349
361
361
361
361
361
361
320
320
320
324
324
324
325
325
325
325
325
338
338
338
338
339
339
339
339
339
339
351
351
351
351
347
347
344
348
348
349
349
349
349
361
361
361
361
361
361
320
320
320
324
324
324
325
325
325
325
325
338
338
338
338
338
339
339
339
339
339
347
347
347
347
347
347
344
344
344
344
344
344
290
361
361
361
361
361
361
320
320
320
324
324
324
325
325
325
327
327
336
338
338
338
338
338
339
339
339
339
347
347
347
347
347
347
344
344
344
344
344
344
345
322
322
322
322
322
322
320
320
320
320
324
326
326
326
327
327
327
336
336
336
338
338
337
337
337
337
337
347
347
347
347
347
347
344
344
344
344
344
344
345
322
322
322
322
322
322
320
320
320
320
326
326
326
326
327
327
327
336
336
336
336
336
337
337
337
337
337
337
347
347
347
347
346
346
344
344
344
344
344
345
322
322
322
322
322
322
320
320
320
320
326
326
326
326
327
327
327
336
336
336
336
336
337
337
337
337
337
337
346
346
346
346
346
346
346
345
345
345
345
345
322
322
322
322
322
322
321
321
321
326
326
326
326
326
326
327
327
336
336
336
336
336
337
337
337
337
340
340
340
346
346
346
346
346
346
345
345
489
489
345
323
323
323
323
323
323
321
321
321
326
321
321
326
326
326
327
327
336
336
336
336
336
337
337
337
340
340
340
340
340
346
346
346
346
346
345
489
489
489
345
323
323
323
323
323
323
321
321
321
321
321
321
326
326
326
327
327
327
343
343
343
343
343
343
340
340
340
340
340
340
346
346
346
346
489
489
489
489
489
488
323
323
323
323
323
323
321
321
321
321
321
321
329
329
329
327
327
327
343
343
343
343
343
343
340
340
340
340
340
491
491
491
491
491
489
489
489
489
489
488
323
323
323
323
323
323
332
332
332
332
321
321
329
329
329
327
327
327
343
343
343
343
343
343
340
340
340
340
340
491
491
491
491
491
489
489
489
489
489
488
334
334
334
334
334
332
332
332
332
332
321
329
329
329
328
328
328
328
343
343
343
343
343
343
341
341
341
341
341
491
491
491
491
491
489
489
489
489
492
492
334
334
334
334
334
332
332
332
332
332
329
329
329
329
328
328
328
328
328
342
342
342
342
342
341
341
341
341
341
491
491
491
491
490
490
490
490
492
492
492
334
334
334
334
334
332
332
332
332
329
329
329
329
329
329
328
328
328
328
342
342
342
342
342
341
341
341
341
341
491
491
491
490
490
490
490
490
492
492
492
334
334
334
334
334
332
332
332
333
333
329
329
329
329
329
328
328
328
328
328
342
342
342
342
341
341
341
341
341
491
491
490
490
490
490
490
490
495
492
492
335
335
334
334
334
332
332
332
333
333
333
333
331
330
330
330
328
328
328
328
328
342
342
342
341
341
341
341
465
465
465
490
490
490
490
490
495
495
492
492
335
335
334
335
335
335
333
333
333
333
333
333
331
331
330
330
330
330
330
474
474
342
342
342
474
474
474
465
465
465
465
490
490
490
490
495
495
495
495
494
335
335
335
335
335
335
333
333
333
333
333
331
331
330
330
330
330
330
330
474
474
342
342
342
474
474
474
465
465
465
467
467
467
467
467
495
495
495
495
494
335
335
335
335
335
335
333
333
333
333
333
331
331
330
330
330
331
330
330
474
474
474
474
474
474
474
474
465
465
465
467
467
467
467
467
495
495
495
494
494
335
335
335
335
335
405
403
403
403
333
333
331
331
330
331
331
331
331
330
330
474
474
474
474
474
474
465
465
465
465
467
467
467
467
495
495
495
495
494
494
405
405
405
405
405
405
403
403
403
403
403
331
331
331
331
331
331
331
330
330
473
473
475
475
475
465
465
465
465
465
467
467
467
467
495
495
495
494
494
494
405
405
405
405
405
405
403
403
403
403
403
402
331
331
472
472
472
472
473
473
473
473
475
475
475
465
464
464
464
464
467
467
467
467
495
495
495
494
468
468
405
405
405
405
405
405
403
403
403
403
402
402
402
402
472
472
472
472
473
473
473
473
475
475
475
475
464
464
464
464
467
466
466
466
466
466
466
494
468
468
405
405
405
405
404
404
404
403
403
403
402
402
402
402
472
472
472
472
473
473
473
473
475
475
475
475
464
464
464
464
466
466
466
466
466
466
466
468
468
468
404
404
405
404
404
404
404
404
404
403
403
402
402
402
472
472
472
472
473
473
473
473
475
475
475
475
464
464
464
464
466
466
466
466
466
468
468
468
468
468
404
404
404
404
404
404
404
404
403
403
403
402
402
402
472
472
472
472
472
473
473
473
475
475
475
475
464
464
464
464
466
466
466
466
466
468
468
468
468
453
407
404
404
404
404
407
404
401
402
402
402
402
402
402
472
472
476
472
476
473
473
473
475
475
479
479
464
464
464
464
469
469
469
469
469
469
469
468
468
453
407
407
407
407
407
407
407
401
401
401
400
402
402
400
400
476
476
476
476
476
476
479
479
479
479
479
479
470
470
470
470
469
469
469
469
469
469
468
453
453
407
407
407
407
407
407
401
401
401
401
400
400
400
400
400
476
476
476
476
476
476
479
479
479
479
479
479
470
470
470
470
469
469
469
471
469
469
469
453
453
407
407
407
407
407
407
401
401
401
401
401
400
400
400
400
476
476
476
476
476
476
479
479
479
479
479
470
470
470
470
471
471
471
471
471
469
469
453
453
453
406
407
406
406
406
407
407
401
401
401
401
400
400
400
400
476
476
477
477
477
477
479
479
479
479
479
470
470
470
471
471
471
471
471
469
469
469
453
453
453
406
406
406
406
406
406
401
401
401
401
400
400
400
400
400
476
476
477
477
477
477
478
478
478
478
478
470
470
470
470
471
471
471
471
452
452
452
452
453
453
406
406
406
406
406
406
401
401
401
400
400
400
414
414
414
477
477
477
477
477
477
478
478
478
478
478
478
470
470
470
471
471
471
471
452
452
452
452
448
448
406
406
406
406
409
409
409
409
409
409
409
409
414
414
414
414
477
477
477
477
478
478
478
478
478
478
478
470
470
471
471
471
471
471
452
452
452
452
448
448
410
410
406
410
409
409
409
409
409
409
409
409
414
414
414
414
414
477
477
477
478
478
478
478
478
463
463
463
463
456
456
456
456
456
452
452
452
452
448
448
410
410
410
410
409
409
409
409
408
409
409
409
414
414
414
414
414
477
477
477
462
462
462
462
462
463
463
463
456
456
456
456
456
456
456
452
452
452
448
448
410
410
410
410
410
410
410
408
408
409
409
409
414
414
414
414
414
413
413
413
462
462
462
462
462
463
463
463
463
456
456
456
456
456
456
452
452
452
448
448
509
509
509
509
509
509
509
509
509
510
510
510
449
449
449
449
449
448
448
448
508
508
508
508
508
508
509
509
509
510
511
511
449
511
449
449
449
448
448
448
508
508
508
508
508
508
509
509
510
511
511
511
511
511
449
449
449
448
448
448
508
508
508
508
508
508
510
510
510
510
511
511
511
511
511
454
454
448
448
453
508
508
508
508
508
508
510
510
510
511
511
511
511
511
454
454
454
448
454
453
505
505
505
505
505
505
510
510
511
511
511
511
511
454
454
454
454
454
454
453
505
505
505
505
505
505
505
507
507
507
506
506
506
506
506
454
454
454
454
453
505
505
505
505
505
505
505
507
507
507
506
506
506
506
506
454
454
454
454
453
505
505
505
504
504
507
507
507
507
507
506
506
506
506
506
454
454
454
454
453
505
504
504
504
504
507
507
507
507
507
506
506
506
506
455
455
455
455
453
453
504
504
504
504
504
504
507
507
507
507
507
506
506
506
455
455
455
455
453
453
504
504
504
504
504
504
504
507
507
507
502
506
506
455
455
455
455
455
455
455
496
496
504
504
504
504
504
502
502
502
502
502
502
455
455
455
455
455
455
468
496
496
496
497
497
497
497
502
502
502
502
502
502
502
503
455
455
455
503
468
496
496
496
497
497
497
497
502
502
502
502
502
502
502
503
503
503
503
503
468
496
496
496
496
497
497
497
497
502
500
500
500
502
502
503
503
503
503
494
468
496
496
496
496
497
497
497
497
500
500
500
500
500
503
503
503
503
503
494
494
496
496
496
496
497
497
497
497
500
500
500
500
500
503
503
503
503
503
494
494
498
496
496
496
497
497
497
497
500
500
500
500
500
500
503
503
503
494
494
494
498
498
498
498
499
499
499
499
500
500
500
500
500
501
501
501
501
494
494
494
498
498
498
498
499
499
499
499
499
501
501
501
501
501
501
501
501
492
494
494
498
498
498
498
499
499
499
499
499
501
501
501
501
501
493
493
492
492
492
492
498
498
498
498
499
499
499
499
499
501
501
501
501
501
493
493
493
492
492
492
498
498
498
498
481
499
499
499
499
484
484
484
501
493
493
493
493
493
493
492
498
498
498
481
481
480
480
499
484
484
484
484
484
493
493
493
493
493
493
492
481
481
481
481
481
480
480
484
484
484
484
484
484
484
493
493
493
493
492
492
481
481
481
480
480
480
480
484
484
484
484
484
484
484
493
493
493
488
488
488
481
481
481
480
480
480
480
480
484
484
485
485
488
488
488
488
488
488
488
488
481
481
481
480
480
480
480
480
480
485
485
485
485
488
488
488
488
488
488
488
481
481
481
483
483
483
480
480
480
485
485
485
485
486
486
488
488
488
345
345
481
483
483
483
483
483
480
480
485
485
485
485
486
486
486
486
486
486
345
345
481
483
483
483
483
483
483
485
485
485
485
485
486
486
486
486
486
486
345
345
483
483
483
483
483
483
483
487
485
485
485
485
486
486
486
486
486
486
345
345
482
482
482
483
483
483
483
487
487
487
487
290
486
290
290
486
486
486
345
345
482
482
482
482
482
482
482
487
487
487
487
290
290
290
290
290
290
290
290
290
482
482
482
482
482
482
482
487
487
487
487
487
290
290
290
290
290
290
290
290
482
482
482
482
482
482
487
487
487
487
487
487
290
290
290
290
290
290
290
349
296
296
296
296
482
299
299
299
299
299
299
299
299
291
291
291
291
291
291
349
296
296
296
296
296
299
299
299
299
299
299
299
299
291
291
291
291
291
291
349
296
296
296
296
296
299
299
299
299
299
299
299
299
291
291
291
291
291
291
349
296
296
296
296
296
298
298
298
298
298
298
298
293
293
291
291
291
289
289
289
296
296
296
296
296
298
298
298
298
298
298
293
293
293
289
291
291
289
289
289
297
297
297
297
297
298
298
298
298
298
298
293
293
289
289
289
289
289
289
289
297
297
297
297
297
303
303
298
298
298
293
293
293
289
289
289
289
295
289
289
297
297
297
297
297
303
303
298
298
293
293
293
293
295
295
295
295
295
295
295
297
297
297
297
297
303
303
303
303
293
293
293
293
295
295
295
295
295
295
295
297
297
297
297
302
302
303
303
303
293
293
293
293
295
295
295
295
295
295
295
302
302
302
302
302
302
302
303
303
293
303
292
292
292
292
292
292
294
294
294
302
302
302
302
302
302
302
302
303
303
303
292
292
292
292
292
292
292
294
294
302
302
302
302
302
303
303
303
303
303
292
292
292
292
292
292
292
292
294
294
300
300
300
300
302
301
301
301
303
303
301
301
301
292
292
292
307
307
307
294
300
300
300
300
300
301
301
301
301
301
301
301
301
307
307
307
307
307
307
294
300
300
300
300
300
300
300
300
301
301
301
301
301
301
307
307
307
307
262
262
300
300
300
311
311
311
300
300
306
306
306
301
301
301
301
307
307
307
262
262
311
311
311
311
311
311
300
300
306
306
306
306
306
306
306
306
307
307
307
307
311
311
311
311
311
311
309
309
306
306
306
306
306
306
306
306
304
307
307
307
311
311
311
311
311
309
309
309
309
309
309
306
306
306
306
306
304
304
307
262
311
311
310
310
310
309
309
309
309
309
309
308
304
304
304
304
304
304
262
262
311
310
310
310
310
309
309
309
309
309
308
308
304
304
304
304
304
304
256
256
310
310
310
310
310
309
309
309
309
308
308
308
304
304
304
304
304
304
256
256
310
310
310
310
310
310
308
308
308
308
308
308
304
304
304
305
305
305
305
256
310
310
310
310
310
310
308
308
308
308
308
308
305
305
305
305
305
305
305
256
314
314
314
314
314
314
308
308
308
308
308
308
305
305
305
305
305
305
305
256
314
314
314
314
314
314
315
315
315
316
316
316
316
305
305
305
259
259
259
259
314
314
314
314
314
314
315
315
315
316
316
316
316
305
305
305
259
259
259
259
314
314
314
315
315
315
315
315
315
316
316
316
316
316
317
259
259
259
259
259
314
314
314
315
315
315
315
315
315
315
316
316
316
316
317
259
259
259
259
259
313
312
312
315
315
315
312
312
312
312
316
316
316
317
317
259
259
283
283
283
313
312
312
315
315
312
312
312
319
319
316
316
316
317
317
317
283
283
283
283
313
312
312
312
312
312
312
312
319
319
319
319
319
317
317
317
283
283
283
283
313
313
312
312
312
312
312
312
319
319
319
319
319
319
317
317
283
283
283
283
313
313
313
313
313
318
318
318
319
319
319
319
319
319
317
317
317
283
283
283
313
313
313
313
313
318
318
318
318
318
318
319
319
319
317
317
317
283
283
283
313
313
313
313
313
318
318
318
318
318
318
318
319
319
106
106
317
317
317
282
313
313
313
313
102
318
101
318
318
318
318
318
106
106
106
106
317
317
317
282
102
102
102
102
102
101
101
101
101
101
318
318
106
106
106
106
106
106
106
282
102
102
102
102
102
101
101
101
101
101
101
101
101
106
106
106
106
106
106
104
102
102
102
102
102
101
101
101
100
100
101
101
101
101
106
106
106
106
104
104
102
102
102
102
102
101
101
101
100
100
100
100
107
107
107
107
107
107
104
104
102
103
103
103
103
103
103
100
100
100
100
107
107
107
107
107
107
107
105
105
102
103
103
103
103
100
100
100
100
100
100
107
107
107
107
107
107
105
105
105
103
103
103
103
103
100
100
100
100
100
100
109
109
107
107
107
107
105
105
105
103
103
103
103
103
98
98
97
97
97
100
109
109
109
109
109
109
105
105
105
103
103
103
103
98
98
98
97
97
97
97
109
109
109
109
109
109
105
105
105
99
99
99
99
98
98
98
98
97
97
97
97
109
109
109
109
109
105
105
105
99
99
99
99
98
98
98
98
97
97
97
97
97
109
109
109
109
110
110
110
99
99
99
99
98
98
98
98
97
97
97
97
97
108
108
108
108
110
110
110
99
99
99
99
98
98
98
98
96
97
97
97
108
108
108
108
108
110
110
110
99
99
99
99
98
98
98
96
96
96
96
108
108
108
108
108
111
111
111
110
99
99
99
99
114
114
114
96
96
96
96
96
108
108
108
111
111
111
111
111
115
115
114
114
114
114
114
96
96
96
96
96
108
108
108
108
111
111
111
111
115
115
114
114
114
114
114
96
96
96
96
96
108
108
127
127
127
123
123
123
115
115
114
114
114
114
114
96
96
96
112
112
112
127
127
127
127
123
123
123
115
115
115
114
114
114
114
96
112
112
112
112
112
127
127
127
127
123
123
123
115
115
115
115
114
113
113
113
112
112
112
112
112
127
127
127
127
127
123
123
115
115
115
115
114
113
113
113
112
112
112
112
112
127
127
127
127
127
123
123
115
115
115
115
115
113
113
113
112
112
112
112
126
126
126
127
127
127
123
123
117
117
117
115
115
113
113
113
113
113
112
112
126
126
126
126
126
126
126
122
117
117
117
117
117
113
113
113
113
113
118
124
124
126
126
126
126
126
126
122
117
117
117
117
117
113
113
113
113
113
118
124
124
126
126
126
126
126
126
122
117
117
117
117
117
118
118
118
118
118
118
124
124
124
125
125
125
126
126
122
117
117
117
117
118
118
118
118
118
118
118
124
124
124
125
125
125
125
121
121
116
116
117
117
118
118
118
118
118
118
118
124
124
124
125
125
125
125
121
121
116
116
116
116
118
119
119
119
119
124
124
124
124
124
125
125
125
125
125
121
116
116
116
116
116
119
119
119
119
124
124
124
124
124
125
125
125
125
125
94
116
116
116
116
64
64
119
119
119
119
119
119
69
69
125
125
125
95
95
94
116
116
116
64
64
64
119
119
119
119
119
119
69
69
95
95
95
95
95
95
116
116
116
64
64
64
64
64
119
119
119
69
69
69
69
95
95
95
95
95
116
116
116
64
64
64
64
64
68
68
68
69
69
69
69
95
95
95
95
95
65
65
65
65
65
64
64
64
68
68
68
69
69
69
69
71
71
95
95
95
65
65
65
65
65
64
64
64
68
68
68
69
69
69
69
71
71
92
92
92
65
65
65
65
65
64
64
64
68
68
68
69
69
69
71
71
71
71
92
92
65
65
65
65
65
67
67
67
68
68
68
68
69
71
71
71
71
71
92
92
65
65
65
65
67
67
67
67
68
68
68
68
70
70
70
71
71
71
92
92
66
66
66
67
67
67
67
67
67
68
68
70
70
70
70
71
71
71
92
92
66
66
66
67
67
67
67
67
67
67
68
70
70
70
70
70
71
71
71
84
66
66
66
66
66
66
67
67
67
67
68
70
70
70
70
70
71
71
84
84
66
66
66
66
66
66
74
74
74
74
70
70
70
75
75
75
75
75
84
84
66
66
66
66
66
66
74
74
74
74
70
70
70
75
75
75
75
75
75
84
76
76
76
77
77
77
77
77
74
74
74
74
70
75
75
75
75
75
75
84
76
76
76
77
77
77
77
74
74
74
74
74
75
75
75
75
75
73
73
84
76
76
76
77
77
77
77
77
74
74
74
74
73
73
73
75
75
73
73
84
76
76
76
76
77
77
77
77
74
74
74
73
73
73
73
73
73
73
73
73
76
76
76
76
77
77
77
77
79
79
79
73
73
73
73
73
73
73
86
86
76
76
76
76
77
77
79
79
79
79
79
72
72
72
72
72
72
86
86
86
78
78
76
76
78
78
79
79
79
79
79
72
72
72
72
72
72
86
86
86
78
78
78
78
78
78
79
79
79
79
79
72
72
72
72
72
72
86
86
86
78
78
78
78
78
78
79
79
79
79
194
194
194
72
72
72
72
86
86
86
78
78
78
78
78
78
79
79
198
198
194
194
194
194
194
194
221
221
221
86
199
199
199
199
199
78
79
79
198
198
198
194
194
194
194
194
221
221
221
221
199
199
199
199
199
198
198
198
198
198
198
194
194
194
194
194
221
221
221
221
199
199
199
199
199
198
198
198
198
198
198
194
194
194
194
194
221
221
221
221
199
199
199
199
199
198
198
198
198
198
198
195
195
195
195
221
221
221
221
220
199
199
199
199
199
198
196
196
196
195
195
195
195
195
195
221
221
221
221
220
197
197
197
197
197
196
196
196
196
195
195
195
195
195
195
195
222
222
222
222
197
197
197
197
196
196
196
196
196
195
195
195
195
195
195
195
222
222
222
222
197
197
197
197
197
196
196
196
196
193
193
193
193
192
192
192
192
222
222
222
197
197
197
197
197
196
196
193
193
193
193
193
193
192
192
192
192
222
222
222
197
197
197
197
197
196
196
193
193
193
193
193
193
192
192
192
192
222
222
222
206
206
206
206
206
196
196
193
193
193
193
193
193
192
192
192
192
222
222
211
206
206
206
206
206
196
196
193
193
200
200
200
192
192
192
192
192
211
211
211
206
206
206
206
207
207
207
207
200
200
200
200
192
192
201
201
211
211
211
211
206
206
206
206
207
207
207
207
200
200
200
201
201
201
201
201
211
211
211
211
206
206
206
206
207
207
207
207
200
200
200
201
201
201
201
201
211
211
211
211
206
206
204
204
207
207
207
207
200
200
200
201
201
201
201
201
201
210
210
210
204
204
204
204
207
207
207
207
200
200
200
201
201
201
201
201
201
210
210
210
204
204
204
204
204
207
207
207
200
200
202
202
203
203
203
203
210
210
210
210
204
204
204
204
204
204
204
200
200
200
202
202
203
203
203
203
215
215
215
215
204
204
204
205
204
204
204
202
202
202
202
202
203
203
203
203
203
215
215
215
205
205
205
205
205
205
235
202
202
202
202
202
203
203
203
203
203
215
215
215
205
205
205
205
205
205
235
202
202
202
202
202
236
236
203
203
203
215
215
215
205
205
205
205
205
235
235
202
202
202
202
202
236
236
236
203
203
215
215
215
205
205
235
205
205
235
235
202
232
232
232
232
236
236
236
236
237
237
237
237
205
205
235
235
235
235
235
232
232
232
232
232
232
236
236
236
237
237
237
237
235
235
235
235
235
235
235
235
232
232
232
232
232
236
236
236
237
237
237
237
235
234
234
234
235
235
235
232
232
232
232
232
232
236
236
236
237
237
237
237
234
234
234
234
234
233
233
233
233
232
232
232
236
236
236
236
237
237
237
237
234
234
234
234
234
234
234
233
233
238
238
238
236
236
239
239
239
237
237
245
234
234
234
234
234
234
233
233
233
238
238
238
238
239
239
239
239
246
246
246
227
227
227
234
234
234
233
233
233
238
238
238
238
239
239
239
239
246
246
246
227
227
227
227
227
227
233
233
233
238
238
238
238
239
239
239
239
246
246
246
227
227
227
227
233
233
233
233
233
238
238
238
238
239
239
239
239
246
246
246
227
227
227
227
233
233
226
233
233
238
238
238
238
239
239
239
239
239
246
246
227
227
227
226
226
226
226
226
226
238
228
228
228
228
228
228
228
255
246
246
227
227
227
226
226
226
226
226
226
226
228
228
228
228
228
228
228
255
255
255
227
224
224
225
226
226
226
226
226
226
228
228
228
228
228
228
228
255
255
255
224
224
224
225
225
225
226
226
226
230
230
230
230
230
228
228
228
255
255
255
224
224
224
225
225
225
225
225
230
230
230
230
230
230
229
229
229
255
255
255
224
224
224
225
225
225
225
225
230
230
230
230
230
229
229
229
229
255
255
255
224
224
224
225
225
225
230
230
230
230
230
230
230
229
229
229
229
252
255
255
224
224
224
225
225
225
231
231
231
231
231
231
231
229
229
229
229
252
252
252
224
224
224
225
225
225
231
231
231
231
231
231
231
229
229
229
229
252
252
252
224
224
224
749
749
749
749
231
231
231
231
231
231
229
229
229
229
745
252
252
749
749
749
749
749
749
749
748
748
748
748
231
231
231
229
745
745
745
745
252
749
749
749
749
749
749
748
748
748
748
748
747
747
747
747
745
745
745
745
745
749
749
749
749
749
748
748
748
748
748
748
747
747
747
747
745
745
745
745
745
750
750
750
749
749
748
748
748
748
748
747
747
747
747
747
745
745
745
745
745
750
750
750
750
751
751
748
748
748
748
747
747
747
747
744
744
744
744
744
744
750
750
750
750
751
751
751
746
746
746
747
747
747
747
747
744
744
744
744
744
750
750
750
750
750
751
751
746
746
746
746
747
747
744
744
744
744
744
744
744
750
750
750
750
750
751
751
751
746
746
746
746
746
744
744
744
740
740
744
744
750
750
737
737
751
751
751
751
746
746
746
746
746
741
741
741
740
740
740
740
737
737
737
737
751
751
751
751
746
746
746
746
741
741
741
741
740
740
740
740
737
737
737
736
736
751
751
751
746
736
746
746
741
741
741
741
740
740
740
740
737
737
737
736
736
751
751
751
736
736
736
741
741
741
741
741
740
740
740
740
737
737
737
736
736
736
736
736
736
736
736
741
741
741
741
741
740
740
740
756
737
737
737
736
736
736
736
736
736
736
736
741
741
742
742
741
740
740
740
756
737
737
737
738
738
738
738
738
738
742
742
742
742
742
742
762
762
762
762
756
737
737
739
739
738
738
738
738
742
742
742
742
742
742
742
762
762
762
762
756
739
739
739
739
738
738
738
738
738
742
742
742
742
742
742
762
762
762
762
762
739
739
739
739
739
738
738
738
738
743
743
743
743
742
742
742
763
762
762
762
739
739
739
739
739
738
738
738
738
743
743
743
743
743
763
763
763
762
762
762
739
739
739
739
739
705
705
743
743
743
743
743
743
743
763
763
763
762
762
762
739
739
739
704
704
705
705
705
705
705
743
743
743
743
763
763
763
763
762
762
704
704
704
704
704
705
705
705
705
705
705
743
743
763
763
763
763
763
763
760
704
704
704
704
704
705
709
705
705
705
705
743
743
763
763
763
763
760
760
760
704
704
704
704
705
705
709
709
709
709
708
708
708
763
763
763
716
716
716
760
704
704
704
704
705
705
709
709
709
709
708
708
708
708
708
708
716
716
716
717
704
704
704
704
705
705
709
709
709
709
708
708
708
708
708
708
716
716
716
717
706
706
706
706
706
706
709
709
709
709
708
708
708
708
708
716
716
716
716
716
706
706
706
706
706
706
709
709
709
709
709
708
708
708
708
716
716
716
716
716
706
706
706
706
706
706
706
709
709
710
710
711
711
711
716
716
716
716
716
715
706
707
706
706
706
706
710
710
710
710
710
711
711
711
714
714
714
715
715
715
707
707
707
707
707
707
710
710
710
710
710
711
711
714
714
714
714
715
715
715
707
707
707
707
707
707
710
710
710
710
710
711
711
711
714
714
714
715
715
715
707
720
707
707
707
707
710
710
710
710
711
711
711
711
714
714
714
715
715
715
707
720
707
707
707
707
710
710
710
711
711
711
711
714
714
714
714
715
715
715
720
720
720
720
723
723
723
723
723
711
711
711
711
714
714
714
714
712
712
712
720
720
720
720
723
723
723
723
723
723
727
727
727
714
714
714
712
712
712
713
720
720
720
720
720
723
723
723
723
723
727
727
727
727
727
727
727
727
713
713
720
720
720
720
720
723
723
723
723
723
727
727
727
727
727
727
727
727
713
713
720
720
720
720
721
721
723
723
723
722
722
726
726
727
727
727
727
724
724
724
721
721
721
721
721
721
722
722
722
722
722
726
726
726
726
727
724
724
724
724
721
721
721
721
721
721
722
722
722
722
722
726
726
726
726
724
724
724
724
713
721
721
721
721
721
721
722
722
722
722
726
726
726
726
726
724
724
724
724
724
721
721
721
728
728
728
722
722
722
722
726
726
726
726
726
725
725
725
724
724
728
728
728
728
728
728
722
722
722
722
726
726
726
726
725
725
725
725
725
725
728
728
728
728
728
728
729
729
729
729
733
733
733
733
725
725
725
725
725
725
728
728
728
728
728
729
729
729
729
733
733
733
733
733
732
732
725
725
725
725
728
728
728
728
729
729
729
729
729
733
733
733
733
733
732
732
732
725
725
725
731
731
731
730
729
729
729
729
729
729
729
733
733
733
732
732
732
732
732
732
731
731
731
730
730
730
730
729
729
729
729
733
733
732
732
732
732
732
732
732
731
731
731
730
730
730
730
734
734
734
734
733
733
732
732
735
732
732
732
732
731
731
731
730
730
730
730
734
734
734
734
734
733
735
735
735
694
694
694
694
731
731
731
730
730
730
734
734
734
734
734
734
735
735
735
735
694
735
694
694
731
731
731
730
730
730
734
734
734
734
734
734
735
735
735
735
735
735
735
735
731
731
731
730
730
730
734
734
514
514
516
516
516
516
735
735
735
735
735
735
731
731
731
730
730
514
514
514
514
514
516
516
516
516
516
517
517
517
517
517
515
515
515
515
514
514
514
514
516
516
516
516
516
516
516
517
517
517
517
527
515
515
515
515
514
514
514
514
516
516
516
516
516
517
517
517
517
527
527
527
515
515
515
515
514
514
514
514
514
516
516
516
517
517
517
517
517
527
527
527
515
515
515
515
513
513
514
514
513
513
519
519
519
519
517
517
517
527
527
527
515
515
515
515
513
513
514
514
513
513
519
519
519
519
519
522
522
522
522
522
515
515
515
515
513
513
513
513
513
513
519
519
519
519
519
522
522
522
522
522
512
512
512
512
512
512
513
513
513
518
519
519
519
519
519
522
522
522
522
522
512
512
512
512
512
512
513
513
513
518
518
518
519
519
519
522
522
522
522
522
512
512
512
512
512
512
513
513
518
518
518
518
518
519
519
522
522
522
523
523
512
512
512
512
512
537
513
513
518
518
518
518
518
518
523
523
523
523
523
523
538
538
538
538
538
537
537
537
537
518
518
518
518
518
523
523
523
523
523
523
538
538
538
538
538
537
537
537
537
518
518
535
535
535
523
523
523
523
523
521
538
538
538
538
538
537
537
537
537
518
518
535
535
535
523
523
523
523
521
521
538
538
538
538
538
537
537
537
537
536
535
535
535
535
535
535
534
534
534
534
538
538
538
537
537
537
537
536
536
536
535
535
535
535
535
535
534
534
534
534
538
539
539
539
537
537
537
536
536
536
535
535
535
535
535
535
532
532
534
534
539
539
539
539
539
539
536
536
536
536
536
536
536
540
540
540
532
532
534
534
539
539
539
539
539
539
536
536
536
540
536
536
536
540
540
540
532
532
532
533
539
539
539
539
539
539
536
536
540
540
540
541
541
540
540
540
532
532
532
533
539
539
539
542
542
542
542
536
540
540
540
541
540
540
540
540
532
532
532
533
543
543
543
542
542
542
542
542
542
541
541
541
540
540
540
532
532
532
532
533
543
543
543
542
542
542
542
542
542
541
541
541
541
541
541
532
532
532
532
533
543
543
543
543
543
542
542
542
542
541
541
541
541
541
541
532
532
532
533
533
543
543
543
543
543
542
542
542
542
541
541
541
541
541
609
624
624
624
533
533
543
543
543
543
610
610
610
609
609
609
609
609
609
609
609
624
624
624
624
624
543
543
543
543
610
610
610
609
609
609
609
609
609
609
609
624
624
624
624
624
611
611
611
610
610
610
610
609
609
609
609
608
609
609
609
624
624
624
624
625
611
611
611
610
610
610
610
608
608
608
608
608
625
625
625
625
624
624
624
625
611
611
611
611
610
610
610
608
608
608
608
608
625
625
625
625
625
625
625
625
611
611
611
611
610
610
610
608
608
608
608
627
625
625
625
625
625
625
625
625
611
611
611
611
611
610
610
608
608
608
608
627
627
627
627
627
627
627
627
625
611
611
611
611
611
610
610
608
608
608
608
627
627
627
627
627
627
626
626
626
613
613
613
613
613
613
615
615
615
614
614
614
614
627
627
627
627
626
626
626
613
613
613
613
613
613
615
615
615
614
614
614
614
614
627
627
627
626
626
626
613
613
613
613
613
613
615
615
615
614
614
614
614
614
614
627
627
626
626
626
613
613
613
613
613
613
615
615
615
614
614
614
614
614
633
633
626
626
626
626
612
612
612
612
612
612
615
615
615
615
622
614
614
614
633
633
633
626
626
626
612
612
612
612
612
612
615
615
615
615
622
622
622
622
633
633
633
633
633
633
612
612
612
612
612
612
615
615
615
615
622
622
622
622
622
633
633
633
633
633
612
612
612
612
612
612
616
616
616
622
622
622
622
622
622
632
632
632
632
632
619
619
619
619
619
619
616
616
616
622
622
622
622
622
622
632
632
632
632
632
619
619
619
619
619
619
616
616
616
623
622
622
623
623
623
623
623
623
632
632
619
619
619
619
619
619
616
616
616
623
623
623
623
623
623
623
639
639
639
639
619
619
619
619
619
619
616
616
616
623
623
623
621
621
623
623
639
639
639
639
618
618
618
618
618
618
616
616
616
623
623
623
621
621
620
639
639
620
620
620
618
618
618
618
618
618
616
616
616
623
621
621
621
621
620
639
639
620
620
620
618
618
618
617
617
617
616
616
616
621
621
621
621
621
620
639
639
620
620
638
618
618
618
617
617
617
617
617
621
621
621
621
621
621
620
620
620
620
620
638
618
618
618
617
617
617
617
617
621
621
1016
621
621
621
620
620
620
620
620
638
618
618
618
617
617
617
617
617
1021
1021
1016
1016
1016
1016
620
620
1006
1006
1006
638
1022
1022
1022
1022
617
617
617
1021
1021
1021
1016
1016
1016
1016
620
620
1006
1006
1006
1007
1022
1022
1022
1022
617
617
1021
1021
1021
1021
1016
1016
1016
1016
1016
1006
1006
1006
1006
1007
1022
1022
1022
1022
1022
617
1021
1021
1021
1021
1021
1016
1016
1016
1016
1006
1006
1006
1006
1007
1022
1022
1022
1022
1022
1020
1021
1021
1021
1021
1021
1016
1016
1016
1016
1006
1006
1006
1006
1007
1022
1022
1022
1022
1022
1020
1021
1021
1021
1021
1021
1017
1017
1017
1017
1017
1006
1006
1006
1007
1023
1023
1023
1022
1020
1020
1020
1020
1020
1020
1020
1017
1017
1017
1017
1017
1006
1006
1006
1005
1023
1023
1023
1023
1023
1020
1020
1020
1020
1020
1020
1017
1017
1017
1017
1017
1005
1005
1005
1005
1023
1023
1023
1023
1023
1020
1020
1020
1020
1020
1018
1017
1017
1017
1017
1017
1005
1005
1005
1005
1023
1023
1023
1023
1023
1020
1018
1018
1020
1020
1018
1019
1017
1017
1017
1017
1005
1005
1005
1005
1023
1023
1023
1023
1023
1020
1018
1018
1018
1018
1018
1019
1019
1019
1019
1019
1004
1004
1004
1004
1013
1013
1013
1013
1013
1013
1018
1018
1018
1018
1018
1019
1019
1019
1019
1019
1019
1004
1004
1004
1013
1013
1013
1013
1013
1013
1018
1018
1018
1018
1018
1019
1019
1019
1019
1019
1019
1004
1004
1004
1013
1013
1013
1013
1013
1013
1018
1018
1018
1018
1018
1019
1019
1019
1019
1019
1019
999
999
1004
1013
1013
1013
1013
1013
1011
1011
1011
1011
1011
1011
1011
1010
1010
1010
999
999
999
999
998
1012
1012
1012
1012
1012
1012
1011
1011
1011
1011
1011
1011
1010
1010
1010
1010
999
999
999
998
1012
1012
1012
1012
1012
1012
1011
1011
1011
1011
1011
1010
1010
1010
1010
1010
999
999
999
998
1012
1012
1012
1012
1012
1012
1011
1011
1011
1011
1011
1010
1010
1010
1010
1010
1010
999
999
998
1012
1012
1012
1015
1015
1014
1014
1014
1014
1009
1009
1010
1010
1010
1008
1008
999
999
999
998
1015
1012
1012
1015
1014
1014
1014
1014
1014
1009
1009
1010
1010
1010
1008
1008
999
999
999
997
1015
1015
1015
1015
1014
1014
1014
1014
1009
1009
1009
1009
1008
1008
1008
1008
999
999
999
997
1015
1015
1015
1015
1014
1014
1014
1009
1009
1009
1009
1009
1008
1008
1008
1008
1008
1008
999
997
1015
1015
1015
1015
1014
1014
1014
1014
1009
1009
1009
1009
1008
1008
1008
1008
1008
1008
997
997
1015
1015
1015
1015
957
957
1014
1014
1009
1009
1009
1009
1008
1008
1008
1008
947
947
947
947
1015
1015
1015
1015
957
957
1014
1014
952
952
1009
1009
946
946
946
947
947
947
947
944
957
957
957
957
957
957
957
952
952
952
946
946
946
946
946
947
947
947
947
944
957
957
957
957
957
952
952
952
952
952
946
946
946
946
946
947
947
947
947
944
957
957
957
957
952
952
952
952
952
952
946
946
946
946
946
947
947
947
947
944
957
957
957
957
952
952
952
952
952
952
952
952
946
946
946
947
947
947
948
948
956
956
956
956
956
956
956
956
953
953
953
953
953
946
946
948
948
948
948
948
956
956
956
956
956
956
956
956
953
953
953
953
953
953
948
948
948
948
948
951
958
958
956
956
956
956
956
956
953
953
953
953
953
953
948
948
948
948
948
951
958
958
958
956
956
958
958
958
953
953
953
953
954
954
948
948
948
948
948
951
958
958
958
958
958
958
958
958
953
953
954
954
954
954
954
948
948
949
949
951
958
958
958
958
958
958
958
958
953
954
954
954
954
954
954
949
949
949
949
951
959
959
959
959
959
955
955
955
955
955
955
955
954
949
949
949
949
949
949
951
959
959
959
959
959
955
955
955
955
955
955
955
954
949
949
949
949
949
951
951
959
959
959
959
959
959
955
955
955
955
955
954
954
954
954
949
949
949
951
951
959
959
959
959
959
959
955
955
955
930
930
954
954
954
949
949
949
949
939
939
928
959
928
928
928
928
928
955
955
930
930
930
954
954
937
937
936
936
936
939
928
928
928
928
928
928
928
930
930
930
930
930
930
937
937
937
936
936
936
939
928
928
928
928
928
928
928
930
930
930
930
930
937
937
937
936
936
936
936
938
929
929
929
929
929
928
928
930
930
930
930
930
937
937
936
936
936
936
938
938
929
929
929
929
929
929
928
930
930
930
930
930
937
937
936
936
936
936
938
938
933
929
929
929
929
929
928
931
931
931
931
937
937
937
937
936
936
936
938
938
933
933
933
929
929
929
931
931
931
931
931
937
937
937
937
936
936
936
938
938
933
933
933
933
929
929
931
931
931
931
931
937
937
937
937
940
940
940
938
938
933
933
933
933
932
932
931
931
931
931
931
942
942
942
940
940
940
940
941
941
933
933
933
932
932
932
932
931
931
942
942
942
942
942
940
940
940
940
941
941
933
933
933
933
932
932
932
931
931
942
942
942
942
942
940
940
940
940
941
941
933
933
933
933
932
932
932
932
932
942
942
942
942
942
942
940
940
940
941
941
934
934
932
932
932
932
932
932
932
932
942
942
942
942
942
940
940
940
941
941
934
934
932
935
935
935
935
935
935
932
943
943
943
943
943
943
940
940
941
941
934
934
934
934
935
935
935
935
935
935
943
943
943
943
943
943
847
846
846
846
934
934
934
934
935
935
935
935
935
935
943
943
943
943
943
943
847
846
846
846
934
934
934
934
935
935
935
935
935
935
943
943
943
943
943
943
847
846
846
846
934
934
934
934
838
838
838
838
838
838
844
844
844
844
844
844
847
847
847
847
934
934
934
934
838
838
838
838
838
838
838
844
844
844
844
844
847
847
847
847
837
837
837
837
838
838
838
838
838
838
838
844
844
844
844
844
847
847
847
847
837
837
837
837
837
837
838
838
838
838
839
844
844
844
844
844
847
847
843
843
837
837
837
837
837
837
837
839
839
839
839
839
845
844
844
844
845
843
843
843
837
837
837
837
837
837
837
839
839
839
839
839
845
845
845
845
845
842
842
842
836
836
836
836
836
836
839
839
839
839
839
845
845
845
845
845
845
842
842
842
836
836
836
836
836
836
839
839
839
839
839
845
845
845
845
845
845
842
842
842
836
836
836
836
833
833
839
839
839
835
835
835
835
835
845
845
845
841
841
841
836
836
836
836
833
833
833
833
833
835
835
835
835
835
835
845
845
841
841
841
836
836
836
836
833
833
833
833
833
835
835
835
835
835
835
841
841
841
841
841
832
832
832
832
832
832
833
833
833
835
835
835
835
835
834
834
841
841
841
841
832
832
832
832
832
832
833
833
833
835
834
834
834
834
834
834
841
841
841
841
832
832
832
832
832
832
833
833
833
834
834
834
834
834
834
834
859
859
859
859
832
832
832
832
832
832
833
833
833
834
834
834
834
834
834
834
859
859
859
859
850
850
850
850
851
851
851
849
849
849
849
848
848
848
848
834
859
859
859
859
850
850
850
850
851
851
851
851
849
849
849
849
848
848
848
848
859
859
859
859
850
850
850
850
851
851
851
851
849
849
849
849
848
848
848
848
848
859
859
859
850
850
850
850
851
851
851
851
849
849
849
849
848
848
848
848
848
858
858
858
850
850
850
850
851
851
851
851
849
849
849
849
848
848
848
848
848
858
858
858
850
850
850
851
851
851
851
851
849
849
849
855
855
855
854
854
854
858
858
858
853
853
850
852
852
852
852
852
855
855
855
855
855
855
854
854
854
858
858
858
853
853
853
852
852
852
852
852
855
855
855
855
855
855
854
854
854
854
854
858
853
853
852
852
852
852
852
852
855
855
855
855
855
854
854
854
854
854
862
862
450
414
408
384
419
429
426
426
433
440
440
443
443
443
442
442
441
441
441
434
435
438
429
436
418
442
442
442
446
446
446
447
447
447
446
446
446
445
445
445
445
444
444
444
432
439
445
436
437
442
509
509
509
509
451
510
509
510
510
510
449
449
449
449
448
447
447
446
446
446
446
445
445
445
444
444
444
443
443
443
440
440
440
440
440
434
434
434
434
434
435
435
437
437
437
437
437
437
430
430
430
430
430
430
418
418
418
418
418
419
419
419
419
420
420
420
420
384
384
384
384
384
384
385
451
451
451
447
447
447
447
447
447
447
410
410
411
411
399
399
399
399
399
399
397
397
397
397
396
396
396
396
426
427
427
424
424
424
424
424
424
429
429
429
429
429
439
439
439
439
432
432
432
432
433
433
433
441
441
441
441
443
443
443
443
442
442
442
444
444
444
445
446
446
446
451
451
458
450
458
456
463
385
384
456
384
462
384
463
462
462
462
413
413
414
415
415
415
415
408
408
408
411
411
410
408
419
427
427
433
440
443
443
443
435
432
429
442
442
447
445
445
445
444
436
436
509
509
451
510
449
451
450
447
447
446
446
446
445
445
445
444
445
444
444
443
443
443
440
440
440
434
434
434
435
434
435
435
435
437
437
437
437
436
436
430
430
430
430
430
430
418
418
418
418
419
419
419
419
420
420
420
384
463
456
385
457
457
450
449
510
451
447
447
447
447
447
447
410
410
410
408
408
408
415
397
397
397
397
397
397
396
396
396
426
427
426
427
427
427
424
424
424
424
424
429
429
429
429
429
439
438
432
432
432
432
433
433
441
441
441
441
441
443
443
442
442
442
444
444
444
445
445
445
445
446
446
446
446
446
413
384
413
413
413
412
412
415
415
397
397
408
397
408
399
399
411
411
410
415
429
429
426
427
440
440
443
442
442
441
441
433
441
435
436
430
418
419
442
446
444
444
445
445
432
429
439
437
509
451
510
445
444
442
443
442
437
437
418
418
420
413
458
452
451
396
427
439
439
432
433
443
444
457
385
384
384
462
462
462
384
462
463
462
397
408
399
399
411
410
419
434
443
435
432
432
429
442
444
447
444
510
450
449
457
458
450
446
444
444
442
440
440
440
433
434
434
434
435
434
434
437
436
436
430
430
430
430
418
418
419
419
419
420
420
420
420
463
463
456
463
463
457
452
458
450
449
450
449
408
415
396
397
396
397
397
396
396
426
427
427
427
427
424
424
424
424
424
424
429
438
438
438
433
433
441
441
441
462
413
413
413
412
412
412
415
415
412
399
408
399
411
399
408
411
410
410
446
445
450
458
384
456
463
408
427
442
430
430
450
443
442
437
437
438
418
418
463
385
385
450
510
393
427
439
435
432
442
462
384
413
397
399
408
411
411
411
424
428
429
429
440
441
441
441
433
435
434
419
433
451
510
436
418
418
462
456
450
438
433
384
384
384
387
399
419
433
440
443
435
432
429
440
441
440
440
434
434
434
435
435
437
438
436
436
430
431
417
417
417
419
419
420
420
420
420
384
457
457
458
450
458
415
396
396
397
396
396
427
396
427
427
427
427
424
424
424
429
428
439
429
438
438
432
438
435
432
433
440
440
441
463
462
413
415
412
413
412
412
415
408
411
398
411
399
399
451
451
457
457
458
415
397
426
426
434
433
436
431
439
437
437
385
457
463
385
433
457
433
433
432
432
435
457
463
460
457
450
458
451
396
396
396
427
424
460
411
408
411
393
451
451
437
437
422
419
385
450
396
439
439
432
433
408
399
411
428
428
428
441
419
433
436
417
418
426
427
393
438
434
384
384
387
385
408
433
437
438
435
434
434
435
435
438
436
430
430
431
431
431
417
417
417
417
419
419
420
420
420
420
387
387
457
458
385
451
397
393
415
426
426
425
425
425
425
424
428
439
428
439
438
438
432
435
460
460
413
415
415
413
413
412
415
415
397
411
411
457
457
450
450
426
460
439
438
393
431
428
387
389
399
398
458
457
458
399
393
396
426
432
460
460
411
415
415
457
426
430
430
439
458
385
427
393
426
462
460
411
408
412
394
436
436
438
418
422
460
428
422
436
418
425
422
412
413
415
399
421
438
438
432
435
438
428
431
431
417
417
417
417
418
421
420
420
420
387
387
458
458
458
460
396
396
426
426
425
425
425
425
425
425
428
428
428
439
439
439
438
435
385
413
387
412
412
413
412
412
412
398
399
394
411
438
398
422
428
428
428
436
457
385
460
387
411
393
439
439
422
418
393
387
389
397
398
393
394
436
460
398
398
385
459
450
422
450
450
394
431
431
413
399
398
385
395
393
426
460
385
459
458
423
393
426
459
436
460
385
398
431
422
436
426
460
385
398
421
438
428
431
431
431
431
417
417
417
416
421
421
421
387
387
387
458
458
459
426
425
425
425
431
425
425
428
428
428
439
436
457
457
394
415
388
413
412
412
388
412
395
397
451
426
422
459
431
461
459
459
393
393
426
422
393
394
395
457
417
417
458
385
431
387
412
389
398
395
423
389
387
423
393
388
412
461
398
398
431
398
393
393
422
421
460
459
398
421
416
422
460
398
398
421
428
431
428
417
417
417
422
416
421
421
421
387
458
459
425
422
425
425
425
425
428
457
385
385
386
412
389
421
388
388
393
388
459
460
394
388
422
416
431
416
461
461
393
398
459
457
416
387
387
428
395
395
423
393
425
431
388
416
423
393
461
386
459
395
392
423
421
385
398
421
422
417
422
422
459
398
398
421
431
417
417
416
416
421
390
388
390
387
387
412
459
422
416
425
425
459
460
461
386
459
460
389
389
461
394
388
389
394
395
392
394
416
416
388
388
423
423
393
416
422
416
460
398
459
459
461
461
389
387
388
393
394
394
423
423
386
398
398
392
416
389
422
421
398
390
416
416
390
391
387
388
387
389
388
459
416
416
460
386
387
461
459
389
389
394
388
395
388
395
395
423
423
422
422
423
394
392
416
421
392
390
390
416
386
461
386
388
423
423
423
461
394
392
386
395
390
423
392
423
421
390
390
392
416
390
391
390
389
389
386
460
459
459
461
386
389
386
391
395
395
395
394
394
394
394
461
386
386
416
391
423
390
421
388
388
461
461
461
386
394
394
388
422
423
392
395
423
390
388
386
386
395
392
421
392
390
390
392
386
386
386
391
391
391
394
395
395
392
394
395
391
423
392
423
392
461
388
391
390
390
389
389
395
391
391
423
391
388
391
390
391
392
389
391
391
386
391
395
392
392
390
389
389
392
392
390
390
386
391
390
395
391
390
392
391
391
392
395
392
392
451
450
450
450
449
509
509
447
449
449
449
450
458
451
451
451
451
399
460
461
459
386
461
431
461
461
461
461
389
417
386
389
389
391
391
391
421
421
