    7910       0       1       1    -999
    7920       0       1       1    -999
    7924       0       1       1    -999
    7925       0       1       1    -999
    7934       0       1       1    -999
    7935       0       1       1    -999
    7944       0       1       1    -999
    7966       0       1       1    -999
    7967       0       1       1    -999
    7971       0       1       1    -999
    7981       0       1       1    -999
    7982       0       1       1    -999
    7998       0       1       1    -999
    7999       0       1       1    -999
    8003       0       1       1    -999
    8004       0       1       1    -999
    8006       0       1       1    -999
    8020       0       1       1    -999
    8021       0       1       1    -999
    8024       0       1       1    -999
    8026       0       1       1    -999
    8027       0       1       1    -999
    8030       0       1       1    -999
    8032       0       1       1    -999
    8034       0       1       1    -999
    8037       0       1       1    -999
    8038       0       1       1    -999
    8044       0       1       1    -999
    8047       0       1       1    -999
    8058       0       1       1    -999
    8060       0       1       1    -999
    8070       0       1       1    -999
    8077       0       1       1    -999
    8078       0       1       1    -999
    8081       0       1       1    -999
    8088       0       1       1    -999
    8092       0       1       1    -999
    8103       0       1       1    -999
    8105       0       1       1    -999
    8106       1       0       1    -999
    8107       0       1       1    -999
    8108       0       1       1    -999
    8109       0       1       1    -999
    8111       0       1       1    -999
    8112       0       1       1    -999
    8113       0       1       1    -999
    8114       0       1       1    -999
    8119       0       1       1    -999
    8120       0       1       1    -999
    8124       0       1       1    -999
    8125       0       1       1    -999
    8127       0       1       1    -999
    8132       0       1       1    -999
    8133       0       1       1    -999
    8134       0       1       1    -999
    8142       0       1       1    -999
    8143       0       1       1    -999
    8145       0       1       1    -999
    8152       0       1       1    -999
    8153       0       1       1    -999
    8164       0       1       1    -999
    8172       0       1       1    -999
    8174       0       1       1    -999
    8181       1       0       1    -999
    8183       0       1       1    -999
    8184       0       1       1    -999
    8188       0       1       1    -999
    8189       0       1       1    -999
    8194       0       1       1    -999
    8198       0       1       1    -999
    8204       0       1       1    -999
    8205       0       1       1    -999
    8207       0       1       1    -999
    8209       0       1       1    -999
    8210       0       1       1    -999
    8214       0       1       1    -999
    8218       0       1       1    -999
    8222       0       1       1    -999
    8229       0       1       1    -999
    8230       0       1       1    -999
    8231       0       1       1    -999
    8288       0       1       1    -999
    8308       0       1       1    -999
    8322       0       1       1    -999
    8328       0       1       1    -999
    8329       0       1       1    -999
    8343       0       1       1    -999
    8344       0       1       1    -999
    8362       0       1       1    -999
    8366       0       1       1    -999
    8368       0       1       1    -999
    8384       0       1       1    -999
    8386       0       1       1    -999
    8399       0       1       1    -999
    8418       0       1       1    -999
    8421       0       1       1    -999
    8437       0       1       1    -999
    8440       0       1       1    -999
    8449       0       1       1    -999
    8450       0       1       1    -999
    8456       0       1       1    -999
    8457       0       1       1    -999
    8460       0       1       1    -999
    8461       0       1       1    -999
    8464       0       1       1    -999
    8465       0       1       1    -999
    8510       0       1       1    -999
    8636       0       1       1    -999
    8637       0       1       1    -999
    8640       1       1       0    -999
    8651       0       1       1    -999
    8659       0       1       1    -999
    8663       1       1       0    -999
    8664       0       1       1    -999
    8667       1       1       0    -999
    8673       0       1       1    -999
    8679       0       1       1    -999
    8683       0       1       1    -999
    8687       1       1       0    -999
    8704       0       1       1    -999
    8707       1       1       0    -999
    8708       1       1       0    -999
    8725       0       1       1    -999
    8729       1       1       0    -999
    8745       0       1       1    -999
    8746       0       1       1    -999
    8749       1       1       0    -999
    8750       0       1       1    -999
    8753       1       1       0    -999
    8754       1       1       0    -999
    8767       0       1       1    -999
    8775       1       1       0    -999
    8781       0       1       1    -999
    8782       1       1       0    -999
    8853       0       1       1    -999
    8855       0       1       1    -999
    8862       0       1       1    -999
    8863       0       1       1    -999
    8864       0       1       1    -999
    8866       0       1       1    -999
    8868       0       1       1    -999
    8873       0       1       1    -999
    8875       0       1       1    -999
    8877       0       1       1    -999
    8888       0       1       1    -999
    8890       0       1       1    -999
    8894       0       1       1    -999
    8899       0       1       1    -999
    8902       0       1       1    -999
    8910       0       1       1    -999
    8912       0       1       1    -999
    8916       0       1       1    -999
    8919       0       1       1    -999
    8932       0       1       1    -999
    8933       0       1       1    -999
    8936       0       1       1    -999
    8937       0       1       1    -999
    8940       0       1       1    -999
    8941       0       1       1    -999
    8944       0       1       1    -999
    8945       0       1       1    -999
    8947       0       1       1    -999
    8950       0       1       1    -999
    8952       0       1       1    -999
    8954       0       1       1    -999
    8955       0       1       1    -999
    8957       0       1       1    -999
    8958       0       1       1    -999
    8959       0       1       1    -999
    8963       0       1       1    -999
    8971       0       1       1    -999
    8973       0       1       1    -999
    8974       0       1       1    -999
    8976       0       1       1    -999
    8983       0       1       1    -999
    8985       0       1       1    -999
    8989       0       1       1    -999
    8992       0       1       1    -999
    8993       0       1       1    -999
    8997       0       1       1    -999
    8999       0       1       1    -999
    9001       0       1       1    -999
    9006       0       1       1    -999
    9009       0       1       1    -999
    9013       0       1       1    -999
    9017       0       1       1    -999
    9020       0       1       1    -999
    9023       0       1       1    -999
    9026       0       1       1    -999
    9034       0       1       1    -999
    9035       0       1       1    -999
    9043       0       1       1    -999
    9050       0       1       1    -999
    9057       0       1       1    -999
    9063       0       1       1    -999
    9067       0       1       1    -999
    9071       0       1       1    -999
    9074       0       1       1    -999
    9075       0       1       1    -999
    9076       0       1       1    -999
    9077       0       1       1    -999
    9078       0       1       1    -999
    9083       0       1       1    -999
    9085       0       1       1    -999
    9087       0       1       1    -999
    9089       0       1       1    -999
    9092       0       1       1    -999
    9094       0       1       1    -999
    9095       0       1       1    -999
    9097       0       1       1    -999
    9098       0       1       1    -999
    9099       0       1       1    -999
    9100       0       1       1    -999
    9103       0       1       1    -999
    9118       0       1       1    -999
    9130       0       1       1    -999
    9156       0       1       1    -999
    9160       0       1       1    -999
    9164       0       1       1    -999
    9168       0       1       1    -999
    9170       0       1       1    -999
    9171       0       1       1    -999
    9176       0       1       1    -999
    9178       0       1       1    -999
    9179       0       1       1    -999
    9184       0       1       1    -999
    9190       0       1       1    -999
    9197       0       1       1    -999
    9199       0       1       1    -999
    9201       0       1       1    -999
    9210       0       1       1    -999
    9211       0       1       1    -999
    9220       0       1       1    -999
    9222       0       1       1    -999
    9225       0       1       1    -999
    9235       0       1       1    -999
    9237       0       1       1    -999
    9238       0       1       1    -999
    9308       0       1       1    -999
    9311       0       1       1    -999
    9315       0       1       1    -999
    9319       0       1       1    -999
    9323       0       1       1    -999
    9325       0       1       1    -999
    9327       0       1       1    -999
    9331       0       1       1    -999
    9335       0       1       1    -999
    9339       0       1       1    -999
    9341       0       1       1    -999
    9343       0       1       1    -999
    9347       0       1       1    -999
    9353       0       1       1    -999
    9355       0       1       1    -999
    9359       0       1       1    -999
    9363       0       1       1    -999
    9367       0       1       1    -999
    9371       0       1       1    -999
    9373       0       1       1    -999
    9377       0       1       1    -999
    9379       0       1       1    -999
    9383       0       1       1    -999
    9385       0       1       1    -999
    9387       0       1       1    -999
    9391       0       1       1    -999
    9397       0       1       1    -999
    9399       0       1       1    -999
    9403       0       1       1    -999
    9407       0       1       1    -999
    9409       0       1       1    -999
    9411       0       1       1    -999
    9415       0       1       1    -999
    9417       0       1       1    -999
    9419       0       1       1    -999
    9423       0       1       1    -999
    9425       0       1       1    -999
    9429       0       1       1    -999
    9431       0       1       1    -999
    9435       0       1       1    -999
    9439       0       1       1    -999
    9443       0       1       1    -999
    9445       0       1       1    -999
    9447       0       1       1    -999
    9451       0       1       1    -999
    9455       0       1       1    -999
    9457       0       1       1    -999
    9459       0       1       1    -999
    9463       0       1       1    -999
    9465       0       1       1    -999
    9467       0       1       1    -999
    9471       0       1       1    -999
    9475       0       1       1    -999
    9479       0       1       1    -999
    9483       0       1       1    -999
    9487       0       1       1    -999
    9491       0       1       1    -999
    9495       0       1       1    -999
    9499       0       1       1    -999
    9501       0       1       1    -999
    9505       0       1       1    -999
    9507       0       1       1    -999
    9509       0       1       1    -999
    9515       0       1       1    -999
    9517       0       1       1    -999
    9521       0       1       1    -999
    9523       0       1       1    -999
    9529       0       1       1    -999
    9534       0       1       1    -999
    9537       0       1       1    -999
    9539       0       1       1    -999
    9545       0       1       1    -999
    9551       0       1       1    -999
    9555       0       1       1    -999
    9559       0       1       1    -999
    9561       0       1       1    -999
    9569       0       1       1    -999
    9577       0       1       1    -999
    9581       0       1       1    -999
    9587       0       1       1    -999
    9589       0       1       1    -999
    9591       0       1       1    -999
    9595       0       1       1    -999
    9597       0       1       1    -999
    9601       0       1       1    -999
    9605       0       1       1    -999
    9609       0       1       1    -999
    9612       0       1       1    -999
    9619       0       1       1    -999
    9621       0       1       1    -999
    9624       0       1       1    -999
    9631       0       1       1    -999
    9635       0       1       1    -999
    9644       0       1       1    -999
    9645       0       1       1    -999
    9647       0       1       1    -999
    9651       0       1       1    -999
    9653       0       1       1    -999
    9655       0       1       1    -999
    9659       0       1       1    -999
    9661       0       1       1    -999
    9663       0       1       1    -999
    9665       0       1       1    -999
    9674       0       1       1    -999
    9680       0       1       1    -999
    9685       0       1       1    -999
    9691       0       1       1    -999
    9697       0       1       1    -999
    9701       0       1       1    -999
    9703       0       1       1    -999
    9707       0       1       1    -999
    9711       0       1       1    -999
    9717       0       1       1    -999
    9893       0       1       1    -999
   10077       0       1       1    -999
   11584       0       1       1    -999
   12147       0       1       1    -999
     733       0       1       1     999
     734       0       1       1     999
     735       0       1       1     999
     996       0       1       1     999
     997       0       1       1     999
    1026       0       1       1     999
    1028       0       1       1     999
    1036       0       1       1     999
    1069       0       1       1     999
    1071       0       1       1     999
    1075       0       1       1     999
    1085       0       1       1     999
    1105       0       1       1     999
    1119       0       1       1     999
    1121       0       1       1     999
    1139       0       1       1     999
    1214       0       1       1     999
    1215       0       1       1     999
    1224       0       1       1     999
    1253       0       1       1     999
    1262       0       1       1     999
    1994       0       1       1     999
    1995       0       1       1     999
    2038       1       1       0     999
    2078       0       1       1     999
    2084       0       1       1     999
    2085       0       1       1     999
    2087       0       1       1     999
    2185       0       1       1     999
    2194       0       1       1     999
    2207       0       1       1     999
    2208       0       1       1     999
    2212       0       1       1     999
    2214       0       1       1     999
    2215       0       1       1     999
    2216       0       1       1     999
    2218       0       1       1     999
    2220       0       1       1     999
    2222       0       1       1     999
    2224       0       1       1     999
    2226       0       1       1     999
    2228       0       1       1     999
    2229       0       1       1     999
    2249       0       1       1     999
    2251       0       1       1     999
    2253       0       1       1     999
    2258       0       1       1     999
    2262       0       1       1     999
    2308       0       1       1     999
    2316       0       1       1     999
    2469       0       1       1     999
    2473       0       1       1     999
    2477       0       1       1     999
    2485       0       1       1     999
    2487       0       1       1     999
    2491       0       1       1     999
    2495       0       1       1     999
    2499       0       1       1     999
    2503       0       1       1     999
    2509       0       1       1     999
    2513       0       1       1     999
    2517       0       1       1     999
    2521       0       1       1     999
    2523       0       1       1     999
    2527       0       1       1     999
    2535       0       1       1     999
    2721       0       1       1     999
    8176       0       1       1     999
    8469       1       0       1     999
    8509       0       1       1     999
    8511       0       1       1     999
    8782       0       1       1     999
    8917       0       1       1     999
    8927       0       1       1     999
    9059       0       1       1     999
    9104       0       1       1     999
    9715       0       1       1     999
    9719       0       1       1     999
   10628       0       1       1     999
