 -0.0497379787  0.3937166330
 -0.0963507369  0.3752613370
 -0.1369094250  0.3457937240
 -0.1688655910  0.3071653540
 -0.1902112960  0.2618033890
 -0.1996053460  0.2125581060
 -0.1902112960  0.1381966020
 -0.1688655910  0.0928346440
 -0.1369094250  0.0542062744
 -0.0963507369  0.0247386638
 -0.0497379787  0.0062833680
  0.0000000000  0.4000000060
  0.0000000000  0.0000000000
  1.9249999500  0.0000000000
  1.8500000200  0.0000000000
  1.7749999800  0.0000000000
  1.7000000500  0.0000000000
  1.6250000000  0.0000000000
  1.5499999500  0.0000000000
  1.4750000200  0.0000000000
  1.3999999800  0.0000000000
  1.3250000500  0.0000000000
  1.2500000000  0.0000000000
  1.1749999500  0.0000000000
  1.1000000200  0.0000000000
  1.0249999800  0.0000000000
  0.9750000240  0.0000000000
  0.8999999760  0.0000000000
  0.8249999880  0.0000000000
  0.7500000000  0.0000000000
  0.6750000120  0.0000000000
  0.6000000240  0.0000000000
  0.5249999760  0.0000000000
  0.4499999880  0.0000000000
  0.3750000000  0.0000000000
  0.3000000120  0.0000000000
  0.2249999940  0.0000000000
  0.1500000060  0.0000000000
  0.0750000030  0.0000000000
  2.0000000000  0.0000000000
  2.0497379300  0.3937166330
  2.0963506700  0.3752613370
  2.1369094800  0.3457937240
  2.1688656800  0.3071653540
  2.1902113000  0.2618033890
  2.1996052300  0.2125581060
  2.1902113000  0.1381966020
  2.1688656800  0.0928346440
  2.1369094800  0.0542062744
  2.0963506700  0.0247386638
  2.0497379300  0.0062833680
  2.0000000000  0.4000000060
  0.0750000030  0.4000000060
  0.1500000060  0.4000000060
  0.2249999940  0.4000000060
  0.3000000120  0.4000000060
  0.3750000000  0.4000000060
  0.4499999880  0.4000000060
  0.5249999760  0.4000000060
  0.6000000240  0.4000000060
  0.6750000120  0.4000000060
  0.7500000000  0.4000000060
  0.8249999880  0.4000000060
  0.8999999760  0.4000000060
  0.9750000240  0.4000000060
  1.0249999800  0.4000000060
  1.1000000200  0.4000000060
  1.1749999500  0.4000000060
  1.2500000000  0.4000000060
  1.3250000500  0.4000000060
  1.3999999800  0.4000000060
  1.4750000200  0.4000000060
  1.5499999500  0.4000000060
  1.6250000000  0.4000000060
  1.7000000500  0.4000000060
  1.7749999800  0.4000000060
  1.8500000200  0.4000000060
  1.9249999500  0.4000000060
 -0.0931177959  0.3484145400
 -0.0460372940  0.3496257070
  0.0092848381  0.3505918980
  0.0561231934  0.3534205850
  0.1088529600  0.3555854860
  0.1736661940  0.3502119780
  0.2202453460  0.3505761330
  0.2727067170  0.3529926840
  0.3235948090  0.3550904990
  0.3725467030  0.3542748090
  0.4248123760  0.3543132540
  0.4765918250  0.3534587320
  0.5327458380  0.3505500560
  0.5798659320  0.3526602690
  0.6271697880  0.3501605390
  0.6923969390  0.3557174210
  0.7458785180  0.3537234960
  0.7944501040  0.3509183530
  0.8478543160  0.3548339310
  0.8959797620  0.3510279660
  0.9481892590  0.3545132280
  0.9993656280  0.3544447720
  1.0510832100  0.3534967600
  1.1076359700  0.3503271940
  1.1514955800  0.3551061750
  1.2048467400  0.3528652490
  1.2669961500  0.3561218980
  1.3213403200  0.3541699950
  1.3716329300  0.3533106150
  1.4191315200  0.3522309960
  1.4708869500  0.3513366580
  1.5226020800  0.3545346260
  1.5739755600  0.3538448810
  1.6251854900  0.3536435960
  1.6811994300  0.3505979780
  1.7263711700  0.3547542390
  1.7837010600  0.3506868480
  1.8329058900  0.3536364440
  1.8892419300  0.3583687840
  1.9462462700  0.3531507250
  1.9941333500  0.3546374440
  2.0479428800  0.3499449790
  2.0936384200  0.3491815630
 -0.1505868140  0.2964293960
 -0.0970462412  0.2973965700
 -0.0443633161  0.2995071410
  0.0083711818  0.3019610640
  0.0585959367  0.2979829310
  0.1134033650  0.3046574890
  0.1691153050  0.3010945020
  0.2150798440  0.2970505060
  0.2701618080  0.3053191010
  0.3221930560  0.3027704360
  0.3715057080  0.3051504790
  0.4250852760  0.3059786860
  0.4770039920  0.3054248990
  0.5337701440  0.3012227420
  0.5826664570  0.2989321350
  0.6305583720  0.3008293810
  0.6915338640  0.3016602400
  0.7419956920  0.2991743980
  0.7882803080  0.2968526180
  0.8436524270  0.2993524370
  0.8887153860  0.2986020150
  0.9457668660  0.3065070810
  0.9991340040  0.3061945140
  1.0512030100  0.3051706850
  1.1087105300  0.3004221620
  1.1548370100  0.3050065040
  1.2074042600  0.3048687280
  1.2657135700  0.3016373810
  1.3187494300  0.2985465230
  1.3680416300  0.2982467410
  1.4168574800  0.2984349730
  1.4677851200  0.2994210120
  1.5177774400  0.3044342400
  1.5720083700  0.3022242190
  1.6244735700  0.3052185770
  1.6770751500  0.3048816030
  1.7329691600  0.3008587660
  1.7833768100  0.3027309780
  1.8377432800  0.2986607550
  1.8903980300  0.2985217870
  1.9402588600  0.2976169290
  1.9874397500  0.3026592730
  2.0421791100  0.3046496210
  2.0966484500  0.3001055420
  2.1432244800  0.3012575810
 -0.1486682000  0.2527194020
 -0.0954913273  0.2495934670
 -0.0414231420  0.2514927390
  0.0148799568  0.2453802820
  0.0600494333  0.2484922410
  0.1078578530  0.2526387570
  0.1669703720  0.2515677210
  0.2125710700  0.2464344650
  0.2731477320  0.2531198260
  0.3238651750  0.2538865800
  0.3718470630  0.2572145460
  0.4294298290  0.2537793820
  0.4740447700  0.2576790150
  0.5330791470  0.2511272130
  0.5851805210  0.2483465970
  0.6337898970  0.2565338910
  0.6891688110  0.2526269850
  0.7404910920  0.2489767220
  0.7880074380  0.2493702020
  0.8395367260  0.2516436870
  0.8929434420  0.2532324490
  0.9467212560  0.2551688850
  1.0026745800  0.2538140120
  1.0490363800  0.2534495290
  1.1069207200  0.2501217720
  1.1564027100  0.2554610070
  1.2087448800  0.2554242010
  1.2591816200  0.2540020050
  1.3129721900  0.2481328700
  1.3679498400  0.2484434690
  1.4163615700  0.2496175770
  1.4709073300  0.2498711200
  1.5193284700  0.2491405760
  1.5706290000  0.2488817420
  1.6241825800  0.2502728100
  1.6799796800  0.2556790410
  1.7311071200  0.2481778710
  1.7891967300  0.2463908050
  1.8399915700  0.2466776520
  1.8907874800  0.2475835680
  1.9376175400  0.2466941180
  1.9877604200  0.2494909320
  2.0415806800  0.2554163630
  2.0982794800  0.2528987230
  2.1508994100  0.2563731070
  2.1524200400  0.1958815010
  2.1000652300  0.2004306760
  2.0424349300  0.2033328120
  1.9853512000  0.2033663240
  1.9374618500  0.2000997360
  1.8890714600  0.1962704510
  1.8331068800  0.1919010130
  1.7833876600  0.2037448290
  1.7317386900  0.1953580080
  1.6823607700  0.1938349600
  1.6321154800  0.1966943000
  1.5801258100  0.1985548140
  1.5167079000  0.1999208180
  1.4704735300  0.1966182440
  1.4185986500  0.2011904270
  1.3683928300  0.1942465310
  1.3117476700  0.2040121110
  1.2594660500  0.2005964370
  1.2101506000  0.1999954280
  1.1611002700  0.1995772870
  1.1100910900  0.1980278340
  1.0500917400  0.1978207680
  0.9990433450  0.2053272280
  0.9544147250  0.2056631000
  0.8995774980  0.1997353580
  0.8401077390  0.2041964230
  0.7909640670  0.1971641180
  0.7410345080  0.1947716620
  0.6893416050  0.2000843880
  0.6356025340  0.2062230260
  0.5844424960  0.1935460570
  0.5293693540  0.2028934660
  0.4801625010  0.2001856270
  0.4269432130  0.2050085220
  0.3731704650  0.2053622310
  0.3256529870  0.1987942460
  0.2727712390  0.2029535030
  0.2236666080  0.2018086910
  0.1653505270  0.2069048430
  0.1097711920  0.2032917590
  0.0584125482  0.1997341810
  0.0076038642  0.2032547890
 -0.0413661152  0.2020358440
 -0.0945520550  0.2020176500
 -0.1528171600  0.2004847380
 -0.1467006060  0.1537471260
 -0.0905893147  0.1526190490
 -0.0426906198  0.1504094900
  0.0050094565  0.1499632890
  0.0557750203  0.1507318020
  0.1074901600  0.1518069210
  0.1590713110  0.1534894260
  0.2101784940  0.1555068490
  0.2678349910  0.1511127200
  0.3216732140  0.1541299520
  0.3773742320  0.1449081300
  0.4298228320  0.1491373030
  0.4809687730  0.1491819770
  0.5305246710  0.1493192910
  0.5800436740  0.1467991170
  0.6385669710  0.1460347180
  0.6889235970  0.1490826310
  0.7375977040  0.1474797430
  0.7941022520  0.1439986080
  0.8406077030  0.1513226330
  0.8912379150  0.1498745830
  0.9508106710  0.1474983690
  0.9994765520  0.1446090640
  1.0490766800  0.1469381000
  1.1070815300  0.1533597110
  1.1615141600  0.1466854070
  1.2117284500  0.1504100260
  1.2594420900  0.1506993920
  1.3109560000  0.1476475000
  1.3665933600  0.1439390030
  1.4152010700  0.1519016770
  1.4667419200  0.1489106710
  1.5250943900  0.1430621740
  1.5702221400  0.1481716480
  1.6278284800  0.1441770640
  1.6828645500  0.1419284940
  1.7253375100  0.1541118620
  1.7838093000  0.1482683270
  1.8328923000  0.1477870350
  1.8921005700  0.1473840920
  1.9402023600  0.1509416700
  1.9935320600  0.1502547860
  2.0409045200  0.1566243170
  2.0939574200  0.1482459750
  2.1460118300  0.1492940780
 -0.1510359050  0.1041067910
 -0.0943321213  0.1038860310
 -0.0462483875  0.1009639500
  0.0058763246  0.0945566818
  0.0564144030  0.1016197200
  0.1087951960  0.1014121470
  0.1621926130  0.1013475810
  0.2166895570  0.0973892808
  0.2678133850  0.1007170980
  0.3228005770  0.1028849410
  0.3702816670  0.0964052007
  0.4276842470  0.0977566764
  0.4823036190  0.0953324661
  0.5319409970  0.0985730737
  0.5794719460  0.1013842080
  0.6336205600  0.0951381624
  0.6868544820  0.0962973461
  0.7365430000  0.0977022424
  0.7958958750  0.0989418179
  0.8434712890  0.1009304970
  0.8920618300  0.0987975672
  0.9487002490  0.0948864594
  1.0000296800  0.0939019322
  1.0516854500  0.0941666216
  1.1058565400  0.0924274549
  1.1513320200  0.0989760682
  1.2114834800  0.1029962670
  1.2579900000  0.1008132770
  1.3084672700  0.0983452573
  1.3694459200  0.0991922095
  1.4173288300  0.1010860800
  1.4661221500  0.0988576487
  1.5224732200  0.0950788036
  1.5741957400  0.0945558846
  1.6270413400  0.0937594175
  1.6807501300  0.0925402045
  1.7274302200  0.0983294621
  1.7813693300  0.1057876270
  1.8307663200  0.0991135016
  1.8866779800  0.0954943672
  1.9413363900  0.1018415760
  1.9901387700  0.0975390002
  2.0455708500  0.0981207117
  2.0962963100  0.1002689000
  2.1503274400  0.1024831680
 -0.0940463096  0.0507583432
 -0.0472234339  0.0490508638
  0.0049705920  0.0443840176
  0.0530402325  0.0466730855
  0.1106818910  0.0416291691
  0.1670941110  0.0463635437
  0.2162991020  0.0493130907
  0.2739384770  0.0453901775
  0.3203365210  0.0487808809
  0.3743193150  0.0457839668
  0.4259056750  0.0461852252
  0.4773990510  0.0454543419
  0.5291085840  0.0481007695
  0.5775614380  0.0450861044
  0.6297992470  0.0474433005
  0.6849669810  0.0486267023
  0.7344697120  0.0442849621
  0.7984193560  0.0498515554
  0.8456110360  0.0474259332
  0.8927791120  0.0494713485
  0.9488728640  0.0465659350
  1.0001421000  0.0460539795
  1.0510522100  0.0462808423
  1.1032563400  0.0458036214
  1.1522626900  0.0448699296
  1.2055642600  0.0489827283
  1.2541208300  0.0462730639
  1.3076031200  0.0442825593
  1.3728302700  0.0498394631
  1.4201324000  0.0473427363
  1.4672009900  0.0495267101
  1.5230838100  0.0470193848
  1.5747412400  0.0461933576
  1.6261632400  0.0455302335
  1.6779706500  0.0452367924
  1.7265869400  0.0447260328
  1.7790248400  0.0493076295
  1.8262311200  0.0498338528
  1.8911560800  0.0444237329
  1.9438779400  0.0465796664
  1.9907106200  0.0493295416
  2.0464048400  0.0497879088
  2.0935289900  0.0507783405
 -0.0250666458  0.3984229270
 -0.0736249089  0.3859553040
 -0.1175570490  0.3618034120
 -0.1541026530  0.3274847870
 -0.1809654090  0.2851558630
 -0.1964574460  0.2374762590
 -0.1996053460  0.1874419000
 -0.1964574460  0.1625237320
 -0.1809654090  0.1148441430
 -0.1541026530  0.0725152045
 -0.1175570490  0.0381966010
 -0.0736249089  0.0140447030
 -0.0250666458  0.0015770597
  1.9750000200  0.0000000000
  1.9500000500  0.0000000000
  1.8999999800  0.0000000000
  1.8750000000  0.0000000000
  1.8250000500  0.0000000000
  1.7999999500  0.0000000000
  1.7500000000  0.0000000000
  1.7250000200  0.0000000000
  1.6749999500  0.0000000000
  1.6499999800  0.0000000000
  1.6000000200  0.0000000000
  1.5750000500  0.0000000000
  1.5249999800  0.0000000000
  1.5000000000  0.0000000000
  1.4500000500  0.0000000000
  1.4249999500  0.0000000000
  1.3750000000  0.0000000000
  1.3500000200  0.0000000000
  1.2999999500  0.0000000000
  1.2749999800  0.0000000000
  1.2250000200  0.0000000000
  1.2000000500  0.0000000000
  1.1499999800  0.0000000000
  1.1250000000  0.0000000000
  1.0750000500  0.0000000000
  1.0499999500  0.0000000000
  1.0000000000  0.0000000000
  0.9499999880  0.0000000000
  0.9250000120  0.0000000000
  0.8750000000  0.0000000000
  0.8500000240  0.0000000000
  0.8000000120  0.0000000000
  0.7749999760  0.0000000000
  0.7250000240  0.0000000000
  0.6999999880  0.0000000000
  0.6499999760  0.0000000000
  0.6250000000  0.0000000000
  0.5749999880  0.0000000000
  0.5500000120  0.0000000000
  0.5000000000  0.0000000000
  0.4749999940  0.0000000000
  0.4250000120  0.0000000000
  0.4000000060  0.0000000000
  0.3499999940  0.0000000000
  0.3249999880  0.0000000000
  0.2750000060  0.0000000000
  0.2500000000  0.0000000000
  0.2000000030  0.0000000000
  0.1749999970  0.0000000000
  0.1250000000  0.0000000000
  0.1000000010  0.0000000000
  0.0500000007  0.0000000000
  0.0250000004  0.0000000000
  2.0250666100  0.3984229270
  2.0736248500  0.3859553040
  2.1175570500  0.3618034120
  2.1541025600  0.3274847870
  2.1809654200  0.2851558630
  2.1964573900  0.2374762590
  2.1996052300  0.1874419000
  2.1964573900  0.1625237320
  2.1809654200  0.1148441430
  2.1541025600  0.0725152045
  2.1175570500  0.0381966010
  2.0736248500  0.0140447030
  2.0250666100  0.0015770597
  0.0250000004  0.4000000060
  0.0500000007  0.4000000060
  0.1000000010  0.4000000060
  0.1250000000  0.4000000060
  0.1749999970  0.4000000060
  0.2000000030  0.4000000060
  0.2500000000  0.4000000060
  0.2750000060  0.4000000060
  0.3249999880  0.4000000060
  0.3499999940  0.4000000060
  0.4000000060  0.4000000060
  0.4250000120  0.4000000060
  0.4749999940  0.4000000060
  0.5000000000  0.4000000060
  0.5500000120  0.4000000060
  0.5749999880  0.4000000060
  0.6250000000  0.4000000060
  0.6499999760  0.4000000060
  0.6999999880  0.4000000060
  0.7250000240  0.4000000060
  0.7749999760  0.4000000060
  0.8000000120  0.4000000060
  0.8500000240  0.4000000060
  0.8750000000  0.4000000060
  0.9250000120  0.4000000060
  0.9499999880  0.4000000060
  1.0000000000  0.4000000060
  1.0499999500  0.4000000060
  1.0750000500  0.4000000060
  1.1250000000  0.4000000060
  1.1499999800  0.4000000060
  1.2000000500  0.4000000060
  1.2250000200  0.4000000060
  1.2749999800  0.4000000060
  1.2999999500  0.4000000060
  1.3500000200  0.4000000060
  1.3750000000  0.4000000060
  1.4249999500  0.4000000060
  1.4500000500  0.4000000060
  1.5000000000  0.4000000060
  1.5249999800  0.4000000060
  1.5750000500  0.4000000060
  1.6000000200  0.4000000060
  1.6499999800  0.4000000060
  1.6749999500  0.4000000060
  1.7250000200  0.4000000060
  1.7500000000  0.4000000060
  1.7999999500  0.4000000060
  1.8250000500  0.4000000060
  1.8750000000  0.4000000060
  1.8999999800  0.4000000060
  1.9500000500  0.4000000060
  1.9750000200  0.4000000060
 -0.0551096164  0.3728754820
 -0.0729292482  0.0381270386
 -0.0346105918  0.0256168675
  0.2107664790  0.3768914040
  0.6147025820  0.0235222187
  0.6914266350  0.0221895911
  0.7580684420  0.0222579371
  0.8105556960  0.3763595220
  0.7355037330  0.3786187470
  0.6674792170  0.3777264060
 -0.1140465360  0.0643353164
 -0.1309596750  0.3190298680
 -0.1627608240  0.2688913940
 -0.1704862560  0.2454962730
 -0.1805734630  0.2003479000
 -0.1760833410  0.1802666930
 -0.1626743530  0.1329081210
  0.0143296756  0.0216353331
  0.5395408870  0.0229716934
  0.4635027650  0.0226073675
  0.3873539570  0.0227930956
  0.3106495740  0.0224877317
  0.2346277980  0.0238299835
  0.1584571300  0.0213336479
  0.8354134560  0.0225021709
  1.0898076300  0.3761437830
  1.4101929700  0.0224585738
  1.5621638300  0.0230519045
  1.6382628700  0.0225097984
  1.6897007200  0.3773777480
  1.6125217700  0.3771117330
  0.9102427960  0.0238458961
  1.3325207200  0.0222735815
  1.2644962100  0.0213806853
  1.7137498900  0.0223622527
  1.9854122400  0.3780604600
  2.1708474200  0.1545720400
  2.1621148600  0.1307475270
  1.7890852700  0.0230627470
  2.1310887300  0.0798233300
  2.0552613700  0.0268749818
  2.0088279200  0.0246774629
  2.1751468200  0.2196970730
  2.1703229000  0.2658257780
  2.0729818300  0.3616005780
  2.0347540400  0.3738473650
  2.1131110200  0.3361383680
  1.9096971800  0.3802296820
  1.8415428400  0.3786663410
  1.5364958000  0.3773896690
  1.4849253900  0.0239440072
  1.4603284600  0.3766478000
  1.3859058600  0.3780335780
  1.2424050600  0.3780947330
  1.1639101500  0.3770849700
  1.0123645100  0.3773349230
  0.9617220160  0.3774476950
  0.5898064970  0.3775424060
  0.5150125030  0.3761529030
  0.3614028990  0.3775036330
  0.2864122990  0.3766348360
  0.1330488770  0.3777813610
  0.0653507262  0.3784920570
 -0.0087890476  0.3752579690
  0.8855758310  0.3767639700
  1.7653733500  0.3761696520
  0.4375963510  0.3772922160
  1.3105150500  0.3788075150
  1.1894915100  0.0235808380
  1.1141105900  0.0226140469
  1.9346494700  0.0215079971
  0.0902680084  0.0197631475
  1.0378943700  0.0230041537
  1.8669526600  0.0222201794
  0.9874727730  0.0228749588
 -0.0339128934  0.3735837040
 -0.0721831024  0.3611270490
 -0.1132938710  0.3352346420
 -0.1749759170  0.2212447520
 -0.1713177260  0.1569027900
 -0.1316395100  0.0810752660
 -0.0556252338  0.0266245678
 -0.0100567257  0.0233046878
  1.9838275900  0.0228527579
  1.9593837300  0.0219786111
  1.9098246100  0.0205065347
  1.8885866400  0.0174300894
  1.8398281300  0.0237785224
  1.8137508600  0.0231246315
  1.7639870600  0.0237306058
  1.7385119200  0.0229617599
  1.6889003500  0.0223405063
  1.6636614800  0.0225192290
  1.6129106300  0.0227016583
  1.5875390800  0.0229209196
  1.5367138400  0.0233200211
  1.5110511800  0.0236649439
  1.4594168700  0.0229054987
  1.4348913400  0.0223515257
  1.3855942500  0.0229865573
  1.3596509700  0.0238149520
  1.3109331100  0.0174446814
  1.2895201400  0.0203936249
  1.2394660700  0.0219014436
  1.2146881800  0.0225793943
  1.1638978700  0.0229318459
  1.1389769300  0.0225121584
  1.0887234200  0.0229197517
  1.0632379100  0.0230541453
  1.0126477500  0.0229906011
  0.9621030090  0.0230667442
  0.9364139440  0.0234831963
  0.8846767540  0.0229000058
  0.8601257210  0.0223823152
  0.8108441230  0.0230081137
  0.7850030060  0.0238109063
  0.7365912800  0.0174691230
  0.7157303090  0.0206261352
  0.6663832070  0.0237549022
  0.6403821110  0.0237722360
  0.5891804700  0.0230194349
  0.5643035770  0.0225513186
  0.5141844750  0.0230841264
  0.4887736140  0.0227003582
  0.4381244780  0.0228090342
  0.4127202030  0.0229210928
  0.3619961740  0.0228887256
  0.3361753820  0.0232880246
  0.2861219050  0.0219723880
  0.2610213460  0.0231514201
  0.2089037300  0.0227538534
  0.1838201280  0.0219259821
  0.1329152580  0.0197694004
  0.1117730360  0.0162323434
  0.0645162016  0.0211570840
  0.0389862582  0.0216287989
  2.0099179700  0.3761486710
  2.0558083100  0.3730129600
  2.1293234800  0.3206365410
  2.1721730200  0.2449926140
  2.1804432900  0.1987080720
  2.1758220200  0.1780482530
  2.1136093100  0.0638006106
  2.0724787700  0.0383818969
  2.0340337800  0.0262336936
  0.0161781982  0.3771233860
  0.0406174138  0.3780174550
  0.0901768729  0.3794949950
  0.1114157440  0.3825723530
  0.1601535680  0.3762292270
  0.1861917670  0.3768755200
  0.2357184440  0.3760925530
  0.2612110080  0.3764099780
  0.3116660120  0.3770998120
  0.3365167980  0.3775257470
  0.3867020610  0.3773568570
  0.4121944610  0.3772752290
  0.4630823730  0.3769886490
  0.4888230260  0.3765235840
  0.5405628090  0.3771255020
  0.5651040670  0.3776558940
  0.6144056920  0.3770135940
  0.6403489710  0.3761850890
  0.6890668870  0.3825553060
  0.7104798560  0.3796062770
  0.7605349420  0.3780959250
  0.7853227850  0.3773926500
  0.8361615540  0.3769260050
  0.8608843090  0.3773233290
  0.9109926220  0.3765922780
  0.9364930390  0.3771357240
  0.9870430230  0.3773591220
  1.0378346400  0.3770148160
  1.0635868300  0.3765358030
  1.1152167300  0.3772213160
  1.1392149900  0.3780582550
  1.1895877100  0.3765966590
  1.2157882500  0.3768138590
  1.2639244800  0.3827356400
  1.2853360200  0.3797734680
  1.3359112700  0.3784790040
  1.3609827800  0.3782786430
  1.4103570000  0.3777197000
  1.4349861100  0.3768727180
  1.4857924000  0.3767502010
  1.5112221200  0.3772629200
  1.5618530500  0.3771953280
  1.5872023100  0.3770752550
  1.6380296900  0.3767679930
  1.6642332100  0.3763104380
  1.7140384900  0.3780134020
  1.7390573000  0.3768701850
  1.7910964500  0.3772460820
  1.8161798700  0.3780740200
  1.8670721100  0.3802302480
  1.8882021900  0.3837657270
  1.9353297900  0.3787919580
  1.9607466500  0.3782311380
  0.0805482417  0.3608874380
  0.5540974140  0.0438730903
  0.6563478710  0.0478513725
  0.7208628650  0.3612672690
 -0.1108684990  0.3138772550
 -0.1362457280  0.2721453910
 -0.1503775420  0.2312232550
 -0.1561381820  0.1735617070
 -0.1353649500  0.1295734640
  0.4517770110  0.0462156460
  0.4000780280  0.0463590473
  0.2966567580  0.0409506746
  0.1414918150  0.0381810702
  0.8223367330  0.0413334407
  0.8710612060  0.3557249010
  0.9737231140  0.3543308680
  1.0250954600  0.3539091940
  1.4964469700  0.0479869954
  1.5489912000  0.0466791876
  1.5995105500  0.3535773160
  1.5481895200  0.3537911180
  0.9746667740  0.0463136248
  1.3969019700  0.0412786826
  1.4446573300  0.0411090888
  1.2791370200  0.0387318917
  1.6520087700  0.0455822013
  1.7027835800  0.0442022160
  1.7040576900  0.3590579330
  1.8584904700  0.3618184630
  2.1557948600  0.1694708910
  2.1109471300  0.0844160169
  2.1346850400  0.1260225330
  2.1575050400  0.2815955580
  2.1100130100  0.3157330750
  2.0713982600  0.3362548650
  1.9719538700  0.3594129090
  1.4453586300  0.3548033830
  1.3962992400  0.3595986960
  1.2957488300  0.3615626390
  1.2330801500  0.3535814290
  1.1775701000  0.3531657460
  0.6030975580  0.3587221500
  0.4506277140  0.3538199070
  0.3473600150  0.3553531770
  0.1974802460  0.3580880460
  1.1770248400  0.0464090481
  0.7073070410  0.0393887013
  1.1283140200  0.0445119403
  1.9194541000  0.0391147658
  1.8569953400  0.0474519543
  0.0272006411  0.0401455201
  0.2466066780  0.0477572568
  1.8022326200  0.0419155397
  1.9686284100  0.0407480150
  1.6004843700  0.0460445471
  1.2290083200  0.0406459682
  0.8701023460  0.0411374569
  0.5023864510  0.0453162342
  0.3486977520  0.0457786359
  0.1931853000  0.0406825431
  0.0313722454  0.3592307570
  0.3987773360  0.3540745970
  0.5553258060  0.3589160140
  0.7709953780  0.3593244250
  0.9229932430  0.3540336490
  1.1297414300  0.3591800030
  1.3471353100  0.3603353500
  1.4976215400  0.3545286660
  1.6516133500  0.3524841670
  1.8068147900  0.3593174220
 -0.0187283810  0.3514694870
 -0.0708209202  0.0633061901
 -0.0203507394  0.0460586175
  0.6028813120  0.0470561273
  0.7680493000  0.0476263762
  0.8230974670  0.3532547060
  0.6579123740  0.3523400720
 -0.0924490988  0.0762526169
 -0.1224703570  0.2953101400
  1.0780073400  0.3521942200
  0.9221124050  0.0477573499
  1.3420876300  0.0476599373
  2.0200479000  0.3519540730
  2.0188331600  0.0482391194
  2.1502130000  0.2291492820
  1.9197497400  0.3617744150
  0.5033870940  0.3522450920
  0.2987006900  0.3533271850
  0.1429886070  0.3525680010
  1.7535090400  0.3523210590
  0.0799947083  0.0381753817
  1.0255274800  0.0463266410
 -0.0695175827  0.3344803450
 -0.1220446970  0.1055109280
  1.7509968300  0.0463750176
  1.0770447300  0.0462069325
  2.1194546200  0.2981415090
  2.0700683600  0.0642167479
  0.2475217730  0.3530165850
 -0.0479761474  0.0759159699
 -0.0057327552  0.3281390670
  0.2587829230  0.3299829070
  0.7686107160  0.3369613590
  0.6448326110  0.0713656247
 -0.1082030610  0.1286721970
 -0.1254658250  0.2463104870
  0.0346847102  0.3374937770
  0.3863981960  0.0703886077
  0.3383296130  0.0656169280
  0.1894390730  0.0623074546
  0.8381816150  0.3285421730
  0.8771286610  0.3369074760
  1.1351794000  0.3356075880
  1.6640589200  0.3278691170
  1.5356445300  0.0707370117
  0.9341871140  0.3312549000
  0.9861408470  0.3305563930
  1.2799614700  0.0606914572
  1.2313615100  0.0629870519
  1.7091207500  0.3345885280
  1.7678964100  0.3280172650
  2.0303516400  0.3277341430
  1.8105609400  0.3376925290
  2.1262867500  0.2144504340
  2.0054426200  0.0715865344
  2.1311240200  0.2744306920
  1.4824899400  0.0730514377
  1.4417679300  0.0628035963
  1.2489650200  0.3286776240
  0.5868644120  0.0723084286
  0.5475914480  0.0622197986
  0.3557406660  0.3295210300
 -0.0464335233  0.3211202620
  0.1551025210  0.3268056510
  0.1966757030  0.3362312910
  0.3134888710  0.3290147190
  0.4116042550  0.3301961120
  0.4638831320  0.3298088610
  0.5173600910  0.3271286790
  0.5582123990  0.3372232020
  0.6033658390  0.3369846050
  0.6745187640  0.3276244700
  0.7200381760  0.3393073380
  1.0381221800  0.3298373220
  1.0919742600  0.3268355430
  1.1922261700  0.3288931250
  1.3455071400  0.3380803760
  1.3942471700  0.3374522030
  1.4523725500  0.3362618980
  1.5082378400  0.3320662980
  1.5599612000  0.3292184170
  1.6119387100  0.3294740020
  1.8618872200  0.3392269020
  1.9176042100  0.3389566240
  1.9726082100  0.3330369000
  2.0523798500  0.3251746890
  1.3254814100  0.0723764375
  0.2924950120  0.0663066879
  1.5875845000  0.0700508803
  0.2322203220  0.0721110553
 -0.1340039820  0.1763814090
  2.1346476100  0.1704091430
 -0.0292685740  0.0651596561
  0.1380390970  0.0607791282
  0.7524396180  0.0721716136
  1.0646601900  0.0699137524
  1.6397963800  0.0693482906
  0.0248045381  0.0658411309
  0.0816465393  0.0609873720
  0.4398830830  0.0708056316
  0.4917930360  0.0677810013
  0.8223225470  0.0630420893
  0.8674343230  0.0628319532
  0.9083586340  0.0729009211
  0.9616708760  0.0703020319
  1.0128886700  0.0699823573
  1.1198866400  0.0690768883
  1.1621798300  0.0702154264
  1.3966336300  0.0630163327
  1.6944180700  0.0687877312
  1.7362150000  0.0694139004
  1.8026777500  0.0638956055
  1.8448476800  0.0732871294
  1.9652459600  0.0624615848
 -0.1097259070  0.2727327350
  2.1209828900  0.1481431420
  2.0924727900  0.3241172130
  0.0821704865  0.3380659220
  0.6709630490  0.0719178468
 -0.0920769498  0.3222423790
 -0.1314628270  0.2205879390
  0.4132914840  0.0710553378
  1.5093358800  0.0716747791
  1.5615595600  0.0704442784
  1.5860377600  0.3289684360
  2.1217970800  0.1028421820
  1.2951227400  0.3394989670
  1.2201916000  0.3288645150
  1.1626222100  0.3289380370
  1.1876846600  0.0673089400
  0.7100965980  0.0605733879
  1.9178594400  0.0619750917
  1.8727163100  0.0717746317
  0.2622862160  0.0724731833
 -0.0279078372  0.3315501810
 -0.0700822026  0.0891513899
 -0.0064050700  0.0671403632
  0.6174761060  0.0716278479
  0.7806785110  0.0735114217
  0.8122342820  0.3322312240
  0.6455550790  0.3263744710
  1.0647524600  0.3285657170
  0.9352921250  0.0714089498
  1.3544457000  0.0736292899
  2.0035169100  0.3292038740
  2.0279696000  0.0679276958
  2.1254355900  0.2452097090
  0.4903535540  0.3286886510
  0.2851087150  0.3291536870
  0.1273168920  0.3282909690
  1.7383037800  0.3281297090
  1.0385657500  0.0701223239
  1.7609022900  0.0664420649
  1.0914864500  0.0694844499
  2.1071949000  0.2777090070
  2.0922551200  0.0760704130
  2.0469119500  0.0775861368
  0.2369189260  0.3325989840
 -0.0690668970  0.3039555550
  0.5128948690  0.0642717183
 -0.1082909180  0.2241975810
  0.4662692840  0.0699750036
  0.1402710970  0.3030181530
  0.3601917030  0.0685801953
  1.6664131900  0.0691028759
  1.5337121500  0.3299655910
  0.9123585220  0.3335957530
  0.9873463510  0.0700556934
  0.9601132870  0.3306080700
  1.0121350300  0.3302152750
  1.1839579300  0.0932674929
  1.7150059900  0.0610736497
  1.7568024400  0.0888588056
  2.0690629500  0.0930019543
  1.4871190800  0.3352795240
  1.4351600400  0.3364535270
  0.5647152070  0.0613600761
  0.2409745750  0.3073365690
  0.3347919580  0.3378897610
  0.4378474350  0.3300622700
  1.6379002300  0.3289029900
  2.0164692400  0.3050704000
  2.0704855900  0.3070697490
  0.3847572210  0.3298467990
  0.8150948880  0.3061763350
  0.8601400850  0.3383947310
  1.1800870900  0.3050957020
  1.1407029600  0.0614580885
  0.7290446160  0.0720701814
  0.6060645580  0.0970506519
  0.6593215470  0.0943530500
  1.6136225500  0.0698084012
  1.8597450300  0.0971134380
  2.1074657400  0.1246793570
 -0.1109023910  0.0862120315
  0.0587327927  0.3245125110
  0.6993859410  0.3274753990
 -0.1202886700  0.1530504230
  0.3189158740  0.0777361915
  0.1634839770  0.0745190233
  0.8443936110  0.0751367733
  1.4185828000  0.0751451328
  1.4596825800  0.0744667873
  1.3006142400  0.0725255609
  1.6873335800  0.3250274660
  1.8364739400  0.3254864810
  2.1245155300  0.1904039530
  1.9425411200  0.3237981200
  1.3693023900  0.3248838480
  0.5814108850  0.3248652520
  0.1777378470  0.3251207170
  1.9412344700  0.0754790530
  0.0552951880  0.0757629350
  1.8218879700  0.0751100406
  1.9831339100  0.0737532601
  1.2564703200  0.0744940415
  0.8854746820  0.0744239762
  0.2085424660  0.0737759098
  0.0164538492  0.3260545730
  0.5402489900  0.3256086410
  0.7435168030  0.3254906540
  1.1152907600  0.3249018190
  1.3197572200  0.3256861270
  1.7914942500  0.3262737990
  1.8899532600  0.3263275620
  0.1095223950  0.0736611485
 -0.0857054219  0.1277293710
 -0.0679648742  0.1144553720
  0.2973313330  0.3044443430
  1.5482609300  0.0947074965
 -0.0230650399  0.3074536030
  0.4510785640  0.3058831100
  1.0252003700  0.3057533800
  1.5454865700  0.3063780960
  1.6004955800  0.0945148766
  2.1094691800  0.1718919430
 -0.0242669508  0.0860207006
  1.0787800600  0.0936034322
  1.0255924500  0.0941712707
  0.4544533190  0.0935709029
  0.9744611380  0.0943006948
 -0.0819583088  0.2754004000
  0.3995257910  0.0948972553
  1.4956560100  0.0968353972
  1.5990526700  0.3053093850
  1.2741259300  0.3276812730
  1.2350994300  0.3040896360
  1.8966729600  0.0731669143
  0.2441091540  0.0914559960
  0.7664142250  0.0977016091
  0.6606332660  0.3019753690
  1.0785908700  0.3030070960
  0.9215967060  0.0968016982
  1.3393703700  0.0980433151
  2.0226573900  0.0925617218
  2.1066238900  0.2279840710
  0.5040299300  0.3034262960
  0.1033809710  0.3269249500
  1.7562580100  0.3090947870
  2.0829472500  0.2786735590
 -0.0818042383  0.2262252570
 -0.0659512356  0.1390409770
 -0.0131668290  0.2822578250
  0.3098622860  0.2803776860
  0.6485962270  0.1175279470
  0.2565480770  0.2809028030
  0.8271926640  0.2800528410
  1.1948039500  0.2816394270
  1.5355904100  0.1183784600
  1.0379563600  0.2811611000
  1.7585851000  0.2858241500
  2.0290057700  0.2813551430
  1.4827410000  0.1226663590
  1.2475279600  0.2795853020
  0.5951725840  0.1223330050
  0.4637032750  0.2822423880
 -0.0525385663  0.2771516440
  0.1521158520  0.2773606780
  0.5169609190  0.2774864140
  0.6744486090  0.2775464650
  1.2944585100  0.3127798740
  1.5537881900  0.2868503930
  1.6112734100  0.2814177570
  2.0559244200  0.2801589970
  1.0916587100  0.2767636480
  2.0833287200  0.2274455580
  2.0551855600  0.1123410170
  2.0081701300  0.1197371330
  1.5865397500  0.1200971680
 -0.0208518859  0.1116490440
  0.7530917530  0.1223580090
  1.1713546500  0.1195217740
  0.2415353800  0.1149131730
  0.3885235790  0.1183184240
  0.4462695420  0.1128490270
  0.7112355830  0.0850917026
  0.9080767630  0.1228450090
  0.9619772430  0.1189467310
  1.0124070600  0.1179704590
  1.0657724100  0.1191900150
  1.3255926400  0.1225468440
  1.7533913900  0.1155034010
  1.8478534200  0.1226359530
  1.7152065000  0.0777070522
  0.3343726100  0.3204393390
  1.1404712200  0.0781304166
  0.7663731580  0.3109888430
  0.0353904068  0.3123596010
  0.3428167700  0.0873636529
  0.1881678850  0.0872003585
  0.8667590620  0.3163206880
  1.1330664200  0.3116032180
  1.1464263200  0.3202888370
  1.6509560300  0.3047168250
  0.9159745570  0.3076578080
  0.9728425740  0.3059818450
  1.2810300600  0.0865727141
  1.2335476900  0.0889445022
  1.7050802700  0.3073264960
  1.7213684300  0.3177258670
  1.8118315900  0.3128302690
  2.1155085600  0.2625620370
  1.4406608300  0.0876465067
  0.5567119720  0.0830402747
  0.3462713660  0.3031473460
  0.1946744320  0.3114151660
  0.3985161190  0.3054528830
  0.5593034030  0.3123899700
  0.6045293810  0.3121545020
  0.7189655900  0.3134235440
  1.3440730600  0.3117898400
  1.3927819700  0.3114788830
  1.8634799700  0.3122206330
  1.9161504500  0.3117291930
  1.9613195700  0.3084599670
  0.2965058980  0.0953566134
  0.2797751130  0.0837133974
 -0.1068756430  0.1774465140
  0.1362425980  0.0877752006
  1.6538376800  0.0934040025
  0.0345490240  0.0901603401
  0.0822518021  0.0879956931
  0.8215548990  0.0877112821
  0.8665835860  0.0875847861
  1.3954694300  0.0878540352
  1.8042935100  0.0892273486
  1.9641604400  0.0873490646
  2.0769519800  0.1231645570
  0.0847176909  0.3083995580
  1.9153306500  0.0916758180
  0.5096313950  0.0853316411
  1.4903699200  0.3139164150
  1.4428060100  0.3147119580
  1.1678210500  0.2821538450
  2.0826168100  0.1749613430
 -0.0440002307  0.1257170740
  0.2840916220  0.2808027570
  1.5603550700  0.1190325990
  0.4389699400  0.2818269130
  1.0381501900  0.1184761520
 -0.0680962428  0.2511339490
  2.0696466000  0.2538510260
  0.7797049880  0.1220775770
  0.6475579740  0.2780454460
  0.0350031331  0.2861905400
  0.4104105230  0.1144260990
  0.3459216360  0.1123780380
  0.0984697938  0.2820395530
  0.1351896230  0.1142246430
  0.0820874199  0.1139830200
  1.3525337000  0.1220991160
  1.6649659900  0.2815661430
  0.9355315570  0.1212468970
  0.9323411580  0.2807015480
  0.9871937040  0.1180199240
  0.9867489340  0.2806751130
  1.1378947500  0.2841094140
  1.0642676400  0.2787860330
  1.0128850900  0.2815056740
  1.7148705700  0.2857045830
  1.8115575300  0.2865746920
  2.0699694200  0.2019667030
  2.0666425200  0.1521171180
  1.8749290700  0.1213091980
  1.4399528500  0.1128813620
  1.2212820100  0.2811590140
  0.4895068110  0.2799390260
  0.3597098290  0.2812324760
  1.3433207300  0.2858445050
  1.9155135200  0.2853125930
  2.0062868600  0.2840170860
 -0.0327333026  0.2874290350
  0.1249783780  0.2787987590
  0.2329765560  0.2826507690
  0.4128193860  0.2804886400
  0.5599947570  0.2871751490
  0.7180261610  0.2877547740
  1.5892384100  0.2852075700
  1.8643542500  0.2857179340
 -0.0551499873  0.2270979430
  0.8056188230  0.2837484180
  2.0343263100  0.1156872060
  1.0941383800  0.1166796680
  0.1883471610  0.1135267910
  0.2870490550  0.1191593710
  0.6218855380  0.1205600720
  0.6702516080  0.1135501490
  1.1938024800  0.1159703960
  1.5099512300  0.1204697640
  1.6408990600  0.1185106640
  1.6138485700  0.1193872990
  1.9641200300  0.1125563010
  0.0310801771  0.1125013010
  0.8659660220  0.1127310620
  1.2819683600  0.1122410370
  1.9016032200  0.1181266750
  1.1282006500  0.0906777307
  1.7033861900  0.0906450376
 -0.1213337630  0.2001859690
  0.5313131810  0.0735895485
 -0.0688933432  0.2036388520
  1.7727656400  0.1280493440
  1.4685566400  0.3251545730
  1.4168306600  0.3251270950
 -0.0195422880  0.1373841760
  0.0051970426  0.1239841060
  0.2647422550  0.1281402860
  1.7343761900  0.2734236120
 -0.0634745583  0.1635280550
  0.0115097612  0.2716080550
  0.2980584800  0.2611987590
  0.3350840510  0.2803985180
  0.2394811210  0.2559476490
  0.8489018680  0.2767736020
  1.7857053300  0.2729037700
  2.0114758000  0.2575168610
  1.4590750900  0.1243585120
  1.2704876700  0.2758325340
  0.5727760200  0.1236245260
  0.1743235140  0.2757095100
  0.5407856700  0.2757265870
  0.6980152130  0.2763814030
  1.2939826300  0.2840886410
  1.6379987000  0.2806757390
  1.1149876100  0.2742437720
  1.9839680200  0.1236877370
  1.6005243100  0.1458762590
  0.7302708030  0.1229850130
  1.1475091000  0.1248380020
  0.2141385080  0.1276806290
  0.3660651450  0.1219882150
  0.7111394410  0.1104248460
  0.8845830560  0.1245032620
  1.0244443400  0.1378941390
  1.0835152900  0.1451513620
  1.3020162600  0.1236911490
  1.7276216700  0.1281814130
  1.8256614200  0.1240876540
  0.7650184040  0.2857911880
  0.8666284080  0.2886492310
  1.2348988100  0.1141357270
  0.5543900730  0.1112628800
  0.1929757300  0.2864950600
  0.2174281330  0.3225347700
  0.6059114340  0.2873541120
  1.3922447000  0.2856904860
  1.9632980800  0.2849071030
  0.8206220870  0.1123796780
  1.3940893400  0.1127596350
  1.8070998200  0.1136796770
  1.7808450500  0.0772531778
  0.0765646771  0.2848330440
  1.9235179400  0.1150910030
  0.5073759560  0.1108969820
  1.4929701100  0.2880702320
  1.1823091500  0.2626262310
  1.5470860000  0.1381681410
  0.4521684650  0.2630293070
  2.0558326200  0.2286505550
 -0.0591455661  0.1848319770
  0.4642696380  0.1120425910
  0.3000737130  0.2384730280
  0.2572573720  0.2293034790
  0.8669456240  0.2641510670
  1.5359259800  0.2875341770
  1.5434470200  0.1617593910
  1.1834964800  0.2395032790
  1.2829544500  0.1372609290
  2.0279285900  0.2297128440
  2.0554130100  0.1781001390
  0.5539441110  0.1360776720
  0.5307930110  0.1239384560
  0.1918510350  0.2614753250
  0.4551158550  0.2407390620
  0.7170268300  0.2627214490
  0.3856395780  0.2807526290
  0.9596633910  0.2807261650
  1.6919518700  0.2831907570
  1.5890276400  0.1731086970
  0.7116531130  0.1359005120
 -0.0805884153  0.1806803490
  0.3068169060  0.1160358120
  1.0230201500  0.1609086250
  1.0664655000  0.1720913500
  1.1234897400  0.1146662240
  1.6995887800  0.1157780590
  1.7908061700  0.1265835310
 -0.0305961613  0.2704657910
  1.2341684100  0.2617029550
  1.7596513000  0.2558198870
  1.4974898100  0.1467000400
  0.6086724400  0.1449743510
  0.1379775850  0.2528155450
  0.5019288060  0.2536391620
  0.6602817180  0.2556247410
  1.0775907000  0.2529661060
  0.7672168610  0.1462199840
  0.2403262260  0.1450125870
  0.6928233500  0.0725013986
  0.9213669900  0.1470635980
  0.9749577050  0.1383163630
  1.3400975500  0.1448385120
  1.7531027800  0.1441879420
  1.8619107000  0.1470260920
  0.7412152290  0.2742502990
  0.7908405660  0.3223547940
  0.8928192850  0.3240185980
  1.2587406600  0.1256628780
  1.2089332300  0.0774144977
  0.5836855770  0.2743059990
  0.6222356560  0.3253006940
  1.3190866700  0.2738914790
  1.3677581500  0.2732416690
  1.8385630800  0.2729190890
  1.8902972900  0.2728023530
  1.9393658600  0.2717005610
  0.1610278790  0.1271350380
  0.0560544431  0.1259734930
  0.1082076650  0.1267521680
  0.8425095680  0.1254766730
  0.8037742380  0.0746116340
  1.4163583500  0.1258599460
  1.3777649400  0.0747062638
  1.4428618000  0.2830332820
  0.8018285040  0.1229251620
  0.6252108810  0.2770338650
  0.4065492750  0.1355273870
  0.3478394750  0.1372381600
  0.0808971822  0.2630088330
  1.3748846100  0.1232088660
  0.9738945960  0.2553520500
  1.0257521900  0.2617311180
  1.9867066100  0.2724261580
  0.2141558970  0.2716756170
  0.3995698390  0.2555257680
  1.5934596100  0.2628031670
 -0.0286119767  0.2285304220
  0.7869718070  0.2732582390
  0.8098909260  0.2627314330
  2.0242626700  0.1392559560
  0.6892671590  0.1234712530
  0.6666144730  0.1353191440
  1.2127914400  0.1265750080
  1.1896663900  0.1368424300
  1.6552144300  0.1430515800
  0.0305298269  0.1376097200
  1.9191839700  0.1368136850
  1.8081028500  0.1369773600
 -0.0184721388  0.1624994280
  0.0364265591  0.2599728700
  0.3487407270  0.2613344790
  0.8842167260  0.2766766550
  1.8132391000  0.2600000200
  1.4395788900  0.1379443560
  1.2872114200  0.2609386150
  0.5604296920  0.2621824440
  1.6523823700  0.2612181310
  1.1298940200  0.2602394520
  1.9643560600  0.1380062700
  1.6159442700  0.1707300990
  0.1860404760  0.1406606440
  0.8647792340  0.1380213500
  1.4158473000  0.2731202240
  0.0579228215  0.2734134200
  1.9421194800  0.1258750860
  1.4702155600  0.2739123110
  0.3532609340  0.2346945410
  0.0376488864  0.2355709970
  0.2316578920  0.2278740850
  0.1513008920  0.2286065070
  1.2342294500  0.2391747680
  1.6688591200  0.1175355020
  1.6550191600  0.2377217710
  0.9866626860  0.2310032400
  1.0263425100  0.2393759490
  1.7069375500  0.1412459310
  1.7713143800  0.2296201880
  1.8151773200  0.2344497890
  2.0005805500  0.2291425320
  1.8482136700  0.1707537320
  1.4943049000  0.2622541490
  1.4846398800  0.1717220250
  1.4401344100  0.1630477910
  0.5967847110  0.1681196990
  0.5063861610  0.1365711840
  1.1337413800  0.2378990500
  0.0823605135  0.2377579360
  0.4128114280  0.2307774420
  0.5148814920  0.2283416540
  0.5602461100  0.2367687820
  0.6704754830  0.2363378410
  0.7153713110  0.2372678820
  0.8689145450  0.2380897100
  0.9057410360  0.2786445620
  1.0885380500  0.2245704530
  1.6427555100  0.1683289710
  0.7548099160  0.1701064850
  0.2301593570  0.1729079480
  0.0063947942  0.1755300610
  0.1825373920  0.1671347020
  0.5541763900  0.1606354420
  0.8630210160  0.1639477010
  0.9092835190  0.1733581270
  0.9755083920  0.1622411610
  1.2846170700  0.1626592130
  1.3303301300  0.1645935920
  1.7429153900  0.1701557040
  1.9172266700  0.1619572040
  1.9632391900  0.1636827740
 -0.0405046865  0.1751377430
 -0.0129516162  0.2538554670
  0.4293788670  0.1240337190
  0.1338938330  0.1397122890
  0.0818513706  0.1387791480
  0.9203051920  0.2550638620
  1.7096934300  0.2640377280
  2.0497121800  0.1331983660
  1.3423864800  0.2609999780
  1.9147617800  0.2598833440
  1.5706882500  0.2750819920
  1.8651419900  0.2601085010
  0.2828874890  0.1380075370
  0.2807933990  0.2271580850
  1.3033132600  0.2667628820
  1.0423843900  0.1730599850
  0.7643882040  0.2613622550
  1.2354924700  0.1384026860
  0.6080061790  0.2629374560
  1.3922582900  0.2611454430
  1.9635846600  0.2557331030
  0.8188807960  0.1368141470
  1.3923270700  0.1374301610
  1.1592379800  0.2261148990
  1.5631139300  0.1793069090
  0.4360200460  0.2289211450
  0.4554798600  0.1333354410
  0.3248493970  0.2245724050
  1.5448750300  0.2650480270
  1.5147873200  0.1718963680
  1.2093483200  0.2265319230
  2.0151104900  0.2040492450
  2.0295147900  0.1803152560
  0.1912042800  0.2366819980
  0.4834854300  0.2290833740
  0.7119002340  0.1608704330
  0.9993495940  0.1750673950
  0.6467000840  0.2339486180
  1.3547519400  0.1668890420
  0.0310589019  0.1627264170
  1.4524434800  0.2617465560
  0.3506900370  0.1626967640
  0.3246435230  0.1263811440
  0.9617301230  0.2311724420
  0.3851075170  0.2324781720
 -0.0167012569  0.2097191810
  0.8118533490  0.2381789680
  0.6641805170  0.1617712530
  1.1870250700  0.1616844980
  1.8074524400  0.1610477860
  1.2841923200  0.2379870710
  1.6041029700  0.1955894380
 -0.0028760161  0.2275034340
  0.7841506600  0.1703259650
  0.7646223310  0.2364689260
  0.6884711380  0.1744469260
  0.0326372050  0.1880404800
  0.0819537789  0.1634346400
  0.7890505790  0.2243498560
  0.8501085640  0.2258850190
  1.6697830000  0.1668775380
  0.9324409370  0.1682411730
  0.9335446950  0.2277006800
  1.7650252600  0.1650569740
  1.9751238800  0.2308787850
  1.9142129400  0.2353106290
  1.8666139800  0.2348802980
  1.8747823200  0.1714627440
  1.4342842100  0.2616362270
  1.3872389800  0.1661005170
  0.5741876360  0.1709655080
  1.2353582400  0.1628733130
  1.3427074000  0.2363944350
  0.1734825820  0.2266557370
  0.6143665910  0.2341347780
  1.0656739500  0.2344301790
  1.3929083300  0.2367889290
  1.5933812900  0.2146086540
  1.7490061500  0.2338917400
  0.7316445110  0.1717982890
  0.6192984580  0.1644492750
  0.2522591950  0.1661138090
  0.1320690810  0.1648344250
  0.1247262060  0.2282502500
  0.8135152460  0.1643277700
  1.6995538500  0.1659214200
  2.0039837400  0.1793290820
  0.4827973250  0.1228934380
  1.5175303200  0.2760802210
  0.3010735810  0.2123465840
  0.2470732180  0.2098754940
  1.5384192500  0.1881310940
  1.1848858600  0.2131196710
  1.3097877500  0.1757349370
  0.4560170770  0.2153670640
  0.6908228400  0.2253758460
  0.3025119900  0.1349531860
  1.0232520100  0.1876371350
  1.0792616600  0.1967919020
  0.4033713040  0.1614217160
  0.3760889470  0.1751287730
  0.0595406927  0.2243263420
  1.0080692800  0.2286318390
  1.5949137200  0.2364924700
  2.0184395300  0.1611558790
  1.9391242300  0.1754741220
 -0.0171742570  0.1880295130
  0.0186018813  0.2247240390
  1.7943346500  0.2248790560
  1.4607600000  0.1736373160
  1.2592202400  0.2263364200
  0.5393072370  0.2260524180
  1.6364283600  0.2230429800
  1.1150218200  0.2244841900
  1.9814180100  0.1771650020
  0.2032232580  0.1827047170
  0.8822248580  0.1804148700
  0.2103373260  0.2244633730
  1.6810468400  0.2245298330
  1.8424798300  0.2179493460
  1.4945542800  0.2370909150
  1.4166535100  0.1768158820
  0.5055223700  0.1619039920
  0.3999058600  0.2124230560
  0.5849471690  0.2221160680
  0.7402973180  0.2232711760
  0.8926527500  0.2252053770
  1.6567759500  0.1873355510
  0.1553656160  0.1819330750
  0.5299708250  0.1745720060
  0.8388484720  0.1767750530
  1.2597854100  0.1755053250
  1.7215273400  0.1748039720
  0.9104943870  0.2355177550
  1.7062007200  0.2378043530
  0.2916951480  0.1557382940
  0.4548928740  0.1617374870
  0.3454729320  0.2102636690
  1.5456122200  0.2322087290
  1.4962827000  0.1905484500
  1.2345717000  0.2133577020
  0.5025280120  0.2094913420
  0.9760528800  0.1897892950
  0.6660905480  0.2151799050
  1.3361399200  0.1862304960
  1.4437425100  0.2409417480
  0.3301495910  0.1771288070
  0.9755807520  0.2125910670
  0.6391341090  0.1757327470
  1.2108764600  0.1749116030
  1.1627415400  0.1742981230
  1.8259719600  0.1714780630
  1.7846827500  0.1751997920
  1.3030568400  0.2258073990
  0.4013359550  0.1891673060
  0.3022826020  0.1821699290
  1.5350854400  0.2098772230
  1.4943330300  0.2121455520
  1.1861299300  0.1872644420
  0.1924964930  0.2097959820
  0.4544543330  0.1888007070
  1.9542826400  0.2340736540
  1.1425718100  0.1642825900
  0.8704278470  0.2086438240
  0.7128633260  0.1854979400
  0.5046212080  0.1873154040
  0.0571059883  0.1754594740
  0.6638033990  0.1889063720
  1.0944452300  0.1725442860
  1.5735378300  0.2226980920
  0.0357408449  0.2126084720
  0.1392439450  0.2058632520
  1.6572910500  0.2105265710
  1.0256532400  0.2140605750
  1.8127801400  0.2098041330
  1.8596055500  0.1936364770
  1.4417505300  0.1873883310
  0.6136249300  0.1861400160
  1.1362752900  0.2120767090
  0.0824937075  0.2132876520
  0.5589671730  0.2111839950
  0.7149551510  0.2110448180
  1.0661371900  0.2158367780
  0.7672871950  0.1886988130
  0.2498153300  0.1879595970
  0.1797946540  0.1896946730
  0.5551856760  0.1856327500
  0.8589259980  0.1867955770
  0.9278643130  0.1955879030
  1.2848427300  0.1886865790
  1.9157869800  0.1863492280
  1.9608714600  0.1888938550
  0.1071719900  0.1762750150
  1.3224626800  0.2252507060
  1.8908329000  0.2230906040
  1.3679696300  0.2233380820
  0.4801036720  0.1748542040
  1.5176035200  0.2233973000
  0.3502041700  0.1882290840
  1.6141873600  0.2194501160
  0.8132616880  0.2134445010
  0.8309736250  0.2266697140
  1.7602518800  0.1869842110
  1.3969829100  0.1901203540
  1.4182540200  0.2256345750
  1.7296658800  0.2230954470
  1.7542274000  0.2121157350
  0.4284700750  0.1758788380
  1.2837543500  0.2139043360
  1.7065173400  0.2105159160
  1.4696489600  0.2249479890
  0.8163149360  0.1894474920
  1.2350347000  0.1878733040
  1.7083395700  0.1880868520
  0.9528486730  0.1781701590
  1.3415700200  0.2115787270
  1.8078969700  0.1855292770
  0.2727764250  0.1743413060
  1.4437446600  0.2127868830
  1.5559823500  0.2051294740
  1.1076226200  0.1348171830
  1.0471558600  0.2258289610
  0.1014418900  0.2270452680
  1.8977936500  0.1726847440
  0.0828182027  0.1885804530
  0.9128267170  0.2167494150
  1.9582573200  0.2134665850
  1.9139698700  0.2107679690
  1.8697208200  0.2131654320
  1.3938510400  0.2118864800
  0.1287243660  0.1864395140
  0.8012362120  0.1803163290
  0.6065967080  0.2084319890
  0.7655426860  0.2107874300
  1.1388393600  0.1863510160
  1.1300064300  0.1440703870
  1.1205059300  0.1697726400
  1.9359670900  0.2234021130
