       2       0       1       1     999
      10       0       1       1     999
      11       0       1       1     999
      12       0       1       1     999
      13       0       1       1     999
      52       1       1       0     999
      59       1       0       1     999
      60       0       1       1     999
      61       0       1       1     999
      64       1       0       1     999
      67       0       1       1     999
      68       0       1       1     999
     379       0       1       1     999
     701       0       1       1     999
     702       1       1       0     999
     707       1       1       0     999
     709       1       1       0     999
     831       0       1       1     999
     853       0       1       1     999
     856       0       1       1     999
     858       0       1       1     999
     860       0       1       1     999
     861       0       1       1     999
     863       0       1       1     999
     981       0       1       1     999
      22       0       1       1    -999
      23       0       1       1    -999
      31       0       1       1    -999
      33       0       1       1    -999
      40       0       1       1    -999
      42       0       1       1    -999
      44       0       1       1    -999
      72       0       1       1    -999
      85       0       1       1    -999
      86       0       1       1    -999
      92       0       1       1    -999
      94       0       1       1    -999
     111       0       1       1    -999
     113       0       1       1    -999
     121       0       1       1    -999
     132       0       1       1    -999
     133       0       1       1    -999
     141       0       1       1    -999
     144       0       1       1    -999
     151       0       1       1    -999
     154       0       1       1    -999
     161       0       1       1    -999
     163       0       1       1    -999
     173       0       1       1    -999
     174       0       1       1    -999
     197       0       1       1    -999
     200       0       1       1    -999
     224       0       1       1    -999
     226       0       1       1    -999
     227       0       1       1    -999
     236       0       1       1    -999
     237       0       1       1    -999
     244       0       1       1    -999
     301       0       1       1    -999
     302       0       1       1    -999
     303       0       1       1    -999
     304       0       1       1    -999
     311       0       1       1    -999
     312       0       1       1    -999
     333       0       1       1    -999
     334       0       1       1    -999
     338       0       1       1    -999
     339       0       1       1    -999
     340       0       1       1    -999
     349       0       1       1    -999
     351       0       1       1    -999
     359       0       1       1    -999
     372       0       1       1    -999
     374       0       1       1    -999
     375       0       1       1    -999
     377       0       1       1    -999
     378       0       1       1    -999
     386       0       1       1    -999
     400       0       1       1    -999
     419       0       1       1    -999
     432       0       1       1    -999
     433       0       1       1    -999
     557       0       1       1    -999
     611       0       1       1    -999
     653       0       1       1    -999
     669       0       1       1    -999
     674       0       1       1    -999
     683       0       1       1    -999
     692       0       1       1    -999
     838       0       1       1    -999
     841       0       1       1    -999
     842       0       1       1    -999
     843       0       1       1    -999
     848       0       1       1    -999
     849       0       1       1    -999
     866       0       1       1    -999
     868       0       1       1    -999
     870       0       1       1    -999
     872       0       1       1    -999
     874       0       1       1    -999
     876       0       1       1    -999
     878       0       1       1    -999
     879       0       1       1    -999
     884       0       1       1    -999
     885       0       1       1    -999
     886       0       1       1    -999
     888       0       1       1    -999
     890       0       1       1    -999
     892       0       1       1    -999
     895       0       1       1    -999
     898       0       1       1    -999
     899       0       1       1    -999
     902       0       1       1    -999
     908       0       1       1    -999
     927       0       1       1    -999
     929       0       1       1    -999
     932       0       1       1    -999
     933       0       1       1    -999
     935       0       1       1    -999
     938       0       1       1    -999
     939       0       1       1    -999
     940       0       1       1    -999
     941       0       1       1    -999
     943       0       1       1    -999
     946       0       1       1    -999
     947       0       1       1    -999
     950       0       1       1    -999
     955       0       1       1    -999
     960       0       1       1    -999
     964       0       1       1    -999
     966       0       1       1    -999
     968       0       1       1    -999
     970       0       1       1    -999
     972       0       1       1    -999
     974       0       1       1    -999
     976       0       1       1    -999
     978       0       1       1    -999
     979       0       1       1    -999
     998       0       1       1    -999
    1002       0       1       1    -999
    1006       0       1       1    -999
    1014       0       1       1    -999
    1018       0       1       1    -999
    1022       0       1       1    -999
    1026       0       1       1    -999
    1030       0       1       1    -999
    1034       0       1       1    -999
    1038       0       1       1    -999
    1042       0       1       1    -999
    1049       0       1       1    -999
    1052       0       1       1    -999
    1056       0       1       1    -999
    1060       0       1       1    -999
    1064       0       1       1    -999
    1068       0       1       1    -999
    1072       0       1       1    -999
    1080       0       1       1    -999
    1084       0       1       1    -999
    1088       0       1       1    -999
    1092       0       1       1    -999
    1096       0       1       1    -999
    1100       0       1       1    -999
    1122       0       1       1    -999
    1126       0       1       1    -999
    1130       0       1       1    -999
    1138       0       1       1    -999
    1142       0       1       1    -999
    1146       0       1       1    -999
    1150       0       1       1    -999
    1154       0       1       1    -999
    1158       0       1       1    -999
    1162       0       1       1    -999
    1166       0       1       1    -999
    1176       0       1       1    -999
    1180       0       1       1    -999
    1184       0       1       1    -999
    1188       0       1       1    -999
    1192       0       1       1    -999
    1196       0       1       1    -999
    1204       0       1       1    -999
    1208       0       1       1    -999
    1212       0       1       1    -999
    1216       0       1       1    -999
    1220       0       1       1    -999
    1224       0       1       1    -999
     241       0       1       1    -999
     242       0       1       1    -999
     260       1       0       1    -999
     262       0       1       1    -999
     278       0       1       1    -999
     282       1       1       0    -999
     286       0       1       1    -999
     287       0       1       1    -999
     288       0       1       1    -999
     290       1       1       0    -999
     291       0       1       1    -999
     295       0       1       1    -999
     296       0       1       1    -999
     297       0       1       1    -999
     767       1       1       0    -999
     774       1       1       0    -999
     775       0       1       1    -999
     904       0       1       1    -999
     909       0       1       1    -999
     911       0       1       1    -999
     918       0       1       1    -999
     920       0       1       1    -999
     923       0       1       1    -999
    1112       0       1       1    -999
    1119       0       1       1    -999
