  2.5999999000  0.0000000000
  5.1999998100  0.0000000000
  9.1000003800  0.0000000000
 11.6999998000  0.0000000000
 14.3000002000  0.0000000000
 16.8999996000  0.0000000000
 20.7999992000  0.0000000000
 23.3999996000  0.0000000000
  0.0000000000  0.0000000000
 26.0000000000  0.0000000000
 26.0000000000  2.5999999000
 26.0000000000  6.0666666000
 26.0000000000  8.6666669800
 26.0000000000 11.2666664000
 26.0000000000 14.7333336000
 26.0000000000 17.3333340000
 26.0000000000 19.9333324000
 26.0000000000 23.3999996000
 26.0000000000 26.0000000000
 28.6000004000 26.0000000000
 31.2000008000 26.0000000000
 33.7999992000 26.0000000000
 36.4000015000 26.0000000000
 39.0000000000 26.0000000000
 39.0000000000 23.3999996000
 39.0000000000 19.9333324000
 39.0000000000 17.3333340000
 39.0000000000 14.7333336000
 39.0000000000 11.2666664000
 39.0000000000  8.6666669800
 39.0000000000  6.0666666000
 39.0000000000  2.5999999000
 39.0000000000  0.0000000000
 62.4000015000  0.0000000000
 59.7999992000  0.0000000000
 55.9000015000  0.0000000000
 53.2999992000  0.0000000000
 50.7000008000  0.0000000000
 48.0999985000  0.0000000000
 44.2000008000  0.0000000000
 41.5999985000  0.0000000000
 65.0000000000  0.0000000000
 65.0000000000 52.6399994000
 65.0000000000 50.4000015000
 65.0000000000 47.0400009000
 65.0000000000 43.6800003000
 65.0000000000 41.4399986000
 65.0000000000 38.0800018000
 65.0000000000 35.8400002000
 65.0000000000 32.4799995000
 65.0000000000 29.1200008000
 65.0000000000 26.8799992000
 65.0000000000 23.5200005000
 65.0000000000 20.1599998000
 65.0000000000 17.9200001000
 65.0000000000 14.5600004000
 65.0000000000 12.3199997000
 65.0000000000  8.9600000400
 65.0000000000  5.5999999000
 65.0000000000  3.3599999000
 65.0000000000 56.0000000000
 41.5999985000 56.0000000000
 44.2000008000 56.0000000000
 48.0999985000 56.0000000000
 50.7000008000 56.0000000000
 53.2999992000 56.0000000000
 55.9000015000 56.0000000000
 59.7999992000 56.0000000000
 62.4000015000 56.0000000000
 39.0000000000 56.0000000000
 39.0000000000 32.5999985000
 39.0000000000 36.0666656000
 39.0000000000 38.6666679000
 39.0000000000 41.2666664000
 39.0000000000 44.7333336000
 39.0000000000 47.3333321000
 39.0000000000 49.9333344000
 39.0000000000 53.4000015000
 39.0000000000 30.0000000000
 28.6000004000 30.0000000000
 31.2000008000 30.0000000000
 33.7999992000 30.0000000000
 36.4000015000 30.0000000000
 26.0000000000 30.0000000000
 26.0000000000 53.4000015000
 26.0000000000 49.9333344000
 26.0000000000 47.3333321000
 26.0000000000 44.7333336000
 26.0000000000 41.2666664000
 26.0000000000 38.6666679000
 26.0000000000 36.0666656000
 26.0000000000 32.5999985000
 26.0000000000 56.0000000000
  2.5999999000 56.0000000000
  5.1999998100 56.0000000000
  9.1000003800 56.0000000000
 11.6999998000 56.0000000000
 14.3000002000 56.0000000000
 16.8999996000 56.0000000000
 20.7999992000 56.0000000000
 23.3999996000 56.0000000000
  0.0000000000 56.0000000000
  0.0000000000  3.3599999000
  0.0000000000  5.5999999000
  0.0000000000  8.9600000400
  0.0000000000 12.3199997000
  0.0000000000 14.5600004000
  0.0000000000 17.9200001000
  0.0000000000 20.1599998000
  0.0000000000 23.5200005000
  0.0000000000 26.8799992000
  0.0000000000 29.1200008000
  0.0000000000 32.4799995000
  0.0000000000 35.8400002000
  0.0000000000 38.0800018000
  0.0000000000 41.4399986000
  0.0000000000 43.6800003000
  0.0000000000 47.0400009000
  0.0000000000 50.4000015000
  0.0000000000 52.6399994000
  2.1870729900  8.0984878500
 39.8319130000  8.2545299500
 25.3063469000  6.3893752100
 62.8340721000  8.1611414000
  2.0431935800 12.3349943000
 39.6768036000 16.5561485000
 62.8250046000 12.2398882000
 25.2915001000 14.3385715000
  2.1092360000 22.5960770000
 39.6585159000 20.8262138000
 25.3424473000 20.7660522000
 63.0109978000 20.7478943000
  2.1719739400 29.2315197000
 62.8278732000 26.7687359000
  2.1156160800 33.3628960000
 39.6600075000 35.2332916000
 25.2290573000 33.0949440000
 62.8911819000 33.4055710000
 39.8106842000 39.2190323000
  2.1749973300 43.7601929000
 25.3232517000 39.4458389000
 62.9631691000 41.5340958000
  2.1671006700 47.8400650000
 39.6958580000 49.6096954000
 25.1386108000 47.7202644000
 62.8187447000 47.8950996000
 25.1198997000  2.0855360000
 23.2160873000  2.3116219000
 20.8271351000  2.2664856900
 18.8891621000  1.8505262100
 16.9347172000  2.0272562500
 14.6141481000  2.0620384200
 12.8338404000  2.0671453500
 10.5020618000  2.0469794300
  8.4793901400  1.8955776700
  6.4147605900  2.0135324000
  4.0068764700  2.2549886700
  2.0657985200  1.9669950000
 25.2340832000  3.9975383300
 23.0404396000  4.2326140400
 20.9541759000  4.3521657000
 18.9475422000  4.1158804900
 16.8466072000  4.1702523200
 14.7488451000  4.1935296100
 12.6683846000  4.2042245900
 10.5660753000  4.2162156100
  8.4508056600  4.2002706500
  6.5220694500  4.1868906000
  4.1382041000  4.1434321400
  2.1324243500  4.1894936600
 23.0522957000  6.1816554100
 20.8718834000  6.2662386900
 18.8326359000  6.3716263800
 16.7772923000  6.4171028100
 14.6859102000  6.4425859500
 12.5537739000  6.4936871500
 10.5738888000  6.3549828500
  8.2006702400  6.3973035800
  6.2536654500  6.1650147400
  4.1983199100  6.1541719400
  2.1976342200  6.3813748400
 25.2995663000 10.3260250000
 23.1399364000 10.5936880000
 21.0943928000 10.3115396000
 19.0196514000 10.4180984000
 16.8128796000 10.2766685000
 14.7318754000 10.2561665000
 12.7522163000 10.3024883000
 10.4672623000 10.2277441000
  8.2777175900 10.1719589000
  6.2194557200 10.2732582000
  4.1359944300 10.2712708000
  2.0600760000 10.2196674000
  4.1805601100  8.2066297500
  6.2191510200  8.2293911000
  8.3205356600  8.2370319400
 10.4919968000  8.4052267100
 12.6781416000  8.5921840700
 14.7189245000  8.5202531800
 16.8072567000  8.5034647000
 18.9109173000  8.4844656000
 21.2431602000  8.2691431000
 22.9605198000  8.2219343200
 25.2365189000  8.2250099200
 25.2091503000 12.4810467000
 22.8068008000 12.5104256000
 20.9663849000 12.2465973000
 19.0020504000 12.3773298000
 16.8001728000 12.3104124000
 14.6636868000 12.2701406000
 12.5654240000 12.5565996000
 10.4494181000 12.3904524000
  8.3244495400 12.3214102000
  6.2192907300 12.3223381000
  4.1221108400 12.3317165000
 23.1013641000 14.4229870000
 21.1031837000 14.5630322000
 19.0353813000 14.4302826000
 16.8256721000 14.3813810000
 14.6985693000 14.3796549000
 12.3800402000 14.4226694000
 10.3163900000 14.2988415000
  8.4205265000 14.6016016000
  6.2020874000 14.4126816000
  4.1205997500 14.3987751000
  2.0380313400 14.4657698000
 25.2285595000 18.6766815000
 22.9503117000 18.7293549000
 21.0832958000 18.8608532000
 18.9052620000 18.4824219000
 16.9311066000 18.6699066000
 14.6340113000 18.7105026000
 12.4317141000 18.6647854000
 10.3297644000 18.5212269000
  8.2607860600 18.5032291000
  6.1737589800 18.5393848000
  4.0943436600 18.6385174000
  2.1193456600 18.8303413000
  2.0358893900 16.6492252000
  4.1045498800 16.5141029000
  6.1750631300 16.4681549000
  8.1857538200 16.4205360000
 10.2775230000 16.3019867000
 12.4777222000 16.5214539000
 14.4123945000 16.4817448000
 16.7336807000 16.5773239000
 18.9270973000 16.4366302000
 20.7408104000 16.6035900000
 23.0436096000 16.9927330000
 25.2073650000 16.7901115000
 23.0438328000 20.7319164000
 21.1720390000 20.8447132000
 18.9791489000 20.7276459000
 16.7800598000 20.7415562000
 14.6454735000 20.7188091000
 12.3697290000 20.7298908000
 10.3888464000 20.8415375000
  8.2581586800 20.6438236000
  6.1754374500 20.6532402000
  4.0952358200 20.7060909000
  1.9903701500 20.7251015000
 25.2890339000 24.7578201000
 22.9694805000 24.7403584000
 21.2015114000 24.7329254000
 18.8654175000 24.9017258000
 16.8962364000 24.9136143000
 14.7826157000 25.0210533000
 12.6662922000 24.9691620000
 10.5540876000 24.9109478000
  8.2208690600 24.8476143000
  6.0607953100 24.7723770000
  4.0613861100 24.7728252000
  2.0142777000 24.7178879000
  4.0928230300 22.7524490000
  6.3022570600 22.9691029000
  8.3848304700 22.9064693000
 10.3393593000 22.8371792000
 12.6076326000 22.8741493000
 14.7920799000 22.6858654000
 16.9674530000 22.8407269000
 18.8707600000 22.7785816000
 21.1000366000 22.7243233000
 22.8503952000 22.7883682000
 25.2289677000 22.8685799000
 39.7218781000 24.7658825000
 42.0537186000 24.7211514000
 44.1423302000 24.9832573000
 46.0139275000 25.1036358000
 48.1659966000 24.9082069000
 50.0844650000 24.9029541000
 52.1220245000 24.6228714000
 54.4802094000 24.7857914000
 56.8670387000 25.1030006000
 58.8338509000 25.0340405000
 60.9308586000 25.0332279000
 63.0536270000 24.8231544000
 60.8345985000 27.1169224000
 58.8232765000 27.0834026000
 56.6781158000 26.8705559000
 54.5668945000 26.8217773000
 52.4856720000 26.8806686000
 50.2711601000 27.0867844000
 48.2580223000 26.9260330000
 45.9651680000 26.8384399000
 43.9695129000 26.8457489000
 42.2134972000 27.1865883000
 39.9719315000 26.9521904000
 37.6474037000 27.0459423000
 35.7495651000 26.9730473000
 33.6523018000 26.9326725000
 31.3601189000 26.9285679000
 29.2361698000 26.9932957000
 27.3146439000 27.0161495000
 25.1002712000 27.1021481000
 23.0083637000 27.1915665000
 20.9287891000 26.8769951000
 18.9973335000 26.8326206000
 16.8936329000 26.7920227000
 14.8188486000 26.8780956000
 12.4723616000 26.7808247000
 10.4913845000 26.8150082000
  8.1375141100 26.7744408000
  6.1504449800 26.8255882000
  4.0993394900 26.8367920000
  2.0344493400 26.8763943000
 39.7592812000 22.9322910000
 42.0674782000 22.7928238000
 44.0912018000 22.7314529000
 45.9919891000 22.6927662000
 48.2236328000 22.7399235000
 50.1046677000 22.8895683000
 52.5763245000 22.7896519000
 54.7763252000 23.0617390000
 56.7663498000 22.9799500000
 58.8170280000 22.9570847000
 60.8866730000 22.8742771000
 62.8833580000 22.6520615000
 39.7793694000 18.6746292000
 42.1807404000 18.6663494000
 44.1297684000 18.7954388000
 46.0581436000 18.8522758000
 48.1889420000 18.8837204000
 50.4665756000 18.6980057000
 52.4967728000 18.5287685000
 54.5474129000 18.5304680000
 56.6000557000 18.5728607000
 58.6967354000 18.5127792000
 60.9075127000 18.7244568000
 62.8927689000 18.8655167000
 60.8893166000 20.7932796000
 58.8178406000 20.8362541000
 56.7610817000 20.8478985000
 54.7008324000 20.8615837000
 52.6998672000 20.8413353000
 50.1969986000 20.9115486000
 48.2037849000 20.8045235000
 45.9446335000 20.7987976000
 43.9598312000 20.7373390000
 42.0976105000 20.5494766000
 41.9482002000 16.7852993000
 44.0089149000 16.6775475000
 46.1705170000 16.6176834000
 48.2156372000 16.6892910000
 50.2441521000 16.6078796000
 52.3481483000 16.4550018000
 54.4112854000 16.5151386000
 56.7551842000 16.6206970000
 58.9376183000 16.7070713000
 60.9398651000 16.6992016000
 62.9874306000 16.7395687000
 39.8414001000 12.5542717000
 41.7731895000 12.3883982000
 43.8827515000 12.3303719000
 46.0061111000 12.2876625000
 48.3070488000 12.3131151000
 50.2770882000 12.3198414000
 52.6687317000 12.3969746000
 54.6017418000 12.3688526000
 56.6208534000 12.2954493000
 58.8118935000 12.5556974000
 60.8292542000 12.6000528000
 62.9675636000 14.5814304000
 60.9002304000 14.6374645000
 58.8440208000 14.6548796000
 56.8605652000 14.6695051000
 54.7933769000 14.7554884000
 52.5003166000 14.4372749000
 49.9599152000 14.6643600000
 48.0092964000 14.3157444000
 46.0421371000 14.3230152000
 44.3233452000 14.5074415000
 42.0689468000 14.2422342000
 39.8407898000 14.4428368000
 39.7283440000 10.3943634000
 41.7069168000 10.3739271000
 43.9232483000 10.3188066000
 46.0546722000 10.2518482000
 48.2377472000 10.2238979000
 50.3857307000 10.2151403000
 52.5220757000 10.2558231000
 54.7928276000 10.3976555000
 56.7940979000 10.2928514000
 58.8347778000 10.4692307000
 60.9156189000 10.5296392000
 63.0407677000 10.3126831000
 41.7741165000  8.3617248500
 43.9574013000  8.2826623900
 46.1774979000  8.1859359700
 48.2361221000  8.4673986400
 50.4088020000  8.2145328500
 52.4969711000  8.2368116400
 54.6679344000  8.2374563200
 56.8785515000  8.5812397000
 58.7892876000  8.4348850300
 60.8424721000  8.3889207800
 39.8278542000  4.1035761800
 41.8414612000  4.5196471200
 43.9965668000  4.4213199600
 46.0105324000  4.1195669200
 48.0912209000  4.1455025700
 50.1683617000  4.2255601900
 52.2456322000  4.3139715200
 54.5496330000  4.2229952800
 56.5103493000  4.1993279500
 58.6942596000  4.1168866200
 60.9113960000  4.1845293000
 62.9349442000  4.3005871800
 62.8197365000  6.4402136800
 60.8181000000  6.3376040500
 58.6999207000  6.3626084300
 56.5261955000  6.4480958000
 54.5115089000  6.3778042800
 52.5558929000  6.5065875100
 50.2868423000  6.2441368100
 48.0741310000  6.3745188700
 46.1440659000  6.2553768200
 43.9432869000  6.2609958600
 41.9824371000  6.4157385800
 39.7900887000  6.3930516200
 39.9208488000  2.2568020800
 41.6823730000  2.0432097900
 44.1622276000  2.2630729700
 46.1131401000  1.8500940800
 48.0693245000  2.0239427100
 50.4324913000  2.0740885700
 52.2894592000  2.0415737600
 54.4642754000  2.0051691500
 56.5018806000  1.8787263600
 58.4859238000  1.9701089900
 60.7495308000  2.3076355500
 62.8999786000  2.0495736600
 62.9857826000 31.2821712000
 60.9385567000 31.2273445000
 58.9384003000 31.2277489000
 56.7730141000 31.1535187000
 54.4382782000 31.0775986000
 52.3718987000 31.0520687000
 50.2718315000 31.1665115000
 48.2060204000 31.1857281000
 45.9360847000 31.2040672000
 43.8120956000 31.2860661000
 42.0797462000 31.2153549000
 39.7248497000 31.2362785000
 25.2870808000 31.2200718000
 22.9384480000 31.2155190000
 20.9871368000 31.2455730000
 19.0437050000 31.0785542000
 16.8507404000 31.0688496000
 14.7445545000 31.0458469000
 12.6732721000 31.0537319000
 10.5165558000 31.1933365000
  8.1302642800 30.8969135000
  6.1645565000 30.9676685000
  4.0687527700 30.9706154000
  1.9462947800 31.1794205000
  4.1649379700 28.8833542000
  6.1755700100 28.9167919000
  8.3194799400 29.1293888000
 10.4245758000 29.1702137000
 12.4551334000 29.0229626000
 14.9788332000 28.9887104000
 16.7502785000 29.3403721000
 18.9660149000 29.1414490000
 21.0508461000 29.0512333000
 22.8401070000 28.7525539000
 25.1046295000 28.9110966000
 27.3503399000 28.9566803000
 29.2108612000 28.9936333000
 31.5294971000 29.0059090000
 33.6089287000 29.0769558000
 35.7938385000 28.9714432000
 37.6965446000 28.9967766000
 39.9553871000 28.9845028000
 41.7674141000 29.2800522000
 43.8712578000 29.0823574000
 46.0129318000 29.2523270000
 48.2997055000 29.1823483000
 50.1797943000 29.1892776000
 52.5012245000 29.2451954000
 54.5041313000 29.1868954000
 56.8598824000 29.2256355000
 58.8483772000 29.1743698000
 60.9002724000 29.1632442000
 62.9654732000 29.1236305000
 60.9056816000 33.2514801000
 58.6907234000 33.0357399000
 56.5785789000 33.1041794000
 54.5360985000 33.0653076000
 52.5670090000 33.1692810000
 50.3480835000 33.2197762000
 48.0492134000 33.2465019000
 46.1696701000 33.1863289000
 43.9822922000 33.2994156000
 42.1660271000 33.2004128000
 39.7757645000 33.1166229000
 62.8741837000 37.1856461000
 60.8768768000 37.3934174000
 58.8066216000 37.4781380000
 56.7344437000 37.4912872000
 54.5401802000 37.3186111000
 52.4901695000 37.3617363000
 50.2956009000 37.2617836000
 48.1505165000 37.2789383000
 46.0357437000 37.2634544000
 43.9964104000 37.2116508000
 42.0782127000 37.2867126000
 39.7840576000 37.3389664000
 41.9651794000 35.2741547000
 43.8532867000 35.3078766000
 46.0370216000 35.1097755000
 47.9679222000 35.2851257000
 50.3118477000 35.3006172000
 52.3464432000 35.4314117000
 54.5678482000 35.3917007000
 56.7195206000 35.3807335000
 58.8042870000 35.3641281000
 60.8851624000 35.3186989000
 63.0069504000 35.2859802000
 62.9637985000 39.3540497000
 60.8886719000 39.4952126000
 58.8208504000 39.5420380000
 56.8446045000 39.6370544000
 54.5407524000 39.5648460000
 52.4729271000 39.4706078000
 50.5220108000 39.4108658000
 48.2175980000 39.4889832000
 46.0362358000 39.4348030000
 44.2319298000 39.3880043000
 41.9855156000 39.0146065000
 60.8820724000 41.6016083000
 58.8034019000 41.5889206000
 56.6384048000 41.3919449000
 54.6073418000 41.4309311000
 52.5260353000 41.5999794000
 50.1932869000 41.6898384000
 48.1457291000 41.5606995000
 46.0012398000 41.3547249000
 43.9543800000 41.4159050000
 41.8922539000 41.5700951000
 39.7153778000 41.6460800000
 62.9403343000 45.7776985000
 60.8675079000 45.7279892000
 58.7886009000 45.7338905000
 56.7299385000 45.8416862000
 54.5487137000 45.7894821000
 52.3060150000 45.6878433000
 50.2096024000 45.7559242000
 47.9310188000 45.7645836000
 46.1922417000 45.7296066000
 43.9596863000 45.6550789000
 41.7092705000 45.6635170000
 39.7032433000 45.6251907000
 39.7902107000 43.4980316000
 42.1369629000 43.4599991000
 44.1719055000 43.6604080000
 45.9607010000 43.8407097000
 48.0365067000 43.6892166000
 50.2004356000 43.6981430000
 52.2824936000 43.6769562000
 54.5450783000 43.6101418000
 56.6782494000 43.6761665000
 58.7849350000 43.6791115000
 60.8806000000 43.6688728000
 62.9579391000 43.6649323000
 60.8336983000 47.8127327000
 58.8026237000 47.8499908000
 56.6841698000 47.8335457000
 54.5196381000 47.6111183000
 52.3625488000 47.4363327000
 50.2769165000 47.7297211000
 48.1710892000 47.8004875000
 46.0690079000 47.7183914000
 43.8162537000 47.7069969000
 42.1172714000 47.8141823000
 39.7864876000 47.7611961000
 62.9786606000 51.7662888000
 61.0853844000 52.0127296000
 58.7625313000 51.7462044000
 56.7240028000 51.8115807000
 54.5799942000 51.7876892000
 52.4831085000 51.7860527000
 50.3295250000 51.7096939000
 48.2318344000 51.7595520000
 46.0546875000 51.7975349000
 44.2109680000 51.6230278000
 41.9812660000 51.8312111000
 39.7506752000 51.9897728000
 41.9663696000 49.8406525000
 44.2000771000 49.7814255000
 46.0092354000 49.5812035000
 48.3239670000 49.8125534000
 50.5643082000 49.4241600000
 52.5268173000 49.5052719000
 54.4690933000 49.6521683000
 56.6389618000 49.5896034000
 58.8476028000 49.7255325000
 60.9016228000 49.9224167000
 62.8271065000 49.6215324000
 62.9344902000 53.9921188000
 60.9279556000 53.7646904000
 58.5341682000 53.7205734000
 56.5901375000 54.1299667000
 54.6405830000 53.9554253000
 52.3233414000 53.9301605000
 50.5099716000 53.9218750000
 48.0912819000 53.9877739000
 46.1725578000 54.1351738000
 44.0632515000 53.9842949000
 42.0001450000 53.6740341000
 39.8998032000 53.7492409000
 22.8708916000 33.1610336000
 21.1723518000 33.1409111000
 18.9788055000 32.9795685000
 16.9136658000 33.0804214000
 14.7465391000 33.0112305000
 12.6701622000 33.2261772000
 10.2312193000 32.9322891000
  8.2295379600 33.0201187000
  6.1790351900 33.0482559000
  4.1107683200 33.1425743000
 25.2204838000 37.3448219000
 22.8591118000 37.3650398000
 20.8773117000 37.1479530000
 18.9193325000 37.2390785000
 16.8933945000 37.1348953000
 14.8565655000 37.4379082000
 12.4404230000 37.3481712000
 10.4338465000 37.4575539000
  8.3979959500 37.4262962000
  6.3020834900 37.4886932000
  4.0920891800 37.2814255000
  2.1073956500 37.1401405000
  1.9887207700 35.2674370000
  4.1084361100 35.2255135000
  6.1781396900 35.1693573000
  8.2348947500 35.1512451000
 10.2890377000 35.1350517000
 12.4342842000 35.1643410000
 14.7115421000 35.2765579000
 16.8435822000 35.2202187000
 18.9618397000 35.2071533000
 21.0193653000 35.3633041000
 22.9962940000 35.2446785000
 25.3412266000 35.2262917000
 23.0720711000 39.2384834000
 21.2406292000 39.4180107000
 18.9044704000 39.2709694000
 16.9314289000 39.4895782000
 14.6659946000 39.4144135000
 12.6906700000 39.5328217000
 10.5802727000 39.4868965000
  8.2431478500 39.3789864000
  6.0619750000 39.2929497000
  4.0598797800 39.3012848000
  2.0124387700 39.2607651000
 25.1607113000 43.4452667000
 23.2291718000 43.6015205000
 21.1201115000 43.6532784000
 19.0299530000 43.6592407000
 16.9343090000 43.6981087000
 14.6286602000 43.7484665000
 12.3213110000 43.7042274000
 10.2204180000 43.4809761000
  8.3761224700 43.6708908000
  6.1885232900 43.4435997000
  4.1707081800 43.3999443000
  2.0323896400 41.4185562000
  4.0996427500 41.3624802000
  6.1556997300 41.3448868000
  8.1341781600 41.3276024000
 10.1482067000 41.2531929000
 12.5998402000 41.3383675000
 14.6314020000 41.4304733000
 16.8392811000 41.6048470000
 19.0916595000 41.5696678000
 20.7427483000 41.4643669000
 22.9367390000 41.7602997000
 25.1611023000 41.5564842000
 25.2753639000 45.6000252000
 23.2991447000 45.5947685000
 21.0694637000 45.6429939000
 18.9669037000 45.6757393000
 16.7258339000 45.6145706000
 14.8191500000 45.6393318000
 12.4984770000 45.7601166000
 10.2006588000 45.2231903000
  8.2619171100 45.7381935000
  6.1531620000 45.5212250000
  4.0855951300 45.4687614000
  1.9597193000 45.6881638000
 23.2721577000 47.6423225000
 21.0545368000 47.6310387000
 18.9685154000 47.7413101000
 16.8249512000 47.7058830000
 14.6849356000 47.6777992000
 12.4840803000 47.7226601000
 10.1820364000 47.5768929000
  8.2711057700 47.7649918000
  6.1743340500 47.4807053000
  4.1568880100 47.6071701000
 25.1378384000 51.9013443000
 23.2471714000 51.7474899000
 20.9398785000 51.6021347000
 18.8958378000 51.8784256000
 16.9047070000 51.8210526000
 14.6655092000 51.8054962000
 12.7292681000 51.8188133000
 10.6055508000 51.7994194000
  8.5232324600 51.7439957000
  6.2448854400 51.7996864000
  4.0359473200 51.8310280000
  2.0376856300 51.7167015000
  2.1738801000 49.5604515000
  4.1447696700 49.6664886000
  5.9591679600 49.6435623000
  8.3857679400 49.6425018000
 10.6913395000 49.5085106000
 12.7970858000 49.6297455000
 14.5850725000 49.5198479000
 16.9524326000 49.5743637000
 18.7127075000 49.7059555000
 20.8030491000 49.6131134000
 23.2490025000 49.6913338000
 25.1482677000 49.6390877000
 25.0431843000 53.7982407000
 23.2117367000 53.5887337000
 20.8239117000 53.7056122000
 18.8385754000 54.1335640000
 16.8056507000 53.9975319000
 14.6487322000 53.9710045000
 12.8461847000 53.9337425000
 10.4967012000 53.9621353000
  8.4518890400 54.1176682000
  6.4298729900 54.0345230000
  4.1887192700 53.7124062000
  2.0742199400 53.9666557000
  1.2999999500  0.0000000000
  3.9000001000  0.0000000000
  6.5000000000  0.0000000000
  7.8000001900  0.0000000000
 10.3999996000  0.0000000000
 13.0000000000  0.0000000000
 15.6000004000  0.0000000000
 18.2000008000  0.0000000000
 19.5000000000  0.0000000000
 22.1000004000  0.0000000000
 24.7000008000  0.0000000000
 26.0000000000  0.8666666750
 26.0000000000  1.7333333500
 26.0000000000  3.4666667000
 26.0000000000  4.3333334900
 26.0000000000  5.1999998100
 26.0000000000  6.9333334000
 26.0000000000  7.8000001900
 26.0000000000  9.5333337800
 26.0000000000 10.3999996000
 26.0000000000 12.1333332000
 26.0000000000 13.0000000000
 26.0000000000 13.8666668000
 26.0000000000 15.6000004000
 26.0000000000 16.4666672000
 26.0000000000 18.2000008000
 26.0000000000 19.0666676000
 26.0000000000 20.7999992000
 26.0000000000 21.6666660000
 26.0000000000 22.5333328000
 26.0000000000 24.2666664000
 26.0000000000 25.1333332000
 26.6499996000 26.0000000000
 27.2999992000 26.0000000000
 27.9500008000 26.0000000000
 29.2500000000 26.0000000000
 29.8999996000 26.0000000000
 30.5499992000 26.0000000000
 31.8500004000 26.0000000000
 32.5000000000 26.0000000000
 33.1500015000 26.0000000000
 34.4500008000 26.0000000000
 35.0999985000 26.0000000000
 35.7500000000 26.0000000000
 37.0499992000 26.0000000000
 37.7000008000 26.0000000000
 38.3499985000 26.0000000000
 39.0000000000 25.1333332000
 39.0000000000 24.2666664000
 39.0000000000 22.5333328000
 39.0000000000 21.6666660000
 39.0000000000 20.7999992000
 39.0000000000 19.0666676000
 39.0000000000 18.2000008000
 39.0000000000 16.4666672000
 39.0000000000 15.6000004000
 39.0000000000 13.8666668000
 39.0000000000 13.0000000000
 39.0000000000 12.1333332000
 39.0000000000 10.3999996000
 39.0000000000  9.5333337800
 39.0000000000  7.8000001900
 39.0000000000  6.9333334000
 39.0000000000  5.1999998100
 39.0000000000  4.3333334900
 39.0000000000  3.4666667000
 39.0000000000  1.7333333500
 39.0000000000  0.8666666750
 63.7000008000  0.0000000000
 61.0999985000  0.0000000000
 58.5000000000  0.0000000000
 57.2000008000  0.0000000000
 54.5999985000  0.0000000000
 52.0000000000  0.0000000000
 49.4000015000  0.0000000000
 46.7999992000  0.0000000000
 45.5000000000  0.0000000000
 42.9000015000  0.0000000000
 40.2999992000  0.0000000000
 65.0000000000 54.8800011000
 65.0000000000 53.7599983000
 65.0000000000 51.5200005000
 65.0000000000 49.2799988000
 65.0000000000 48.1599998000
 65.0000000000 45.9199982000
 65.0000000000 44.7999992000
 65.0000000000 42.5600014000
 65.0000000000 40.3199997000
 65.0000000000 39.2000008000
 65.0000000000 36.9599991000
 65.0000000000 34.7200012000
 65.0000000000 33.5999985000
 65.0000000000 31.3600006000
 65.0000000000 30.2399998000
 65.0000000000 28.0000000000
 65.0000000000 25.7600002000
 65.0000000000 24.6399994000
 65.0000000000 22.3999996000
 65.0000000000 21.2800007000
 65.0000000000 19.0400009000
 65.0000000000 16.7999992000
 65.0000000000 15.6800003000
 65.0000000000 13.4399996000
 65.0000000000 11.1999998000
 65.0000000000 10.0799999000
 65.0000000000  7.8400001500
 65.0000000000  6.7199997900
 65.0000000000  4.4800000200
 65.0000000000  2.2400000100
 65.0000000000  1.1200000000
 40.2999992000 56.0000000000
 42.9000015000 56.0000000000
 45.5000000000 56.0000000000
 46.7999992000 56.0000000000
 49.4000015000 56.0000000000
 52.0000000000 56.0000000000
 54.5999985000 56.0000000000
 57.2000008000 56.0000000000
 58.5000000000 56.0000000000
 61.0999985000 56.0000000000
 63.7000008000 56.0000000000
 39.0000000000 30.8666668000
 39.0000000000 31.7333336000
 39.0000000000 33.4666672000
 39.0000000000 34.3333321000
 39.0000000000 35.2000008000
 39.0000000000 36.9333344000
 39.0000000000 37.7999992000
 39.0000000000 39.5333328000
 39.0000000000 40.4000015000
 39.0000000000 42.1333351000
 39.0000000000 43.0000000000
 39.0000000000 43.8666649000
 39.0000000000 45.5999985000
 39.0000000000 46.4666672000
 39.0000000000 48.2000008000
 39.0000000000 49.0666656000
 39.0000000000 50.7999992000
 39.0000000000 51.6666679000
 39.0000000000 52.5333328000
 39.0000000000 54.2666664000
 39.0000000000 55.1333351000
 26.6499996000 30.0000000000
 27.2999992000 30.0000000000
 27.9500008000 30.0000000000
 29.2500000000 30.0000000000
 29.8999996000 30.0000000000
 30.5499992000 30.0000000000
 31.8500004000 30.0000000000
 32.5000000000 30.0000000000
 33.1500015000 30.0000000000
 34.4500008000 30.0000000000
 35.0999985000 30.0000000000
 35.7500000000 30.0000000000
 37.0499992000 30.0000000000
 37.7000008000 30.0000000000
 38.3499985000 30.0000000000
 26.0000000000 55.1333351000
 26.0000000000 54.2666664000
 26.0000000000 52.5333328000
 26.0000000000 51.6666679000
 26.0000000000 50.7999992000
 26.0000000000 49.0666656000
 26.0000000000 48.2000008000
 26.0000000000 46.4666672000
 26.0000000000 45.5999985000
 26.0000000000 43.8666649000
 26.0000000000 43.0000000000
 26.0000000000 42.1333351000
 26.0000000000 40.4000015000
 26.0000000000 39.5333328000
 26.0000000000 37.7999992000
 26.0000000000 36.9333344000
 26.0000000000 35.2000008000
 26.0000000000 34.3333321000
 26.0000000000 33.4666672000
 26.0000000000 31.7333336000
 26.0000000000 30.8666668000
  1.2999999500 56.0000000000
  3.9000001000 56.0000000000
  6.5000000000 56.0000000000
  7.8000001900 56.0000000000
 10.3999996000 56.0000000000
 13.0000000000 56.0000000000
 15.6000004000 56.0000000000
 18.2000008000 56.0000000000
 19.5000000000 56.0000000000
 22.1000004000 56.0000000000
 24.7000008000 56.0000000000
  0.0000000000  1.1200000000
  0.0000000000  2.2400000100
  0.0000000000  4.4800000200
  0.0000000000  6.7199997900
  0.0000000000  7.8400001500
  0.0000000000 10.0799999000
  0.0000000000 11.1999998000
  0.0000000000 13.4399996000
  0.0000000000 15.6800003000
  0.0000000000 16.7999992000
  0.0000000000 19.0400009000
  0.0000000000 21.2800007000
  0.0000000000 22.3999996000
  0.0000000000 24.6399994000
  0.0000000000 25.7600002000
  0.0000000000 28.0000000000
  0.0000000000 30.2399998000
  0.0000000000 31.3600006000
  0.0000000000 33.5999985000
  0.0000000000 34.7200012000
  0.0000000000 36.9599991000
  0.0000000000 39.2000008000
  0.0000000000 40.3199997000
  0.0000000000 42.5600014000
  0.0000000000 44.7999992000
  0.0000000000 45.9199982000
  0.0000000000 48.1599998000
  0.0000000000 49.2799988000
  0.0000000000 51.5200005000
  0.0000000000 53.7599983000
  0.0000000000 54.8800011000
  1.0504949100  2.6533346200
 25.1757298000  3.0661454200
 25.2548218000  7.2995142900
  0.9940717820 31.8385029000
  1.0408390800 28.5751381000
  9.6498451200  1.2064073100
 12.3245344000  1.1319677800
 17.7231884000  1.1900987600
 15.0589132000  1.1278260900
  5.8855061500  1.0785043200
  7.2799596800  1.1935275800
 21.4257164000  1.1385147600
 24.0882950000  1.3360360900
 25.2399502000  9.1788940400
  1.0871995700 49.9477386000
  1.0055036500 46.3670807000
 25.2474060000 23.8226814000
 25.2235813000 17.7436047000
 25.2496529000 19.6407852000
 28.2766705000 29.4605904000
 25.3867702000 30.3365421000
 25.2445965000 32.1443558000
 36.0818062000 29.4598885000
 39.6325188000 25.6381760000
 60.3333969000  1.1391830400
 62.9361038000  0.9713599090
 63.9633942000  3.8266882900
 63.9065666000  6.0540356600
 39.7626305000 32.1648827000
 38.7321968000 29.4278564000
 36.7079544000 26.5397682000
 34.0877342000 26.4957581000
 30.9656429000 29.4872551000
 30.2460327000 26.5573063000
 32.0792618000 26.6266937000
 39.7439270000 21.9713840000
 39.7601051000 19.6755409000
 56.5275154000  0.8539538380
 39.7613754000 17.6919994000
 53.9712334000  1.0669382800
 51.3531036000  1.2735747100
 48.6688194000  1.1114687900
 39.8193588000 13.4887104000
 39.8427200000 11.5632725000
 39.8393097000  9.2296743400
 39.7975464000  7.3389444400
 44.9816628000  1.2072994700
 42.2928429000  1.0572135400
 40.0095711000  1.2976117100
 39.8684616000  3.1665663700
 39.7187271000  5.2400107400
 39.7540970000 34.1008949000
 39.7558289000 36.3650780000
 39.7927856000 38.2715225000
 39.5772209000 40.8909569000
 63.9843216000 42.0362129000
 63.9073906000 47.5036964000
 59.1229172000 54.8599968000
 55.4252052000 54.7987785000
 63.9947586000  9.6337270700
 63.9589958000 12.8773508000
 63.9925804000 15.1190929000
 63.9766998000 38.7170868000
 63.8135452000 36.3451958000
 63.9507141000 32.9880600000
 63.9911652000 29.6704197000
 63.9591064000 27.4249115000
 63.9686508000 51.0906715000
 61.8161240000 54.7336998000
 63.9686928000 53.3278160000
 63.9258881000 54.5018272000
 52.7642059000 54.8673744000
 50.0011406000 54.8641815000
 39.7903366000 46.7839584000
 39.7910347000 44.4763680000
 39.7631264000 42.5610924000
 39.7547684000 48.6974716000
 39.7850494000 52.8690529000
 40.0379066000 54.7162132000
 25.2492085000 34.0836792000
 25.2445946000 36.3648338000
 25.1889763000 40.5652809000
 25.2386189000 38.3163948000
 25.1825542000 42.5103455000
 25.1314545000 48.6627426000
 25.2580471000 50.7746544000
 25.0970955000 52.8657455000
 16.2913456000 54.9340515000
 13.7066584000 54.7327919000
 24.9631996000 54.7660446000
 11.0405388000 54.8856430000
  8.4496536300 55.1439438000
  2.0506231800 55.0364037000
  1.0211753800 52.1837730000
  1.0409957200 43.1226616000
  1.0073938400 40.8809090000
 25.4315147000 15.1003447000
 25.2406063000 13.4218349000
 25.1893311000 11.4835453000
  1.0088213700 26.3295975000
  1.1851068700 19.6625004000
  1.0230131100 17.2854233000
  1.0162164000 13.9636812000
  1.0199394200 11.7860451000
  1.0943290000  8.4928093000
  3.1630690100  1.2388037400
  1.0774427700  1.4868795900
  1.0647618800  4.8999233200
  1.0494296600 23.0124645000
 64.0058517000 24.1635933000
 26.2818985000 26.5851669000
 28.9302788000 26.5324726000
 39.7543907000 23.8560352000
 64.1350479000 20.7307186000
 63.9516907000 18.4380016000
 63.9806023000 44.2137985000
 47.3145790000 54.8362923000
 43.5361366000 54.9117012000
  0.8648298980 35.2739410000
 25.1597309000 44.4347343000
 25.1658592000 46.7413788000
 20.0083752000 54.7768784000
 22.8992825000 54.7985229000
  4.6237835900 54.8725395000
  1.0482461500 37.5636749000
  4.5793743100  1.1177586300
  8.4618387200  0.8591024880
 11.0416784000  1.1161197400
 13.6980391000  1.2750523100
 16.3357010000  1.1071652200
 18.8699799000  0.8522613640
 20.0171623000  1.2101045800
 22.7151852000  1.1645205000
 25.1816387000  1.2043144700
 25.3065586000  4.9045829800
 25.4534512000  5.6443696000
 25.2484379000 21.8922157000
 25.3823509000 25.6600418000
 26.9713783000 26.5711823000
 27.6211834000 26.5395889000
 28.2748070000 26.5444756000
 30.9151993000 26.4961777000
 32.9354134000 26.6308041000
 34.7555504000 26.5517578000
 36.0591469000 26.5209618000
 37.3618164000 26.5438881000
 38.7381630000 26.5788670000
 39.8116150000 15.4353638000
 61.7582550000  1.2998001600
 59.0548973000  1.0754344500
 57.6869926000  1.1771329600
 55.3384285000  1.1872713600
 52.7171364000  1.0808353400
 49.9620857000  1.1264708000
 47.2798004000  1.1874420600
 46.1349220000  0.8489671350
 43.5727730000  1.1125077000
 63.9815140000 52.2012520000
 63.9114456000 49.9682961000
 63.7279205000 48.7403259000
 63.9576797000 46.3921509000
 63.9731140000 45.3022881000
 63.9801903000 43.1276550000
 63.9854240000 40.9360428000
 63.9830093000 39.8300438000
 63.9367790000 37.5900383000
 64.1306229000 35.2812767000
 63.8145142000 34.2239952000
 63.9861755000 31.8720245000
 63.9924545000 30.7704926000
 63.9748764000 28.5595531000
 64.0074768000 26.3045368000
 64.0465317000 25.2408924000
 63.9493942000 23.0423908000
 63.8147049000 21.8008251000
 63.8165512000 19.6761742000
 63.9870758000 17.3210583000
 63.9936142000 16.2192478000
 63.9756737000 14.0092888000
 64.0052490000 11.7628717000
 64.0411682000 10.7040863000
 63.9221077000  8.5170898400
 63.7321815000  7.2896738100
 63.9530640000  4.9366974800
 63.9522781000  2.6975154900
 63.9147263000  1.5130748700
 42.1487961000 54.7995605000
 44.9537926000 54.8086319000
 46.1481857000 55.1560173000
 48.6992035000 54.8931046000
 51.3940125000 54.7198296000
 54.0397491000 54.8850937000
 56.5699654000 55.1394615000
 57.7173882000 54.7802315000
 60.4195824000 54.8595810000
 39.6334000000 30.3522530000
 39.5479126000 50.3539925000
 39.6866035000 51.0923309000
 26.2871704000 29.4008846000
 26.9828854000 29.4142323000
 27.6326141000 29.4583626000
 28.9220371000 29.4721432000
 30.2675495000 29.4312820000
 32.1064682000 29.4580765000
 32.8988419000 29.3657570000
 34.0706787000 29.5031395000
 34.7458992000 29.4349823000
 36.7382240000 29.4551392000
 37.3885803000 29.4667854000
 38.0354309000 29.4376488000
  3.2141497100 54.7126427000
  5.8968358000 54.9309807000
  7.2702713000 54.8225288000
  9.6402406700 54.8014870000
 12.3283920000 54.8748283000
 15.0452251000 54.9236450000
 17.6685619000 54.8135757000
 18.8431015000 55.1448021000
 21.4528465000 54.8393822000
  1.0571018500  3.7764165400
  1.1056133500  6.0295600900
  1.2799737500  7.2579140700
  1.0429540900  9.6046705200
  1.0273484000 10.6966524000
  1.0203626200 12.8722448000
  1.0151464900 15.0639210000
  1.0171865200 16.1708946000
  1.0615614700 18.4158096000
  0.8686181900 20.7227573000
  1.1851745800 21.7790356000
  1.0138881200 24.1280899000
  1.0075641900 25.2295456000
  1.0250828300 27.4404659000
  0.9924581650 29.6955738000
  0.9534100890 30.7599392000
  1.0503493500 32.9625397000
  1.1849461800 34.2089500000
  1.1833169500 36.3301735000
  1.0128412200 38.6794586000
  1.0063389500 39.7808914000
  1.0243067700 41.9907112000
  0.9947502610 44.2371674000
  0.9589568970 45.2962112000
  1.0780949600 47.4837456000
  1.2663099800 48.7110405000
  1.0359286100 51.0685692000
  1.0338103800 53.3120041000
  1.0764422400 54.4925117000
 24.2666855000  2.6305203400
 24.4847374000  8.6590519000
  1.7936965200 30.2434692000
  2.0799188600 27.9926605000
 24.5330238000  6.7417030300
  9.5420045900  2.4919438400
 22.0368290000  2.2312600600
 24.2283211000 10.7815819000
 24.4635830000 22.3045502000
 24.6175003000 25.3357792000
  2.0798847700 42.5306015000
 24.4926167000 20.2172585000
 25.5714684000 26.4665375000
 26.7127342000 28.6922741000
 25.5776386000 29.5328121000
 24.4632092000 33.6457596000
 40.5590553000 20.3135223000
 59.5233955000  2.1410358000
 62.9298744000  3.2042217300
 39.4543266000 29.5633698000
 36.4218063000 28.9051495000
 40.5539093000 18.2016792000
 40.5688019000 16.1729717000
 40.6282463000 13.9908962000
 53.3743706000  2.0818324100
 40.7702484000 12.0968895000
 49.2385178000  2.2911183800
 40.7049446000 10.9473124000
 40.5822182000  7.7611393900
 40.5983543000  5.8652458200
 40.5278625000  3.7264030000
 41.1031532000  1.0474932200
 42.8943176000  2.1722414500
 40.5140724000 31.6457253000
 62.9496269000 44.7253075000
 62.9009857000 46.8498650000
 59.7573853000 53.7903900000
 40.5424500000 33.6801491000
 40.5417709000 32.6581268000
 62.9200821000 13.4694033000
 40.5141525000 35.7872581000
 40.5116425000 34.7218018000
 40.5550995000 37.7922859000
 40.5370560000 36.8091660000
 62.9565659000 42.6027832000
 62.9345245000 38.2631340000
 62.9545860000 32.3529358000
 62.9199562000 28.0074005000
 61.9913864000 53.4412003000
 40.5810928000 44.0066566000
 40.6502075000 46.2308922000
 39.7492485000 40.1487007000
 24.4821968000 35.7790756000
 24.4513187000 37.8238983000
 24.3986969000 42.9410782000
 24.0010853000 55.1599121000
 22.0724468000 53.7280083000
 15.7223167000 53.9287186000
  2.0407979500 52.8154907000
 24.4436016000 12.9475870000
  2.0440564200 38.1910210000
  2.0221867600 40.3352127000
 24.5207996000  4.5927553200
  2.0456242600 23.6476154000
  2.0240817100 25.7926025000
  2.0446398300 13.3971901000
 62.9558754000 17.8110237000
 24.6251812000 14.9948473000
 24.4370060000 17.2527237000
 24.4766560000 19.2034588000
 25.2657795000 15.8477421000
 24.4698448000 18.2309017000
 24.4929657000 21.2731705000
 24.4706860000 23.3232651000
 40.5049782000 22.4473457000
 40.4976273000 24.3662682000
 62.9686279000 23.7344704000
 27.9218788000 27.0920258000
 24.5039291000 31.6215801000
 40.5617371000 19.2234287000
 40.5306664000 17.1839714000
 40.6034584000 13.0557089000
 40.7628555000  8.6877317400
 40.7025490000  9.8265457200
 40.5892410000 38.7596893000
 40.3881264000 30.6703796000
 40.3874474000 40.9907341000
 43.0135040000 53.8414421000
 40.6482277000 45.0714798000
 40.5467415000 43.0259399000
 40.4771805000 49.2612228000
 40.4632187000 51.4134979000
 40.5162201000 53.1673279000
 41.0181007000 55.1081314000
 40.5752258000 47.3011894000
 24.4577312000 36.8198090000
 24.4876499000 34.6992645000
 24.4325390000 39.8329735000
 24.3742886000 42.0081367000
 24.2330532000 43.8970451000
 24.2628384000 48.1722069000
 24.3101349000 46.1315231000
 24.2789497000 50.2147751000
 24.1847763000 53.2557220000
 24.2358360000 52.2978630000
  5.4087271700 53.8666496000
  5.2943596800  2.1409835800
 62.9777336000 15.6648798000
 62.9758949000 30.2074413000
 29.5728092000 26.5481663000
 35.4233093000 26.5393047000
 38.0214157000 26.5787144000
 62.9816055000 52.8538551000
 62.9600906000 40.4480095000
 63.2061768000 25.7575283000
 63.1994438000 11.2332926000
 29.5725937000 29.4438534000
 35.4326820000 29.4369469000
  2.0406754000 15.5529327000
  1.8007021000 44.7670441000
  2.0924971100  3.0652818700
 24.4348965000  3.6382432000
 24.4932823000  7.7151660900
  2.0318932500 32.2730103000
 11.6667910000  2.3024365900
 17.8870316000  2.4471945800
  7.3727598200  2.4947924600
 24.4329376000  9.6438598600
  2.0870523500 50.6180458000
  2.0592341400 46.7716179000
 24.5035439000 24.3390560000
 28.6102219000 28.9445038000
 24.6483860000 30.6592770000
 24.4684162000 32.6276360000
 40.3671074000 25.3102684000
 39.4614983000 26.4191208000
 61.8921242000  2.6378333600
 62.8979797000  5.3887453100
 38.3372688000 28.7423878000
 36.3216476000 27.0551929000
 34.3534966000 27.0749454000
 30.7377396000 28.8781338000
 40.5230827000 21.4258747000
 55.4048271000  2.4885473300
 51.3789101000  2.5591602300
 40.5625648000  6.8548588800
 45.2258110000  2.3484411200
 40.7230644000  1.9009325500
 55.5945206000 53.5255623000
 62.9430008000  9.2292461400
 62.6928329000 36.2888222000
 62.9285469000 50.6850662000
 53.4826012000 53.6972656000
 51.4233437000 53.4562073000
 40.4890404000 42.0554085000
 40.5375175000 48.2781525000
 40.5035095000 52.3552971000
 24.4722252000 38.8296318000
 24.2634258000 49.1723328000
 13.7879992000 53.4662514000
 11.6712589000 53.7038078000
  9.5294609100 53.5144157000
  3.0653312200 53.3838081000
 24.5110893000 13.9272680000
 24.3841419000 11.9604301000
  2.2963845700 19.7319832000
  2.0623753100 17.7464523000
  2.0513489200 11.2739334000
  2.1025769700  9.1442432400
  2.9284813400  2.3883988900
  2.1350483900  5.3086805300
 26.6872082000 27.2697468000
 40.5145149000 23.3980751000
 62.7045441000 19.7616825000
 47.1843567000 53.7351837000
  2.2945389700 36.2507477000
 24.3013592000 45.0356140000
 24.2831650000 47.1715317000
 19.7400208000 53.6296349000
 13.7297497000  2.5301859400
 15.7739687000  2.2880961900
 19.7686462000  2.3482720900
 24.6674576000  5.6614198700
 28.6303844000 27.0862103000
 30.6541862000 27.0757599000
 32.5044785000 27.1327496000
 37.0110931000 27.0926495000
 57.5582657000  2.4437077000
 47.1090622000  2.4412713100
 62.6046715000 48.7680817000
 62.7018585000 34.2990646000
 62.6977921000 21.7545071000
 62.6061020000  7.3105154000
 45.0864944000 53.4902496000
 49.2691193000 53.6797218000
 57.4809303000 53.6328430000
 40.3318672000 50.3427467000
 27.9474945000 28.9355888000
 32.3314285000 28.7829819000
 34.3000336000 28.9029922000
 37.1166420000 28.9323139000
  7.3835310900 53.5424385000
 17.7623768000 53.5328331000
  2.4115068900  7.2327199000
  2.2966358700 21.7076645000
  2.3013291400 34.2648277000
  2.3901104900 48.6915741000
  3.3109798400  3.4160945400
  4.7042465200  3.2416458100
  6.1462059000  3.1514685200
  8.4643869400  3.0627424700
 10.5768795000  3.0546169300
 12.7142563000  3.0605878800
 14.7377996000  3.0519316200
 16.8641720000  3.0199527700
 18.9269657000  2.9645519300
 21.4299488000  3.2938170400
  3.0584414000 26.3275089000
  3.1954517400 49.1494980000
  3.1550147500 42.9772873000
  3.1973676700 48.1808434000
  3.1238775300 47.1709328000
  2.9282798800 44.8592987000
 23.5679569000 23.8349972000
 24.8141556000 26.2599545000
  3.0570600000 40.8614311000
 25.8597565000 27.1862602000
 25.8682957000 28.8000202000
 61.8808479000  8.8285102800
 40.2049332000 29.7861099000
 35.1285782000 28.7448139000
 28.2810497000 27.7826595000
 58.6229591000  2.9446029700
 40.7636909000 15.0783873000
 48.1205521000  3.0124073000
 40.7531586000  4.6894917500
 40.8770142000  2.8816669000
 43.4924126000  3.3214938600
 62.0722580000 11.1408587000
 61.9219780000 42.0970955000
 61.8449440000 13.0227251000
 61.9428329000 15.1385841000
 61.9537697000 17.2373390000
 61.9245720000 39.9703140000
 61.8959351000 37.8340950000
 61.8731499000 35.8094139000
 61.8740311000 33.8022881000
 61.8744316000 34.7974701000
 62.0827484000 25.6525345000
 35.1276550000 27.1760559000
 14.9911060000 52.8876343000
  3.0697867900 51.2293587000
  3.0179090500 52.2931175000
  3.8663494600 52.7680283000
  3.0460619900 38.7640190000
  3.1345992100 33.7343674000
  3.0478603800 24.2283802000
 23.5627174000  3.3747646800
  3.1237025300 19.2160301000
  3.0838539600 11.8139544000
  3.1130213700  9.7253942500
  3.2196962800  7.6902709000
  3.1808955700  5.7157616600
 61.8763885000 19.2701015000
  2.0412619100  0.9385356900
  3.1234998700 22.2042370000
  3.1124994800 20.2152386000
  3.2341721100  6.7258420000
 23.6928177000  9.0101738000
  3.1599888800  8.6834793100
  3.0799789400 13.9030638000
 23.5753117000 13.4704447000
  3.1146144900 35.7509270000
  3.1258850100 34.7387848000
  3.1260552400 36.7382889000
  3.0920429200 18.1868706000
  3.0745432400 16.0335770000
 39.1838989000 28.8461933000
 61.9177399000 23.3175106000
 61.8471756000 27.5483627000
 35.8192711000 27.5198479000
 29.8817406000 28.7545776000
 29.8673172000 27.1900806000
 23.5651340000 32.1238327000
  3.1525542700 28.4517937000
 61.8778114000 21.2797470000
 61.8587227000 22.2852535000
 61.8509636000  5.8444647800
 61.0793152000  3.2478466000
 61.8778725000 20.2661076000
 41.4617348000  9.3230037700
 61.9553070000  9.9153804800
 61.7893600000  6.8544163700
 61.8970375000  4.7868228000
 41.3794403000  7.3208775500
 61.9413986000 29.6725368000
 61.9522896000 31.7719822000
 40.6899948000 39.8447685000
 24.8461590000 29.7618561000
  2.9170908900 30.3495693000
 61.8495903000 36.8114052000
 61.8549805000 47.3103867000
 61.8886185000 46.2737427000
 61.9179382000 44.1859665000
 61.7944717000 48.3231506000
 41.3780365000 52.8197212000
 61.9069824000 50.3060493000
 56.6536064000 53.0018082000
  3.0836694200 32.6958885000
 24.2388496000 40.9243546000
 23.5605450000 46.6260452000
 24.2777920000 51.2791748000
 18.8630524000 53.0159416000
 12.7468157000 52.9461327000
  6.3142614400 53.0319595000
 33.5056915000 29.5891705000
 23.6196556000  7.1941890700
 23.6023865000 19.7350349000
 40.1863861000 26.1712246000
 37.5995064000 28.4560242000
 33.5250893000 26.4118481000
 31.5303211000 29.5902481000
 31.2587891000 28.3617477000
 41.5024872000 19.7416687000
 41.4187279000 13.4464207000
 41.4129791000 36.2752113000
 41.4140663000 38.2206879000
 62.9552994000 55.0455284000
 41.4456749000 46.9224739000
 41.4129257000 48.8199692000
 23.5570793000 36.2860222000
 23.5840607000 42.5508308000
 23.5272026000 48.6658134000
 23.5294132000 50.7334557000
 23.4936218000 52.7238579000
 24.0505447000 54.2278633000
 24.3318501000 16.1547699000
 23.4724884000 11.6223421000
 29.0320225000 28.3533001000
 41.4153519000 23.8574429000
 31.4809170000 26.4102879000
 23.6547909000  5.1783995600
 22.5543060000  3.2802102600
 61.9407806000  3.7269735300
 35.9674606000 28.2966003000
 41.4414063000 17.7012863000
 54.1821899000  3.1225986500
 52.6028671000  3.1553762000
 50.2828293000  3.0778594000
 41.4620209000 11.4354544000
 42.1355820000  3.3003699800
 61.9068718000 45.2306900000
 59.2008553000 52.7119789000
 60.3579788000 52.8036652000
 41.4539604000 32.1417313000
 41.4337959000 34.2411385000
 61.9156685000 38.8937340000
 61.2795219000 52.8833504000
 62.0488815000 52.3861122000
 21.4363213000 52.6692963000
 22.5874882000 52.6947365000
 16.5389080000 52.9079628000
  3.0462741900 39.8081284000
  3.0478768300 25.2730961000
 23.6146717000 17.7939053000
 23.5741539000 21.7518291000
 41.3081856000 22.0191612000
 41.1810875000 24.9728241000
 61.9767227000 24.4167061000
 23.8236561000 30.9921112000
 41.2195473000 30.9968204000
 42.5422630000 52.8023720000
 43.8700867000 52.8355713000
 41.4592552000 44.3883858000
 41.3511658000 50.8473625000
 40.9998589000 54.0048904000
 23.5614891000 34.2007675000
 23.5758247000 38.3240395000
 61.9535751000 16.1922474000
 61.9520760000 30.7270298000
  3.0234949600 31.5897770000
  3.1318683600 50.1586685000
  3.0468070500 46.0842094000
 23.7976036000 24.9656639000
 39.2066002000 27.1613464000
 38.3098412000 27.3023071000
 33.8790054000 27.6610088000
 41.3699608000 20.9376411000
 56.4980087000  3.0457873300
 46.0585594000  2.9641048900
 54.5786018000 52.9514885000
 61.9879341000 51.3529854000
 52.4470177000 52.9314079000
 50.3658638000 52.9037170000
 41.4028473000 42.5135803000
 10.5827122000 52.9534035000
  8.4698810600 52.9318886000
  3.0763633300 17.1183338000
  3.0949628400 10.7684908000
  3.1808202300  4.6432557100
 27.4369564000 27.5764923000
 41.1621017000 22.9029694000
 46.3884430000 52.8773613000
 47.9337807000 52.8813896000
 23.5418320000 44.5457497000
 29.1433144000 27.5610065000
 31.1297188000 27.6414452000
 37.4468956000 27.7040329000
 36.5694427000 27.6652279000
 61.8101463000 49.3012428000
 61.7952156000  7.8197612800
 27.5554600000 28.3395042000
 28.2852497000 28.4711113000
 33.7538719000 28.4222031000
 36.8536263000 28.3265591000
  3.1176662400 21.2167721000
  7.3916201600  3.6318075700
  9.5150146500  3.6405301100
 11.6321516000  3.6030473700
 13.7148809000  3.6360061200
 15.7922068000  3.5803055800
 17.8913746000  3.5746903400
 20.1098385000  3.4339246700
  4.0931868600 32.0733833000
 38.9457245000 28.0208054000
 57.5793228000  3.5851783800
 31.8940868000 27.3394146000
 53.4136848000  4.2537336300
 44.8543282000  3.4553532600
 47.0735970000  3.5641150500
 42.8877754000  4.3889107700
 51.4128494000 52.3298798000
 33.0705566000 28.6581802000
 13.7843094000 52.3657379000
  4.1060204500 50.7270164000
  5.3242983800  4.3559408200
  4.2094793300  5.0979294800
  4.1036038400 17.5851421000
 60.9059486000 23.9356537000
 41.1414070000 12.7468548000
 60.8030510000  7.3654537200
 60.8790970000 38.4348221000
 47.1201591000 51.8179970000
 43.1037941000 51.7828636000
 41.2177238000 47.8271942000
 59.9283180000 51.6267891000
 57.8810577000 52.5472298000
 22.6140614000 48.6555290000
 20.0833931000 52.5409546000
 22.6065178000 50.7077332000
 15.7762041000 51.8145027000
  5.0271873500 52.6151962000
 23.6546211000  9.8997421300
 30.5369301000 28.2031040000
 41.2270164000  3.8235156500
 41.4727097000  5.5561790500
 23.5873966000 40.0351486000
 33.1052704000 27.3530216000
 35.1887321000 27.9295368000
 41.4210167000 15.9772177000
 25.4261093000 27.7132912000
 31.8283672000 28.4718800000
 34.4763336000 28.2131748000
  3.3071522700 29.3596420000
  3.0921573600 27.3921566000
 23.2108536000 25.5125885000
  3.0923709900 41.9233322000
 26.1229115000 27.9871578000
 59.9117432000  3.3767869500
 49.1667175000  3.5777881100
 41.1246567000  8.0328683900
 60.8487854000 46.7748756000
 61.9075546000 14.0766554000
 41.1675491000 35.2599144000
 61.9189072000 43.1437912000
 61.9178009000 32.8042450000
 61.9076042000 28.6079063000
 41.3332901000 40.7554359000
 23.8169422000 35.2419624000
 22.0555344000 51.6843872000
  3.0808103100 37.7338333000
 23.8427296000  4.2033553100
  3.0817179700 23.1980019000
  3.0830297500 12.8563709000
 61.9194565000 18.2703552000
 23.6784382000 15.2368727000
 23.8411922000 20.7418423000
 41.8647270000 30.3010445000
 41.0351639000 30.0276279000
 23.8612461000 43.2476196000
 61.9212532000 41.0370407000
 61.6925468000 26.6410751000
 61.6864281000 12.1231499000
  3.0800526100 14.9639788000
  3.3136713500 43.8769302000
  4.1210284200 46.5603600000
 24.0527039000 30.0321617000
 40.9663048000 25.9104538000
 60.8418503000  5.2776317600
 34.6050453000 27.6109447000
 55.4338493000  3.6421868800
 51.3114967000  3.7282686200
 55.6263084000 52.3769951000
 60.8804855000  9.4338226300
 60.8656998000 36.3566551000
 60.9869194000 50.9602394000
 53.5163994000 52.3962517000
 41.1354408000 51.8534203000
 11.6662664000 52.4105034000
  9.5463876700 52.3594437000
  4.1076202400 19.6723099000
  4.1605625200  9.2306203800
 60.8793640000 19.7578220000
  4.1185984600 36.2532806000
 38.1278458000 28.0451126000
 60.8168907000 48.8861961000
 60.8762589000 34.2845879000
 60.8721962000 21.8328018000
 45.1423187000 52.3129387000
 49.2048645000 52.3179169000
 26.9030533000 27.9730358000
  7.4019403500 52.3302689000
 17.7968616000 52.4093323000
  4.2102947200  7.1858992600
  4.1152272200 21.7275257000
  4.1774859400 48.6372604000
  4.1348156900 44.4099579000
 22.5453281000 23.9060173000
 24.2900372000 26.9660664000
 23.8876724000 26.0266209000
 25.4329720000 28.2853127000
 40.7772255000 29.1331177000
 60.8654976000 11.5895557000
 60.9280243000 17.7119732000
 60.8852577000 40.5432816000
 60.8753128000 26.1018829000
  4.0717072500 38.2904510000
  4.1249704400 34.1839142000
  4.0730719600 23.7611637000
 22.0124989000  4.2652430500
  4.1298379900 11.2975502000
  4.1144857400 15.4599266000
 39.6586342000 28.3605709000
 29.8103294000 27.9473839000
 30.3996964000 27.6115551000
 22.5153389000 32.1185608000
 42.3528214000  9.3518123600
 60.9265213000 32.2402306000
 24.2950344000 29.0951786000
  4.1242203700 29.8995590000
 60.8730927000 44.7026367000
 22.6538124000 46.6172867000
 22.5568600000  7.1447091100
 40.7269669000 26.7675648000
 42.5476036000 19.7455463000
 42.4127388000 46.6788216000
 42.4890213000 48.8794518000
 22.5095673000 11.4217157000
 42.4553146000 23.8142338000
 42.3427200000 11.3688631000
 42.4855347000 32.0797729000
 42.4846649000 34.3543930000
  4.0801820800 40.3268623000
  4.0807237600 25.7990990000
 22.5333233000 21.6579437000
 42.2553673000 21.5446396000
 41.8008957000 25.6468544000
 23.2178249000 30.2902870000
 42.4669342000 44.5941544000
 22.4739304000 34.2778587000
 60.9196358000 15.6732492000
 60.9189911000 30.2009773000
 39.7731590000 27.6989899000
 22.6585102000 44.6067123000
 22.1229992000 10.4152975000
  5.0515341800 24.2979164000
 22.0984116000  7.8943076100
  5.1601438500 49.1400146000
  5.1204094900 40.8321381000
 22.1202087000 24.7289238000
 24.6280556000 28.0144577000
  5.0507121100 38.8221054000
 21.9187164000 22.3549404000
 59.8547592000 11.0305996000
 41.1820183000 16.7641487000
 42.8534393000 12.3291769000
 42.8555145000 10.3460035000
 42.8903008000  8.3352165200
 59.8793716000 15.1677790000
 42.9237976000 31.2717323000
 59.9488831000 17.1788349000
 43.1268005000 33.6664543000
 59.8404541000 19.1990585000
 59.8498688000 40.0419579000
 59.8426857000 37.9630890000
 59.8438225000 35.8708267000
 59.8365669000 33.7232132000
 59.8628578000 25.5565052000
 23.8280106000 39.2520561000
 22.1432743000 45.6201668000
 14.9864902000 50.7169037000
  7.4868722000 50.9309998000
  5.1150903700 51.2907639000
  5.1579337100 36.8067627000
  5.1560955000 22.2849159000
  5.1855993300  9.7592620800
  5.2093043300  7.6987319000
  5.2571945200  5.5879597700
 59.8512917000 21.3461933000
 21.5094910000  5.2551641500
  5.1351027500 18.0591297000
 22.0222359000  6.2049222000
  5.1732120500 11.8108196000
 21.9308453000 12.0837173000
  5.1317110100 20.1531696000
  5.1467347100 15.9647875000
 22.1108971000 20.7491817000
 22.4683819000 25.5094967000
  5.1186351800 26.3098526000
 21.8986511000 23.2658520000
 40.4448586000 28.2365952000
 42.9171982000 20.6663570000
 42.9082870000 24.5737286000
 59.8562355000 23.4499378000
 22.0353241000 32.8116646000
 21.9868145000 33.5389442000
 42.8300858000 22.2464790000
 59.8300972000  8.9329433400
 42.4237442000  5.4309401500
 51.1807594000  5.0545077300
 59.8024597000  4.6763682400
 59.7695122000  6.8673501000
 59.9480171000 31.7027016000
 59.8806953000 29.6901474000
 42.6381950000 30.5121593000
 22.0142689000 31.3017750000
  5.1589546200 47.0397110000
  5.1362357100 30.4455261000
 43.1393204000 32.7381248000
 42.9104309000 35.2977867000
 59.8236122000 46.2495193000
 59.8304634000 44.1901894000
 42.9073257000 45.6427269000
 59.8060760000 48.3955116000
 42.9387360000 47.3888550000
 43.5779266000 50.7654610000
 43.0318909000 49.8207054000
  5.1412057900 32.5586128000
  5.1451129900 34.6654816000
  5.1439251900 44.9660492000
 22.1476784000 43.6564522000
 41.1991005000  6.4025797800
 32.4794617000 27.7621613000
 23.7853546000 22.8006020000
 23.7858276000 33.1518059000
 41.2276001000 33.1843109000
 41.2253799000 43.4789124000
 23.8982773000 14.4104843000
 41.2480545000 18.7068825000
 23.8502026000  8.1601028400
 41.1009750000 41.5770493000
 23.7364693000 12.5022459000
 33.1579437000 28.0236721000
  4.1378150000 42.3984795000
 57.5963135000  4.7287521400
 47.0576630000  4.6916065200
 60.8799171000 42.6358910000
 60.8620987000 13.6014929000
 22.7701950000  9.4570856100
  4.1228728300 13.3645802000
 60.8648834000 28.1239662000
  4.1346545200 27.8761368000
 42.4004135000  7.3496103300
 57.8163033000 51.1767540000
 19.8489666000 51.2765350000
 13.7760324000 51.2690582000
 22.5750923000 19.8187828000
 31.8018742000 27.9705906000
 42.3949127000 13.2993793000
 42.4460602000 36.2053680000
 22.4738350000 36.2390709000
 22.6079483000 42.6965942000
 22.0502605000 49.6645317000
 22.5486259000  5.2196664800
 49.0973701000  4.6967897400
 42.5020714000 50.8147087000
 55.4411926000  4.7641873400
 45.0464439000  4.7704100600
 55.6283455000 51.1852379000
 53.5284920000 51.2280159000
 51.4307976000 51.1801643000
 11.6793489000 51.2518387000
  9.5986251800 51.2312698000
  7.3977623000  4.6951799400
  9.4815626100  4.8055267300
 11.5875034000  4.7715120300
 13.6769247000  4.7654228200
 15.7664156000  4.7421178800
 17.8575191000  4.7113022800
 19.8860722000  4.7000398600
 54.2150650000  5.3191490200
 52.6721344000  5.4335293800
 43.4131165000  5.3671231300
 32.6520424000 28.2947788000
 46.3631134000 50.7561760000
 47.7127419000 50.8141174000
 59.0070229000 50.5924301000
 16.5730495000 50.7375221000
 22.7183609000 40.1096611000
 42.3106079000 15.9122658000
 21.5070896000 50.6595459000
 59.8446007000 20.2806873000
  5.1527590800 35.7286301000
 59.8381691000 34.8059311000
 45.2492447000 51.2470322000
 49.0975761000 50.9530678000
 17.8014088000 51.3132286000
  5.1467647600 21.2099342000
 59.8998795000 18.1545353000
  5.0993914600 37.8483009000
  5.0997920000 23.3242455000
 59.8973389000 32.6789970000
 22.1132851000 47.6334610000
 43.2133446000 18.9722996000
 42.6477623000 25.4170036000
 22.3756447000 30.4791641000
 43.1189537000 43.7326126000
 21.9774647000 35.2697525000
 40.4341049000 27.4416599000
 21.5293579000 11.2807350000
 22.6190796000 29.6131039000
  5.1657404900 42.8967590000
 21.7294693000 25.4207382000
 21.4899616000 36.2127037000
 42.8832550000 16.7183304000
 53.5043221000  6.3574199700
 42.9330177000 14.1205959000
 43.3802757000 11.3350391000
 43.4077148000  9.3199338900
 59.8342552000 13.1030645000
 43.3122063000 30.6348171000
 59.8402328000 42.1214485000
 43.3944168000 36.1792336000
 22.1910801000 39.3289299000
 15.7710524000 49.6494179000
 12.7410412000 50.7120018000
 10.6466465000 50.6663437000
 21.6091976000 19.8934593000
 12.6062508000  5.3386607200
 10.5284367000  5.3587532000
  8.3781375900  5.3205342300
 20.6073685000  5.2712307000
 21.5794353000  7.1855664300
 21.6603146000  9.3969869600
  5.1634407000 13.8794031000
  5.1358933400 19.1069469000
 22.0621357000 19.0991688000
 21.6780586000 21.5833645000
 22.9179173000 26.3354740000
 41.2899742000 28.4781761000
 42.4177666000 26.3004780000
 43.4578362000 25.2058716000
 43.4241867000 19.8578434000
 43.2150269000 23.8971844000
 59.8409081000 27.6222725000
 23.6905537000 27.5666428000
 43.2552986000 21.5463409000
 43.3516273000 13.2570467000
 43.4384193000  7.2964210500
 46.0632744000  5.2762799300
 21.6256351000 30.6063194000
 21.5581455000 32.1452408000
  5.1583194700 28.3779068000
 42.9714546000 36.9408836000
 43.3930206000 34.4877014000
 47.1198845000 49.7476006000
 43.5242882000 44.6618805000
 43.4115639000 46.6198158000
 56.7032814000 50.5701447000
 43.5037231000 48.8284912000
 21.8807220000 37.1067734000
 22.0812359000 41.8804016000
 21.6183910000 44.6393623000
 21.6580105000 42.7351799000
 21.5927982000 46.6360054000
 18.8031406000 50.7694702000
 23.9054451000  6.1914734800
 41.1079025000 49.8223915000
 23.7802124000 37.3237648000
 22.5335674000 13.6146231000
 23.8227749000 18.7385311000
 41.3258934000 14.3757715000
 41.1994820000 37.2768135000
 23.6781654000 41.6259003000
 42.4567108000 17.5931187000
 22.5871906000 38.4449921000
 42.4121017000 42.3877563000
  5.1318759900 31.5015411000
 32.2186356000 28.2564793000
  5.1065611800 50.1765938000
  5.1416912100 17.0135860000
 59.8666496000 24.5031796000
 59.7936287000  7.9000363300
 59.8467102000 39.0003052000
 60.1159515000 50.5354576000
 21.5388851000 48.6201706000
 23.6489944000 28.4588356000
 59.8169365000 47.3066635000
 42.2401772000 40.6620903000
 22.7725315000 15.3357105000
  5.1354899400 46.0100098000
 59.7691803000  5.8010902400
 59.8556557000  9.9724092500
 59.8392982000 36.9174004000
  5.1972441700  8.7311668400
 59.8489456000 22.3958836000
  6.1518211400 50.5876694000
  5.2268381100  6.6638393400
  5.1969394700 48.0887260000
  5.1639437700 43.9336052000
 59.8361168000 12.0655308000
 59.8455696000 41.0760574000
 59.8437653000 26.5891876000
  5.1476087600 33.6148109000
  5.1782627100 10.7840004000
  5.1562089900 14.9263735000
  5.1554274600 29.4115772000
 59.8270264000 45.2190399000
 42.9729996000 48.1235962000
 43.1493568000 23.0548592000
  5.0864138600 39.8131943000
  5.0860266700 25.2894707000
 21.3632698000 34.3231544000
 59.9132881000 16.1870174000
 59.9134254000 30.7106724000
 22.1465206000  8.6478910400
  5.1445899000 41.8686104000
 21.1410446000 23.7396297000
 59.8552666000 14.1312857000
 43.8960419000 32.2704887000
 58.7799377000 19.7279892000
 59.0892143000 17.5857830000
 58.8075485000 36.4220619000
 58.7658997000 34.2559891000
 59.0877724000 32.1079979000
  8.7174301100 50.7295494000
  6.2176227600 36.2757645000
  5.9101285900 38.4152412000
  6.2177171700 21.7567253000
  5.9097600000 23.8938084000
  6.3422880200  5.1196427300
 58.8209305000 21.8957939000
  5.1683955200 12.8448372000
  6.1763758700 19.5930500000
  5.1401057200 27.3479843000
 41.2677040000 27.5521393000
 42.9335670000  6.3534712800
 49.9686241000  5.1988711400
 58.6938705000  5.2566170700
 59.8591270000 28.6520729000
 42.4501076000 29.8061485000
 59.8351784000 43.1560249000
  6.1748476000 34.1099396000
 56.5159187000  5.3133735700
 48.0787773000  5.2470965400
 54.5556450000 50.6421814000
 52.4979324000 50.6442337000
 50.3981361000 50.5100517000
 14.7052269000  5.3177914600
 16.7967148000  5.2919473600
 18.8577995000  5.2533502600
 44.2955742000  5.3679537800
 44.4966812000 50.7329140000
  7.3062305500 22.2869682000
 21.8198814000 12.9473076000
 16.3154106000 48.6621857000
  7.0114059400 38.6320381000
  7.3063521400 36.8055153000
 43.2543640000 15.7902708000
 49.1096649000  5.7715911900
 47.0553703000  5.8154640200
 42.9018250000 42.9844894000
 57.9877281000 17.3681507000
 57.6915855000 19.1951103000
 57.7926178000 21.3753986000
 57.7667503000 35.9061127000
 21.8326664000 40.2349052000
 13.7580976000 50.1916046000
 11.7318983000 50.1012802000
  9.6127090500 50.1025658000
  7.2031106900 34.6264076000
 22.1813087000 14.5347548000
  7.2207951500 20.1054955000
  9.4429493000  6.0992631900
 22.0480385000 18.1950226000
  7.0063648200 24.1108265000
 20.3278351000 23.4168682000
 43.6924095000 24.4314442000
 42.9492722000 18.1984711000
 42.6347389000 15.0069017000
 53.0273170000  7.3056392700
 57.6690788000 33.7262535000
 57.9879913000 31.8915577000
 42.9795494000 37.8337746000
 20.4121456000 33.9340019000
 44.7221375000 32.5909081000
 42.8281670000 41.4794884000
 45.2392998000 50.2456703000
 55.5788841000 49.8919907000
 47.6876793000 48.7746735000
 22.3956184000 41.0030174000
 19.7289066000 50.1591492000
 17.7846031000 50.2508011000
 20.6927090000  7.3498764000
  6.3398385000 48.6300850000
  6.1139841100 40.3213730000
 21.7813492000 24.0746689000
 20.9039497000 21.7932854000
 58.8264198000 11.4969196000
 44.4736519000  9.2772588700
 58.8856583000 15.6785116000
 43.2513580000 31.9292374000
 44.3308640000 34.3678627000
 58.8230476000 40.5508881000
 58.8122406000 38.5097771000
 58.8372650000 26.0488014000
  6.9974684700 49.6819572000
  6.2162051200  9.2540845900
  6.2205591200  7.2063531900
  6.1774735500 17.5039825000
  6.2217602700 11.2914324000
 20.5503750000 11.1734276000
  6.1791887300 15.4551239000
 21.8865986000 26.3349361000
  6.1107816700 25.8004284000
 58.8248520000 23.9972916000
 20.5938129000 32.2653122000
 58.8290825000  9.4419441200
 51.6108475000  6.2922344200
 58.7376137000  7.4092335700
 58.8881264000 30.1995506000
 43.1765823000 29.8891048000
  6.1126947400 46.5128517000
  6.1614580200 29.9520302000
 58.7979584000 46.7796669000
 58.7835693000 44.7118568000
 58.8085670000 48.9533882000
  6.1725239800 32.0063934000
  6.1729269000 44.5005913000
 57.6118355000  5.8394026800
  7.2952981000  5.7399859400
 11.5323467000  5.9164099700
 13.6434698000  5.8962407100
 15.7445698000  5.8673977900
 17.8229427000  5.8345933000
 19.8144798000  5.7921977000
 49.4987183000 49.6939735000
 59.7576752000 49.5729904000
 20.5400600000 46.6665001000
 43.3399048000 17.5361309000
 44.1996384000 19.7106094000
 43.2715569000 26.0755367000
 21.7756920000 29.8131695000
 44.5505867000 44.7259178000
 23.4456234000 29.3736877000
  6.1792349800 42.3985519000
 20.9811764000 25.8036366000
 20.6650620000 36.1865273000
 54.0989037000  7.2721824600
 44.4264717000 11.3164186000
 58.8206215000 13.6007910000
 43.9919662000 30.2505188000
 58.7885132000 42.6315956000
 44.2473831000 36.1433372000
 21.7218513000 38.5440598000
 15.2080603000 48.6332588000
 20.5848675000 20.0133781000
 20.5838509000  9.2802486400
  6.2167220100 13.3697596000
 21.4001904000 22.1139793000
 42.1951332000 28.1982193000
 41.5655212000 26.5606804000
 44.1249046000 25.7773323000
 58.8295860000 28.1229725000
 44.1134224000 21.8095894000
 44.3850365000 13.4157248000
 44.5142822000  7.2035689400
 45.0915375000  6.0398817100
 20.9317665000 30.1644745000
  6.1691837300 27.8771019000
 43.7082443000 33.9553604000
 46.5937042000 48.7051735000
 44.4574318000 46.6719742000
 57.8298683000 49.7387009000
 44.5324554000 48.6635857000
 22.1046238000 37.8556290000
 20.5713692000 44.6529160000
 20.6463833000 42.5628319000
 41.7541504000 15.0987959000
 23.2591896000 40.9097290000
 20.6094856000 48.4969978000
 22.9877357000 27.9401150000
 42.7781906000 29.0801315000
 55.4270821000  5.8930797600
 53.5435295000 50.0835686000
 51.4870377000 50.0420723000
 20.0791950000 10.2534809000
 11.8448620000 48.8292160000
  9.6327829400 48.8323059000
  7.6431236300 48.6666107000
 20.0460758000 26.3177929000
 19.9504471000 31.6042442000
  7.1104688600 40.8465462000
 20.4893188000 24.2278233000
  6.8925895700 46.9338150000
 57.7686157000 13.0129042000
 44.9826622000 25.2395306000
 42.8118019000 27.6052647000
 44.9416885000 12.3247576000
 44.9832497000 10.2813931000
 45.0502510000  8.2212762800
 57.8882980000 15.1527061000
 57.7345047000 42.0667152000
 44.8941116000 29.7221184000
 44.5199928000 31.7943802000
 45.1611061000 33.5496101000
 57.8471527000 40.0489655000
 57.7752533000 38.0138588000
 57.8654289000 25.5331898000
 21.4625225000 37.8101921000
 20.0445919000 47.6902542000
 19.9764194000 22.4053268000
 21.8336124000 15.4762392000
 19.9453087000  8.1525077800
 15.7419796000  7.0036954900
  7.1949787100  7.7411708800
 57.7908325000 23.4950066000
 56.0762901000 48.8210526000
 53.6841164000 48.8078270000
 19.8366928000  6.9046187400
  7.1679081900 15.9726248000
 13.6408396000  7.0438909500
 17.8227272000  6.9749622300
 11.3579283000  7.2022366500
  8.9008121500  7.2206635500
 19.9124203000 11.8546534000
  7.2207737000  9.7480983700
  7.2741808900 11.7982969000
 21.7194195000 13.8149920000
  7.2804684600 13.9328947000
 20.0472374000 21.0970497000
  7.2180805200 17.9973717000
 20.0797157000 25.1328793000
 43.7417336000 19.3340473000
 57.7867393000 27.5544624000
 44.9480324000 26.3311634000
 22.4888020000 27.5351143000
  7.1032590900 26.3196220000
 57.6574631000  6.9294343000
 44.9601746000 20.2719173000
 57.8424873000 10.9054193000
 57.8584442000  8.9533329000
 55.3781738000  7.1585397700
 50.9641457000  7.2621197700
 49.1446457000  6.8858089400
 46.9332619000  7.0759811400
 57.8949585000 29.6803379000
 44.9675179000 35.4490547000
 44.8726006000 30.9225922000
 20.0593510000 29.6116180000
  7.1326499000 30.4673653000
  7.2114787100 28.4456062000
 43.1868820000 40.5194778000
 57.7305756000 44.2038155000
 57.7907181000 46.2761879000
 43.3062973000 42.3079453000
 45.0422173000 45.7052879000
 57.8190842000 48.4254990000
 44.9968452000 47.6804352000
 45.1085930000 49.3781090000
 49.8426666000 48.6571693000
 51.5263748000 48.9539757000
  7.2055621100 32.5068169000
 19.9841309000 35.5607376000
 20.5001011000 34.7502327000
 20.0763035000 43.6415291000
 15.7618246000 47.6933632000
 20.0243206000 45.6666222000
  7.2304182100 42.9799156000
  7.1591668100 45.0980186000
 42.2508507000 38.2342682000
 22.7762890000 17.7795296000
 20.5655785000 50.6620941000
 22.0247955000 28.9456120000
 43.5636101000 18.2581043000
 43.9384613000 23.6285820000
 23.5589085000 26.8172741000
 19.6096668000 48.8742523000
 57.7600212000 20.2913628000
 57.5899391000 18.2662659000
 57.7732544000 36.9590607000
 57.7318916000 34.8237572000
 57.5792160000 32.7924881000
  7.2367692000 35.7103233000
  7.4087009400 37.7339478000
  7.2437591600 21.1941471000
  7.4039988500 23.2144718000
 57.7957764000 22.4356041000
  7.2185282700 19.0483322000
  7.2000632300 33.5666847000
 20.9520721000 13.4023056000
 17.3717079000 48.6290970000
  7.0827055000 39.8122673000
 44.2203865000 15.5010653000
 57.9164391000 16.1875057000
 20.9111996000 40.4562874000
 13.6709585000 49.3066406000
 10.0338259000  7.2287178000
  7.0725235900 25.2874870000
 44.5301704000 24.3222065000
 53.5664177000  8.2529554400
 57.9244995000 30.7130947000
 20.0914154000 33.0759392000
 54.9828720000 48.7874603000
 48.7919655000 48.7517090000
 57.8053932000 11.9312258000
 57.8099670000 41.0229797000
 57.8379669000 26.5100555000
  7.2131476400  8.7456979800
  7.2147216800 14.9869833000
 57.8729630000  9.9094018900
 52.0182152000  7.3044753100
 57.7593460000  7.9769730600
  7.0695967700 46.1097984000
  7.1602759400 29.4902058000
 57.7999954000 47.3219185000
  7.1966462100 44.0609474000
 44.1979713000 17.7905674000
 45.0972786000 43.9955406000
 20.7189655000 38.4124603000
 43.1909256000 28.2331181000
 45.6518173000  7.1636700600
 20.0493126000 30.6380024000
 47.1140709000 47.7766190000
 17.8443737000 49.3746414000
 14.1374521000 48.5724525000
 19.7692451000 32.3867989000
 45.1144485000 16.0931950000
 45.4932899000 11.2860384000
 45.5630264000  9.2392168000
 20.0917912000 39.6350594000
 19.7506332000 11.0206251000
 19.4917660000  9.3129587200
 45.0197487000 19.2866611000
 45.0802460000 18.2749481000
 44.9813728000 23.3652039000
 53.0404663000  9.2509880100
 45.3220100000 34.5263481000
 45.5516396000 48.6211510000
 45.5639076000 44.7789345000
 47.5814247000 46.8439827000
 45.5574341000 46.7191162000
 19.9030361000 36.6743164000
 19.5249939000 44.6595497000
 16.2800179000 46.7328415000
 19.8624020000 37.7268562000
 19.4925461000 46.6897545000
 41.2711334000 39.1428223000
 23.7553215000 16.8638191000
 43.0173187000 26.9192734000
 43.5410004000 43.0457535000
 19.7211571000 34.5653915000
  8.2946767800 21.7509804000
  8.0062599200 38.3255463000
  8.2991170900 36.2565994000
 50.0069427000  7.3411803200
 48.1528893000  7.5263452500
 56.9924049000 17.6742210000
 56.6977997000 19.7428856000
 56.7714539000 21.9143105000
 56.7405548000 36.4251823000
 10.7466879000 48.4922600000
  8.6215934800 48.5663910000
  8.2244205500 34.0858307000
  8.2563190500 19.5780659000
 22.1789932000 17.1981125000
  7.9940266600 23.8025494000
 19.5369778000 23.2983589000
 56.6590347000 34.2767487000
 56.9897118000 32.2023354000
 42.8346825000 38.8151131000
 19.6118031000 33.7483063000
 45.5024147000 32.6945915000
  7.1931738900 47.7218170000
 19.0143280000 21.7400761000
 57.8055649000 39.0544701000
  7.1898975400  6.7534031900
  7.1974339500 16.9690914000
  7.2584924700 10.7558737000
 57.8213882000 24.5354595000
 19.2301998000 32.0065613000
 57.7485390000 45.2531662000
  7.1759567300 31.4658279000
 12.6060390000  7.6626129200
 14.7031565000  7.5797653200
 16.7926273000  7.5527219800
 18.8663063000  7.5151181200
  7.1760897600 41.8895607000
 19.2751770000 25.8227940000
 57.8217964000 14.1074657000
 45.6580887000 30.2948475000
 57.7285080000 43.1439514000
 45.0405083000 36.6071548000
  7.2777056700 12.8556671000
 45.6931267000 25.8867226000
 57.8280716000 28.6428928000
 44.9390717000 21.2799187000
  7.1700868600 27.3571529000
 57.0096741000 48.8816795000
 22.2838402000 28.1513329000
 56.6634369000  7.5702886600
 52.4676018000 48.3569679000
 50.7254753000 48.5159607000
 19.9898758000 27.4159431000
 19.3033352000 30.1191521000
 19.6861725000 24.1251945000
 56.7518501000 13.5428667000
 56.9888000000 11.3115692000
 45.4925575000 13.2920456000
 56.6738091000 42.5743065000
 44.9474144000 28.5632305000
 45.2871513000 31.9064350000
 56.7399788000 38.5838242000
 22.4574108000 16.2640343000
 20.8725510000 15.7253799000
  8.0801963800  9.2417736100
 56.7759590000 24.0542316000
 53.2844620000 47.5921211000
 11.7480726000  8.4244041400
 20.0330753000 12.8726549000
  8.3371934900 13.4118767000
 19.6760006000 20.1573868000
  8.2378959700 17.4567795000
 56.7454338000 28.1088543000
 57.0722160000 25.9702892000
 44.9632950000 27.4157047000
 57.1244049000  9.4096927600
 55.8308144000  8.3521118200
 20.0028801000 28.5240536000
  8.2519893600 27.8912220000
  7.9254827500 30.0297832000
 42.5605965000 39.7383308000
 44.1395454000 40.2496872000
 44.2147789000 42.5578957000
 56.9285126000 46.7975616000
  8.2205944100 31.9460659000
 19.5646572000 42.6518288000
 15.2477274000 46.7338982000
  8.2372789400 42.4421501000
  8.0283470200 44.6679192000
  7.7959795000 46.8568802000
 21.6031475000 28.3042393000
 18.3965225000 48.6733551000
 20.0771236000 13.9541016000
 17.8843918000 47.6900520000
  7.9285783800 40.3891754000
 57.0682869000 15.6099310000
 13.0882311000 48.6226921000
  9.4231958400  8.0795440700
  7.9074173000 25.8472023000
 45.4680138000 24.3156815000
 54.1384010000  9.2805986400
 57.0891800000 30.1532135000
 55.5801392000 47.9535294000
 49.2358818000 47.7561951000
 57.0448799000 40.4958572000
  8.0301036800 15.5378046000
 51.4661636000  8.2408256500
  9.2977285400 20.1573658000
  9.3609008800 36.7942581000
  8.9390220600 38.4699898000
  9.2585115400 34.6063156000
  9.0466518400 46.8595276000
 45.1382141000 15.0110683000
 55.9449883000 15.4370975000
 45.0762558000 14.1098585000
 56.0587273000 17.5290947000
 55.6561661000 42.0260849000
 55.6309891000 19.2010422000
 55.7370338000 21.3935719000
 46.5680962000 30.3732510000
 55.7729721000 23.5350323000
 56.1264305000 40.3807220000
 55.6523438000 38.0271454000
 56.1545677000 25.8276443000
 19.9960423000 40.8873825000
 20.0082989000 41.8272171000
  9.2250022900 32.4635773000
  9.2886571900 17.9687996000
 55.6599121000 46.7319984000
 53.8595200000 46.6725426000
  9.3544282900 13.8911133000
 11.1618376000  9.3445196200
  9.3476629300  9.2942037600
 19.8699589000 19.2254562000
 18.2819691000 21.2619247000
 19.3051014000 13.4009199000
  9.1480178800 15.6853323000
 19.9376602000 16.1773319000
  9.2956523900 22.2816467000
  8.9139719000 23.9354324000
 45.9111557000 23.6148052000
 55.6474228000 27.5405312000
  8.9808712000 25.9851570000
 44.9679070000 22.2770557000
 55.2337341000  9.2754840900
 55.6612854000 13.0041294000
 55.9208908000 11.1282625000
 50.9270897000  9.2203311900
 55.7176552000 35.8874512000
 55.5961380000 33.7290306000
 56.0610809000 32.0647507000
 18.4113503000 31.9769020000
  8.8423032800 30.1718025000
  9.3485803600 28.4581432000
 56.0144691000 30.0153904000
 45.0359917000 39.7584038000
 44.9921227000 40.8482857000
 46.5959129000 46.8155441000
 45.2479630000 43.0244026000
 49.7087250000 46.7673531000
  9.1092214600 44.7552452000
 19.7190228000 38.6576920000
  9.0409116700 40.5621872000
 18.4238682000 46.6919060000
  9.2853374500 42.9450378000
 41.6801186000 39.8596764000
 23.3398609000 16.1413231000
 21.1212387000 17.5089111000
 43.8362427000 38.5329094000
 18.8486900000 34.1794853000
 19.2098351000 11.4032145000
 45.7185364000 19.8127937000
 19.0531616000 36.1934280000
 45.9551735000 36.1157608000
 18.4138527000  9.3311309800
 11.3735380000 47.7016335000
  9.1508340800 47.9200211000
 46.1173935000 34.1398773000
 15.7592230000  8.2466087300
 13.6796303000  8.2903146700
 17.8509865000  8.2353572800
  7.9613785700  7.2699146300
  8.3068513900 11.2519789000
 49.2264252000  8.1221885700
 47.3104057000  8.2879505200
 19.0594349000 27.9621601000
 56.6977882000 44.7530899000
 51.4232597000 47.7799301000
 46.0071220000 17.7206440000
 46.5466537000 44.6918869000
 44.0603676000 27.9403629000
 13.6006966000 47.6719971000
 46.5805969000 11.2614145000
 46.6625443000  9.2405099900
 53.6101112000 10.2976904000
 51.9865189000  9.2405033100
 48.6253128000 46.7860870000
 18.4754066000 44.6608963000
 15.7744675000 45.9521141000
 17.3393574000 46.6828766000
 43.4099846000 27.5087528000
 21.5341034000 16.4627113000
 18.7972012000 23.7894611000
 43.4649773000 39.5405884000
 46.1644897000 32.2022972000
 18.3832111000 25.9145718000
 46.5645981000 25.9288540000
 45.6870689000 21.7627907000
 20.8908443000 27.9348354000
 18.3870831000 30.1331120000
 46.5405350000 13.2471991000
 45.8953285000 28.0044327000
 52.8306007000 46.6290703000
 12.2052660000  9.3886823700
 18.8832035000 19.7002392000
 45.0488853000 41.9131355000
 18.5213928000 42.6536255000
 14.1666508000 46.6958466000
 20.0468864000 15.0569744000
 17.9213638000 33.6889877000
  9.1803388600 41.8217163000
 17.9020634000 31.0648632000
 17.8987999000 26.7661076000
 47.1152115000 12.2707367000
 47.1575165000 10.2461729000
 47.0187874000 25.0402622000
 47.0321083000 31.4861126000
 55.6678391000 28.8109341000
 13.6081123000 45.7141228000
 11.9552240000 46.7462997000
 17.9765491000 43.6650467000
 13.0522070000 46.7185059000
 17.8897247000 24.3249531000
  9.3284111000 27.1893330000
 17.8797989000 10.3241835000
 17.3434258000  9.3261203800
 15.2474012000  9.3104515100
 18.3821888000 11.3586035000
 18.3986053000 13.3753223000
  9.3242282900 11.7982101000
 17.9049740000 23.2897148000
 17.9386692000 20.3813095000
  9.2680664100 21.2457542000
 47.0938225000 26.8126087000
 18.2999363000 27.4981709000
 43.4878731000 22.2777443000
 46.5859451000 21.7451439000
 55.7554436000 22.4744930000
 46.6135292000 19.8462315000
 46.8721466000 18.0830765000
 55.6981888000 20.3010578000
 55.7821159000 14.1671476000
 53.0882759000 11.2746763000
 47.7304802000  9.2821950900
 48.7676125000  9.2489566800
 56.2693443000  9.3308038700
 18.2113533000 35.8505554000
 17.7709789000 29.2579021000
 46.8416786000 28.4262466000
 47.0456009000 32.6778374000
 55.7142487000 36.9180794000
 46.7361336000 36.5679169000
 46.9672089000 34.7090149000
 55.6772728000 44.2020226000
 47.0510750000 45.3934860000
  9.2432212800 33.5252419000
  9.2939186100 35.6955185000
 17.8863850000 34.8760834000
 17.8953056000 45.6613579000
 15.7859898000 45.0434875000
 43.5080070000 14.8278341000
 21.5502472000 41.1657219000
 43.7002068000 14.0257292000
 21.3357239000 41.9617004000
 19.1201286000 40.3968163000
 45.0965347000 17.1957645000
 18.9940853000 38.2426758000
  9.4296693800 37.7317467000
 55.5634727000 18.2642231000
  9.2927179300 19.0583935000
  9.3829917900 23.1828232000
 55.6455116000 34.8202629000
 55.5520706000 32.7997017000
 17.9228344000 32.7420197000
 47.2961464000 29.4865456000
 45.0408630000 37.5088921000
 55.5535507000 12.0518885000
 55.6725655000 43.1021309000
 55.6430168000 39.3022614000
 19.2572613000 15.4963884000
 55.7138367000 24.7159176000
  9.3263282800 12.8692961000
  9.2474670400 16.8736591000
 55.6188278000 26.5622177000
 55.8021774000 10.0850115000
  9.3766956300 29.4354630000
 45.7425766000 40.3720627000
  9.2828521700 31.2804699000
  9.4065074900 43.8380661000
  9.3687620200 45.7854767000
 21.7842026000 27.4427471000
  9.4876031900 39.4499054000
 55.5058022000 16.5498905000
 10.3671904000  9.3179235500
  9.4524126100 24.9123573000
 55.5344810000 31.0842743000
 54.6469460000 46.7012863000
 55.6138382000 41.1168709000
  9.5125312800 14.7523289000
 10.1875992000 46.3351784000
 46.0620270000 15.4787493000
 55.6923370000 45.3403931000
  9.3153162000 10.6715603000
 20.0751495000 18.1021919000
 20.1307125000 17.1004772000
 46.7168045000 23.4471416000
 46.4121437000 24.2749786000
 51.4588203000 10.2461052000
 49.8389168000  9.2043991100
 44.7623405000 38.8764534000
 45.8449898000 42.2689095000
 50.7831497000 46.7418442000
 11.0010014000 46.8190002000
 16.2894440000  9.3193769500
 14.2180605000  9.3259849500
 46.9708519000 43.7374802000
 49.1154556000 45.7602577000
 51.8273468000 46.6662216000
 53.3725624000 45.6893539000
 13.2109442000  9.3576154700
 11.6882935000 10.3464956000
 18.3570423000 15.4002638000
 17.3351841000 11.3124447000
 17.4567814000 27.5864487000
 18.2315884000 40.1182175000
 47.6954765000 11.2505360000
 17.4260063000 44.6454659000
 19.5814095000 16.7808800000
 11.1404686000 11.3604136000
 47.6283493000 25.9225998000
 46.7738304000 17.2938194000
 46.9918556000 14.9427700000
 50.9065781000 11.2575493000
 47.0172462000 33.7059669000
 47.4584885000 30.5239201000
 17.3313847000 30.1706562000
 46.6600418000 27.5608559000
 45.5143013000 38.3841858000
 45.3372154000 39.1134605000
 46.6251068000 40.4345398000
 49.6567802000 44.7316322000
 47.5162964000 44.6688614000
 53.9052238000 44.6845016000
 51.2705498000 45.7099113000
 18.3304348000 36.6091347000
 18.2694530000 37.9385071000
 14.1102018000 44.7056999000
 22.4171772000 26.9679680000
 47.0703354000 46.1094398000
 17.9211559000 22.1511345000
 10.3288889000 19.6402340000
 10.0572519000 21.8158703000
 10.3382578000 36.2512207000
  9.9895172100 38.5198212000
 10.2980509000 34.0142097000
 54.9010391000 15.7367725000
 55.0018654000 17.4765072000
 54.8353157000 42.5117035000
 54.6390495000 19.7387257000
 54.7060890000 21.9808540000
 54.9414902000 23.9828339000
 55.0866356000 40.3595161000
 54.5649605000 38.5787392000
 54.8983421000 36.3643303000
 55.0800362000 25.7441483000
 10.0623226000 32.0063057000
 10.3314457000 17.4006615000
 10.1389179000 13.4082432000
 17.5553474000 21.2789898000
 17.8831062000 14.3754253000
 10.2706490000 15.2781458000
  9.9506425900 23.9490299000
 47.1182327000 22.6238422000
 54.6263199000 28.0495758000
 10.0505753000 25.8295155000
 54.6915321000 13.5933228000
 54.9924965000 11.4535484000
 54.6154594000 34.2322311000
 55.0091171000 32.0195656000
 17.3892918000 31.9903698000
  9.9136686300 30.2473602000
 10.3677473000 27.9470749000
 54.9430885000 30.1693859000
 44.6300316000 38.1028175000
 10.0008974000 44.3275490000
 10.0762978000 40.2707596000
 10.2023592000 42.3873444000
 16.9773293000 34.2472115000
 17.8747025000 12.3464127000
 47.1793594000 18.9564610000
 46.8793793000 35.7008362000
 15.0297928000 44.6032257000
 16.9894257000 23.8157578000
 47.8183098000 32.1679115000
 17.3816414000 25.9162598000
 47.1146584000 20.8009338000
 17.9487476000 19.2048073000
 47.5773582000 13.2536898000
 47.3500938000 24.1386414000
 11.2806625000 45.7265739000
 17.4372959000 42.6785545000
 17.8832455000 25.1942253000
 15.7656031000 10.2786160000
 10.1393385000 11.2896767000
 18.1068363000 28.3166542000
 52.0192337000 11.2858753000
 49.3056335000 10.2119789000
 17.4515038000 35.7145920000
 47.6964951000 28.5871239000
 47.1648865000 37.3248634000
 54.8737259000 44.7253075000
 19.3254528000 17.3866119000
 46.5379906000 42.1178551000
 13.7363319000 10.2552614000
 11.3774347000 17.9854870000
 18.3420467000 17.4027214000
 11.3289547000 34.5639801000
 11.3570681000 36.7802200000
 11.0280762000 32.1313744000
 13.0223856000 44.7535973000
 47.0322380000 14.0164833000
 53.9496040000 17.4478626000
 53.5778732000 19.1874886000
 47.3899918000 42.5905075000
 53.7268791000 42.3945236000
 53.6749191000 21.4262657000
 47.5151329000 27.7384663000
 54.0088005000 23.8190517000
 53.9742317000 25.7307186000
 54.0368309000 40.3622665000
 53.5214081000 38.0144005000
 53.6079674000 27.4919739000
 48.5635147000 44.7227325000
 17.9871159000 41.7026978000
 11.0089426000 30.2299442000
 11.0524397000 15.7743235000
 15.2286358000 11.2615852000
 13.3077679000 11.0850658000
 11.2047005000 13.5873232000
 16.2652969000 23.3570728000
 11.3271732000 20.1807003000
 11.0222530000 23.9073849000
 10.9640999000 21.8919144000
 53.8784256000 15.4386024000
 53.6843033000 13.0255356000
 48.7773705000 11.1953392000
 53.9593849000 36.3121605000
 53.6180725000 33.7252426000
 53.9650040000 32.0095062000
 11.3660021000 28.4828587000
 48.7336884000 32.2210617000
 46.7588654000 38.3823738000
 51.7773781000 44.6890640000
 16.0935593000 33.8806534000
 12.0381041000 44.8569565000
 11.0360270000 38.5388985000
 18.2588291000 38.6122246000
 11.1991119000 43.0038261000
 11.0970945000 40.5973549000
 18.4108791000 40.9178123000
 48.1659393000 30.1092148000
 16.8648396000 21.8384686000
  9.7128105200 26.4547539000
 55.2823830000 29.5456524000
 47.7357140000 34.2466011000
 54.1171494000 11.3134041000
 17.1662178000 19.7413177000
 17.3422165000 13.3542709000
 47.6573982000 21.7432823000
 47.6911125000 19.8485832000
 47.6669807000 18.2284050000
 53.6320419000 12.0758886000
 17.5848675000 36.4586334000
 17.1056080000 28.4646168000
 47.5926399000 36.4095383000
 15.7857075000 43.8821068000
 16.3324203000 32.0282211000
 17.7229843000 16.3675785000
 47.1702919000 39.4961853000
 46.8782005000 15.8547325000
 48.2524719000 23.8106213000
 46.3254128000 42.9299774000
 52.8259544000 44.6747131000
 12.3741274000 11.4702196000
 17.3675499000 15.3318586000
 16.2802696000 11.2880278000
 16.4669304000 27.6847324000
 17.8472595000 39.3050728000
 16.5315685000 44.5767479000
 11.6563053000 12.4425898000
 48.6823654000 25.9244633000
 47.5538826000 17.4437847000
 49.8236122000 11.1967926000
 16.3295135000 30.1947918000
 50.7298203000 44.7089767000
 53.3357201000 43.6350250000
 13.5429764000 43.7626381000
 11.0774117000 25.8731537000
 53.9206848000 30.1302757000
 11.0373087000 44.3319016000
 16.3427067000 25.9052830000
 17.8869991000 18.2498169000
 48.4626389000 13.3441715000
 16.3316231000 42.7545738000
 51.4730034000 12.2824697000
 16.7377930000 36.1416893000
 48.5517998000 28.1494656000
 14.1907883000 11.2200031000
 16.2436638000 19.7067776000
 15.8079166000 31.0776157000
 15.8101854000 35.5621185000
 15.7692242000 32.9544601000
 15.7755985000 41.8970222000
 49.1474686000 25.2073460000
 49.1965103000 27.3959255000
 53.7647781000 28.4303093000
 15.8667145000 26.8370037000
 16.0831051000 21.4865780000
 11.2154741000 27.5632420000
 15.7695637000 25.0400391000
 11.3178720000 19.1125488000
 49.1094971000 24.3490753000
 53.6621742000 14.2314472000
 53.6539040000 20.3017502000
 49.1320801000 13.9594078000
 49.2699242000 12.9051571000
 51.0037231000 13.1390057000
 53.7827911000 34.6396790000
 48.8320465000 30.4981880000
 11.1242847000 41.8083839000
 15.8976583000 29.4494152000
 49.2048836000 29.1070766000
 48.6633453000 34.2658424000
 47.6664963000 38.0123558000
 16.2260990000 34.6948967000
 15.8705158000 36.7333107000
 11.3155422000 35.6886292000
 15.2044725000 42.7467880000
 14.0732479000 42.7495880000
 17.6242886000 40.8060265000
 47.8731842000 15.6255388000
 47.5322456000 23.3520336000
 47.6855354000 40.4869080000
 49.1243820000 43.6973763000
 11.4131699000 21.1050625000
 11.4703999000 37.7302322000
 11.4347763000 33.3017235000
 53.3874359000 16.4652786000
 53.4941521000 18.2283211000
 53.6185150000 22.6635475000
 53.3933334000 24.7290936000
 53.5704803000 41.2266197000
 53.5217896000 39.2645531000
 53.4828110000 37.0651512000
 53.5006256000 26.5330696000
 11.5981255000 31.1575699000
 11.4157324000 16.7356453000
 11.2045984000 14.8419466000
 11.5112610000 22.8850708000
 11.5930176000 24.9189281000
 53.5233116000 32.8000755000
 11.4671564000 29.4155807000
 53.4185791000 31.0657101000
 11.6176405000 39.5321465000
 48.8674088000 19.8196545000
 49.2484894000 31.2407246000
 48.5982666000 42.6465263000
 17.3141575000 17.4779148000
 15.7424765000 12.3011265000
 13.4727373000 12.1905851000
 15.9393721000 22.4777927000
 52.8936157000 13.4815321000
 49.2312737000 33.2401123000
 51.2572632000 43.6771927000
 12.2203026000 42.2825584000
 48.8295212000 29.8106213000
 16.2808971000 13.3490715000
 48.6984749000 21.7375603000
 48.5470047000 17.7653046000
 17.8788719000 37.2814064000
 48.6405144000 36.3017960000
 16.3770218000 15.5206451000
 17.4859886000 40.0360489000
 17.2807865000 38.3164902000
 12.1767607000 13.2794647000
 47.2442093000 16.5874748000
 52.7359886000 42.7890472000
 11.6007500000 26.7882919000
 53.3819008000 29.2182369000
 49.2350388000 20.8712635000
 51.8005142000 42.6610298000
 49.6783600000 42.6743507000
 13.0603590000 13.3716335000
 15.2132425000 13.3418722000
 15.7669172000 14.4040241000
 15.3099871000 25.9413242000
 49.1722183000 22.5027275000
 49.2669525000 18.7169743000
 48.7796669000 15.9594383000
 49.1988297000 16.7372894000
 15.2479897000 32.0291214000
 15.3389292000 30.1324940000
 49.6926346000 28.2108974000
 49.1969528000 37.2904243000
 13.0976706000 42.8824844000
 15.8709927000 40.9250259000
 17.0503101000 15.9493513000
 15.4161777000 34.5452499000
 16.0971127000 24.1526012000
 12.3637991000 17.4687939000
 12.0978422000 19.6830025000
 12.1542311000 36.2517242000
 12.2563381000 32.1553764000
 52.9249649000 17.4301357000
 52.6217651000 19.7417564000
 52.6971283000 21.8991032000
 52.9355087000 23.6660843000
 52.8781166000 25.7206783000
 52.9719658000 40.3650665000
 52.5711021000 38.5221825000
 52.7182846000 28.2397099000
 12.0599327000 30.1570091000
 11.9608459000 15.6676264000
 15.4566946000 23.4793625000
 12.0987988000 23.9116364000
 11.9899397000 21.8834972000
 52.8558388000 15.5139589000
 53.2241898000 14.9053211000
 52.9180412000 36.3220596000
 52.7755203000 34.4302597000
 52.9582558000 32.0330276000
 12.2079515000 27.7341309000
 49.7806320000 32.2072372000
 47.6766014000 38.7427483000
 12.0644178000 38.5275040000
 12.2039070000 40.4956436000
 11.8490858000 41.3044624000
 15.6869211000 20.6709366000
 16.0984936000 28.6247330000
 49.8666954000 23.8922157000
 15.3991356000 27.8153133000
 49.6868706000 25.9466095000
 12.1010265000 25.9088783000
 52.8998833000 30.1087952000
 51.9506569000 13.3333406000
 14.9190617000 36.2696686000
 15.7329607000 18.6721439000
 15.2810125000 33.7072563000
 49.2189865000 26.6559639000
 49.1215286000 23.3640213000
 49.2910080000 11.9860487000
 50.1345482000 13.5417595000
 49.6132164000 30.1631317000
 48.5699310000 38.3493156000
 16.0417023000 37.8567085000
 48.8681679000 40.5164642000
 47.0642662000 41.4242058000
 12.2090559000 34.0819778000
 16.2598133000 17.5961838000
 14.1242924000 13.3317404000
 15.2166491000 21.6330051000
 49.7885170000 34.2646828000
 50.7310867000 42.6620483000
 13.3291779000 41.8904495000
 49.1852798000 35.2834778000
 15.6891508000 16.5430088000
 13.2024927000 15.6873455000
 13.1836138000 32.4730568000
 13.1435156000 30.0514851000
 51.5678978000 19.2576160000
 51.8020439000 21.3536568000
 49.2023582000 41.6671410000
 51.9102287000 23.3753452000
 51.7842636000 25.8100414000
 51.5537109000 27.6633472000
 51.7046623000 40.2928200000
 49.7954483000 38.3091431000
 51.7895737000 38.0587349000
 13.1442051000 28.1899872000
 15.1978884000 15.4379616000
 13.1472540000 17.9241714000
 13.2017937000 23.9096622000
 50.9036484000 23.9448566000
 13.1983156000 26.1013889000
 49.7057686000 21.7931118000
 49.7606163000 17.6752415000
 49.7456398000 20.2027779000
 51.8928490000 17.4531212000
 51.8123322000 15.4432106000
 51.9192810000 33.9414520000
 51.9150505000 32.1070671000
 51.7993622000 29.9516487000
 50.7050591000 30.1381187000
 49.7401352000 36.2895164000
 49.2944069000 39.3711891000
 14.1344032000 35.9314156000
 13.1284437000 38.4716187000
 13.3524809000 40.6331520000
 16.7993221000 40.4623070000
 15.2997398000 24.3171215000
 14.3876534000 34.1469116000
 15.1754827000 19.7022552000
 14.2672482000 30.0425262000
 14.0750160000 32.0690804000
 15.1574612000 40.2268639000
 50.7198486000 25.9109631000
 50.7450180000 28.3642235000
 51.1515045000 14.2959461000
 48.9021339000 15.0422020000
 16.1568260000 38.9318695000
 51.2484436000 41.5942383000
 13.6181717000 14.4152899000
 14.2975683000 25.9584465000
 14.4254646000 23.8890762000
 13.0273027000 19.7201557000
 13.2343130000 36.2830200000
 13.0647821000 21.8045044000
 51.8774490000 36.3412247000
 53.3916702000 35.4212112000
 50.8430557000 32.1555634000
 14.1661367000 27.8588657000
 15.1296978000 17.6255627000
 15.2261696000 38.5908089000
 13.1803923000 34.1589699000
 14.1645727000 21.7372723000
 50.9988518000 34.2783661000
 13.5666666000 18.7506294000
 13.5636206000 20.7408333000
 51.7266617000 28.7885571000
 13.1863270000 27.2484875000
 13.2755861000 16.9722176000
 13.7093878000 22.8167553000
 51.8205185000 22.3572769000
 49.7982826000 19.4773540000
 51.7296715000 20.3350487000
 51.8787003000 34.6941452000
 51.6588211000 38.9915504000
 49.7184410000 40.9371033000
 13.6804314000 35.1602020000
 13.6826496000 31.0021305000
 51.1228523000 25.0383377000
 49.6306229000 15.7539740000
 16.0586319000 39.9096260000
 50.8259735000 21.8645191000
 50.8518677000 17.5355129000
 51.4551926000 18.2946053000
 51.3629303000 26.6703606000
 13.6925116000 29.0257568000
 51.3080635000 16.5012341000
 51.3593445000 37.2527618000
 51.4318886000 33.1452522000
 51.3177109000 31.0951633000
 13.6680498000 37.4496651000
 13.7224054000 39.4651222000
 13.7620087000 24.9747982000
 14.2259035000 15.2803993000
 50.6495285000 19.9641304000
 50.9034653000 38.2141380000
 14.0276022000 17.7441387000
 50.6844330000 15.5444336000
 50.8229637000 36.3058586000
 49.7876244000 40.1790657000
 14.1020927000 19.7238636000
 14.3059492000 40.2340050000
 15.4530163000 39.4147148000
 50.5290756000 40.6839905000
 51.3727112000 35.3919373000
 13.7072296000 33.1809044000
 51.0408401000 20.8857803000
 13.9334393000 26.8090572000
 13.1741781000 31.7506752000
 14.1624784000 36.6743355000
 51.0311775000 29.2863655000
 14.2112713000 38.4715881000
 51.1130066000 22.8863125000
