       1
       2
       3
       4
       5
       6
       7
       8
       9
      10
      11
      12
      13
      14
      15
      16
      17
      18
      19
      20
      21
      22
      23
      24
      25
      26
      27
      28
      29
      30
      31
      32
      33
      34
      35
      36
      37
      38
      39
      40
      41
      42
      43
      44
      45
      46
      47
      48
      49
      50
      51
      52
      53
      54
      55
      56
      57
      58
      59
      60
      61
      62
      63
      64
      65
      66
      67
      68
      69
      70
      71
      72
      73
      74
      75
      76
      77
      78
      79
      80
      81
      82
      83
      84
      85
      86
      87
      88
      89
      90
      91
      92
      93
      94
      95
      96
      97
      98
      99
     100
     101
     102
     103
     104
     105
     106
     107
     108
     109
     110
     111
     112
     113
     114
     115
     116
     117
     118
     119
     120
     121
     122
     123
     124
     125
     126
     127
     128
     129
     130
     131
     132
     133
     134
     135
     136
     137
     138
     139
     140
     141
     142
     143
     144
     145
     146
     147
     148
     149
     150
     151
     152
     153
     154
     155
     156
     157
     158
     159
     160
     161
     162
     163
     164
     165
     166
     167
     168
     169
     170
     171
     172
     173
     174
     175
     176
     177
     178
     179
     180
     181
     182
     183
     184
     185
     186
     187
     188
     189
     190
     191
     192
     193
     194
     195
     196
     197
     198
     199
     200
     201
     202
     203
     204
     205
     206
     207
     208
     209
     210
     211
     212
     213
     214
     215
     216
     217
     218
     219
     220
     221
     222
     223
     224
     225
     226
     227
     228
     229
     230
     231
     232
     233
     234
     235
     236
     237
     238
     239
     240
     241
     242
     243
     244
     245
     246
     247
     248
     249
     250
     251
     252
     253
     254
     255
     256
     257
     258
     259
     260
     261
     262
     263
     264
     265
     266
     267
     268
     269
     270
     271
     272
     273
     274
     275
     276
     277
     278
     279
     280
     281
     282
     283
     284
     285
     286
     287
     288
     289
     290
     291
     292
     293
     294
     295
     296
     297
     298
     299
     300
     301
     302
     303
     304
     305
     306
     307
     308
     309
     310
     311
     312
     313
     314
     315
     316
     317
     318
     319
     320
     321
     322
     323
     324
     325
     326
     327
     328
     329
     330
     331
     332
     333
     334
     335
     336
     337
     338
     339
     340
     341
     342
     343
     344
     345
     346
     347
     348
     349
     350
     351
     352
     353
     354
     355
     356
     357
     358
     359
     360
     361
     362
     363
     364
     365
     366
     367
     368
     369
     370
     371
     372
     373
     374
     375
     376
     377
     378
     379
     380
     381
     382
     383
     384
     385
     386
     387
     388
     389
     390
     391
     392
     393
     394
     395
     396
     397
     398
     399
     400
     401
     402
     403
     404
     405
     406
     407
     408
     409
     410
     411
     412
     413
     414
     415
     416
     417
     418
     419
     420
     421
     422
     423
     424
     425
     426
     427
     428
     429
     430
     431
     432
     433
     434
     435
     436
     437
     438
     439
     440
     441
     442
     443
     444
     445
     446
     447
     448
     449
     450
     451
     452
     453
     454
     455
     456
     457
     458
     459
     460
     461
     462
     463
     464
     465
     466
     467
     468
     469
     470
     471
     472
     473
     474
     475
     476
     477
     478
     479
     480
     481
     482
     483
     484
     485
     486
     487
     488
     489
     490
     491
     492
     493
     494
     495
     496
     497
     498
     499
     500
     501
     502
     503
     504
     505
     506
     507
     508
     509
     510
     511
     512
     513
     514
     515
     516
     517
     518
     519
     520
     521
     522
     523
     524
     525
     526
     527
     528
     529
     530
     531
     532
     533
     534
     535
     536
     537
     538
     539
     540
     541
     542
     543
     544
     545
     546
     547
     548
     549
     550
     551
     552
     553
     554
     555
     556
     557
     558
     559
     560
     561
     562
     563
     564
     565
     566
     567
     568
     569
     570
     571
     572
     573
     574
     575
     576
     577
     578
     579
     580
     581
     582
     583
     584
     585
     586
     587
     588
     589
     590
     591
     592
     593
     594
     595
     596
     597
     598
     599
     600
     601
     602
     603
     604
     605
     606
     607
     608
     609
     610
     611
     612
     613
     614
     615
     616
     617
     618
     619
     620
     621
     622
     623
     624
     625
     626
     627
     628
     629
     630
     631
     632
     633
     634
     635
     636
     637
     638
     639
     640
     641
     642
     643
     644
     645
     646
     647
     648
     649
     650
     651
     652
     653
     654
     655
     656
     657
     658
     659
     660
     661
     662
     663
     664
     665
     666
     667
     668
     669
     670
     671
     672
     673
     674
     675
     676
     677
     678
     679
     680
     681
     682
     683
     684
     685
     686
     687
     688
     689
     690
     691
     692
     693
     694
     695
     696
     697
     698
     699
     700
     701
     702
     703
     704
     705
     706
     707
     708
     709
     710
     711
     712
     713
     714
     715
     716
     717
     718
     719
     720
     721
     722
     723
     724
     725
     726
     727
     728
     729
     730
     731
     732
     733
     734
     735
     736
     737
     738
     739
     740
     741
     742
     743
     744
     745
     746
     747
     748
     749
     750
     751
     752
     753
     754
     755
     756
     757
     758
     759
     760
     761
     762
     763
     764
     765
     766
     767
     768
     769
     770
     771
     772
     773
     774
     775
     776
     777
     778
     779
     780
     781
     782
     783
     784
     785
     786
     787
     788
     789
     790
     791
     792
     793
     794
     795
     796
     797
     798
     799
     800
     801
     802
     803
     804
     805
     806
     807
     808
     809
     810
     811
     812
     813
     814
     815
     816
     817
     818
     819
     820
     821
     822
     823
     824
     825
     826
     827
     828
     829
     830
     831
     832
     833
     834
     835
     836
     837
     838
     839
     840
     841
     842
     843
     844
     845
     846
     847
     848
     849
     850
     851
     852
     853
     854
     855
     856
     857
     858
     859
     860
     861
     862
     863
     864
     865
     866
     867
     868
     869
     870
     871
     872
     873
     874
     875
     876
     877
     878
     879
     880
     881
     882
     883
     884
     885
     886
     887
     888
     889
     890
     891
     892
     893
     894
     895
     896
     897
     898
     899
     900
     901
     902
     903
     904
     905
     906
     907
     908
     909
     910
     911
     912
     913
     914
     915
     916
     917
     918
     919
     920
     921
     922
     923
     924
     925
     926
     927
     928
     929
     930
     931
     932
     933
     934
     935
     936
     937
     938
     939
     940
     941
     942
     943
     944
     945
     946
     947
     948
     949
     950
     951
     952
     953
     954
     955
     956
     957
     958
     959
     960
     961
     962
     963
     964
     965
     966
     967
     968
     969
     970
     971
     972
     973
     974
     975
     976
     977
     978
     979
     980
     981
     982
     983
     984
     985
     986
     987
     988
     989
     990
     991
     992
     993
     994
     995
     996
     997
     998
     999
    1000
    1001
    1002
    1003
    1004
    1005
    1006
    1007
    1008
    1009
    1010
    1011
    1012
    1013
    1014
    1015
    1016
    1017
    1018
    1019
    1020
    1021
    1022
    1023
    1024
    1025
    1026
    1027
    1028
    1029
    1030
    1031
    1032
    1033
    1034
    1035
    1036
    1037
    1038
    1039
    1040
    1041
    1042
    1043
    1044
    1045
    1046
    1047
    1048
    1049
    1050
    1051
    1052
    1053
    1054
    1055
    1056
    1057
    1058
    1059
    1060
    1061
    1062
    1063
    1064
    1065
    1066
    1067
    1068
    1069
    1070
    1071
    1072
    1073
    1074
    1075
    1076
    1077
    1078
    1079
    1080
    1081
    1082
    1083
    1084
    1085
    1086
    1087
    1088
    1089
    1090
    1091
    1092
    1093
    1094
    1095
    1096
    1097
    1098
    1099
    1100
    1101
    1102
    1103
    1104
    1105
    1106
    1107
    1108
    1109
    1110
    1111
    1112
    1113
    1114
    1115
    1116
    1117
    1118
    1119
    1120
    1121
    1122
    1123
    1124
    1125
    1126
    1127
    2252
    2253
    3378
    3379
    4504
    4505
    5630
    5631
    6756
    6757
    7882
    7883
    9008
    9009
   10134
   10135
   11260
   11261
   11262
   11263
   11264
   11265
   11266
   11267
   11268
   11269
   11270
   11271
   11272
   11273
   11274
   11275
   11276
   11277
   11278
   11279
   11280
   11281
   11282
   11283
   11284
   11285
   11286
   11287
   11288
   11289
   11290
   11291
   11292
   11293
   11294
   11295
   11296
   11297
   11298
   11299
   11300
   11301
   11302
   11303
   11304
   11305
   11306
   11307
   11308
   11309
   11310
   11311
   11312
   11313
   11314
   11315
   11316
   11317
   11318
   11319
   11320
   11321
   11322
   11323
   11324
   11325
   11326
   11327
   11328
   11329
   11330
   11331
   11332
   11333
   11334
   11335
   11336
   11337
   11338
   11339
   11340
   11341
   11342
   11343
   11344
   11345
   11346
   11347
   11348
   11349
   11350
   11351
   11352
   11353
   11354
   11355
   11356
   11357
   11358
   11359
   11360
   11361
   11362
   11363
   11364
   11365
   11366
   11367
   11368
   11369
   11370
   11371
   11372
   11373
   11374
   11375
   11376
   11377
   11378
   11379
   11380
   11381
   11382
   11383
   11384
   11385
   11386
   11387
   11388
   11389
   11390
   11391
   11392
   11393
   11394
   11395
   11396
   11397
   11398
   11399
   11400
   11401
   11402
   11403
   11404
   11405
   11406
   11407
   11408
   11409
   11410
   11411
   11412
   11413
   11414
   11415
   11416
   11417
   11418
   11419
   11420
   11421
   11422
   11423
   11424
   11425
   11426
   11427
   11428
   11429
   11430
   11431
   11432
   11433
   11434
   11435
   11436
   11437
   11438
   11439
   11440
   11441
   11442
   11443
   11444
   11445
   11446
   11447
   11448
   11449
   11450
   11451
   11452
   11453
   11454
   11455
   11456
   11457
   11458
   11459
   11460
   11461
   11462
   11463
   11464
   11465
   11466
   11467
   11468
   11469
   11470
   11471
   11472
   11473
   11474
   11475
   11476
   11477
   11478
   11479
   11480
   11481
   11482
   11483
   11484
   11485
   11486
   11487
   11488
   11489
   11490
   11491
   11492
   11493
   11494
   11495
   11496
   11497
   11498
   11499
   11500
   11501
   11502
   11503
   11504
   11505
   11506
   11507
   11508
   11509
   11510
   11511
   11512
   11513
   11514
   11515
   11516
   11517
   11518
   11519
   11520
   11521
   11522
   11523
   11524
   11525
   11526
   11527
   11528
   11529
   11530
   11531
   11532
   11533
   11534
   11535
   11536
   11537
   11538
   11539
   11540
   11541
   11542
   11543
   11544
   11545
   11546
   11547
   11548
   11549
   11550
   11551
   11552
   11553
   11554
   11555
   11556
   11557
   11558
   11559
   11560
   11561
   11562
   11563
   11564
   11565
   11566
   11567
   11568
   11569
   11570
   11571
   11572
   11573
   11574
   11575
   11576
   11577
   11578
   11579
   11580
   11581
   11582
   11583
   11584
   11585
   11586
   11587
   11588
   11589
   11590
   11591
   11592
   11593
   11594
   11595
   11596
   11597
   11598
   11599
   11600
   11601
   11602
   11603
   11604
   11605
   11606
   11607
   11608
   11609
   11610
   11611
   11612
   11613
   11614
   11615
   11616
   11617
   11618
   11619
   11620
   11621
   11622
   11623
   11624
   11625
   11626
   11627
   11628
   11629
   11630
   11631
   11632
   11633
   11634
   11635
   11636
   11637
   11638
   11639
   11640
   11641
   11642
   11643
   11644
   11645
   11646
   11647
   11648
   11649
   11650
   11651
   11652
   11653
   11654
   11655
   11656
   11657
   11658
   11659
   11660
   11661
   11662
   11663
   11664
   11665
   11666
   11667
   11668
   11669
   11670
   11671
   11672
   11673
   11674
   11675
   11676
   11677
   11678
   11679
   11680
   11681
   11682
   11683
   11684
   11685
   11686
   11687
   11688
   11689
   11690
   11691
   11692
   11693
   11694
   11695
   11696
   11697
   11698
   11699
   11700
   11701
   11702
   11703
   11704
   11705
   11706
   11707
   11708
   11709
   11710
   11711
   11712
   11713
   11714
   11715
   11716
   11717
   11718
   11719
   11720
   11721
   11722
   11723
   11724
   11725
   11726
   11727
   11728
   11729
   11730
   11731
   11732
   11733
   11734
   11735
   11736
   11737
   11738
   11739
   11740
   11741
   11742
   11743
   11744
   11745
   11746
   11747
   11748
   11749
   11750
   11751
   11752
   11753
   11754
   11755
   11756
   11757
   11758
   11759
   11760
   11761
   11762
   11763
   11764
   11765
   11766
   11767
   11768
   11769
   11770
   11771
   11772
   11773
   11774
   11775
   11776
   11777
   11778
   11779
   11780
   11781
   11782
   11783
   11784
   11785
   11786
   11787
   11788
   11789
   11790
   11791
   11792
   11793
   11794
   11795
   11796
   11797
   11798
   11799
   11800
   11801
   11802
   11803
   11804
   11805
   11806
   11807
   11808
   11809
   11810
   11811
   11812
   11813
   11814
   11815
   11816
   11817
   11818
   11819
   11820
   11821
   11822
   11823
   11824
   11825
   11826
   11827
   11828
   11829
   11830
   11831
   11832
   11833
   11834
   11835
   11836
   11837
   11838
   11839
   11840
   11841
   11842
   11843
   11844
   11845
   11846
   11847
   11848
   11849
   11850
   11851
   11852
   11853
   11854
   11855
   11856
   11857
   11858
   11859
   11860
   11861
   11862
   11863
   11864
   11865
   11866
   11867
   11868
   11869
   11870
   11871
   11872
   11873
   11874
   11875
   11876
   11877
   11878
   11879
   11880
   11881
   11882
   11883
   11884
   11885
   11886
   11887
   11888
   11889
   11890
   11891
   11892
   11893
   11894
   11895
   11896
   11897
   11898
   11899
   11900
   11901
   11902
   11903
   11904
   11905
   11906
   11907
   11908
   11909
   11910
   11911
   11912
   11913
   11914
   11915
   11916
   11917
   11918
   11919
   11920
   11921
   11922
   11923
   11924
   11925
   11926
   11927
   11928
   11929
   11930
   11931
   11932
   11933
   11934
   11935
   11936
   11937
   11938
   11939
   11940
   11941
   11942
   11943
   11944
   11945
   11946
   11947
   11948
   11949
   11950
   11951
   11952
   11953
   11954
   11955
   11956
   11957
   11958
   11959
   11960
   11961
   11962
   11963
   11964
   11965
   11966
   11967
   11968
   11969
   11970
   11971
   11972
   11973
   11974
   11975
   11976
   11977
   11978
   11979
   11980
   11981
   11982
   11983
   11984
   11985
   11986
   11987
   11988
   11989
   11990
   11991
   11992
   11993
   11994
   11995
   11996
   11997
   11998
   11999
   12000
   12001
   12002
   12003
   12004
   12005
   12006
   12007
   12008
   12009
   12010
   12011
   12012
   12013
   12014
   12015
   12016
   12017
   12018
   12019
   12020
   12021
   12022
   12023
   12024
   12025
   12026
   12027
   12028
   12029
   12030
   12031
   12032
   12033
   12034
   12035
   12036
   12037
   12038
   12039
   12040
   12041
   12042
   12043
   12044
   12045
   12046
   12047
   12048
   12049
   12050
   12051
   12052
   12053
   12054
   12055
   12056
   12057
   12058
   12059
   12060
   12061
   12062
   12063
   12064
   12065
   12066
   12067
   12068
   12069
   12070
   12071
   12072
   12073
   12074
   12075
   12076
   12077
   12078
   12079
   12080
   12081
   12082
   12083
   12084
   12085
   12086
   12087
   12088
   12089
   12090
   12091
   12092
   12093
   12094
   12095
   12096
   12097
   12098
   12099
   12100
   12101
   12102
   12103
   12104
   12105
   12106
   12107
   12108
   12109
   12110
   12111
   12112
   12113
   12114
   12115
   12116
   12117
   12118
   12119
   12120
   12121
   12122
   12123
   12124
   12125
   12126
   12127
   12128
   12129
   12130
   12131
   12132
   12133
   12134
   12135
   12136
   12137
   12138
   12139
   12140
   12141
   12142
   12143
   12144
   12145
   12146
   12147
   12148
   12149
   12150
   12151
   12152
   12153
   12154
   12155
   12156
   12157
   12158
   12159
   12160
   12161
   12162
   12163
   12164
   12165
   12166
   12167
   12168
   12169
   12170
   12171
   12172
   12173
   12174
   12175
   12176
   12177
   12178
   12179
   12180
   12181
   12182
   12183
   12184
   12185
   12186
   12187
   12188
   12189
   12190
   12191
   12192
   12193
   12194
   12195
   12196
   12197
   12198
   12199
   12200
   12201
   12202
   12203
   12204
   12205
   12206
   12207
   12208
   12209
   12210
   12211
   12212
   12213
   12214
   12215
   12216
   12217
   12218
   12219
   12220
   12221
   12222
   12223
   12224
   12225
   12226
   12227
   12228
   12229
   12230
   12231
   12232
   12233
   12234
   12235
   12236
   12237
   12238
   12239
   12240
   12241
   12242
   12243
   12244
   12245
   12246
   12247
   12248
   12249
   12250
   12251
   12252
   12253
   12254
   12255
   12256
   12257
   12258
   12259
   12260
   12261
   12262
   12263
   12264
   12265
   12266
   12267
   12268
   12269
   12270
   12271
   12272
   12273
   12274
   12275
   12276
   12277
   12278
   12279
   12280
   12281
   12282
   12283
   12284
   12285
   12286
   12287
   12288
   12289
   12290
   12291
   12292
   12293
   12294
   12295
   12296
   12297
   12298
   12299
   12300
   12301
   12302
   12303
   12304
   12305
   12306
   12307
   12308
   12309
   12310
   12311
   12312
   12313
   12314
   12315
   12316
   12317
   12318
   12319
   12320
   12321
   12322
   12323
   12324
   12325
   12326
   12327
   12328
   12329
   12330
   12331
   12332
   12333
   12334
   12335
   12336
   12337
   12338
   12339
   12340
   12341
   12342
   12343
   12344
   12345
   12346
   12347
   12348
   12349
   12350
   12351
   12352
   12353
   12354
   12355
   12356
   12357
   12358
   12359
   12360
   12361
   12362
   12363
   12364
   12365
   12366
   12367
   12368
   12369
   12370
   12371
   12372
   12373
   12374
   12375
   12376
   12377
   12378
   12379
   12380
   12381
   12382
   12383
   12384
   12385
   12386
