    2    5   17   14   53   83   99   63
   14   17   18   15   63   99  108   64
   15   18   19   16   64  108  117   65
   16   19   11   10   65  117   96   54
    5    4   20   17   83   86  102   99
   17   20   21   18   99  102  111  108
   18   21   22   19  108  111  120  117
   19   22   12   11  117  120   97   96
    4    3   23   20   86   89  105  102
   20   23   24   21  102  105  114  111
   21   24   25   22  111  114  123  120
   22   25   13   12  120  123   98   97
    3    1    9   23   89   71   74  105
   23    9    8   24  105   74   77  114
   24    8    7   25  114   77   80  123
   25    7    6   13  123   80   66   98
   53   83   99   63   52   82  100   60
   63   99  108   64   60  100  109   61
   64  108  117   65   61  109  118   62
   65  117   96   54   62  118   93   55
   83   86  102   99   82   85  103  100
   99  102  111  108  100  103  112  109
  108  111  120  117  109  112  121  118
  117  120   97   96  118  121   94   93
   86   89  105  102   85   88  106  103
  102  105  114  111  103  106  115  112
  111  114  123  120  112  115  124  121
  120  123   98   97  121  124   95   94
   89   71   74  105   88   70   73  106
   105   74   77  114  106   73   76  115
  114   77   80  123  115   76   79  124
  123   80   66   98  124   79   67   95
   52   82  100   60   51   81  101   57
   60  100  109   61   57  101  110   58
   61  109  118   62   58  110  119   59
   62  118   93   55   59  119   90   56
   82   85  103  100   81   84  104  101
  100  103  112  109  101  104  113  110
  109  112  121  118  110  113  122  119
  118  121   94   93  119  122   91   90
   85   88  106  103   84   87  107  104
  103  106  115  112  104  107  116  113
  112  115  124  121  113  116  125  122
  121  124   95   94  122  125   92   91
   88   70   73  106   87   69   72  107
  106   73   76  115  107   72   75  116
  115   76   79  124  116   75   78  125
  124   79   67   95  125   78   68   92
   51   81  101   57   26   41   42   28
   57  101  110   58   28   42   45   29
   58  110  119   59   29   45   48   30
   59  119   90   56   30   48   32   27
   81   84  104  101   41   40   43   42
   101  104  113  110   42   43   46   45
  110  113  122  119   45   46   49   48
  119  122   91   90   48   49   33   32
   84   87  107  104   40   39   44   43
  104  107  116  113   43   44   47   46
  113  116  125  122   46   47   50   49
  122  125   92   91   49   50   34   33
   87   69   72  107   39   35   38   44
  107   72   75  116   44   38   37   47
  116   75   78  125   47   37   36   50
  125   78   68   92   50   36   31   34
   27   32   90   56  129  137  199  183
   56   90   93   55  183  199  208  182
   55   93   96   54  182  208  217  181
   54   96   11   10  181  217  190  178
   32   33   91   90  137  138  202  199
   90   91   94   93  199  202  211  208
   93   94   97   96  208  211  220  217
   96   97   12   11  217  220  191  190
   33   34   92   91  138  139  205  202
   91   92   95   94  202  205  214  211
   94   95   98   97  211  214  223  220
   97   98   13   12  220  223  192  191
   34   31   68   92  139  134  155  205
   92   68   67   95  205  155  154  214
   95   67   66   98  214  154  153  223
   98   66    6   13  223  153  149  192
  129  137  199  183  128  140  200  186
  183  199  208  182  186  200  209  185
  182  208  217  181  185  209  218  184
  181  217  190  178  184  218  193  179
  137  138  202  199  140  141  203  200
  199  202  211  208  200  203  212  209
  208  211  220  217  209  212  221  218
  217  220  191  190  218  221  194  193
  138  139  205  202  141  142  206  203
  202  205  214  211  203  206  215  212
  211  214  223  220  212  215  224  221
  220  223  192  191  221  224  195  194
  139  134  155  205  142  135  158  206
  205  155  154  214  206  158  157  215
  214  154  153  223  215  157  156  224
  223  153  149  192  224  156  148  195
  128  140  200  186  127  143  201  189
  186  200  209  185  189  201  210  188
  185  209  218  184  188  210  219  187
  184  218  193  179  187  219  196  180
  140  141  203  200  143  144  204  201
  200  203  212  209  201  204  213  210
  209  212  221  218  210  213  222  219
  218  221  194  193  219  222  197  196
  141  142  206  203  144  145  207  204
  203  206  215  212  204  207  216  213
  212  215  224  221  213  216  225  222
  221  224  195  194  222  225  198  197
  142  135  158  206  145  136  161  207
  206  158  157  215  207  161  160  216
  215  157  156  224  216  160  159  225
  224  156  148  195  225  159  147  198
  127  143  201  189  126  131  171  168
  189  201  210  188  168  171  170  167
  188  210  219  187  167  170  169  166
  187  219  196  180  166  169  163  162
  143  144  204  201  131  132  174  171
  201  204  213  210  171  174  173  170
  210  213  222  219  170  173  172  169
  219  222  197  196  169  172  164  163
  144  145  207  204  132  133  177  174
  204  207  216  213  174  177  176  173
  213  216  225  222  173  176  175  172
  222  225  198  197  172  175  165  164
  145  136  161  207  133  130  152  177
  207  161  160  216  177  152  151  176
  216  160  159  225  176  151  150  175
  225  159  147  198  175  150  146  165
   35   69   72   38  232  267  279  233
   38   72   75   37  233  279  288  236
   37   75   78   36  236  288  297  239
   36   78   68   31  239  297  155  134
   69   70   73   72  267  264  282  279
   72   73   76   75  279  282  291  288
   75   76   79   78  288  291  300  297
   78   79   67   68  297  300  154  155
   70   71   74   73  264  261  285  282
   73   74   77   76  282  285  294  291
   76   77   80   79  291  294  303  300
   79   80   66   67  300  303  153  154
   71    1    9   74  261  258  270  285
   74    9    8   77  285  270  273  294
   77    8    7   80  294  273  276  303
   80    7    6   66  303  276  149  153
  232  267  279  233  231  268  280  234
  233  279  288  236  234  280  289  237
  236  288  297  239  237  289  298  240
  239  297  155  134  240  298  158  135
  267  264  282  279  268  265  283  280
  279  282  291  288  280  283  292  289
  288  291  300  297  289  292  301  298
  297  300  154  155  298  301  157  158
  264  261  285  282  265  262  286  283
  282  285  294  291  283  286  295  292
  291  294  303  300  292  295  304  301
  300  303  153  154  301  304  156  157
  261  258  270  285  262  259  271  286
  285  270  273  294  286  271  274  295
  294  273  276  303  295  274  277  304
  303  276  149  153  304  277  148  156
  231  268  280  234  230  269  281  235
  234  280  289  237  235  281  290  238
  237  289  298  240  238  290  299  241
  240  298  158  135  241  299  161  136
  268  265  283  280  269  266  284  281
  280  283  292  289  281  284  293  290
  289  292  301  298  290  293  302  299
  298  301  157  158  299  302  160  161
  265  262  286  283  266  263  287  284
  283  286  295  292  284  287  296  293
  292  295  304  301  293  296  305  302
  301  304  156  157  302  305  159  160
  262  259  271  286  263  260  272  287
  286  271  274  295  287  272  275  296
  295  274  277  304  296  275  278  305
  304  277  148  156  305  278  147  159
  230  269  281  235  226  245  255  227
  235  281  290  238  227  255  256  228
  238  290  299  241  228  256  257  229
  241  299  161  136  229  257  152  130
  269  266  284  281  245  244  252  255
  281  284  293  290  255  252  253  256
  290  293  302  299  256  253  254  257
  299  302  160  161  257  254  151  152
  266  263  287  284  244  243  249  252
  284  287  296  293  252  249  250  253
  293  296  305  302  253  250  251  254
  302  305  159  160  254  251  150  151
  263  260  272  287  243  242  246  249
  287  272  275  296  249  246  247  250
  296  275  278  305  250  247  248  251
  305  278  147  159  251  248  146  150
   35   38   44   39  232  233  343  327
   39   44   43   40  327  343  352  326
   40   43   42   41  326  352  361  325
   41   42   28   26  325  361  334  322
   38   37   47   44  233  236  346  343
   44   47   46   43  343  346  355  352
   43   46   45   42  352  355  364  361
   42   45   29   28  361  364  335  334
   37   36   50   47  236  239  349  346
   47   50   49   46  346  349  358  355
   46   49   48   45  355  358  367  364
   45   48   30   29  364  367  336  335
   36   31   34   50  239  134  139  349
   50   34   33   49  349  139  138  358
   49   33   32   48  358  138  137  367
   48   32   27   30  367  137  129  336
  232  233  343  327  231  234  344  330
  327  343  352  326  330  344  353  329
  326  352  361  325  329  353  362  328
  325  361  334  322  328  362  337  323
  233  236  346  343  234  237  347  344
  343  346  355  352  344  347  356  353
  352  355  364  361  353  356  365  362
  361  364  335  334  362  365  338  337
  236  239  349  346  237  240  350  347
  346  349  358  355  347  350  359  356
  355  358  367  364  356  359  368  365
  364  367  336  335  365  368  339  338
  239  134  139  349  240  135  142  350
  349  139  138  358  350  142  141  359
  358  138  137  367  359  141  140  368
  367  137  129  336  368  140  128  339
  231  234  344  330  230  235  345  333
  330  344  353  329  333  345  354  332
  329  353  362  328  332  354  363  331
  328  362  337  323  331  363  340  324
  234  237  347  344  235  238  348  345
  344  347  356  353  345  348  357  354
  353  356  365  362  354  357  366  363
  362  365  338  337  363  366  341  340
  237  240  350  347  238  241  351  348
  347  350  359  356  348  351  360  357
  356  359  368  365  357  360  369  366
  365  368  339  338  366  369  342  341
  240  135  142  350  241  136  145  351
  350  142  141  359  351  145  144  360
  359  141  140  368  360  144  143  369
  368  140  128  339  369  143  127  342
   230  235  345  333  226  227  315  312
  333  345  354  332  312  315  314  311
  332  354  363  331  311  314  313  310
  331  363  340  324  310  313  307  306
  235  238  348  345  227  228  318  315
  345  348  357  354  315  318  317  314
  354  357  366  363  314  317  316  313
  363  366  341  340  313  316  308  307
  238  241  351  348  228  229  321  318
  348  351  360  357  318  321  320  317
  357  360  369  366  317  320  319  316
  366  369  342  341  316  319  309  308
  241  136  145  351  229  130  133  321
  351  145  144  360  321  133  132  320
  360  144  143  369  320  132  131  319
  369  143  127  342  319  131  126  309
    2   14   17    5  400  403  443  431
    5   17   20    4  431  443  452  432
    4   20   23    3  432  452  461  433
    3   23    9    1  433  461  422  412
   14   15   18   17  403  406  446  443
   17   18   21   20  443  446  455  452
   20   21   24   23  452  455  464  461
   23   24    8    9  461  464  423  422
   15   16   19   18  406  409  449  446
   18   19   22   21  446  449  458  455
   21   22   25   24  455  458  467  464
   24   25    7    8  464  467  424  423
   16   10   11   19  409  395  436  449
   19   11   12   22  449  436  439  458
   22   12   13   25  458  439  442  467
   25   13    6    7  467  442  413  424
  400  403  443  431  399  402  444  428
  431  443  452  432  428  444  453  429
  432  452  461  433  429  453  462  430
  433  461  422  412  430  462  419  411
  403  406  446  443  402  405  447  444
  443  446  455  452  444  447  456  453
  452  455  464  461  453  456  465  462
  461  464  423  422  462  465  420  419
  406  409  449  446  405  408  450  447
  446  449  458  455  447  450  459  456
  455  458  467  464  456  459  468  465
  464  467  424  423  465  468  421  420
  409  395  436  449  408  396  435  450
  449  436  439  458  450  435  438  459
  458  439  442  467  459  438  441  468
  467  442  413  424  468  441  414  421
  399  402  444  428  398  401  445  425
  428  444  453  429  425  445  454  426
  429  453  462  430  426  454  463  427
  430  462  419  411  427  463  416  410
  402  405  447  444  401  404  448  445
  444  447  456  453  445  448  457  454
  453  456  465  462  454  457  466  463
  462  465  420  419  463  466  417  416
  405  408  450  447  404  407  451  448
  447  450  459  456  448  451  460  457
  456  459  468  465  457  460  469  466
  465  468  421  420  466  469  418  417
  408  396  435  450  407  397  434  451
  450  435  438  459  451  434  437  460
  459  438  441  468  460  437  440  469
  468  441  414  421  469  440  415  418
  398  401  445  425  371  383  386  374
  425  445  454  426  374  386  389  373
  426  454  463  427  373  389  392  372
  427  463  416  410  372  392  378  370
  401  404  448  445  383  384  387  386
  445  448  457  454  386  387  390  389
  454  457  466  463  389  390  393  392
  463  466  417  416  392  393  377  378
  404  407  451  448  384  385  388  387
  448  451  460  457  387  388  391  390
  457  460  469  466  390  391  394  393
  466  469  418  417  393  394  376  377
  407  397  434  451  385  379  380  388
  451  434  437  460  388  380  381  391
  460  437  440  469  391  381  382  394
  469  440  415  418  394  382  375  376
  379  397  434  380  480  520  523  481
  380  434  437  381  481  523  532  484
  381  437  440  382  484  532  541  487
  382  440  415  375  487  541  499  471
  397  396  435  434  520  517  526  523
  434  435  438  437  523  526  535  532
  437  438  441  440  532  535  544  541
  440  441  414  415  541  544  496  499
  396  395  436  435  517  514  529  526
  435  436  439  438  526  529  538  535
  438  439  442  441  535  538  547  544
  441  442  413  414  544  547  493  496
  395   10   11  436  514  178  190  529
  436   11   12  439  529  190  191  538
  439   12   13  442  538  191  192  547
  442   13    6  413  547  192  149  493
  480  520  523  481  479  521  524  482
  481  523  532  484  482  524  533  485
  484  532  541  487  485  533  542  488
  487  541  499  471  488  542  500  472
  520  517  526  523  521  518  527  524
  523  526  535  532  524  527  536  533
  532  535  544  541  533  536  545  542
  541  544  496  499  542  545  497  500
  517  514  529  526  518  515  530  527
  526  529  538  535  527  530  539  536
  535  538  547  544  536  539  548  545
  544  547  493  496  545  548  494  497
  514  178  190  529  515  179  193  530
  529  190  191  538  530  193  194  539
  538  191  192  547  539  194  195  548
  547  192  149  493  548  195  148  494
  479  521  524  482  478  522  525  483
  482  524  533  485  483  525  534  486
  485  533  542  488  486  534  543  489
  488  542  500  472  489  543  501  473
  521  518  527  524  522  519  528  525
  524  527  536  533  525  528  537  534
  533  536  545  542  534  537  546  543
  542  545  497  500  543  546  498  501
  518  515  530  527  519  516  531  528
  527  530  539  536  528  531  540  537
  536  539  548  545  537  540  549  546
  545  548  494  497  546  549  495  498
  515  179  193  530  516  180  196  531
  530  193  194  539  531  196  197  540
  539  194  195  548  540  197  198  549
  548  195  148  494  549  198  147  495
  478  522  525  483  474  504  511  475
  483  525  534  486  475  511  512  476
  486  534  543  489  476  512  513  477
  489  543  501  473  477  513  492  470
  522  519  528  525  504  503  508  511
  525  528  537  534  511  508  509  512
  534  537  546  543  512  509  510  513
  543  546  498  501  513  510  491  492
  519  516  531  528  503  502  505  508
  528  531  540  537  508  505  506  509
  537  540  549  546  509  506  507  510
  546  549  495  498  510  507  490  491
  516  180  196  531  502  162  163  505
  531  196  197  540  505  163  164  506
  540  197  198  549  506  164  165  507
  549  198  147  495  507  165  146  490
  370  378  416  410  553  557  587  580
  410  416  419  411  580  587  596  579
  411  419  422  412  579  596  605  578
  412  422    9    1  578  605  270  258
  378  377  417  416  557  558  590  587
  416  417  420  419  587  590  599  596
  419  420  423  422  596  599  608  605
  422  423    8    9  605  608  273  270
  377  376  418  417  558  559  593  590
  417  418  421  420  590  593  602  599
  420  421  424  423  599  602  611  608
  423  424    7    8  608  611  276  273
  376  375  415  418  559  471  499  593
  418  415  414  421  593  499  496  602
  421  414  413  424  602  496  493  611
  424  413    6    7  611  493  149  276
  553  557  587  580  552  560  588  583
  580  587  596  579  583  588  597  582
  579  596  605  578  582  597  606  581
  578  605  270  258  581  606  271  259
  557  558  590  587  560  561  591  588
  587  590  599  596  588  591  600  597
  596  599  608  605  597  600  609  606
  605  608  273  270  606  609  274  271
  558  559  593  590  561  562  594  591
  590  593  602  599  591  594  603  600
  599  602  611  608  600  603  612  609
  608  611  276  273  609  612  277  274
  559  471  499  593  562  472  500  594
  593  499  496  602  594  500  497  603
  602  496  493  611  603  497  494  612
  611  493  149  276  612  494  148  277
  552  560  588  583  551  563  589  586
  583  588  597  582  586  589  598  585
  582  597  606  581  585  598  607  584
  581  606  271  259  584  607  272  260
  560  561  591  588  563  564  592  589
  588  591  600  597  589  592  601  598
  597  600  609  606  598  601  610  607
  606  609  274  271  607  610  275  272
  561  562  594  591  564  565  595  592
  591  594  603  600  592  595  604  601
  600  603  612  609  601  604  613  610
  609  612  277  274  610  613  278  275
  562  472  500  594  565  473  501  595
  594  500  497  603  595  501  498  604
  603  497  494  612  604  498  495  613
  612  494  148  277  613  495  147  278
  551  563  589  586  550  554  571  568
  586  589  598  585  568  571  570  567
  585  598  607  584  567  570  569  566
  584  607  272  260  566  569  246  242
  563  564  592  589  554  555  574  571
  589  592  601  598  571  574  573  570
  598  601  610  607  570  573  572  569
  607  610  275  272  569  572  247  246
  564  565  595  592  555  556  577  574
  592  595  604  601  574  577  576  573
  601  604  613  610  573  576  575  572
  610  613  278  275  572  575  248  247
  565  473  501  595  556  470  492  577
  595  501  498  604  577  492  491  576
  604  498  495  613  576  491  490  575
  613  495  147  278  575  490  146  248
  370  372  392  378  553  639  651  557
  378  392  393  377  557  651  660  558
  377  393  394  376  558  660  669  559
  376  394  382  375  559  669  487  471
  372  373  389  392  639  636  654  651
  392  389  390  393  651  654  663  660
  393  390  391  394  660  663  672  669
  394  391  381  382  669  672  484  487
  373  374  386  389  636  633  657  654
  389  386  387  390  654  657  666  663
  390  387  388  391  663  666  675  672
  391  388  380  381  672  675  481  484
  374  371  383  386  633  630  642  657
  386  383  384  387  657  642  645  666
  387  384  385  388  666  645  648  675
  388  385  379  380  675  648  480  481
  553  639  651  557  552  640  652  560
  557  651  660  558  560  652  661  561
  558  660  669  559  561  661  670  562
  559  669  487  471  562  670  488  472
  639  636  654  651  640  637  655  652
  651  654  663  660  652  655  664  661
  660  663  672  669  661  664  673  670
  669  672  484  487  670  673  485  488
  636  633  657  654  637  634  658  655
  654  657  666  663  655  658  667  664
  663  666  675  672  664  667  676  673
  672  675  481  484  673  676  482  485
  633  630  642  657  634  631  643  658
  657  642  645  666  658  643  646  667
  666  645  648  675  667  646  649  676
  675  648  480  481  676  649  479  482
  552  640  652  560  551  641  653  563
  560  652  661  561  563  653  662  564
  561  661  670  562  564  662  671  565
  562  670  488  472  565  671  489  473
  640  637  655  652  641  638  656  653
  652  655  664  661  653  656  665  662
  661  664  673  670  662  665  674  671
  670  673  485  488  671  674  486  489
  637  634  658  655  638  635  659  656
  655  658  667  664  656  659  668  665
  664  667  676  673  665  668  677  674
  673  676  482  485  674  677  483  486
  634  631  643  658  635  632  644  659
  658  643  646  667  659  644  647  668
  667  646  649  676  668  647  650  677
  676  649  479  482  677  650  478  483
  551  641  653  563  550  617  627  554
  563  653  662  564  554  627  628  555
  564  662  671  565  555  628  629  556
  565  671  489  473  556  629  477  470
  641  638  656  653  617  616  624  627
  653  656  665  662  627  624  625  628
  662  665  674  671  628  625  626  629
  671  674  486  489  629  626  476  477
  638  635  659  656  616  615  621  624
  656  659  668  665  624  621  622  625
  665  668  677  674  625  622  623  626
  674  677  483  486  626  623  475  476
  635  632  644  659  615  614  618  621
  659  644  647  668  621  618  619  622
  668  647  650  677  622  619  620  623
  677  650  478  483  623  620  474  475
    2   14  689  688   53   63  751  739
  688  689  690  687  739  751  760  740
  687  690  691  686  740  760  769  741
  686  691  685  682  741  769  730  720
   14   15  692  689   63   64  754  751
  689  692  693  690  751  754  763  760
  690  693  694  691  760  763  772  769
  691  694  684  685  769  772  731  730
   15   16  695  692   64   65  757  754
  692  695  696  693  754  757  766  763
  693  696  697  694  763  766  775  772
  694  697  683  684  772  775  732  731
   16   10  679  695   65   54  744  757
  695  679  680  696  757  744  747  766
  696  680  681  697  766  747  750  775
  697  681  678  683  775  750  721  732
   53   63  751  739   52   60  752  736
  739  751  760  740  736  752  761  737
  740  760  769  741  737  761  770  738
  741  769  730  720  738  770  727  719
   63   64  754  751   60   61  755  752
  751  754  763  760  752  755  764  761
  760  763  772  769  761  764  773  770
  769  772  731  730  770  773  728  727
   64   65  757  754   61   62  758  755
  754  757  766  763  755  758  767  764
  763  766  775  772  764  767  776  773
  772  775  732  731  773  776  729  728
   65   54  744  757   62   55  743  758
  757  744  747  766  758  743  746  767
  766  747  750  775  767  746  749  776
  775  750  721  732  776  749  722  729
   52   60  752  736   51   57  753  733
  736  752  761  737  733  753  762  734
  737  761  770  738  734  762  771  735
  738  770  727  719  735  771  724  718
   60   61  755  752   57   58  756  753
  752  755  764  761  753  756  765  762
  761  764  773  770  762  765  774  771
  770  773  728  727  771  774  725  724
   61   62  758  755   58   59  759  756
  755  758  767  764  756  759  768  765
  764  767  776  773  765  768  777  774
  773  776  729  728  774  777  726  725
   62   55  743  758   59   56  742  759
  758  743  746  767  759  742  745  768
  767  746  749  776  768  745  748  777
  776  749  722  729  777  748  723  726
   51   57  753  733   26   28  709  701
  733  753  762  734  701  709  712  700
  734  762  771  735  700  712  715  699
  735  771  724  718  699  715  705  698
   57   58  756  753   28   29  710  709
  753  756  765  762  709  710  713  712
  762  765  774  771  712  713  716  715
  771  774  725  724  715  716  704  705
   58   59  759  756   29   30  711  710
  756  759  768  765  710  711  714  713
  765  768  777  774  713  714  717  716
  774  777  726  725  716  717  703  704
   59   56  742  759   30   27  706  711
  759  742  745  768  711  706  707  714
  768  745  748  777  714  707  708  717
  777  748  723  726  717  708  702  703
   27   56  742  706  129  183  831  785
  706  742  745  707  785  831  840  788
  707  745  748  708  788  840  849  791
  708  748  723  702  791  849  807  779
   56   55  743  742  183  182  834  831
  742  743  746  745  831  834  843  840
  745  746  749  748  840  843  852  849
  748  749  722  723  849  852  804  807
   55   54  744  743  182  181  837  834
  743  744  747  746  834  837  846  843
  746  747  750  749  843  846  855  852
  749  750  721  722  852  855  801  804
   54   10  679  744  181  178  822  837
  744  679  680  747  837  822  825  846
  747  680  681  750  846  825  828  855
  750  681  678  721  855  828  800  801
  129  183  831  785  128  186  832  786
  785  831  840  788  786  832  841  789
  788  840  849  791  789  841  850  792
  791  849  807  779  792  850  808  780
  183  182  834  831  186  185  835  832
  831  834  843  840  832  835  844  841
  840  843  852  849  841  844  853  850
  849  852  804  807  850  853  805  808
  182  181  837  834  185  184  838  835
  834  837  846  843  835  838  847  844
  843  846  855  852  844  847  856  853
  852  855  801  804  853  856  802  805
  181  178  822  837  184  179  823  838
  837  822  825  846  838  823  826  847
  846  825  828  855  847  826  829  856
  855  828  800  801  856  829  799  802
  128  186  832  786  127  189  833  787
  786  832  841  789  787  833  842  790
  789  841  850  792  790  842  851  793
  792  850  808  780  793  851  809  781
  186  185  835  832  189  188  836  833
  832  835  844  841  833  836  845  842
  841  844  853  850  842  845  854  851
  850  853  805  808  851  854  806  809
  185  184  838  835  188  187  839  836
  835  838  847  844  836  839  848  845
  844  847  856  853  845  848  857  854
  853  856  802  805  854  857  803  806
  184  179  823  838  187  180  824  839
  838  823  826  847  839  824  827  848
  847  826  829  856  848  827  830  857
  856  829  799  802  857  830  798  803
  127  189  833  787  126  168  819  782
  787  833  842  790  782  819  820  783
  790  842  851  793  783  820  821  784
  793  851  809  781  784  821  797  778
  189  188  836  833  168  167  816  819
  833  836  845  842  819  816  817  820
  842  845  854  851  820  817  818  821
  851  854  806  809  821  818  796  797
  188  187  839  836  167  166  813  816
  836  839  848  845  816  813  814  817
  845  848  857  854  817  814  815  818
  854  857  803  806  818  815  795  796
  187  180  824  839  166  162  810  813
  839  824  827  848  813  810  811  814
  848  827  830  857  814  811  812  815
  857  830  798  803  815  812  794  795
  698  705  724  718  861  865  911  895
  718  724  727  719  895  911  920  894
  719  727  730  720  894  920  929  893
  720  730  685  682  893  929  902  890
  705  704  725  724  865  866  914  911
  724  725  728  727  911  914  923  920
  727  728  731  730  920  923  932  929
  730  731  684  685  929  932  903  902
  704  703  726  725  866  867  917  914
  725  726  729  728  914  917  926  923
  728  729  732  731  923  926  935  932
  731  732  683  684  932  935  904  903
  703  702  723  726  867  779  807  917
  726  723  722  729  917  807  804  926
  729  722  721  732  926  804  801  935
  732  721  678  683  935  801  800  904
  861  865  911  895  860  868  912  898
  895  911  920  894  898  912  921  897
  894  920  929  893  897  921  930  896
  893  929  902  890  896  930  905  891
  865  866  914  911  868  869  915  912
  911  914  923  920  912  915  924  921
  920  923  932  929  921  924  933  930
  929  932  903  902  930  933  906  905
  866  867  917  914  869  870  918  915
  914  917  926  923  915  918  927  924
  923  926  935  932  924  927  936  933
  932  935  904  903  933  936  907  906
  867  779  807  917  870  780  808  918
  917  807  804  926  918  808  805  927
  926  804  801  935  927  805  802  936
  935  801  800  904  936  802  799  907
  860  868  912  898  859  871  913  901
  898  912  921  897  901  913  922  900
  897  921  930  896  900  922  931  899
  896  930  905  891  899  931  908  892
  868  869  915  912  871  872  916  913
  912  915  924  921  913  916  925  922
  921  924  933  930  922  925  934  931
  930  933  906  905  931  934  909  908
  869  870  918  915  872  873  919  916
  915  918  927  924  916  919  928  925
  924  927  936  933  925  928  937  934
  933  936  907  906  934  937  910  909
  870  780  808  918  873  781  809  919
  918  808  805  927  919  809  806  928
  927  805  802  936  928  806  803  937
  936  802  799  907  937  803  798  910
  859  871  913  901  858  862  883  880
  901  913  922  900  880  883  882  879
  900  922  931  899  879  882  881  878
  899  931  908  892  878  881  875  874
  871  872  916  913  862  863  886  883
  913  916  925  922  883  886  885  882
  922  925  934  931  882  885  884  881
  931  934  909  908  881  884  876  875
  872  873  919  916  863  864  889  886
  916  919  928  925  886  889  888  885
  925  928  937  934  885  888  887  884
  934  937  910  909  884  887  877  876
  873  781  809  919  864  778  797  889
  919  809  806  928  889  797  796  888
  928  806  803  937  888  796  795  887
  937  803  798  910  887  795  794  877
  698  699  715  705  861  956  959  865
  705  715  716  704  865  959  968  866
  704  716  717  703  866  968  977  867
  703  717  708  702  867  977  791  779
  699  700  712  715  956  953  962  959
  715  712  713  716  959  962  971  968
  716  713  714  717  968  971  980  977
  717  714  707  708  977  980  788  791
  700  701  709  712  953  950  965  962
  712  709  710  713  962  965  974  971
  713  710  711  714  971  974  983  980
  714  711  706  707  980  983  785  788
  701   26   28  709  950  322  334  965
  709   28   29  710  965  334  335  974
  710   29   30  711  974  335  336  983
  711   30   27  706  983  336  129  785
  861  956  959  865  860  957  960  868
  865  959  968  866  868  960  969  869
  866  968  977  867  869  969  978  870
  867  977  791  779  870  978  792  780
  956  953  962  959  957  954  963  960
  959  962  971  968  960  963  972  969
  968  971  980  977  969  972  981  978
  977  980  788  791  978  981  789  792
  953  950  965  962  954  951  966  963
  962  965  974  971  963  966  975  972
  971  974  983  980  972  975  984  981
  980  983  785  788  981  984  786  789
  950  322  334  965  951  323  337  966
  965  334  335  974  966  337  338  975
  974  335  336  983  975  338  339  984
  983  336  129  785  984  339  128  786
  860  957  960  868  859  958  961  871
  868  960  969  869  871  961  970  872
  869  969  978  870  872  970  979  873
  870  978  792  780  873  979  793  781
  957  954  963  960  958  955  964  961
  960  963  972  969  961  964  973  970
  969  972  981  978  970  973  982  979
  978  981  789  792  979  982  790  793
  954  951  966  963  955  952  967  964
  963  966  975  972  964  967  976  973
  972  975  984  981  973  976  985  982
  981  984  786  789  982  985  787  790
  951  323  337  966  952  324  340  967
  966  337  338  975  967  340  341  976
  975  338  339  984  976  341  342  985
  984  339  128  786  985  342  127  787
  859  958  961  871  858  940  947  862
  871  961  970  872  862  947  948  863
  872  970  979  873  863  948  949  864
  873  979  793  781  864  949  784  778
  958  955  964  961  940  939  944  947
  961  964  973  970  947  944  945  948
  970  973  982  979  948  945  946  949
  979  982  790  793  949  946  783  784
  955  952  967  964  939  938  941  944
  964  967  976  973  944  941  942  945
  973  976  985  982  945  942  943  946
  982  985  787  790  946  943  782  783
   952  324  340  967  938  306  307  941
  967  340  341  976  941  307  308  942
  976  341  342  985  942  308  309  943
  985  342  127  787  943  309  126  782
    2  688  689   14  400 1023 1039  403
   14  689  692   15  403 1039 1048  406
   15  692  695   16  406 1048 1057  409
   16  695  679   10  409 1057 1036  395
  688  687  690  689 1023 1026 1042 1039
  689  690  693  692 1039 1042 1051 1048
  692  693  696  695 1048 1051 1060 1057
  695  696  680  679 1057 1060 1037 1036
  687  686  691  690 1026 1029 1045 1042
  690  691  694  693 1042 1045 1054 1051
  693  694  697  696 1051 1054 1063 1060
  696  697  681  680 1060 1063 1038 1037
  686  682  685  691 1029 1011 1014 1045
  691  685  684  694 1045 1014 1017 1054
  694  684  683  697 1054 1017 1020 1063
  697  683  678  681 1063 1020 1006 1038
  400 1023 1039  403  399 1022 1040  402
  403 1039 1048  406  402 1040 1049  405
  406 1048 1057  409  405 1049 1058  408
  409 1057 1036  395  408 1058 1033  396
 1023 1026 1042 1039 1022 1025 1043 1040
 1039 1042 1051 1048 1040 1043 1052 1049
 1048 1051 1060 1057 1049 1052 1061 1058
 1057 1060 1037 1036 1058 1061 1034 1033
 1026 1029 1045 1042 1025 1028 1046 1043
 1042 1045 1054 1051 1043 1046 1055 1052
 1051 1054 1063 1060 1052 1055 1064 1061
 1060 1063 1038 1037 1061 1064 1035 1034
 1029 1011 1014 1045 1028 1010 1013 1046
 1045 1014 1017 1054 1046 1013 1016 1055
 1054 1017 1020 1063 1055 1016 1019 1064
 1063 1020 1006 1038 1064 1019 1007 1035
  399 1022 1040  402  398 1021 1041  401
  402 1040 1049  405  401 1041 1050  404
  405 1049 1058  408  404 1050 1059  407
  408 1058 1033  396  407 1059 1030  397
 1022 1025 1043 1040 1021 1024 1044 1041
 1040 1043 1052 1049 1041 1044 1053 1050
 1049 1052 1061 1058 1050 1053 1062 1059
 1058 1061 1034 1033 1059 1062 1031 1030
 1025 1028 1046 1043 1024 1027 1047 1044
 1043 1046 1055 1052 1044 1047 1056 1053
 1052 1055 1064 1061 1053 1056 1065 1062
 1061 1064 1035 1034 1062 1065 1032 1031
 1028 1010 1013 1046 1027 1009 1012 1047
 1046 1013 1016 1055 1047 1012 1015 1056
 1055 1016 1019 1064 1056 1015 1018 1065
 1064 1019 1007 1035 1065 1018 1008 1032
  398 1021 1041  401  371  996  997  383
  401 1041 1050  404  383  997 1000  384
  404 1050 1059  407  384 1000 1003  385
  407 1059 1030  397  385 1003  987  379
 1021 1024 1044 1041  996  995  998  997
 1041 1044 1053 1050  997  998 1001 1000
 1050 1053 1062 1059 1000 1001 1004 1003
 1059 1062 1031 1030 1003 1004  988  987
 1024 1027 1047 1044  995  994  999  998
 1044 1047 1056 1053  998  999 1002 1001
 1053 1056 1065 1062 1001 1002 1005 1004
 1062 1065 1032 1031 1004 1005  989  988
 1027 1009 1012 1047  994  990  993  999
 1047 1012 1015 1056  999  993  992 1002
 1056 1015 1018 1065 1002  992  991 1005
 1065 1018 1008 1032 1005  991  986  989
  379  987 1030  397  480 1073 1103  520
  397 1030 1033  396  520 1103 1112  517
  396 1033 1036  395  517 1112 1121  514
  395 1036  679   10  514 1121  822  178
  987  988 1031 1030 1073 1074 1106 1103
 1030 1031 1034 1033 1103 1106 1115 1112
 1033 1034 1037 1036 1112 1115 1124 1121
 1036 1037  680  679 1121 1124  825  822
  988  989 1032 1031 1074 1075 1109 1106
 1031 1032 1035 1034 1106 1109 1118 1115
 1034 1035 1038 1037 1115 1118 1127 1124
 1037 1038  681  680 1124 1127  828  825
  989  986 1008 1032 1075 1070 1087 1109
 1032 1008 1007 1035 1109 1087 1086 1118
 1035 1007 1006 1038 1118 1086 1085 1127
 1038 1006  678  681 1127 1085  800  828
  480 1073 1103  520  479 1076 1104  521
  520 1103 1112  517  521 1104 1113  518
  517 1112 1121  514  518 1113 1122  515
  514 1121  822  178  515 1122  823  179
 1073 1074 1106 1103 1076 1077 1107 1104
 1103 1106 1115 1112 1104 1107 1116 1113
 1112 1115 1124 1121 1113 1116 1125 1122
 1121 1124  825  822 1122 1125  826  823
 1074 1075 1109 1106 1077 1078 1110 1107
 1106 1109 1118 1115 1107 1110 1119 1116
 1115 1118 1127 1124 1116 1119 1128 1125
 1124 1127  828  825 1125 1128  829  826
 1075 1070 1087 1109 1078 1071 1090 1110
 1109 1087 1086 1118 1110 1090 1089 1119
 1118 1086 1085 1127 1119 1089 1088 1128
 1127 1085  800  828 1128 1088  799  829
  479 1076 1104  521  478 1079 1105  522
  521 1104 1113  518  522 1105 1114  519
  518 1113 1122  515  519 1114 1123  516
  515 1122  823  179  516 1123  824  180
 1076 1077 1107 1104 1079 1080 1108 1105
 1104 1107 1116 1113 1105 1108 1117 1114
 1113 1116 1125 1122 1114 1117 1126 1123
 1122 1125  826  823 1123 1126  827  824
 1077 1078 1110 1107 1080 1081 1111 1108
 1107 1110 1119 1116 1108 1111 1120 1117
 1116 1119 1128 1125 1117 1120 1129 1126
 1125 1128  829  826 1126 1129  830  827
 1078 1071 1090 1110 1081 1072 1093 1111
 1110 1090 1089 1119 1111 1093 1092 1120
 1119 1089 1088 1128 1120 1092 1091 1129
 1128 1088  799  829 1129 1091  798  830
  478 1079 1105  522  474 1067 1096  504
  522 1105 1114  519  504 1096 1095  503
  519 1114 1123  516  503 1095 1094  502
  516 1123  824  180  502 1094  810  162
 1079 1080 1108 1105 1067 1068 1099 1096
 1105 1108 1117 1114 1096 1099 1098 1095
 1114 1117 1126 1123 1095 1098 1097 1094
 1123 1126  827  824 1094 1097  811  810
 1080 1081 1111 1108 1068 1069 1102 1099
 1108 1111 1120 1117 1099 1102 1101 1098
 1117 1120 1129 1126 1098 1101 1100 1097
 1126 1129  830  827 1097 1100  812  811
 1081 1072 1093 1111 1069 1066 1084 1102
 1111 1093 1092 1120 1102 1084 1083 1101
 1120 1092 1091 1129 1101 1083 1082 1100
 1129 1091  798  830 1100 1082  794  812
  990 1009 1012  993 1136 1164 1167 1137
  993 1012 1015  992 1137 1167 1176 1140
  992 1015 1018  991 1140 1176 1185 1143
  991 1018 1008  986 1143 1185 1087 1070
 1009 1010 1013 1012 1164 1161 1170 1167
 1012 1013 1016 1015 1167 1170 1179 1176
 1015 1016 1019 1018 1176 1179 1188 1185
 1018 1019 1007 1008 1185 1188 1086 1087
 1010 1011 1014 1013 1161 1158 1173 1170
 1013 1014 1017 1016 1170 1173 1182 1179
 1016 1017 1020 1019 1179 1182 1191 1188
 1019 1020 1006 1007 1188 1191 1085 1086
 1011  682  685 1014 1158  890  902 1173
 1014  685  684 1017 1173  902  903 1182
 1017  684  683 1020 1182  903  904 1191
 1020  683  678 1006 1191  904  800 1085
 1136 1164 1167 1137 1135 1165 1168 1138
 1137 1167 1176 1140 1138 1168 1177 1141
 1140 1176 1185 1143 1141 1177 1186 1144
 1143 1185 1087 1070 1144 1186 1090 1071
 1164 1161 1170 1167 1165 1162 1171 1168
 1167 1170 1179 1176 1168 1171 1180 1177
 1176 1179 1188 1185 1177 1180 1189 1186
 1185 1188 1086 1087 1186 1189 1089 1090
 1161 1158 1173 1170 1162 1159 1174 1171
 1170 1173 1182 1179 1171 1174 1183 1180
 1179 1182 1191 1188 1180 1183 1192 1189
 1188 1191 1085 1086 1189 1192 1088 1089
 1158  890  902 1173 1159  891  905 1174
 1173  902  903 1182 1174  905  906 1183
 1182  903  904 1191 1183  906  907 1192
 1191  904  800 1085 1192  907  799 1088
 1135 1165 1168 1138 1134 1166 1169 1139
 1138 1168 1177 1141 1139 1169 1178 1142
 1141 1177 1186 1144 1142 1178 1187 1145
 1144 1186 1090 1071 1145 1187 1093 1072
 1165 1162 1171 1168 1166 1163 1172 1169
 1168 1171 1180 1177 1169 1172 1181 1178
 1177 1180 1189 1186 1178 1181 1190 1187
 1186 1189 1089 1090 1187 1190 1092 1093
 1162 1159 1174 1171 1163 1160 1175 1172
 1171 1174 1183 1180 1172 1175 1184 1181
 1180 1183 1192 1189 1181 1184 1193 1190
 1189 1192 1088 1089 1190 1193 1091 1092
 1159  891  905 1174 1160  892  908 1175
 1174  905  906 1183 1175  908  909 1184
 1183  906  907 1192 1184  909  910 1193
 1192  907  799 1088 1193  910  798 1091
 1134 1166 1169 1139 1130 1148 1155 1131
 1139 1169 1178 1142 1131 1155 1156 1132
 1142 1178 1187 1145 1132 1156 1157 1133
 1145 1187 1093 1072 1133 1157 1084 1066
 1166 1163 1172 1169 1148 1147 1152 1155
 1169 1172 1181 1178 1155 1152 1153 1156
 1178 1181 1190 1187 1156 1153 1154 1157
 1187 1190 1092 1093 1157 1154 1083 1084
 1163 1160 1175 1172 1147 1146 1149 1152
 1172 1175 1184 1181 1152 1149 1150 1153
 1181 1184 1193 1190 1153 1150 1151 1154
 1190 1193 1091 1092 1154 1151 1082 1083
 1160  892  908 1175 1146  874  875 1149
 1175  908  909 1184 1149  875  876 1150
 1184  909  910 1193 1150  876  877 1151
 1193  910  798 1091 1151  877  794 1082
  990  993  999  994 1136 1137 1215 1208
  994  999  998  995 1208 1215 1224 1207
  995  998  997  996 1207 1224 1233 1206
  996  997  383  371 1206 1233  642  630
  993  992 1002  999 1137 1140 1218 1215
  999 1002 1001  998 1215 1218 1227 1224
  998 1001 1000  997 1224 1227 1236 1233
  997 1000  384  383 1233 1236  645  642
  992  991 1005 1002 1140 1143 1221 1218
 1002 1005 1004 1001 1218 1221 1230 1227
 1001 1004 1003 1000 1227 1230 1239 1236
 1000 1003  385  384 1236 1239  648  645
  991  986  989 1005 1143 1070 1075 1221
 1005  989  988 1004 1221 1075 1074 1230
 1004  988  987 1003 1230 1074 1073 1239
 1003  987  379  385 1239 1073  480  648
 1136 1137 1215 1208 1135 1138 1216 1211
 1208 1215 1224 1207 1211 1216 1225 1210
 1207 1224 1233 1206 1210 1225 1234 1209
 1206 1233  642  630 1209 1234  643  631
 1137 1140 1218 1215 1138 1141 1219 1216
 1215 1218 1227 1224 1216 1219 1228 1225
 1224 1227 1236 1233 1225 1228 1237 1234
 1233 1236  645  642 1234 1237  646  643
 1140 1143 1221 1218 1141 1144 1222 1219
 1218 1221 1230 1227 1219 1222 1231 1228
 1227 1230 1239 1236 1228 1231 1240 1237
 1236 1239  648  645 1237 1240  649  646
 1143 1070 1075 1221 1144 1071 1078 1222
 1221 1075 1074 1230 1222 1078 1077 1231
 1230 1074 1073 1239 1231 1077 1076 1240
 1239 1073  480  648 1240 1076  479  649
 1135 1138 1216 1211 1134 1139 1217 1214
 1211 1216 1225 1210 1214 1217 1226 1213
 1210 1225 1234 1209 1213 1226 1235 1212
 1209 1234  643  631 1212 1235  644  632
 1138 1141 1219 1216 1139 1142 1220 1217
 1216 1219 1228 1225 1217 1220 1229 1226
 1225 1228 1237 1234 1226 1229 1238 1235
 1234 1237  646  643 1235 1238  647  644
 1141 1144 1222 1219 1142 1145 1223 1220
 1219 1222 1231 1228 1220 1223 1232 1229
 1228 1231 1240 1237 1229 1232 1241 1238
 1237 1240  649  646 1238 1241  650  647
 1144 1071 1078 1222 1145 1072 1081 1223
 1222 1078 1077 1231 1223 1081 1080 1232
 1231 1077 1076 1240 1232 1080 1079 1241
 1240 1076  479  649 1241 1079  478  650
 1134 1139 1217 1214 1130 1131 1199 1196
 1214 1217 1226 1213 1196 1199 1198 1195
 1213 1226 1235 1212 1195 1198 1197 1194
 1212 1235  644  632 1194 1197  618  614
 1139 1142 1220 1217 1131 1132 1202 1199
 1217 1220 1229 1226 1199 1202 1201 1198
 1226 1229 1238 1235 1198 1201 1200 1197
 1235 1238  647  644 1197 1200  619  618
 1142 1145 1223 1220 1132 1133 1205 1202
 1220 1223 1232 1229 1202 1205 1204 1201
 1229 1232 1241 1238 1201 1204 1203 1200
 1238 1241  650  647 1200 1203  620  619
 1145 1072 1081 1223 1133 1066 1069 1205
 1223 1081 1080 1232 1205 1069 1068 1204
 1232 1080 1079 1241 1204 1068 1067 1203
 1241 1079  478  650 1203 1067  474  620
    2 1243 1253    5   53 1287 1315   83
    5 1253 1254    4   83 1315 1324   86
    4 1254 1255    3   86 1324 1333   89
    3 1255 1252    1   89 1333 1303   71
 1243 1244 1256 1253 1287 1290 1318 1315
 1253 1256 1257 1254 1315 1318 1327 1324
 1254 1257 1258 1255 1324 1327 1336 1333
 1255 1258 1251 1252 1333 1336 1304 1303
 1244 1245 1259 1256 1290 1293 1321 1318
 1256 1259 1260 1257 1318 1321 1330 1327
 1257 1260 1261 1258 1327 1330 1339 1336
 1258 1261 1250 1251 1336 1339 1305 1304
 1245 1242 1247 1259 1293 1282 1308 1321
 1259 1247 1248 1260 1321 1308 1311 1330
 1260 1248 1249 1261 1330 1311 1314 1339
 1261 1249 1246 1250 1339 1314 1294 1305
   53 1287 1315   83   52 1286 1316   82
   83 1315 1324   86   82 1316 1325   85
   86 1324 1333   89   85 1325 1334   88
   89 1333 1303   71   88 1334 1300   70
 1287 1290 1318 1315 1286 1289 1319 1316
 1315 1318 1327 1324 1316 1319 1328 1325
 1324 1327 1336 1333 1325 1328 1337 1334
 1333 1336 1304 1303 1334 1337 1301 1300
 1290 1293 1321 1318 1289 1292 1322 1319
 1318 1321 1330 1327 1319 1322 1331 1328
 1327 1330 1339 1336 1328 1331 1340 1337
 1336 1339 1305 1304 1337 1340 1302 1301
 1293 1282 1308 1321 1292 1283 1307 1322
 1321 1308 1311 1330 1322 1307 1310 1331
 1330 1311 1314 1339 1331 1310 1313 1340
 1339 1314 1294 1305 1340 1313 1295 1302
   52 1286 1316   82   51 1285 1317   81
   82 1316 1325   85   81 1317 1326   84
   85 1325 1334   88   84 1326 1335   87
   88 1334 1300   70   87 1335 1297   69
 1286 1289 1319 1316 1285 1288 1320 1317
 1316 1319 1328 1325 1317 1320 1329 1326
 1325 1328 1337 1334 1326 1329 1338 1335
 1334 1337 1301 1300 1335 1338 1298 1297
 1289 1292 1322 1319 1288 1291 1323 1320
 1319 1322 1331 1328 1320 1323 1332 1329
 1328 1331 1340 1337 1329 1332 1341 1338
 1337 1340 1302 1301 1338 1341 1299 1298
 1292 1283 1307 1322 1291 1284 1306 1323
 1322 1307 1310 1331 1323 1306 1309 1332
 1331 1310 1313 1340 1332 1309 1312 1341
 1340 1313 1295 1302 1341 1312 1296 1299
   51 1285 1317   81   26 1270 1273   41
   81 1317 1326   84   41 1273 1276   40
   84 1326 1335   87   40 1276 1279   39
   87 1335 1297   69   39 1279 1265   35
 1285 1288 1320 1317 1270 1271 1274 1273
 1317 1320 1329 1326 1273 1274 1277 1276
 1326 1329 1338 1335 1276 1277 1280 1279
 1335 1338 1298 1297 1279 1280 1264 1265
 1288 1291 1323 1320 1271 1272 1275 1274
 1320 1323 1332 1329 1274 1275 1278 1277
 1329 1332 1341 1338 1277 1278 1281 1280
 1338 1341 1299 1298 1280 1281 1263 1264
 1291 1284 1306 1323 1272 1266 1267 1275
 1323 1306 1309 1332 1275 1267 1268 1278
 1332 1309 1312 1341 1278 1268 1269 1281
 1341 1312 1296 1299 1281 1269 1262 1263
 1266 1284 1306 1267 1352 1403 1415 1353
 1267 1306 1309 1268 1353 1415 1424 1356
 1268 1309 1312 1269 1356 1424 1433 1359
 1269 1312 1296 1262 1359 1433 1375 1343
 1284 1283 1307 1306 1403 1400 1418 1415
 1306 1307 1310 1309 1415 1418 1427 1424
 1309 1310 1313 1312 1424 1427 1436 1433
 1312 1313 1295 1296 1433 1436 1372 1375
 1283 1282 1308 1307 1400 1397 1421 1418
 1307 1308 1311 1310 1418 1421 1430 1427
 1310 1311 1314 1313 1427 1430 1439 1436
 1313 1314 1294 1295 1436 1439 1369 1372
 1282 1242 1247 1308 1397 1394 1406 1421
 1308 1247 1248 1311 1421 1406 1409 1430
 1311 1248 1249 1314 1430 1409 1412 1439
 1314 1249 1246 1294 1439 1412 1368 1369
 1352 1403 1415 1353 1351 1404 1416 1354
 1353 1415 1424 1356 1354 1416 1425 1357
 1356 1424 1433 1359 1357 1425 1434 1360
 1359 1433 1375 1343 1360 1434 1376 1344
 1403 1400 1418 1415 1404 1401 1419 1416
 1415 1418 1427 1424 1416 1419 1428 1425
 1424 1427 1436 1433 1425 1428 1437 1434
 1433 1436 1372 1375 1434 1437 1373 1376
 1400 1397 1421 1418 1401 1398 1422 1419
 1418 1421 1430 1427 1419 1422 1431 1428
 1427 1430 1439 1436 1428 1431 1440 1437
 1436 1439 1369 1372 1437 1440 1370 1373
 1397 1394 1406 1421 1398 1395 1407 1422
 1421 1406 1409 1430 1422 1407 1410 1431
 1430 1409 1412 1439 1431 1410 1413 1440
 1439 1412 1368 1369 1440 1413 1367 1370
 1351 1404 1416 1354 1350 1405 1417 1355
 1354 1416 1425 1357 1355 1417 1426 1358
 1357 1425 1434 1360 1358 1426 1435 1361
 1360 1434 1376 1344 1361 1435 1377 1345
 1404 1401 1419 1416 1405 1402 1420 1417
 1416 1419 1428 1425 1417 1420 1429 1426
 1425 1428 1437 1434 1426 1429 1438 1435
 1434 1437 1373 1376 1435 1438 1374 1377
 1401 1398 1422 1419 1402 1399 1423 1420
 1419 1422 1431 1428 1420 1423 1432 1429
 1428 1431 1440 1437 1429 1432 1441 1438
 1437 1440 1370 1373 1438 1441 1371 1374
 1398 1395 1407 1422 1399 1396 1408 1423
 1422 1407 1410 1431 1423 1408 1411 1432
 1431 1410 1413 1440 1432 1411 1414 1441
 1440 1413 1367 1370 1441 1414 1366 1371
 1350 1405 1417 1355 1346 1381 1391 1347
 1355 1417 1426 1358 1347 1391 1392 1348
 1358 1426 1435 1361 1348 1392 1393 1349
 1361 1435 1377 1345 1349 1393 1365 1342
 1405 1402 1420 1417 1381 1380 1388 1391
 1417 1420 1429 1426 1391 1388 1389 1392
 1426 1429 1438 1435 1392 1389 1390 1393
 1435 1438 1374 1377 1393 1390 1364 1365
 1402 1399 1423 1420 1380 1379 1385 1388
 1420 1423 1432 1429 1388 1385 1386 1389
 1429 1432 1441 1438 1389 1386 1387 1390
 1438 1441 1371 1374 1390 1387 1363 1364
 1399 1396 1408 1423 1379 1378 1382 1385
 1423 1408 1411 1432 1385 1382 1383 1386
 1432 1411 1414 1441 1386 1383 1384 1387
 1441 1414 1366 1371 1387 1384 1362 1363
   35 1265 1297   69  232 1445 1475  267
   69 1297 1300   70  267 1475 1484  264
   70 1300 1303   71  264 1484 1493  261
   71 1303 1252    1  261 1493 1466  258
 1265 1264 1298 1297 1445 1446 1478 1475
 1297 1298 1301 1300 1475 1478 1487 1484
 1300 1301 1304 1303 1484 1487 1496 1493
 1303 1304 1251 1252 1493 1496 1467 1466
 1264 1263 1299 1298 1446 1447 1481 1478
 1298 1299 1302 1301 1478 1481 1490 1487
 1301 1302 1305 1304 1487 1490 1499 1496
 1304 1305 1250 1251 1496 1499 1468 1467
 1263 1262 1296 1299 1447 1343 1375 1481
 1299 1296 1295 1302 1481 1375 1372 1490
 1302 1295 1294 1305 1490 1372 1369 1499
 1305 1294 1246 1250 1499 1369 1368 1468
  232 1445 1475  267  231 1448 1476  268
  267 1475 1484  264  268 1476 1485  265
  264 1484 1493  261  265 1485 1494  262
  261 1493 1466  258  262 1494 1469  259
 1445 1446 1478 1475 1448 1449 1479 1476
 1475 1478 1487 1484 1476 1479 1488 1485
 1484 1487 1496 1493 1485 1488 1497 1494
 1493 1496 1467 1466 1494 1497 1470 1469
 1446 1447 1481 1478 1449 1450 1482 1479
 1478 1481 1490 1487 1479 1482 1491 1488
 1487 1490 1499 1496 1488 1491 1500 1497
 1496 1499 1468 1467 1497 1500 1471 1470
 1447 1343 1375 1481 1450 1344 1376 1482
 1481 1375 1372 1490 1482 1376 1373 1491
 1490 1372 1369 1499 1491 1373 1370 1500
 1499 1369 1368 1468 1500 1370 1367 1471
  231 1448 1476  268  230 1451 1477  269
  268 1476 1485  265  269 1477 1486  266
  265 1485 1494  262  266 1486 1495  263
  262 1494 1469  259  263 1495 1472  260
 1448 1449 1479 1476 1451 1452 1480 1477
 1476 1479 1488 1485 1477 1480 1489 1486
 1485 1488 1497 1494 1486 1489 1498 1495
 1494 1497 1470 1469 1495 1498 1473 1472
 1449 1450 1482 1479 1452 1453 1483 1480
 1479 1482 1491 1488 1480 1483 1492 1489
 1488 1491 1500 1497 1489 1492 1501 1498
 1497 1500 1471 1470 1498 1501 1474 1473
 1450 1344 1376 1482 1453 1345 1377 1483
 1482 1376 1373 1491 1483 1377 1374 1492
 1491 1373 1370 1500 1492 1374 1371 1501
 1500 1370 1367 1471 1501 1371 1366 1474
  230 1451 1477  269  226 1442 1459  245
  269 1477 1486  266  245 1459 1458  244
  266 1486 1495  263  244 1458 1457  243
  263 1495 1472  260  243 1457 1454  242
 1451 1452 1480 1477 1442 1443 1462 1459
 1477 1480 1489 1486 1459 1462 1461 1458
 1486 1489 1498 1495 1458 1461 1460 1457
 1495 1498 1473 1472 1457 1460 1455 1454
 1452 1453 1483 1480 1443 1444 1465 1462
 1480 1483 1492 1489 1462 1465 1464 1461
 1489 1492 1501 1498 1461 1464 1463 1460
 1498 1501 1474 1473 1460 1463 1456 1455
 1453 1345 1377 1483 1444 1342 1365 1465
 1483 1377 1374 1492 1465 1365 1364 1464
 1492 1374 1371 1501 1464 1364 1363 1463
 1501 1371 1366 1474 1463 1363 1362 1456
   35   39 1279 1265  232  327 1523 1445
 1265 1279 1280 1264 1445 1523 1532 1446
 1264 1280 1281 1263 1446 1532 1541 1447
 1263 1281 1269 1262 1447 1541 1359 1343
   39   40 1276 1279  327  326 1526 1523
 1279 1276 1277 1280 1523 1526 1535 1532
 1280 1277 1278 1281 1532 1535 1544 1541
 1281 1278 1268 1269 1541 1544 1356 1359
   40   41 1273 1276  326  325 1529 1526
 1276 1273 1274 1277 1526 1529 1538 1535
 1277 1274 1275 1278 1535 1538 1547 1544
 1278 1275 1267 1268 1544 1547 1353 1356
   41   26 1270 1273  325  322 1514 1529
 1273 1270 1271 1274 1529 1514 1517 1538
 1274 1271 1272 1275 1538 1517 1520 1547
 1275 1272 1266 1267 1547 1520 1352 1353
  232  327 1523 1445  231  330 1524 1448
 1445 1523 1532 1446 1448 1524 1533 1449
 1446 1532 1541 1447 1449 1533 1542 1450
 1447 1541 1359 1343 1450 1542 1360 1344
  327  326 1526 1523  330  329 1527 1524
 1523 1526 1535 1532 1524 1527 1536 1533
 1532 1535 1544 1541 1533 1536 1545 1542
 1541 1544 1356 1359 1542 1545 1357 1360
  326  325 1529 1526  329  328 1530 1527
 1526 1529 1538 1535 1527 1530 1539 1536
 1535 1538 1547 1544 1536 1539 1548 1545
 1544 1547 1353 1356 1545 1548 1354 1357
  325  322 1514 1529  328  323 1515 1530
 1529 1514 1517 1538 1530 1515 1518 1539
 1538 1517 1520 1547 1539 1518 1521 1548
 1547 1520 1352 1353 1548 1521 1351 1354
  231  330 1524 1448  230  333 1525 1451
 1448 1524 1533 1449 1451 1525 1534 1452
 1449 1533 1542 1450 1452 1534 1543 1453
 1450 1542 1360 1344 1453 1543 1361 1345
  330  329 1527 1524  333  332 1528 1525
 1524 1527 1536 1533 1525 1528 1537 1534
 1533 1536 1545 1542 1534 1537 1546 1543
 1542 1545 1357 1360 1543 1546 1358 1361
  329  328 1530 1527  332  331 1531 1528
 1527 1530 1539 1536 1528 1531 1540 1537
 1536 1539 1548 1545 1537 1540 1549 1546
 1545 1548 1354 1357 1546 1549 1355 1358
  328  323 1515 1530  331  324 1516 1531
 1530 1515 1518 1539 1531 1516 1519 1540
 1539 1518 1521 1548 1540 1519 1522 1549
 1548 1521 1351 1354 1549 1522 1350 1355
  230  333 1525 1451  226  312 1511 1442
 1451 1525 1534 1452 1442 1511 1512 1443
 1452 1534 1543 1453 1443 1512 1513 1444
 1453 1543 1361 1345 1444 1513 1349 1342
  333  332 1528 1525  312  311 1508 1511
 1525 1528 1537 1534 1511 1508 1509 1512
 1534 1537 1546 1543 1512 1509 1510 1513
 1543 1546 1358 1361 1513 1510 1348 1349
  332  331 1531 1528  311  310 1505 1508
 1528 1531 1540 1537 1508 1505 1506 1509
 1537 1540 1549 1546 1509 1506 1507 1510
 1546 1549 1355 1358 1510 1507 1347 1348
  331  324 1516 1531  310  306 1502 1505
 1531 1516 1519 1540 1505 1502 1503 1506
 1540 1519 1522 1549 1506 1503 1504 1507
 1549 1522 1350 1355 1507 1504 1346 1347
    2    5 1253 1243  400  431 1603 1579
 1243 1253 1256 1244 1579 1603 1612 1580
 1244 1256 1259 1245 1580 1612 1621 1581
 1245 1259 1247 1242 1581 1621 1600 1570
    5    4 1254 1253  431  432 1606 1603
 1253 1254 1257 1256 1603 1606 1615 1612
 1256 1257 1260 1259 1612 1615 1624 1621
 1259 1260 1248 1247 1621 1624 1601 1600
    4    3 1255 1254  432  433 1609 1606
 1254 1255 1258 1257 1606 1609 1618 1615
 1257 1258 1261 1260 1615 1618 1627 1624
 1260 1261 1249 1248 1624 1627 1602 1601
    3    1 1252 1255  433  412 1587 1609
 1255 1252 1251 1258 1609 1587 1590 1618
 1258 1251 1250 1261 1618 1590 1593 1627
 1261 1250 1246 1249 1627 1593 1582 1602
  400  431 1603 1579  399  428 1604 1576
 1579 1603 1612 1580 1576 1604 1613 1577
 1580 1612 1621 1581 1577 1613 1622 1578
 1581 1621 1600 1570 1578 1622 1597 1571
  431  432 1606 1603  428  429 1607 1604
 1603 1606 1615 1612 1604 1607 1616 1613
 1612 1615 1624 1621 1613 1616 1625 1622
 1621 1624 1601 1600 1622 1625 1598 1597
  432  433 1609 1606  429  430 1610 1607
 1606 1609 1618 1615 1607 1610 1619 1616
 1615 1618 1627 1624 1616 1619 1628 1625
 1624 1627 1602 1601 1625 1628 1599 1598
  433  412 1587 1609  430  411 1586 1610
 1609 1587 1590 1618 1610 1586 1589 1619
 1618 1590 1593 1627 1619 1589 1592 1628
 1627 1593 1582 1602 1628 1592 1583 1599
  399  428 1604 1576  398  425 1605 1573
 1576 1604 1613 1577 1573 1605 1614 1574
 1577 1613 1622 1578 1574 1614 1623 1575
 1578 1622 1597 1571 1575 1623 1594 1572
  428  429 1607 1604  425  426 1608 1605
 1604 1607 1616 1613 1605 1608 1617 1614
 1613 1616 1625 1622 1614 1617 1626 1623
 1622 1625 1598 1597 1623 1626 1595 1594
  429  430 1610 1607  426  427 1611 1608
 1607 1610 1619 1616 1608 1611 1620 1617
 1616 1619 1628 1625 1617 1620 1629 1626
 1625 1628 1599 1598 1626 1629 1596 1595
  430  411 1586 1610  427  410 1585 1611
 1610 1586 1589 1619 1611 1585 1588 1620
 1619 1589 1592 1628 1620 1588 1591 1629
 1628 1592 1583 1599 1629 1591 1584 1596
  398  425 1605 1573  371  374 1561 1551
 1573 1605 1614 1574 1551 1561 1564 1552
 1574 1614 1623 1575 1552 1564 1567 1553
 1575 1623 1594 1572 1553 1567 1555 1550
  425  426 1608 1605  374  373 1562 1561
 1605 1608 1617 1614 1561 1562 1565 1564
 1614 1617 1626 1623 1564 1565 1568 1567
 1623 1626 1595 1594 1567 1568 1556 1555
  426  427 1611 1608  373  372 1563 1562
 1608 1611 1620 1617 1562 1563 1566 1565
 1617 1620 1629 1626 1565 1566 1569 1568
 1626 1629 1596 1595 1568 1569 1557 1556
  427  410 1585 1611  372  370 1560 1563
 1611 1585 1588 1620 1563 1560 1559 1566
 1620 1588 1591 1629 1566 1559 1558 1569
 1629 1591 1584 1596 1569 1558 1554 1557
 1550 1555 1594 1572 1633 1641 1683 1676
 1572 1594 1597 1571 1676 1683 1692 1675
 1571 1597 1600 1570 1675 1692 1701 1674
 1570 1600 1247 1242 1674 1701 1406 1394
 1555 1556 1595 1594 1641 1642 1686 1683
 1594 1595 1598 1597 1683 1686 1695 1692
 1597 1598 1601 1600 1692 1695 1704 1701
 1600 1601 1248 1247 1701 1704 1409 1406
 1556 1557 1596 1595 1642 1643 1689 1686
 1595 1596 1599 1598 1686 1689 1698 1695
 1598 1599 1602 1601 1695 1698 1707 1704
 1601 1602 1249 1248 1704 1707 1412 1409
 1557 1554 1584 1596 1643 1638 1655 1689
 1596 1584 1583 1599 1689 1655 1654 1698
 1599 1583 1582 1602 1698 1654 1653 1707
 1602 1582 1246 1249 1707 1653 1368 1412
 1633 1641 1683 1676 1632 1644 1684 1679
 1676 1683 1692 1675 1679 1684 1693 1678
 1675 1692 1701 1674 1678 1693 1702 1677
 1674 1701 1406 1394 1677 1702 1407 1395
 1641 1642 1686 1683 1644 1645 1687 1684
 1683 1686 1695 1692 1684 1687 1696 1693
 1692 1695 1704 1701 1693 1696 1705 1702
 1701 1704 1409 1406 1702 1705 1410 1407
 1642 1643 1689 1686 1645 1646 1690 1687
 1686 1689 1698 1695 1687 1690 1699 1696
 1695 1698 1707 1704 1696 1699 1708 1705
 1704 1707 1412 1409 1705 1708 1413 1410
 1643 1638 1655 1689 1646 1639 1658 1690
 1689 1655 1654 1698 1690 1658 1657 1699
 1698 1654 1653 1707 1699 1657 1656 1708
 1707 1653 1368 1412 1708 1656 1367 1413
 1632 1644 1684 1679 1631 1647 1685 1682
 1679 1684 1693 1678 1682 1685 1694 1681
 1678 1693 1702 1677 1681 1694 1703 1680
 1677 1702 1407 1395 1680 1703 1408 1396
 1644 1645 1687 1684 1647 1648 1688 1685
 1684 1687 1696 1693 1685 1688 1697 1694
 1693 1696 1705 1702 1694 1697 1706 1703
 1702 1705 1410 1407 1703 1706 1411 1408
 1645 1646 1690 1687 1648 1649 1691 1688
 1687 1690 1699 1696 1688 1691 1700 1697
 1696 1699 1708 1705 1697 1700 1709 1706
 1705 1708 1413 1410 1706 1709 1414 1411
 1646 1639 1658 1690 1649 1640 1661 1691
  1690 1658 1657 1699 1691 1661 1660 1700
 1699 1657 1656 1708 1700 1660 1659 1709
 1708 1656 1367 1413 1709 1659 1366 1414
 1631 1647 1685 1682 1630 1635 1667 1664
 1682 1685 1694 1681 1664 1667 1666 1663
 1681 1694 1703 1680 1663 1666 1665 1662
 1680 1703 1408 1396 1662 1665 1382 1378
 1647 1648 1688 1685 1635 1636 1670 1667
 1685 1688 1697 1694 1667 1670 1669 1666
 1694 1697 1706 1703 1666 1669 1668 1665
 1703 1706 1411 1408 1665 1668 1383 1382
 1648 1649 1691 1688 1636 1637 1673 1670
 1688 1691 1700 1697 1670 1673 1672 1669
 1697 1700 1709 1706 1669 1672 1671 1668
 1706 1709 1414 1411 1668 1671 1384 1383
 1649 1640 1661 1691 1637 1634 1652 1673
 1691 1661 1660 1700 1673 1652 1651 1672
 1700 1660 1659 1709 1672 1651 1650 1671
 1709 1659 1366 1414 1671 1650 1362 1384
  370  410 1585 1560  553  580 1731 1713
 1560 1585 1588 1559 1713 1731 1740 1716
 1559 1588 1591 1558 1716 1740 1749 1719
 1558 1591 1584 1554 1719 1749 1655 1638
  410  411 1586 1585  580  579 1734 1731
 1585 1586 1589 1588 1731 1734 1743 1740
 1588 1589 1592 1591 1740 1743 1752 1749
 1591 1592 1583 1584 1749 1752 1654 1655
  411  412 1587 1586  579  578 1737 1734
 1586 1587 1590 1589 1734 1737 1746 1743
 1589 1590 1593 1592 1743 1746 1755 1752
 1592 1593 1582 1583 1752 1755 1653 1654
  412    1 1252 1587  578  258 1466 1737
 1587 1252 1251 1590 1737 1466 1467 1746
 1590 1251 1250 1593 1746 1467 1468 1755
 1593 1250 1246 1582 1755 1468 1368 1653
  553  580 1731 1713  552  583 1732 1714
 1713 1731 1740 1716 1714 1732 1741 1717
 1716 1740 1749 1719 1717 1741 1750 1720
 1719 1749 1655 1638 1720 1750 1658 1639
  580  579 1734 1731  583  582 1735 1732
 1731 1734 1743 1740 1732 1735 1744 1741
 1740 1743 1752 1749 1741 1744 1753 1750
 1749 1752 1654 1655 1750 1753 1657 1658
  579  578 1737 1734  582  581 1738 1735
 1734 1737 1746 1743 1735 1738 1747 1744
 1743 1746 1755 1752 1744 1747 1756 1753
 1752 1755 1653 1654 1753 1756 1656 1657
  578  258 1466 1737  581  259 1469 1738
 1737 1466 1467 1746 1738 1469 1470 1747
 1746 1467 1468 1755 1747 1470 1471 1756
 1755 1468 1368 1653 1756 1471 1367 1656
  552  583 1732 1714  551  586 1733 1715
 1714 1732 1741 1717 1715 1733 1742 1718
 1717 1741 1750 1720 1718 1742 1751 1721
 1720 1750 1658 1639 1721 1751 1661 1640
  583  582 1735 1732  586  585 1736 1733
 1732 1735 1744 1741 1733 1736 1745 1742
 1741 1744 1753 1750 1742 1745 1754 1751
 1750 1753 1657 1658 1751 1754 1660 1661
  582  581 1738 1735  585  584 1739 1736
 1735 1738 1747 1744 1736 1739 1748 1745
 1744 1747 1756 1753 1745 1748 1757 1754
 1753 1756 1656 1657 1754 1757 1659 1660
  581  259 1469 1738  584  260 1472 1739
 1738 1469 1470 1747 1739 1472 1473 1748
 1747 1470 1471 1756 1748 1473 1474 1757
 1756 1471 1367 1656 1757 1474 1366 1659
  551  586 1733 1715  550  568 1728 1710
 1715 1733 1742 1718 1710 1728 1729 1711
 1718 1742 1751 1721 1711 1729 1730 1712
 1721 1751 1661 1640 1712 1730 1652 1634
  586  585 1736 1733  568  567 1725 1728
 1733 1736 1745 1742 1728 1725 1726 1729
 1742 1745 1754 1751 1729 1726 1727 1730
 1751 1754 1660 1661 1730 1727 1651 1652
  585  584 1739 1736  567  566 1722 1725
 1736 1739 1748 1745 1725 1722 1723 1726
 1745 1748 1757 1754 1726 1723 1724 1727
 1754 1757 1659 1660 1727 1724 1650 1651
  584  260 1472 1739  566  242 1454 1722
 1739 1472 1473 1748 1722 1454 1455 1723
 1748 1473 1474 1757 1723 1455 1456 1724
 1757 1474 1366 1659 1724 1456 1362 1650
  370 1560 1563  372  553 1713 1779  639
  372 1563 1562  373  639 1779 1788  636
  373 1562 1561  374  636 1788 1797  633
  374 1561 1551  371  633 1797 1770  630
 1560 1559 1566 1563 1713 1716 1782 1779
 1563 1566 1565 1562 1779 1782 1791 1788
 1562 1565 1564 1561 1788 1791 1800 1797
 1561 1564 1552 1551 1797 1800 1771 1770
 1559 1558 1569 1566 1716 1719 1785 1782
 1566 1569 1568 1565 1782 1785 1794 1791
 1565 1568 1567 1564 1791 1794 1803 1800
 1564 1567 1553 1552 1800 1803 1772 1771
 1558 1554 1557 1569 1719 1638 1643 1785
 1569 1557 1556 1568 1785 1643 1642 1794
 1568 1556 1555 1567 1794 1642 1641 1803
 1567 1555 1550 1553 1803 1641 1633 1772
  553 1713 1779  639  552 1714 1780  640
  639 1779 1788  636  640 1780 1789  637
  636 1788 1797  633  637 1789 1798  634
  633 1797 1770  630  634 1798 1773  631
 1713 1716 1782 1779 1714 1717 1783 1780
 1779 1782 1791 1788 1780 1783 1792 1789
 1788 1791 1800 1797 1789 1792 1801 1798
 1797 1800 1771 1770 1798 1801 1774 1773
 1716 1719 1785 1782 1717 1720 1786 1783
 1782 1785 1794 1791 1783 1786 1795 1792
 1791 1794 1803 1800 1792 1795 1804 1801
 1800 1803 1772 1771 1801 1804 1775 1774
 1719 1638 1643 1785 1720 1639 1646 1786
 1785 1643 1642 1794 1786 1646 1645 1795
 1794 1642 1641 1803 1795 1645 1644 1804
 1803 1641 1633 1772 1804 1644 1632 1775
  552 1714 1780  640  551 1715 1781  641
  640 1780 1789  637  641 1781 1790  638
  637 1789 1798  634  638 1790 1799  635
  634 1798 1773  631  635 1799 1776  632
 1714 1717 1783 1780 1715 1718 1784 1781
 1780 1783 1792 1789 1781 1784 1793 1790
 1789 1792 1801 1798 1790 1793 1802 1799
 1798 1801 1774 1773 1799 1802 1777 1776
 1717 1720 1786 1783 1718 1721 1787 1784
 1783 1786 1795 1792 1784 1787 1796 1793
 1792 1795 1804 1801 1793 1796 1805 1802
 1801 1804 1775 1774 1802 1805 1778 1777
 1720 1639 1646 1786 1721 1640 1649 1787
 1786 1646 1645 1795 1787 1649 1648 1796
 1795 1645 1644 1804 1796 1648 1647 1805
 1804 1644 1632 1775 1805 1647 1631 1778
  551 1715 1781  641  550 1710 1763  617
  641 1781 1790  638  617 1763 1762  616
  638 1790 1799  635  616 1762 1761  615
  635 1799 1776  632  615 1761 1758  614
 1715 1718 1784 1781 1710 1711 1766 1763
 1781 1784 1793 1790 1763 1766 1765 1762
 1790 1793 1802 1799 1762 1765 1764 1761
 1799 1802 1777 1776 1761 1764 1759 1758
 1718 1721 1787 1784 1711 1712 1769 1766
 1784 1787 1796 1793 1766 1769 1768 1765
 1793 1796 1805 1802 1765 1768 1767 1764
 1802 1805 1778 1777 1764 1767 1760 1759
 1721 1640 1649 1787 1712 1634 1637 1769
 1787 1649 1648 1796 1769 1637 1636 1768
 1796 1648 1647 1805 1768 1636 1635 1767
 1805 1647 1631 1778 1767 1635 1630 1760
    2  688 1813 1243   53  739 1859 1287
 1243 1813 1814 1244 1287 1859 1868 1290
 1244 1814 1815 1245 1290 1868 1877 1293
 1245 1815 1810 1242 1293 1877 1856 1282
  688  687 1816 1813  739  740 1862 1859
 1813 1816 1817 1814 1859 1862 1871 1868
 1814 1817 1818 1815 1868 1871 1880 1877
 1815 1818 1811 1810 1877 1880 1857 1856
  687  686 1819 1816  740  741 1865 1862
 1816 1819 1820 1817 1862 1865 1874 1871
 1817 1820 1821 1818 1871 1874 1883 1880
 1818 1821 1812 1811 1880 1883 1858 1857
  686  682 1809 1819  741  720 1843 1865
 1819 1809 1808 1820 1865 1843 1846 1874
 1820 1808 1807 1821 1874 1846 1849 1883
 1821 1807 1806 1812 1883 1849 1838 1858
   53  739 1859 1287   52  736 1860 1286
 1287 1859 1868 1290 1286 1860 1869 1289
 1290 1868 1877 1293 1289 1869 1878 1292
 1293 1877 1856 1282 1292 1878 1853 1283
  739  740 1862 1859  736  737 1863 1860
 1859 1862 1871 1868 1860 1863 1872 1869
 1868 1871 1880 1877 1869 1872 1881 1878
 1877 1880 1857 1856 1878 1881 1854 1853
  740  741 1865 1862  737  738 1866 1863
 1862 1865 1874 1871 1863 1866 1875 1872
 1871 1874 1883 1880 1872 1875 1884 1881
 1880 1883 1858 1857 1881 1884 1855 1854
  741  720 1843 1865  738  719 1842 1866
 1865 1843 1846 1874 1866 1842 1845 1875
 1874 1846 1849 1883 1875 1845 1848 1884
 1883 1849 1838 1858 1884 1848 1839 1855
   52  736 1860 1286   51  733 1861 1285
 1286 1860 1869 1289 1285 1861 1870 1288
 1289 1869 1878 1292 1288 1870 1879 1291
 1292 1878 1853 1283 1291 1879 1850 1284
  736  737 1863 1860  733  734 1864 1861
 1860 1863 1872 1869 1861 1864 1873 1870
 1869 1872 1881 1878 1870 1873 1882 1879
 1878 1881 1854 1853 1879 1882 1851 1850
  737  738 1866 1863  734  735 1867 1864
 1863 1866 1875 1872 1864 1867 1876 1873
 1872 1875 1884 1881 1873 1876 1885 1882
 1881 1884 1855 1854 1882 1885 1852 1851
  738  719 1842 1866  735  718 1841 1867
 1866 1842 1845 1875 1867 1841 1844 1876
 1875 1845 1848 1884 1876 1844 1847 1885
 1884 1848 1839 1855 1885 1847 1840 1852
   51  733 1861 1285   26  701 1829 1270
 1285 1861 1870 1288 1270 1829 1832 1271
 1288 1870 1879 1291 1271 1832 1835 1272
 1291 1879 1850 1284 1272 1835 1823 1266
  733  734 1864 1861  701  700 1830 1829
 1861 1864 1873 1870 1829 1830 1833 1832
 1870 1873 1882 1879 1832 1833 1836 1835
 1879 1882 1851 1850 1835 1836 1824 1823
  734  735 1867 1864  700  699 1831 1830
 1864 1867 1876 1873 1830 1831 1834 1833
 1873 1876 1885 1882 1833 1834 1837 1836
 1882 1885 1852 1851 1836 1837 1825 1824
  735  718 1841 1867  699  698 1828 1831
 1867 1841 1844 1876 1831 1828 1827 1834
 1876 1844 1847 1885 1834 1827 1826 1837
 1885 1847 1840 1852 1837 1826 1822 1825
 1266 1823 1850 1284 1352 1893 1939 1403
 1284 1850 1853 1283 1403 1939 1948 1400
 1283 1853 1856 1282 1400 1948 1957 1397
 1282 1856 1810 1242 1397 1957 1930 1394
 1823 1824 1851 1850 1893 1894 1942 1939
 1850 1851 1854 1853 1939 1942 1951 1948
 1853 1854 1857 1856 1948 1951 1960 1957
 1856 1857 1811 1810 1957 1960 1931 1930
 1824 1825 1852 1851 1894 1895 1945 1942
 1851 1852 1855 1854 1942 1945 1954 1951
 1854 1855 1858 1857 1951 1954 1963 1960
 1857 1858 1812 1811 1960 1963 1932 1931
 1825 1822 1840 1852 1895 1890 1911 1945
 1852 1840 1839 1855 1945 1911 1910 1954
 1855 1839 1838 1858 1954 1910 1909 1963
 1858 1838 1806 1812 1963 1909 1905 1932
 1352 1893 1939 1403 1351 1896 1940 1404
 1403 1939 1948 1400 1404 1940 1949 1401
 1400 1948 1957 1397 1401 1949 1958 1398
 1397 1957 1930 1394 1398 1958 1933 1395
 1893 1894 1942 1939 1896 1897 1943 1940
 1939 1942 1951 1948 1940 1943 1952 1949
 1948 1951 1960 1957 1949 1952 1961 1958
 1957 1960 1931 1930 1958 1961 1934 1933
 1894 1895 1945 1942 1897 1898 1946 1943
 1942 1945 1954 1951 1943 1946 1955 1952
 1951 1954 1963 1960 1952 1955 1964 1961
 1960 1963 1932 1931 1961 1964 1935 1934
 1895 1890 1911 1945 1898 1891 1914 1946
 1945 1911 1910 1954 1946 1914 1913 1955
 1954 1910 1909 1963 1955 1913 1912 1964
 1963 1909 1905 1932 1964 1912 1904 1935
 1351 1896 1940 1404 1350 1899 1941 1405
 1404 1940 1949 1401 1405 1941 1950 1402
 1401 1949 1958 1398 1402 1950 1959 1399
 1398 1958 1933 1395 1399 1959 1936 1396
 1896 1897 1943 1940 1899 1900 1944 1941
 1940 1943 1952 1949 1941 1944 1953 1950
 1949 1952 1961 1958 1950 1953 1962 1959
 1958 1961 1934 1933 1959 1962 1937 1936
 1897 1898 1946 1943 1900 1901 1947 1944
 1943 1946 1955 1952 1944 1947 1956 1953
 1952 1955 1964 1961 1953 1956 1965 1962
 1961 1964 1935 1934 1962 1965 1938 1937
 1898 1891 1914 1946 1901 1892 1917 1947
 1946 1914 1913 1955 1947 1917 1916 1956
 1955 1913 1912 1964 1956 1916 1915 1965
 1964 1912 1904 1935 1965 1915 1903 1938
 1350 1899 1941 1405 1346 1887 1923 1381
 1405 1941 1950 1402 1381 1923 1922 1380
 1402 1950 1959 1399 1380 1922 1921 1379
 1399 1959 1936 1396 1379 1921 1918 1378
 1899 1900 1944 1941 1887 1888 1926 1923
 1941 1944 1953 1950 1923 1926 1925 1922
 1950 1953 1962 1959 1922 1925 1924 1921
 1959 1962 1937 1936 1921 1924 1919 1918
 1900 1901 1947 1944 1888 1889 1929 1926
 1944 1947 1956 1953 1926 1929 1928 1925
 1953 1956 1965 1962 1925 1928 1927 1924
 1962 1965 1938 1937 1924 1927 1920 1919
 1901 1892 1917 1947 1889 1886 1908 1929
 1947 1917 1916 1956 1929 1908 1907 1928
 1956 1916 1915 1965 1928 1907 1906 1927
 1965 1915 1903 1938 1927 1906 1902 1920
  698  718 1841 1828  861  895 1999 1969
 1828 1841 1844 1827 1969 1999 2008 1972
 1827 1844 1847 1826 1972 2008 2017 1975
 1826 1847 1840 1822 1975 2017 1911 1890
  718  719 1842 1841  895  894 2002 1999
 1841 1842 1845 1844 1999 2002 2011 2008
 1844 1845 1848 1847 2008 2011 2020 2017
 1847 1848 1839 1840 2017 2020 1910 1911
  719  720 1843 1842  894  893 2005 2002
  1842 1843 1846 1845 2002 2005 2014 2011
 1845 1846 1849 1848 2011 2014 2023 2020
 1848 1849 1838 1839 2020 2023 1909 1910
  720  682 1809 1843  893  890 1990 2005
 1843 1809 1808 1846 2005 1990 1993 2014
 1846 1808 1807 1849 2014 1993 1996 2023
 1849 1807 1806 1838 2023 1996 1905 1909
  861  895 1999 1969  860  898 2000 1970
 1969 1999 2008 1972 1970 2000 2009 1973
 1972 2008 2017 1975 1973 2009 2018 1976
 1975 2017 1911 1890 1976 2018 1914 1891
  895  894 2002 1999  898  897 2003 2000
 1999 2002 2011 2008 2000 2003 2012 2009
 2008 2011 2020 2017 2009 2012 2021 2018
 2017 2020 1910 1911 2018 2021 1913 1914
  894  893 2005 2002  897  896 2006 2003
 2002 2005 2014 2011 2003 2006 2015 2012
 2011 2014 2023 2020 2012 2015 2024 2021
 2020 2023 1909 1910 2021 2024 1912 1913
  893  890 1990 2005  896  891 1991 2006
 2005 1990 1993 2014 2006 1991 1994 2015
 2014 1993 1996 2023 2015 1994 1997 2024
 2023 1996 1905 1909 2024 1997 1904 1912
  860  898 2000 1970  859  901 2001 1971
 1970 2000 2009 1973 1971 2001 2010 1974
 1973 2009 2018 1976 1974 2010 2019 1977
 1976 2018 1914 1891 1977 2019 1917 1892
  898  897 2003 2000  901  900 2004 2001
 2000 2003 2012 2009 2001 2004 2013 2010
 2009 2012 2021 2018 2010 2013 2022 2019
 2018 2021 1913 1914 2019 2022 1916 1917
  897  896 2006 2003  900  899 2007 2004
 2003 2006 2015 2012 2004 2007 2016 2013
 2012 2015 2024 2021 2013 2016 2025 2022
 2021 2024 1912 1913 2022 2025 1915 1916
  896  891 1991 2006  899  892 1992 2007
 2006 1991 1994 2015 2007 1992 1995 2016
 2015 1994 1997 2024 2016 1995 1998 2025
 2024 1997 1904 1912 2025 1998 1903 1915
  859  901 2001 1971  858  880 1987 1966
 1971 2001 2010 1974 1966 1987 1988 1967
 1974 2010 2019 1977 1967 1988 1989 1968
 1977 2019 1917 1892 1968 1989 1908 1886
  901  900 2004 2001  880  879 1984 1987
 2001 2004 2013 2010 1987 1984 1985 1988
 2010 2013 2022 2019 1988 1985 1986 1989
 2019 2022 1916 1917 1989 1986 1907 1908
  900  899 2007 2004  879  878 1981 1984
 2004 2007 2016 2013 1984 1981 1982 1985
 2013 2016 2025 2022 1985 1982 1983 1986
 2022 2025 1915 1916 1986 1983 1906 1907
  899  892 1992 2007  878  874 1978 1981
 2007 1992 1995 2016 1981 1978 1979 1982
 2016 1995 1998 2025 1982 1979 1980 1983
 2025 1998 1903 1915 1983 1980 1902 1906
  698 1828 1831  699  861 1969 2035  956
  699 1831 1830  700  956 2035 2044  953
  700 1830 1829  701  953 2044 2053  950
  701 1829 1270   26  950 2053 1514  322
 1828 1827 1834 1831 1969 1972 2038 2035
 1831 1834 1833 1830 2035 2038 2047 2044
 1830 1833 1832 1829 2044 2047 2056 2053
 1829 1832 1271 1270 2053 2056 1517 1514
 1827 1826 1837 1834 1972 1975 2041 2038
 1834 1837 1836 1833 2038 2041 2050 2047
 1833 1836 1835 1832 2047 2050 2059 2056
 1832 1835 1272 1271 2056 2059 1520 1517
 1826 1822 1825 1837 1975 1890 1895 2041
 1837 1825 1824 1836 2041 1895 1894 2050
 1836 1824 1823 1835 2050 1894 1893 2059
 1835 1823 1266 1272 2059 1893 1352 1520
  861 1969 2035  956  860 1970 2036  957
  956 2035 2044  953  957 2036 2045  954
  953 2044 2053  950  954 2045 2054  951
  950 2053 1514  322  951 2054 1515  323
 1969 1972 2038 2035 1970 1973 2039 2036
 2035 2038 2047 2044 2036 2039 2048 2045
 2044 2047 2056 2053 2045 2048 2057 2054
 2053 2056 1517 1514 2054 2057 1518 1515
 1972 1975 2041 2038 1973 1976 2042 2039
 2038 2041 2050 2047 2039 2042 2051 2048
 2047 2050 2059 2056 2048 2051 2060 2057
 2056 2059 1520 1517 2057 2060 1521 1518
 1975 1890 1895 2041 1976 1891 1898 2042
 2041 1895 1894 2050 2042 1898 1897 2051
 2050 1894 1893 2059 2051 1897 1896 2060
 2059 1893 1352 1520 2060 1896 1351 1521
  860 1970 2036  957  859 1971 2037  958
  957 2036 2045  954  958 2037 2046  955
  954 2045 2054  951  955 2046 2055  952
  951 2054 1515  323  952 2055 1516  324
 1970 1973 2039 2036 1971 1974 2040 2037
 2036 2039 2048 2045 2037 2040 2049 2046
 2045 2048 2057 2054 2046 2049 2058 2055
 2054 2057 1518 1515 2055 2058 1519 1516
 1973 1976 2042 2039 1974 1977 2043 2040
 2039 2042 2051 2048 2040 2043 2052 2049
 2048 2051 2060 2057 2049 2052 2061 2058
 2057 2060 1521 1518 2058 2061 1522 1519
 1976 1891 1898 2042 1977 1892 1901 2043
 2042 1898 1897 2051 2043 1901 1900 2052
 2051 1897 1896 2060 2052 1900 1899 2061
 2060 1896 1351 1521 2061 1899 1350 1522
  859 1971 2037  958  858 1966 2028  940
  958 2037 2046  955  940 2028 2027  939
  955 2046 2055  952  939 2027 2026  938
  952 2055 1516  324  938 2026 1502  306
 1971 1974 2040 2037 1966 1967 2031 2028
 2037 2040 2049 2046 2028 2031 2030 2027
 2046 2049 2058 2055 2027 2030 2029 2026
 2055 2058 1519 1516 2026 2029 1503 1502
 1974 1977 2043 2040 1967 1968 2034 2031
 2040 2043 2052 2049 2031 2034 2033 2030
 2049 2052 2061 2058 2030 2033 2032 2029
 2058 2061 1522 1519 2029 2032 1504 1503
 1977 1892 1901 2043 1968 1886 1889 2034
 2043 1901 1900 2052 2034 1889 1888 2033
 2052 1900 1899 2061 2033 1888 1887 2032
 2061 1899 1350 1522 2032 1887 1346 1504
    2 1243 1813  688  400 1579 2099 1023
  688 1813 1816  687 1023 2099 2108 1026
  687 1816 1819  686 1026 2108 2117 1029
  686 1819 1809  682 1029 2117 2087 1011
 1243 1244 1814 1813 1579 1580 2102 2099
 1813 1814 1817 1816 2099 2102 2111 2108
 1816 1817 1820 1819 2108 2111 2120 2117
 1819 1820 1808 1809 2117 2120 2088 2087
 1244 1245 1815 1814 1580 1581 2105 2102
 1814 1815 1818 1817 2102 2105 2114 2111
 1817 1818 1821 1820 2111 2114 2123 2120
 1820 1821 1807 1808 2120 2123 2089 2088
 1245 1242 1810 1815 1581 1570 2092 2105
 1815 1810 1811 1818 2105 2092 2095 2114
 1818 1811 1812 1821 2114 2095 2098 2123
 1821 1812 1806 1807 2123 2098 2078 2089
  400 1579 2099 1023  399 1576 2100 1022
 1023 2099 2108 1026 1022 2100 2109 1025
 1026 2108 2117 1029 1025 2109 2118 1028
 1029 2117 2087 1011 1028 2118 2084 1010
 1579 1580 2102 2099 1576 1577 2103 2100
 2099 2102 2111 2108 2100 2103 2112 2109
 2108 2111 2120 2117 2109 2112 2121 2118
 2117 2120 2088 2087 2118 2121 2085 2084
 1580 1581 2105 2102 1577 1578 2106 2103
 2102 2105 2114 2111 2103 2106 2115 2112
 2111 2114 2123 2120 2112 2115 2124 2121
 2120 2123 2089 2088 2121 2124 2086 2085
 1581 1570 2092 2105 1578 1571 2091 2106
 2105 2092 2095 2114 2106 2091 2094 2115
 2114 2095 2098 2123 2115 2094 2097 2124
 2123 2098 2078 2089 2124 2097 2079 2086
  399 1576 2100 1022  398 1573 2101 1021
 1022 2100 2109 1025 1021 2101 2110 1024
 1025 2109 2118 1028 1024 2110 2119 1027
 1028 2118 2084 1010 1027 2119 2081 1009
 1576 1577 2103 2100 1573 1574 2104 2101
 2100 2103 2112 2109 2101 2104 2113 2110
 2109 2112 2121 2118 2110 2113 2122 2119
 2118 2121 2085 2084 2119 2122 2082 2081
 1577 1578 2106 2103 1574 1575 2107 2104
 2103 2106 2115 2112 2104 2107 2116 2113
 2112 2115 2124 2121 2113 2116 2125 2122
 2121 2124 2086 2085 2122 2125 2083 2082
 1578 1571 2091 2106 1575 1572 2090 2107
 2106 2091 2094 2115 2107 2090 2093 2116
 2115 2094 2097 2124 2116 2093 2096 2125
 2124 2097 2079 2086 2125 2096 2080 2083
  398 1573 2101 1021  371 1551 2069  996
 1021 2101 2110 1024  996 2069 2072  995
 1024 2110 2119 1027  995 2072 2075  994
 1027 2119 2081 1009  994 2075 2065  990
 1573 1574 2104 2101 1551 1552 2070 2069
 2101 2104 2113 2110 2069 2070 2073 2072
 2110 2113 2122 2119 2072 2073 2076 2075
 2119 2122 2082 2081 2075 2076 2064 2065
 1574 1575 2107 2104 1552 1553 2071 2070
 2104 2107 2116 2113 2070 2071 2074 2073
 2113 2116 2125 2122 2073 2074 2077 2076
 2122 2125 2083 2082 2076 2077 2063 2064
 1575 1572 2090 2107 1553 1550 2066 2071
 2107 2090 2093 2116 2071 2066 2067 2074
 2116 2093 2096 2125 2074 2067 2068 2077
 2125 2096 2080 2083 2077 2068 2062 2063
 1550 1572 2090 2066 1633 1676 2163 2133
 2066 2090 2093 2067 2133 2163 2172 2136
 2067 2093 2096 2068 2136 2172 2181 2139
 2068 2096 2080 2062 2139 2181 2151 2127
 1572 1571 2091 2090 1676 1675 2166 2163
 2090 2091 2094 2093 2163 2166 2175 2172
 2093 2094 2097 2096 2172 2175 2184 2181
 2096 2097 2079 2080 2181 2184 2148 2151
 1571 1570 2092 2091 1675 1674 2169 2166
 2091 2092 2095 2094 2166 2169 2178 2175
 2094 2095 2098 2097 2175 2178 2187 2184
 2097 2098 2078 2079 2184 2187 2145 2148
 1570 1242 1810 2092 1674 1394 1930 2169
 2092 1810 1811 2095 2169 1930 1931 2178
 2095 1811 1812 2098 2178 1931 1932 2187
 2098 1812 1806 2078 2187 1932 1905 2145
 1633 1676 2163 2133 1632 1679 2164 2134
 2133 2163 2172 2136 2134 2164 2173 2137
 2136 2172 2181 2139 2137 2173 2182 2140
 2139 2181 2151 2127 2140 2182 2152 2128
 1676 1675 2166 2163 1679 1678 2167 2164
 2163 2166 2175 2172 2164 2167 2176 2173
 2172 2175 2184 2181 2173 2176 2185 2182
 2181 2184 2148 2151 2182 2185 2149 2152
 1675 1674 2169 2166 1678 1677 2170 2167
 2166 2169 2178 2175 2167 2170 2179 2176
 2175 2178 2187 2184 2176 2179 2188 2185
 2184 2187 2145 2148 2185 2188 2146 2149
 1674 1394 1930 2169 1677 1395 1933 2170
 2169 1930 1931 2178 2170 1933 1934 2179
 2178 1931 1932 2187 2179 1934 1935 2188
 2187 1932 1905 2145 2188 1935 1904 2146
 1632 1679 2164 2134 1631 1682 2165 2135
 2134 2164 2173 2137 2135 2165 2174 2138
 2137 2173 2182 2140 2138 2174 2183 2141
 2140 2182 2152 2128 2141 2183 2153 2129
 1679 1678 2167 2164 1682 1681 2168 2165
 2164 2167 2176 2173 2165 2168 2177 2174
 2173 2176 2185 2182 2174 2177 2186 2183
 2182 2185 2149 2152 2183 2186 2150 2153
 1678 1677 2170 2167 1681 1680 2171 2168
 2167 2170 2179 2176 2168 2171 2180 2177
 2176 2179 2188 2185 2177 2180 2189 2186
 2185 2188 2146 2149 2186 2189 2147 2150
 1677 1395 1933 2170 1680 1396 1936 2171
 2170 1933 1934 2179 2171 1936 1937 2180
 2179 1934 1935 2188 2180 1937 1938 2189
 2188 1935 1904 2146 2189 1938 1903 2147
 1631 1682 2165 2135 1630 1664 2160 2130
 2135 2165 2174 2138 2130 2160 2161 2131
 2138 2174 2183 2141 2131 2161 2162 2132
 2141 2183 2153 2129 2132 2162 2144 2126
 1682 1681 2168 2165 1664 1663 2157 2160
 2165 2168 2177 2174 2160 2157 2158 2161
 2174 2177 2186 2183 2161 2158 2159 2162
 2183 2186 2150 2153 2162 2159 2143 2144
 1681 1680 2171 2168 1663 1662 2154 2157
 2168 2171 2180 2177 2157 2154 2155 2158
 2177 2180 2189 2186 2158 2155 2156 2159
 2186 2189 2147 2150 2159 2156 2142 2143
 1680 1396 1936 2171 1662 1378 1918 2154
 2171 1936 1937 2180 2154 1918 1919 2155
 2180 1937 1938 2189 2155 1919 1920 2156
 2189 1938 1903 2147 2156 1920 1902 2142
  990 2065 2081 1009 1136 2193 2211 1164
 1009 2081 2084 1010 1164 2211 2220 1161
 1010 2084 2087 1011 1161 2220 2229 1158
 1011 2087 1809  682 1158 2229 1990  890
 2065 2064 2082 2081 2193 2194 2214 2211
 2081 2082 2085 2084 2211 2214 2223 2220
 2084 2085 2088 2087 2220 2223 2232 2229
 2087 2088 1808 1809 2229 2232 1993 1990
 2064 2063 2083 2082 2194 2195 2217 2214
 2082 2083 2086 2085 2214 2217 2226 2223
 2085 2086 2089 2088 2223 2226 2235 2232
 2088 2089 1807 1808 2232 2235 1996 1993
 2063 2062 2080 2083 2195 2127 2151 2217
 2083 2080 2079 2086 2217 2151 2148 2226
 2086 2079 2078 2089 2226 2148 2145 2235
 2089 2078 1806 1807 2235 2145 1905 1996
 1136 2193 2211 1164 1135 2196 2212 1165
 1164 2211 2220 1161 1165 2212 2221 1162
 1161 2220 2229 1158 1162 2221 2230 1159
 1158 2229 1990  890 1159 2230 1991  891
 2193 2194 2214 2211 2196 2197 2215 2212
 2211 2214 2223 2220 2212 2215 2224 2221
 2220 2223 2232 2229 2221 2224 2233 2230
 2229 2232 1993 1990 2230 2233 1994 1991
 2194 2195 2217 2214 2197 2198 2218 2215
 2214 2217 2226 2223 2215 2218 2227 2224
 2223 2226 2235 2232 2224 2227 2236 2233
 2232 2235 1996 1993 2233 2236 1997 1994
 2195 2127 2151 2217 2198 2128 2152 2218
 2217 2151 2148 2226 2218 2152 2149 2227
 2226 2148 2145 2235 2227 2149 2146 2236
 2235 2145 1905 1996 2236 2146 1904 1997
 1135 2196 2212 1165 1134 2199 2213 1166
 1165 2212 2221 1162 1166 2213 2222 1163
 1162 2221 2230 1159 1163 2222 2231 1160
 1159 2230 1991  891 1160 2231 1992  892
 2196 2197 2215 2212 2199 2200 2216 2213
 2212 2215 2224 2221 2213 2216 2225 2222
 2221 2224 2233 2230 2222 2225 2234 2231
 2230 2233 1994 1991 2231 2234 1995 1992
 2197 2198 2218 2215 2200 2201 2219 2216
 2215 2218 2227 2224 2216 2219 2228 2225
 2224 2227 2236 2233 2225 2228 2237 2234
 2233 2236 1997 1994 2234 2237 1998 1995
 2198 2128 2152 2218 2201 2129 2153 2219
 2218 2152 2149 2227 2219 2153 2150 2228
 2227 2149 2146 2236 2228 2150 2147 2237
 2236 2146 1904 1997 2237 2147 1903 1998
 1134 2199 2213 1166 1130 2190 2204 1148
 1166 2213 2222 1163 1148 2204 2203 1147
 1163 2222 2231 1160 1147 2203 2202 1146
 1160 2231 1992  892 1146 2202 1978  874
 2199 2200 2216 2213 2190 2191 2207 2204
 2213 2216 2225 2222 2204 2207 2206 2203
 2222 2225 2234 2231 2203 2206 2205 2202
 2231 2234 1995 1992 2202 2205 1979 1978
 2200 2201 2219 2216 2191 2192 2210 2207
 2216 2219 2228 2225 2207 2210 2209 2206
 2225 2228 2237 2234 2206 2209 2208 2205
 2234 2237 1998 1995 2205 2208 1980 1979
 2201 2129 2153 2219 2192 2126 2144 2210
 2219 2153 2150 2228 2210 2144 2143 2209
 2228 2150 2147 2237 2209 2143 2142 2208
 2237 2147 1903 1998 2208 2142 1902 1980
  990  994 2075 2065 1136 1208 2247 2193
 2065 2075 2076 2064 2193 2247 2256 2194
 2064 2076 2077 2063 2194 2256 2265 2195
 2063 2077 2068 2062 2195 2265 2139 2127
  994  995 2072 2075 1208 1207 2250 2247
 2075 2072 2073 2076 2247 2250 2259 2256
 2076 2073 2074 2077 2256 2259 2268 2265
 2077 2074 2067 2068 2265 2268 2136 2139
  995  996 2069 2072 1207 1206 2253 2250
 2072 2069 2070 2073 2250 2253 2262 2259
 2073 2070 2071 2074 2259 2262 2271 2268
 2074 2071 2066 2067 2268 2271 2133 2136
  996  371 1551 2069 1206  630 1770 2253
 2069 1551 1552 2070 2253 1770 1771 2262
 2070 1552 1553 2071 2262 1771 1772 2271
 2071 1553 1550 2066 2271 1772 1633 2133
 1136 1208 2247 2193 1135 1211 2248 2196
 2193 2247 2256 2194 2196 2248 2257 2197
 2194 2256 2265 2195 2197 2257 2266 2198
 2195 2265 2139 2127 2198 2266 2140 2128
 1208 1207 2250 2247 1211 1210 2251 2248
 2247 2250 2259 2256 2248 2251 2260 2257
 2256 2259 2268 2265 2257 2260 2269 2266
 2265 2268 2136 2139 2266 2269 2137 2140
 1207 1206 2253 2250 1210 1209 2254 2251
 2250 2253 2262 2259 2251 2254 2263 2260
 2259 2262 2271 2268 2260 2263 2272 2269
 2268 2271 2133 2136 2269 2272 2134 2137
 1206  630 1770 2253 1209  631 1773 2254
 2253 1770 1771 2262 2254 1773 1774 2263
 2262 1771 1772 2271 2263 1774 1775 2272
 2271 1772 1633 2133 2272 1775 1632 2134
 1135 1211 2248 2196 1134 1214 2249 2199
 2196 2248 2257 2197 2199 2249 2258 2200
 2197 2257 2266 2198 2200 2258 2267 2201
 2198 2266 2140 2128 2201 2267 2141 2129
 1211 1210 2251 2248 1214 1213 2252 2249
 2248 2251 2260 2257 2249 2252 2261 2258
 2257 2260 2269 2266 2258 2261 2270 2267
 2266 2269 2137 2140 2267 2270 2138 2141
 1210 1209 2254 2251 1213 1212 2255 2252
 2251 2254 2263 2260 2252 2255 2264 2261
 2260 2263 2272 2269 2261 2264 2273 2270
 2269 2272 2134 2137 2270 2273 2135 2138
 1209  631 1773 2254 1212  632 1776 2255
 2254 1773 1774 2263 2255 1776 1777 2264
 2263 1774 1775 2272 2264 1777 1778 2273
 2272 1775 1632 2134 2273 1778 1631 2135
 1134 1214 2249 2199 1130 1196 2244 2190
 2199 2249 2258 2200 2190 2244 2245 2191
 2200 2258 2267 2201 2191 2245 2246 2192
 2201 2267 2141 2129 2192 2246 2132 2126
 1214 1213 2252 2249 1196 1195 2241 2244
 2249 2252 2261 2258 2244 2241 2242 2245
 2258 2261 2270 2267 2245 2242 2243 2246
 2267 2270 2138 2141 2246 2243 2131 2132
 1213 1212 2255 2252 1195 1194 2238 2241
 2252 2255 2264 2261 2241 2238 2239 2242
 2261 2264 2273 2270 2242 2239 2240 2243
 2270 2273 2135 2138 2243 2240 2130 2131
 1212  632 1776 2255 1194  614 1758 2238
 2255 1776 1777 2264 2238 1758 1759 2239
 2264 1777 1778 2273 2239 1759 1760 2240
 2273 1778 1631 2135 2240 1760 1630 2130
