      1      2    171    170     14     15    184    183
      2      3    172    171     15     16    185    184
      3      4    173    172     16     17    186    185
      4      5    174    173     17     18    187    186
      5      6    175    174     18     19    188    187
      6      7    176    175     19     20    189    188
      7      8    177    176     20     21    190    189
      8      9    178    177     21     22    191    190
      9     10    179    178     22     23    192    191
     10     11    180    179     23     24    193    192
     11     12    181    180     24     25    194    193
     12     13    182    181     25     26    195    194
     14     15    184    183     27     28    197    196
     15     16    185    184     28     29    198    197
     16     17    186    185     29     30    199    198
     17     18    187    186     30     31    200    199
     18     19    188    187     31     32    201    200
     19     20    189    188     32     33    202    201
     20     21    190    189     33     34    203    202
     21     22    191    190     34     35    204    203
     22     23    192    191     35     36    205    204
     23     24    193    192     36     37    206    205
     24     25    194    193     37     38    207    206
     25     26    195    194     38     39    208    207
     27     28    197    196     40     41    210    209
     28     29    198    197     41     42    211    210
     29     30    199    198     42     43    212    211
     30     31    200    199     43     44    213    212
     31     32    201    200     44     45    214    213
     32     33    202    201     45     46    215    214
     33     34    203    202     46     47    216    215
     34     35    204    203     47     48    217    216
     35     36    205    204     48     49    218    217
     36     37    206    205     49     50    219    218
     37     38    207    206     50     51    220    219
     38     39    208    207     51     52    221    220
     40     41    210    209     53     54    223    222
     41     42    211    210     54     55    224    223
     42     43    212    211     55     56    225    224
     43     44    213    212     56     57    226    225
     44     45    214    213     57     58    227    226
     45     46    215    214     58     59    228    227
     46     47    216    215     59     60    229    228
     47     48    217    216     60     61    230    229
     48     49    218    217     61     62    231    230
     49     50    219    218     62     63    232    231
     50     51    220    219     63     64    233    232
     51     52    221    220     64     65    234    233
     53     54    223    222     66     67    236    235
     54     55    224    223     67     68    237    236
     55     56    225    224     68     69    238    237
     56     57    226    225     69     70    239    238
     57     58    227    226     70     71    240    239
     58     59    228    227     71     72    241    240
     59     60    229    228     72     73    242    241
     60     61    230    229     73     74    243    242
     61     62    231    230     74     75    244    243
     62     63    232    231     75     76    245    244
     63     64    233    232     76     77    246    245
     64     65    234    233     77     78    247    246
     66     67    236    235     79     80    249    248
     67     68    237    236     80     81    250    249
     68     69    238    237     81     82    251    250
     69     70    239    238     82     83    252    251
     70     71    240    239     83     84    253    252
     71     72    241    240     84     85    254    253
     72     73    242    241     85     86    255    254
     73     74    243    242     86     87    256    255
     74     75    244    243     87     88    257    256
     75     76    245    244     88     89    258    257
     76     77    246    245     89     90    259    258
     77     78    247    246     90     91    260    259
     79     80    249    248     92     93    262    261
     80     81    250    249     93     94    263    262
     81     82    251    250     94     95    264    263
     82     83    252    251     95     96    265    264
     83     84    253    252     96     97    266    265
     84     85    254    253     97     98    267    266
     85     86    255    254     98     99    268    267
     86     87    256    255     99    100    269    268
     87     88    257    256    100    101    270    269
     88     89    258    257    101    102    271    270
     89     90    259    258    102    103    272    271
     90     91    260    259    103    104    273    272
     92     93    262    261    105    106    275    274
     93     94    263    262    106    107    276    275
     94     95    264    263    107    108    277    276
     95     96    265    264    108    109    278    277
     96     97    266    265    109    110    279    278
     97     98    267    266    110    111    280    279
     98     99    268    267    111    112    281    280
     99    100    269    268    112    113    282    281
    100    101    270    269    113    114    283    282
    101    102    271    270    114    115    284    283
    102    103    272    271    115    116    285    284
    103    104    273    272    116    117    286    285
    105    106    275    274    118    119    288    287
    106    107    276    275    119    120    289    288
    107    108    277    276    120    121    290    289
    108    109    278    277    121    122    291    290
    109    110    279    278    122    123    292    291
    110    111    280    279    123    124    293    292
    111    112    281    280    124    125    294    293
    112    113    282    281    125    126    295    294
    113    114    283    282    126    127    296    295
    114    115    284    283    127    128    297    296
    115    116    285    284    128    129    298    297
    116    117    286    285    129    130    299    298
    118    119    288    287    131    132    301    300
    119    120    289    288    132    133    302    301
    120    121    290    289    133    134    303    302
    121    122    291    290    134    135    304    303
    122    123    292    291    135    136    305    304
    123    124    293    292    136    137    306    305
    124    125    294    293    137    138    307    306
    125    126    295    294    138    139    308    307
    126    127    296    295    139    140    309    308
    127    128    297    296    140    141    310    309
    128    129    298    297    141    142    311    310
    129    130    299    298    142    143    312    311
    131    132    301    300    144    145    314    313
    132    133    302    301    145    146    315    314
    133    134    303    302    146    147    316    315
    134    135    304    303    147    148    317    316
    135    136    305    304    148    149    318    317
    136    137    306    305    149    150    319    318
    137    138    307    306    150    151    320    319
    138    139    308    307    151    152    321    320
    139    140    309    308    152    153    322    321
    140    141    310    309    153    154    323    322
    141    142    311    310    154    155    324    323
    142    143    312    311    155    156    325    324
    144    145    314    313    157    158    327    326
    145    146    315    314    158    159    328    327
    146    147    316    315    159    160    329    328
    147    148    317    316    160    161    330    329
    148    149    318    317    161    162    331    330
    149    150    319    318    162    163    332    331
    150    151    320    319    163    164    333    332
    151    152    321    320    164    165    334    333
    152    153    322    321    165    166    335    334
    153    154    323    322    166    167    336    335
    154    155    324    323    167    168    337    336
    155    156    325    324    168    169    338    337
    170    171    340    339    183    184    353    352
    171    172    341    340    184    185    354    353
    172    173    342    341    185    186    355    354
    173    174    343    342    186    187    356    355
    174    175    344    343    187    188    357    356
    175    176    345    344    188    189    358    357
    176    177    346    345    189    190    359    358
    177    178    347    346    190    191    360    359
    178    179    348    347    191    192    361    360
    179    180    349    348    192    193    362    361
    180    181    350    349    193    194    363    362
    181    182    351    350    194    195    364    363
    183    184    353    352    196    197    366    365
    184    185    354    353    197    198    367    366
    185    186    355    354    198    199    368    367
    186    187    356    355    199    200    369    368
    187    188    357    356    200    201    370    369
    188    189    358    357    201    202    371    370
    189    190    359    358    202    203    372    371
    190    191    360    359    203    204    373    372
    191    192    361    360    204    205    374    373
    192    193    362    361    205    206    375    374
    193    194    363    362    206    207    376    375
    194    195    364    363    207    208    377    376
    196    197    366    365    209    210    379    378
    197    198    367    366    210    211    380    379
    198    199    368    367    211    212    381    380
    199    200    369    368    212    213    382    381
    200    201    370    369    213    214    383    382
    201    202    371    370    214    215    384    383
    202    203    372    371    215    216    385    384
    203    204    373    372    216    217    386    385
    204    205    374    373    217    218    387    386
    205    206    375    374    218    219    388    387
    206    207    376    375    219    220    389    388
    207    208    377    376    220    221    390    389
    209    210    379    378    222    223    392    391
    210    211    380    379    223    224    393    392
    211    212    381    380    224    225    394    393
    212    213    382    381    225    226    395    394
    213    214    383    382    226    227    396    395
    214    215    384    383    227    228    397    396
    215    216    385    384    228    229    398    397
    216    217    386    385    229    230    399    398
    217    218    387    386    230    231    400    399
    218    219    388    387    231    232    401    400
    219    220    389    388    232    233    402    401
    220    221    390    389    233    234    403    402
    222    223    392    391    235    236    405    404
    223    224    393    392    236    237    406    405
    224    225    394    393    237    238    407    406
    225    226    395    394    238    239    408    407
    226    227    396    395    239    240    409    408
    227    228    397    396    240    241    410    409
    228    229    398    397    241    242    411    410
    229    230    399    398    242    243    412    411
    230    231    400    399    243    244    413    412
    231    232    401    400    244    245    414    413
    232    233    402    401    245    246    415    414
    233    234    403    402    246    247    416    415
    235    236    405    404    248    249    418    417
    236    237    406    405    249    250    419    418
    237    238    407    406    250    251    420    419
    238    239    408    407    251    252    421    420
    239    240    409    408    252    253    422    421
    240    241    410    409    253    254    423    422
    241    242    411    410    254    255    424    423
    242    243    412    411    255    256    425    424
    243    244    413    412    256    257    426    425
    244    245    414    413    257    258    427    426
    245    246    415    414    258    259    428    427
    246    247    416    415    259    260    429    428
    248    249    418    417    261    262    431    430
    249    250    419    418    262    263    432    431
    250    251    420    419    263    264    433    432
    251    252    421    420    264    265    434    433
    252    253    422    421    265    266    435    434
    253    254    423    422    266    267    436    435
    254    255    424    423    267    268    437    436
    255    256    425    424    268    269    438    437
    256    257    426    425    269    270    439    438
    257    258    427    426    270    271    440    439
    258    259    428    427    271    272    441    440
    259    260    429    428    272    273    442    441
    261    262    431    430    274    275    444    443
    262    263    432    431    275    276    445    444
    263    264    433    432    276    277    446    445
    264    265    434    433    277    278    447    446
    265    266    435    434    278    279    448    447
    266    267    436    435    279    280    449    448
    267    268    437    436    280    281    450    449
    268    269    438    437    281    282    451    450
    269    270    439    438    282    283    452    451
    270    271    440    439    283    284    453    452
    271    272    441    440    284    285    454    453
    272    273    442    441    285    286    455    454
    274    275    444    443    287    288    457    456
    275    276    445    444    288    289    458    457
    276    277    446    445    289    290    459    458
    277    278    447    446    290    291    460    459
    278    279    448    447    291    292    461    460
    279    280    449    448    292    293    462    461
    280    281    450    449    293    294    463    462
    281    282    451    450    294    295    464    463
    282    283    452    451    295    296    465    464
    283    284    453    452    296    297    466    465
    284    285    454    453    297    298    467    466
    285    286    455    454    298    299    468    467
    287    288    457    456    300    301    470    469
    288    289    458    457    301    302    471    470
    289    290    459    458    302    303    472    471
    290    291    460    459    303    304    473    472
    291    292    461    460    304    305    474    473
    292    293    462    461    305    306    475    474
    293    294    463    462    306    307    476    475
    294    295    464    463    307    308    477    476
    295    296    465    464    308    309    478    477
    296    297    466    465    309    310    479    478
    297    298    467    466    310    311    480    479
    298    299    468    467    311    312    481    480
    300    301    470    469    313    314    483    482
    301    302    471    470    314    315    484    483
    302    303    472    471    315    316    485    484
    303    304    473    472    316    317    486    485
    304    305    474    473    317    318    487    486
    305    306    475    474    318    319    488    487
    306    307    476    475    319    320    489    488
    307    308    477    476    320    321    490    489
    308    309    478    477    321    322    491    490
    309    310    479    478    322    323    492    491
    310    311    480    479    323    324    493    492
    311    312    481    480    324    325    494    493
    313    314    483    482    326    327    496    495
    314    315    484    483    327    328    497    496
    315    316    485    484    328    329    498    497
    316    317    486    485    329    330    499    498
    317    318    487    486    330    331    500    499
    318    319    488    487    331    332    501    500
    319    320    489    488    332    333    502    501
    320    321    490    489    333    334    503    502
    321    322    491    490    334    335    504    503
    322    323    492    491    335    336    505    504
    323    324    493    492    336    337    506    505
    324    325    494    493    337    338    507    506
    339    340    509    508    352    353    522    521
    340    341    510    509    353    354    523    522
    341    342    511    510    354    355    524    523
    342    343    512    511    355    356    525    524
    343    344    513    512    356    357    526    525
    344    345    514    513    357    358    527    526
    345    346    515    514    358    359    528    527
    346    347    516    515    359    360    529    528
    347    348    517    516    360    361    530    529
    348    349    518    517    361    362    531    530
    349    350    519    518    362    363    532    531
    350    351    520    519    363    364    533    532
    352    353    522    521    365    366    535    534
    353    354    523    522    366    367    536    535
    354    355    524    523    367    368    537    536
    355    356    525    524    368    369    538    537
    356    357    526    525    369    370    539    538
    357    358    527    526    370    371    540    539
    358    359    528    527    371    372    541    540
    359    360    529    528    372    373    542    541
    360    361    530    529    373    374    543    542
    361    362    531    530    374    375    544    543
    362    363    532    531    375    376    545    544
    363    364    533    532    376    377    546    545
    365    366    535    534    378    379    548    547
    366    367    536    535    379    380    549    548
    367    368    537    536    380    381    550    549
    368    369    538    537    381    382    551    550
    369    370    539    538    382    383    552    551
    370    371    540    539    383    384    553    552
    371    372    541    540    384    385    554    553
    372    373    542    541    385    386    555    554
    373    374    543    542    386    387    556    555
    374    375    544    543    387    388    557    556
    375    376    545    544    388    389    558    557
    376    377    546    545    389    390    559    558
    378    379    548    547    391    392    561    560
    379    380    549    548    392    393    562    561
    380    381    550    549    393    394    563    562
    381    382    551    550    394    395    564    563
    382    383    552    551    395    396    565    564
    383    384    553    552    396    397    566    565
    384    385    554    553    397    398    567    566
    385    386    555    554    398    399    568    567
    386    387    556    555    399    400    569    568
    387    388    557    556    400    401    570    569
    388    389    558    557    401    402    571    570
    389    390    559    558    402    403    572    571
    391    392    561    560    404    405    574    573
    392    393    562    561    405    406    575    574
    393    394    563    562    406    407    576    575
    394    395    564    563    407    408    577    576
    395    396    565    564    408    409    578    577
    396    397    566    565    409    410    579    578
    397    398    567    566    410    411    580    579
    398    399    568    567    411    412    581    580
    399    400    569    568    412    413    582    581
    400    401    570    569    413    414    583    582
    401    402    571    570    414    415    584    583
    402    403    572    571    415    416    585    584
    404    405    574    573    417    418    587    586
    405    406    575    574    418    419    588    587
    406    407    576    575    419    420    589    588
    407    408    577    576    420    421    590    589
    408    409    578    577    421    422    591    590
    409    410    579    578    422    423    592    591
    410    411    580    579    423    424    593    592
    411    412    581    580    424    425    594    593
    412    413    582    581    425    426    595    594
    413    414    583    582    426    427    596    595
    414    415    584    583    427    428    597    596
    415    416    585    584    428    429    598    597
    417    418    587    586    430    431    600    599
    418    419    588    587    431    432    601    600
    419    420    589    588    432    433    602    601
    420    421    590    589    433    434    603    602
    421    422    591    590    434    435    604    603
    422    423    592    591    435    436    605    604
    423    424    593    592    436    437    606    605
    424    425    594    593    437    438    607    606
    425    426    595    594    438    439    608    607
    426    427    596    595    439    440    609    608
    427    428    597    596    440    441    610    609
    428    429    598    597    441    442    611    610
    430    431    600    599    443    444    613    612
    431    432    601    600    444    445    614    613
    432    433    602    601    445    446    615    614
    433    434    603    602    446    447    616    615
    434    435    604    603    447    448    617    616
    435    436    605    604    448    449    618    617
    436    437    606    605    449    450    619    618
    437    438    607    606    450    451    620    619
    438    439    608    607    451    452    621    620
    439    440    609    608    452    453    622    621
    440    441    610    609    453    454    623    622
    441    442    611    610    454    455    624    623
    443    444    613    612    456    457    626    625
    444    445    614    613    457    458    627    626
    445    446    615    614    458    459    628    627
    446    447    616    615    459    460    629    628
    447    448    617    616    460    461    630    629
    448    449    618    617    461    462    631    630
    449    450    619    618    462    463    632    631
    450    451    620    619    463    464    633    632
    451    452    621    620    464    465    634    633
    452    453    622    621    465    466    635    634
    453    454    623    622    466    467    636    635
    454    455    624    623    467    468    637    636
    456    457    626    625    469    470    639    638
    457    458    627    626    470    471    640    639
    458    459    628    627    471    472    641    640
    459    460    629    628    472    473    642    641
    460    461    630    629    473    474    643    642
    461    462    631    630    474    475    644    643
    462    463    632    631    475    476    645    644
    463    464    633    632    476    477    646    645
    464    465    634    633    477    478    647    646
    465    466    635    634    478    479    648    647
    466    467    636    635    479    480    649    648
    467    468    637    636    480    481    650    649
    469    470    639    638    482    483    652    651
    470    471    640    639    483    484    653    652
    471    472    641    640    484    485    654    653
    472    473    642    641    485    486    655    654
    473    474    643    642    486    487    656    655
    474    475    644    643    487    488    657    656
    475    476    645    644    488    489    658    657
    476    477    646    645    489    490    659    658
    477    478    647    646    490    491    660    659
    478    479    648    647    491    492    661    660
    479    480    649    648    492    493    662    661
    480    481    650    649    493    494    663    662
    482    483    652    651    495    496    665    664
    483    484    653    652    496    497    666    665
    484    485    654    653    497    498    667    666
    485    486    655    654    498    499    668    667
    486    487    656    655    499    500    669    668
    487    488    657    656    500    501    670    669
    488    489    658    657    501    502    671    670
    489    490    659    658    502    503    672    671
    490    491    660    659    503    504    673    672
    491    492    661    660    504    505    674    673
    492    493    662    661    505    506    675    674
    493    494    663    662    506    507    676    675
    508    509    678    677    521    522    691    690
    509    510    679    678    522    523    692    691
    510    511    680    679    523    524    693    692
    511    512    681    680    524    525    694    693
    512    513    682    681    525    526    695    694
    513    514    683    682    526    527    696    695
    514    515    684    683    527    528    697    696
    515    516    685    684    528    529    698    697
    516    517    686    685    529    530    699    698
    517    518    687    686    530    531    700    699
    518    519    688    687    531    532    701    700
    519    520    689    688    532    533    702    701
    521    522    691    690    534    535    704    703
    522    523    692    691    535    536    705    704
    523    524    693    692    536    537    706    705
    524    525    694    693    537    538    707    706
    525    526    695    694    538    539    708    707
    526    527    696    695    539    540    709    708
    527    528    697    696    540    541    710    709
    528    529    698    697    541    542    711    710
    529    530    699    698    542    543    712    711
    530    531    700    699    543    544    713    712
    531    532    701    700    544    545    714    713
    532    533    702    701    545    546    715    714
    534    535    704    703    547    548    717    716
    535    536    705    704    548    549    718    717
    536    537    706    705    549    550    719    718
    537    538    707    706    550    551    720    719
    538    539    708    707    551    552    721    720
    539    540    709    708    552    553    722    721
    540    541    710    709    553    554    723    722
    541    542    711    710    554    555    724    723
    542    543    712    711    555    556    725    724
    543    544    713    712    556    557    726    725
    544    545    714    713    557    558    727    726
    545    546    715    714    558    559    728    727
    547    548    717    716    560    561    730    729
    548    549    718    717    561    562    731    730
    549    550    719    718    562    563    732    731
    550    551    720    719    563    564    733    732
    551    552    721    720    564    565    734    733
    552    553    722    721    565    566    735    734
    553    554    723    722    566    567    736    735
    554    555    724    723    567    568    737    736
    555    556    725    724    568    569    738    737
    556    557    726    725    569    570    739    738
    557    558    727    726    570    571    740    739
    558    559    728    727    571    572    741    740
    560    561    730    729    573    574    743    742
    561    562    731    730    574    575    744    743
    562    563    732    731    575    576    745    744
    563    564    733    732    576    577    746    745
    564    565    734    733    577    578    747    746
    565    566    735    734    578    579    748    747
    566    567    736    735    579    580    749    748
    567    568    737    736    580    581    750    749
    568    569    738    737    581    582    751    750
    569    570    739    738    582    583    752    751
    570    571    740    739    583    584    753    752
    571    572    741    740    584    585    754    753
    573    574    743    742    586    587    756    755
    574    575    744    743    587    588    757    756
    575    576    745    744    588    589    758    757
    576    577    746    745    589    590    759    758
    577    578    747    746    590    591    760    759
    578    579    748    747    591    592    761    760
    579    580    749    748    592    593    762    761
    580    581    750    749    593    594    763    762
    581    582    751    750    594    595    764    763
    582    583    752    751    595    596    765    764
    583    584    753    752    596    597    766    765
    584    585    754    753    597    598    767    766
    586    587    756    755    599    600    769    768
    587    588    757    756    600    601    770    769
    588    589    758    757    601    602    771    770
    589    590    759    758    602    603    772    771
    590    591    760    759    603    604    773    772
    591    592    761    760    604    605    774    773
    592    593    762    761    605    606    775    774
    593    594    763    762    606    607    776    775
    594    595    764    763    607    608    777    776
    595    596    765    764    608    609    778    777
    596    597    766    765    609    610    779    778
    597    598    767    766    610    611    780    779
    599    600    769    768    612    613    782    781
    600    601    770    769    613    614    783    782
    601    602    771    770    614    615    784    783
    602    603    772    771    615    616    785    784
    603    604    773    772    616    617    786    785
    604    605    774    773    617    618    787    786
    605    606    775    774    618    619    788    787
    606    607    776    775    619    620    789    788
    607    608    777    776    620    621    790    789
    608    609    778    777    621    622    791    790
    609    610    779    778    622    623    792    791
    610    611    780    779    623    624    793    792
    612    613    782    781    625    626    795    794
    613    614    783    782    626    627    796    795
    614    615    784    783    627    628    797    796
    615    616    785    784    628    629    798    797
    616    617    786    785    629    630    799    798
    617    618    787    786    630    631    800    799
    618    619    788    787    631    632    801    800
    619    620    789    788    632    633    802    801
    620    621    790    789    633    634    803    802
    621    622    791    790    634    635    804    803
    622    623    792    791    635    636    805    804
    623    624    793    792    636    637    806    805
    625    626    795    794    638    639    808    807
    626    627    796    795    639    640    809    808
    627    628    797    796    640    641    810    809
    628    629    798    797    641    642    811    810
    629    630    799    798    642    643    812    811
    630    631    800    799    643    644    813    812
    631    632    801    800    644    645    814    813
    632    633    802    801    645    646    815    814
    633    634    803    802    646    647    816    815
    634    635    804    803    647    648    817    816
    635    636    805    804    648    649    818    817
    636    637    806    805    649    650    819    818
    638    639    808    807    651    652    821    820
    639    640    809    808    652    653    822    821
    640    641    810    809    653    654    823    822
    641    642    811    810    654    655    824    823
    642    643    812    811    655    656    825    824
    643    644    813    812    656    657    826    825
    644    645    814    813    657    658    827    826
    645    646    815    814    658    659    828    827
    646    647    816    815    659    660    829    828
    647    648    817    816    660    661    830    829
    648    649    818    817    661    662    831    830
    649    650    819    818    662    663    832    831
    651    652    821    820    664    665    834    833
    652    653    822    821    665    666    835    834
    653    654    823    822    666    667    836    835
    654    655    824    823    667    668    837    836
    655    656    825    824    668    669    838    837
    656    657    826    825    669    670    839    838
    657    658    827    826    670    671    840    839
    658    659    828    827    671    672    841    840
    659    660    829    828    672    673    842    841
    660    661    830    829    673    674    843    842
    661    662    831    830    674    675    844    843
    662    663    832    831    675    676    845    844
    677    678    847    846    690    691    860    859
    678    679    848    847    691    692    861    860
    679    680    849    848    692    693    862    861
    680    681    850    849    693    694    863    862
    681    682    851    850    694    695    864    863
    682    683    852    851    695    696    865    864
    683    684    853    852    696    697    866    865
    684    685    854    853    697    698    867    866
    685    686    855    854    698    699    868    867
    686    687    856    855    699    700    869    868
    687    688    857    856    700    701    870    869
    688    689    858    857    701    702    871    870
    690    691    860    859    703    704    873    872
    691    692    861    860    704    705    874    873
    692    693    862    861    705    706    875    874
    693    694    863    862    706    707    876    875
    694    695    864    863    707    708    877    876
    695    696    865    864    708    709    878    877
    696    697    866    865    709    710    879    878
    697    698    867    866    710    711    880    879
    698    699    868    867    711    712    881    880
    699    700    869    868    712    713    882    881
    700    701    870    869    713    714    883    882
    701    702    871    870    714    715    884    883
    703    704    873    872    716    717    886    885
    704    705    874    873    717    718    887    886
    705    706    875    874    718    719    888    887
    706    707    876    875    719    720    889    888
    707    708    877    876    720    721    890    889
    708    709    878    877    721    722    891    890
    709    710    879    878    722    723    892    891
    710    711    880    879    723    724    893    892
    711    712    881    880    724    725    894    893
    712    713    882    881    725    726    895    894
    713    714    883    882    726    727    896    895
    714    715    884    883    727    728    897    896
    716    717    886    885    729    730    899    898
    717    718    887    886    730    731    900    899
    718    719    888    887    731    732    901    900
    719    720    889    888    732    733    902    901
    720    721    890    889    733    734    903    902
    721    722    891    890    734    735    904    903
    722    723    892    891    735    736    905    904
    723    724    893    892    736    737    906    905
    724    725    894    893    737    738    907    906
    725    726    895    894    738    739    908    907
    726    727    896    895    739    740    909    908
    727    728    897    896    740    741    910    909
    729    730    899    898    742    743    912    911
    730    731    900    899    743    744    913    912
    731    732    901    900    744    745    914    913
    732    733    902    901    745    746    915    914
    733    734    903    902    746    747    916    915
    734    735    904    903    747    748    917    916
    735    736    905    904    748    749    918    917
    736    737    906    905    749    750    919    918
    737    738    907    906    750    751    920    919
    738    739    908    907    751    752    921    920
    739    740    909    908    752    753    922    921
    740    741    910    909    753    754    923    922
    742    743    912    911    755    756    925    924
    743    744    913    912    756    757    926    925
    744    745    914    913    757    758    927    926
    745    746    915    914    758    759    928    927
    746    747    916    915    759    760    929    928
    747    748    917    916    760    761    930    929
    748    749    918    917    761    762    931    930
    749    750    919    918    762    763    932    931
    750    751    920    919    763    764    933    932
    751    752    921    920    764    765    934    933
    752    753    922    921    765    766    935    934
    753    754    923    922    766    767    936    935
    755    756    925    924    768    769    938    937
    756    757    926    925    769    770    939    938
    757    758    927    926    770    771    940    939
    758    759    928    927    771    772    941    940
    759    760    929    928    772    773    942    941
    760    761    930    929    773    774    943    942
    761    762    931    930    774    775    944    943
    762    763    932    931    775    776    945    944
    763    764    933    932    776    777    946    945
    764    765    934    933    777    778    947    946
    765    766    935    934    778    779    948    947
    766    767    936    935    779    780    949    948
    768    769    938    937    781    782    951    950
    769    770    939    938    782    783    952    951
    770    771    940    939    783    784    953    952
    771    772    941    940    784    785    954    953
    772    773    942    941    785    786    955    954
    773    774    943    942    786    787    956    955
    774    775    944    943    787    788    957    956
    775    776    945    944    788    789    958    957
    776    777    946    945    789    790    959    958
    777    778    947    946    790    791    960    959
    778    779    948    947    791    792    961    960
    779    780    949    948    792    793    962    961
    781    782    951    950    794    795    964    963
    782    783    952    951    795    796    965    964
    783    784    953    952    796    797    966    965
    784    785    954    953    797    798    967    966
    785    786    955    954    798    799    968    967
    786    787    956    955    799    800    969    968
    787    788    957    956    800    801    970    969
    788    789    958    957    801    802    971    970
    789    790    959    958    802    803    972    971
    790    791    960    959    803    804    973    972
    791    792    961    960    804    805    974    973
    792    793    962    961    805    806    975    974
    794    795    964    963    807    808    977    976
    795    796    965    964    808    809    978    977
    796    797    966    965    809    810    979    978
    797    798    967    966    810    811    980    979
    798    799    968    967    811    812    981    980
    799    800    969    968    812    813    982    981
    800    801    970    969    813    814    983    982
    801    802    971    970    814    815    984    983
    802    803    972    971    815    816    985    984
    803    804    973    972    816    817    986    985
    804    805    974    973    817    818    987    986
    805    806    975    974    818    819    988    987
    807    808    977    976    820    821    990    989
    808    809    978    977    821    822    991    990
    809    810    979    978    822    823    992    991
    810    811    980    979    823    824    993    992
    811    812    981    980    824    825    994    993
    812    813    982    981    825    826    995    994
    813    814    983    982    826    827    996    995
    814    815    984    983    827    828    997    996
    815    816    985    984    828    829    998    997
    816    817    986    985    829    830    999    998
    817    818    987    986    830    831   1000    999
    818    819    988    987    831    832   1001   1000
    820    821    990    989    833    834   1003   1002
    821    822    991    990    834    835   1004   1003
    822    823    992    991    835    836   1005   1004
    823    824    993    992    836    837   1006   1005
    824    825    994    993    837    838   1007   1006
    825    826    995    994    838    839   1008   1007
    826    827    996    995    839    840   1009   1008
    827    828    997    996    840    841   1010   1009
    828    829    998    997    841    842   1011   1010
    829    830    999    998    842    843   1012   1011
    830    831   1000    999    843    844   1013   1012
    831    832   1001   1000    844    845   1014   1013
    846    847   1016   1015    859    860   1029   1028
    847    848   1017   1016    860    861   1030   1029
    848    849   1018   1017    861    862   1031   1030
    849    850   1019   1018    862    863   1032   1031
    850    851   1020   1019    863    864   1033   1032
    851    852   1021   1020    864    865   1034   1033
    852    853   1022   1021    865    866   1035   1034
    853    854   1023   1022    866    867   1036   1035
    854    855   1024   1023    867    868   1037   1036
    855    856   1025   1024    868    869   1038   1037
    856    857   1026   1025    869    870   1039   1038
    857    858   1027   1026    870    871   1040   1039
    859    860   1029   1028    872    873   1042   1041
    860    861   1030   1029    873    874   1043   1042
    861    862   1031   1030    874    875   1044   1043
    862    863   1032   1031    875    876   1045   1044
    863    864   1033   1032    876    877   1046   1045
    864    865   1034   1033    877    878   1047   1046
    865    866   1035   1034    878    879   1048   1047
    866    867   1036   1035    879    880   1049   1048
    867    868   1037   1036    880    881   1050   1049
    868    869   1038   1037    881    882   1051   1050
    869    870   1039   1038    882    883   1052   1051
    870    871   1040   1039    883    884   1053   1052
    872    873   1042   1041    885    886   1055   1054
    873    874   1043   1042    886    887   1056   1055
    874    875   1044   1043    887    888   1057   1056
    875    876   1045   1044    888    889   1058   1057
    876    877   1046   1045    889    890   1059   1058
    877    878   1047   1046    890    891   1060   1059
    878    879   1048   1047    891    892   1061   1060
    879    880   1049   1048    892    893   1062   1061
    880    881   1050   1049    893    894   1063   1062
    881    882   1051   1050    894    895   1064   1063
    882    883   1052   1051    895    896   1065   1064
    883    884   1053   1052    896    897   1066   1065
    885    886   1055   1054    898    899   1068   1067
    886    887   1056   1055    899    900   1069   1068
    887    888   1057   1056    900    901   1070   1069
    888    889   1058   1057    901    902   1071   1070
    889    890   1059   1058    902    903   1072   1071
    890    891   1060   1059    903    904   1073   1072
    891    892   1061   1060    904    905   1074   1073
    892    893   1062   1061    905    906   1075   1074
    893    894   1063   1062    906    907   1076   1075
    894    895   1064   1063    907    908   1077   1076
    895    896   1065   1064    908    909   1078   1077
    896    897   1066   1065    909    910   1079   1078
    898    899   1068   1067    911    912   1081   1080
    899    900   1069   1068    912    913   1082   1081
    900    901   1070   1069    913    914   1083   1082
    901    902   1071   1070    914    915   1084   1083
    902    903   1072   1071    915    916   1085   1084
    903    904   1073   1072    916    917   1086   1085
    904    905   1074   1073    917    918   1087   1086
    905    906   1075   1074    918    919   1088   1087
    906    907   1076   1075    919    920   1089   1088
    907    908   1077   1076    920    921   1090   1089
    908    909   1078   1077    921    922   1091   1090
    909    910   1079   1078    922    923   1092   1091
    911    912   1081   1080    924    925   1094   1093
    912    913   1082   1081    925    926   1095   1094
    913    914   1083   1082    926    927   1096   1095
    914    915   1084   1083    927    928   1097   1096
    915    916   1085   1084    928    929   1098   1097
    916    917   1086   1085    929    930   1099   1098
    917    918   1087   1086    930    931   1100   1099
    918    919   1088   1087    931    932   1101   1100
    919    920   1089   1088    932    933   1102   1101
    920    921   1090   1089    933    934   1103   1102
    921    922   1091   1090    934    935   1104   1103
    922    923   1092   1091    935    936   1105   1104
    924    925   1094   1093    937    938   1107   1106
    925    926   1095   1094    938    939   1108   1107
    926    927   1096   1095    939    940   1109   1108
    927    928   1097   1096    940    941   1110   1109
    928    929   1098   1097    941    942   1111   1110
    929    930   1099   1098    942    943   1112   1111
    930    931   1100   1099    943    944   1113   1112
    931    932   1101   1100    944    945   1114   1113
    932    933   1102   1101    945    946   1115   1114
    933    934   1103   1102    946    947   1116   1115
    934    935   1104   1103    947    948   1117   1116
    935    936   1105   1104    948    949   1118   1117
    937    938   1107   1106    950    951   1120   1119
    938    939   1108   1107    951    952   1121   1120
    939    940   1109   1108    952    953   1122   1121
    940    941   1110   1109    953    954   1123   1122
    941    942   1111   1110    954    955   1124   1123
    942    943   1112   1111    955    956   1125   1124
    943    944   1113   1112    956    957   1126   1125
    944    945   1114   1113    957    958   1127   1126
    945    946   1115   1114    958    959   1128   1127
    946    947   1116   1115    959    960   1129   1128
    947    948   1117   1116    960    961   1130   1129
    948    949   1118   1117    961    962   1131   1130
    950    951   1120   1119    963    964   1133   1132
    951    952   1121   1120    964    965   1134   1133
    952    953   1122   1121    965    966   1135   1134
    953    954   1123   1122    966    967   1136   1135
    954    955   1124   1123    967    968   1137   1136
    955    956   1125   1124    968    969   1138   1137
    956    957   1126   1125    969    970   1139   1138
    957    958   1127   1126    970    971   1140   1139
    958    959   1128   1127    971    972   1141   1140
    959    960   1129   1128    972    973   1142   1141
    960    961   1130   1129    973    974   1143   1142
    961    962   1131   1130    974    975   1144   1143
    963    964   1133   1132    976    977   1146   1145
    964    965   1134   1133    977    978   1147   1146
    965    966   1135   1134    978    979   1148   1147
    966    967   1136   1135    979    980   1149   1148
    967    968   1137   1136    980    981   1150   1149
    968    969   1138   1137    981    982   1151   1150
    969    970   1139   1138    982    983   1152   1151
    970    971   1140   1139    983    984   1153   1152
    971    972   1141   1140    984    985   1154   1153
    972    973   1142   1141    985    986   1155   1154
    973    974   1143   1142    986    987   1156   1155
    974    975   1144   1143    987    988   1157   1156
    976    977   1146   1145    989    990   1159   1158
    977    978   1147   1146    990    991   1160   1159
    978    979   1148   1147    991    992   1161   1160
    979    980   1149   1148    992    993   1162   1161
    980    981   1150   1149    993    994   1163   1162
    981    982   1151   1150    994    995   1164   1163
    982    983   1152   1151    995    996   1165   1164
    983    984   1153   1152    996    997   1166   1165
    984    985   1154   1153    997    998   1167   1166
    985    986   1155   1154    998    999   1168   1167
    986    987   1156   1155    999   1000   1169   1168
    987    988   1157   1156   1000   1001   1170   1169
    989    990   1159   1158   1002   1003   1172   1171
    990    991   1160   1159   1003   1004   1173   1172
    991    992   1161   1160   1004   1005   1174   1173
    992    993   1162   1161   1005   1006   1175   1174
    993    994   1163   1162   1006   1007   1176   1175
    994    995   1164   1163   1007   1008   1177   1176
    995    996   1165   1164   1008   1009   1178   1177
    996    997   1166   1165   1009   1010   1179   1178
    997    998   1167   1166   1010   1011   1180   1179
    998    999   1168   1167   1011   1012   1181   1180
    999   1000   1169   1168   1012   1013   1182   1181
   1000   1001   1170   1169   1013   1014   1183   1182
   1015   1016   1185   1184   1028   1029   1198   1197
   1016   1017   1186   1185   1029   1030   1199   1198
   1017   1018   1187   1186   1030   1031   1200   1199
   1018   1019   1188   1187   1031   1032   1201   1200
   1019   1020   1189   1188   1032   1033   1202   1201
   1020   1021   1190   1189   1033   1034   1203   1202
   1021   1022   1191   1190   1034   1035   1204   1203
   1022   1023   1192   1191   1035   1036   1205   1204
   1023   1024   1193   1192   1036   1037   1206   1205
   1024   1025   1194   1193   1037   1038   1207   1206
   1025   1026   1195   1194   1038   1039   1208   1207
   1026   1027   1196   1195   1039   1040   1209   1208
   1028   1029   1198   1197   1041   1042   1211   1210
   1029   1030   1199   1198   1042   1043   1212   1211
   1030   1031   1200   1199   1043   1044   1213   1212
   1031   1032   1201   1200   1044   1045   1214   1213
   1032   1033   1202   1201   1045   1046   1215   1214
   1033   1034   1203   1202   1046   1047   1216   1215
   1034   1035   1204   1203   1047   1048   1217   1216
   1035   1036   1205   1204   1048   1049   1218   1217
   1036   1037   1206   1205   1049   1050   1219   1218
   1037   1038   1207   1206   1050   1051   1220   1219
   1038   1039   1208   1207   1051   1052   1221   1220
   1039   1040   1209   1208   1052   1053   1222   1221
   1041   1042   1211   1210   1054   1055   1224   1223
   1042   1043   1212   1211   1055   1056   1225   1224
   1043   1044   1213   1212   1056   1057   1226   1225
   1044   1045   1214   1213   1057   1058   1227   1226
   1045   1046   1215   1214   1058   1059   1228   1227
   1046   1047   1216   1215   1059   1060   1229   1228
   1047   1048   1217   1216   1060   1061   1230   1229
   1048   1049   1218   1217   1061   1062   1231   1230
   1049   1050   1219   1218   1062   1063   1232   1231
   1050   1051   1220   1219   1063   1064   1233   1232
   1051   1052   1221   1220   1064   1065   1234   1233
   1052   1053   1222   1221   1065   1066   1235   1234
   1054   1055   1224   1223   1067   1068   1237   1236
   1055   1056   1225   1224   1068   1069   1238   1237
   1056   1057   1226   1225   1069   1070   1239   1238
   1057   1058   1227   1226   1070   1071   1240   1239
   1058   1059   1228   1227   1071   1072   1241   1240
   1059   1060   1229   1228   1072   1073   1242   1241
   1060   1061   1230   1229   1073   1074   1243   1242
   1061   1062   1231   1230   1074   1075   1244   1243
   1062   1063   1232   1231   1075   1076   1245   1244
   1063   1064   1233   1232   1076   1077   1246   1245
   1064   1065   1234   1233   1077   1078   1247   1246
   1065   1066   1235   1234   1078   1079   1248   1247
   1067   1068   1237   1236   1080   1081   1250   1249
   1068   1069   1238   1237   1081   1082   1251   1250
   1069   1070   1239   1238   1082   1083   1252   1251
   1070   1071   1240   1239   1083   1084   1253   1252
   1071   1072   1241   1240   1084   1085   1254   1253
   1072   1073   1242   1241   1085   1086   1255   1254
   1073   1074   1243   1242   1086   1087   1256   1255
   1074   1075   1244   1243   1087   1088   1257   1256
   1075   1076   1245   1244   1088   1089   1258   1257
   1076   1077   1246   1245   1089   1090   1259   1258
   1077   1078   1247   1246   1090   1091   1260   1259
   1078   1079   1248   1247   1091   1092   1261   1260
   1080   1081   1250   1249   1093   1094   1263   1262
   1081   1082   1251   1250   1094   1095   1264   1263
   1082   1083   1252   1251   1095   1096   1265   1264
   1083   1084   1253   1252   1096   1097   1266   1265
   1084   1085   1254   1253   1097   1098   1267   1266
   1085   1086   1255   1254   1098   1099   1268   1267
   1086   1087   1256   1255   1099   1100   1269   1268
   1087   1088   1257   1256   1100   1101   1270   1269
   1088   1089   1258   1257   1101   1102   1271   1270
   1089   1090   1259   1258   1102   1103   1272   1271
   1090   1091   1260   1259   1103   1104   1273   1272
   1091   1092   1261   1260   1104   1105   1274   1273
   1093   1094   1263   1262   1106   1107   1276   1275
   1094   1095   1264   1263   1107   1108   1277   1276
   1095   1096   1265   1264   1108   1109   1278   1277
   1096   1097   1266   1265   1109   1110   1279   1278
   1097   1098   1267   1266   1110   1111   1280   1279
   1098   1099   1268   1267   1111   1112   1281   1280
   1099   1100   1269   1268   1112   1113   1282   1281
   1100   1101   1270   1269   1113   1114   1283   1282
   1101   1102   1271   1270   1114   1115   1284   1283
   1102   1103   1272   1271   1115   1116   1285   1284
   1103   1104   1273   1272   1116   1117   1286   1285
   1104   1105   1274   1273   1117   1118   1287   1286
   1106   1107   1276   1275   1119   1120   1289   1288
   1107   1108   1277   1276   1120   1121   1290   1289
   1108   1109   1278   1277   1121   1122   1291   1290
   1109   1110   1279   1278   1122   1123   1292   1291
   1110   1111   1280   1279   1123   1124   1293   1292
   1111   1112   1281   1280   1124   1125   1294   1293
   1112   1113   1282   1281   1125   1126   1295   1294
   1113   1114   1283   1282   1126   1127   1296   1295
   1114   1115   1284   1283   1127   1128   1297   1296
   1115   1116   1285   1284   1128   1129   1298   1297
   1116   1117   1286   1285   1129   1130   1299   1298
   1117   1118   1287   1286   1130   1131   1300   1299
   1119   1120   1289   1288   1132   1133   1302   1301
   1120   1121   1290   1289   1133   1134   1303   1302
   1121   1122   1291   1290   1134   1135   1304   1303
   1122   1123   1292   1291   1135   1136   1305   1304
   1123   1124   1293   1292   1136   1137   1306   1305
   1124   1125   1294   1293   1137   1138   1307   1306
   1125   1126   1295   1294   1138   1139   1308   1307
   1126   1127   1296   1295   1139   1140   1309   1308
   1127   1128   1297   1296   1140   1141   1310   1309
   1128   1129   1298   1297   1141   1142   1311   1310
   1129   1130   1299   1298   1142   1143   1312   1311
   1130   1131   1300   1299   1143   1144   1313   1312
   1132   1133   1302   1301   1145   1146   1315   1314
   1133   1134   1303   1302   1146   1147   1316   1315
   1134   1135   1304   1303   1147   1148   1317   1316
   1135   1136   1305   1304   1148   1149   1318   1317
   1136   1137   1306   1305   1149   1150   1319   1318
   1137   1138   1307   1306   1150   1151   1320   1319
   1138   1139   1308   1307   1151   1152   1321   1320
   1139   1140   1309   1308   1152   1153   1322   1321
   1140   1141   1310   1309   1153   1154   1323   1322
   1141   1142   1311   1310   1154   1155   1324   1323
   1142   1143   1312   1311   1155   1156   1325   1324
   1143   1144   1313   1312   1156   1157   1326   1325
   1145   1146   1315   1314   1158   1159   1328   1327
   1146   1147   1316   1315   1159   1160   1329   1328
   1147   1148   1317   1316   1160   1161   1330   1329
   1148   1149   1318   1317   1161   1162   1331   1330
   1149   1150   1319   1318   1162   1163   1332   1331
   1150   1151   1320   1319   1163   1164   1333   1332
   1151   1152   1321   1320   1164   1165   1334   1333
   1152   1153   1322   1321   1165   1166   1335   1334
   1153   1154   1323   1322   1166   1167   1336   1335
   1154   1155   1324   1323   1167   1168   1337   1336
   1155   1156   1325   1324   1168   1169   1338   1337
   1156   1157   1326   1325   1169   1170   1339   1338
   1158   1159   1328   1327   1171   1172   1341   1340
   1159   1160   1329   1328   1172   1173   1342   1341
   1160   1161   1330   1329   1173   1174   1343   1342
   1161   1162   1331   1330   1174   1175   1344   1343
   1162   1163   1332   1331   1175   1176   1345   1344
   1163   1164   1333   1332   1176   1177   1346   1345
   1164   1165   1334   1333   1177   1178   1347   1346
   1165   1166   1335   1334   1178   1179   1348   1347
   1166   1167   1336   1335   1179   1180   1349   1348
   1167   1168   1337   1336   1180   1181   1350   1349
   1168   1169   1338   1337   1181   1182   1351   1350
   1169   1170   1339   1338   1182   1183   1352   1351
   1184   1185   1354   1353   1197   1198   1367   1366
   1185   1186   1355   1354   1198   1199   1368   1367
   1186   1187   1356   1355   1199   1200   1369   1368
   1187   1188   1357   1356   1200   1201   1370   1369
   1188   1189   1358   1357   1201   1202   1371   1370
   1189   1190   1359   1358   1202   1203   1372   1371
   1190   1191   1360   1359   1203   1204   1373   1372
   1191   1192   1361   1360   1204   1205   1374   1373
   1192   1193   1362   1361   1205   1206   1375   1374
   1193   1194   1363   1362   1206   1207   1376   1375
   1194   1195   1364   1363   1207   1208   1377   1376
   1195   1196   1365   1364   1208   1209   1378   1377
   1197   1198   1367   1366   1210   1211   1380   1379
   1198   1199   1368   1367   1211   1212   1381   1380
   1199   1200   1369   1368   1212   1213   1382   1381
   1200   1201   1370   1369   1213   1214   1383   1382
   1201   1202   1371   1370   1214   1215   1384   1383
   1202   1203   1372   1371   1215   1216   1385   1384
   1203   1204   1373   1372   1216   1217   1386   1385
   1204   1205   1374   1373   1217   1218   1387   1386
   1205   1206   1375   1374   1218   1219   1388   1387
   1206   1207   1376   1375   1219   1220   1389   1388
   1207   1208   1377   1376   1220   1221   1390   1389
   1208   1209   1378   1377   1221   1222   1391   1390
   1210   1211   1380   1379   1223   1224   1393   1392
   1211   1212   1381   1380   1224   1225   1394   1393
   1212   1213   1382   1381   1225   1226   1395   1394
   1213   1214   1383   1382   1226   1227   1396   1395
   1214   1215   1384   1383   1227   1228   1397   1396
   1215   1216   1385   1384   1228   1229   1398   1397
   1216   1217   1386   1385   1229   1230   1399   1398
   1217   1218   1387   1386   1230   1231   1400   1399
   1218   1219   1388   1387   1231   1232   1401   1400
   1219   1220   1389   1388   1232   1233   1402   1401
   1220   1221   1390   1389   1233   1234   1403   1402
   1221   1222   1391   1390   1234   1235   1404   1403
   1223   1224   1393   1392   1236   1237   1406   1405
   1224   1225   1394   1393   1237   1238   1407   1406
   1225   1226   1395   1394   1238   1239   1408   1407
   1226   1227   1396   1395   1239   1240   1409   1408
   1227   1228   1397   1396   1240   1241   1410   1409
   1228   1229   1398   1397   1241   1242   1411   1410
   1229   1230   1399   1398   1242   1243   1412   1411
   1230   1231   1400   1399   1243   1244   1413   1412
   1231   1232   1401   1400   1244   1245   1414   1413
   1232   1233   1402   1401   1245   1246   1415   1414
   1233   1234   1403   1402   1246   1247   1416   1415
   1234   1235   1404   1403   1247   1248   1417   1416
   1236   1237   1406   1405   1249   1250   1419   1418
   1237   1238   1407   1406   1250   1251   1420   1419
   1238   1239   1408   1407   1251   1252   1421   1420
   1239   1240   1409   1408   1252   1253   1422   1421
   1240   1241   1410   1409   1253   1254   1423   1422
   1241   1242   1411   1410   1254   1255   1424   1423
   1242   1243   1412   1411   1255   1256   1425   1424
   1243   1244   1413   1412   1256   1257   1426   1425
   1244   1245   1414   1413   1257   1258   1427   1426
   1245   1246   1415   1414   1258   1259   1428   1427
   1246   1247   1416   1415   1259   1260   1429   1428
   1247   1248   1417   1416   1260   1261   1430   1429
   1249   1250   1419   1418   1262   1263   1432   1431
   1250   1251   1420   1419   1263   1264   1433   1432
   1251   1252   1421   1420   1264   1265   1434   1433
   1252   1253   1422   1421   1265   1266   1435   1434
   1253   1254   1423   1422   1266   1267   1436   1435
   1254   1255   1424   1423   1267   1268   1437   1436
   1255   1256   1425   1424   1268   1269   1438   1437
   1256   1257   1426   1425   1269   1270   1439   1438
   1257   1258   1427   1426   1270   1271   1440   1439
   1258   1259   1428   1427   1271   1272   1441   1440
   1259   1260   1429   1428   1272   1273   1442   1441
   1260   1261   1430   1429   1273   1274   1443   1442
   1262   1263   1432   1431   1275   1276   1445   1444
   1263   1264   1433   1432   1276   1277   1446   1445
   1264   1265   1434   1433   1277   1278   1447   1446
   1265   1266   1435   1434   1278   1279   1448   1447
   1266   1267   1436   1435   1279   1280   1449   1448
   1267   1268   1437   1436   1280   1281   1450   1449
   1268   1269   1438   1437   1281   1282   1451   1450
   1269   1270   1439   1438   1282   1283   1452   1451
   1270   1271   1440   1439   1283   1284   1453   1452
   1271   1272   1441   1440   1284   1285   1454   1453
   1272   1273   1442   1441   1285   1286   1455   1454
   1273   1274   1443   1442   1286   1287   1456   1455
   1275   1276   1445   1444   1288   1289   1458   1457
   1276   1277   1446   1445   1289   1290   1459   1458
   1277   1278   1447   1446   1290   1291   1460   1459
   1278   1279   1448   1447   1291   1292   1461   1460
   1279   1280   1449   1448   1292   1293   1462   1461
   1280   1281   1450   1449   1293   1294   1463   1462
   1281   1282   1451   1450   1294   1295   1464   1463
   1282   1283   1452   1451   1295   1296   1465   1464
   1283   1284   1453   1452   1296   1297   1466   1465
   1284   1285   1454   1453   1297   1298   1467   1466
   1285   1286   1455   1454   1298   1299   1468   1467
   1286   1287   1456   1455   1299   1300   1469   1468
   1288   1289   1458   1457   1301   1302   1471   1470
   1289   1290   1459   1458   1302   1303   1472   1471
   1290   1291   1460   1459   1303   1304   1473   1472
   1291   1292   1461   1460   1304   1305   1474   1473
   1292   1293   1462   1461   1305   1306   1475   1474
   1293   1294   1463   1462   1306   1307   1476   1475
   1294   1295   1464   1463   1307   1308   1477   1476
   1295   1296   1465   1464   1308   1309   1478   1477
   1296   1297   1466   1465   1309   1310   1479   1478
   1297   1298   1467   1466   1310   1311   1480   1479
   1298   1299   1468   1467   1311   1312   1481   1480
   1299   1300   1469   1468   1312   1313   1482   1481
   1301   1302   1471   1470   1314   1315   1484   1483
   1302   1303   1472   1471   1315   1316   1485   1484
   1303   1304   1473   1472   1316   1317   1486   1485
   1304   1305   1474   1473   1317   1318   1487   1486
   1305   1306   1475   1474   1318   1319   1488   1487
   1306   1307   1476   1475   1319   1320   1489   1488
   1307   1308   1477   1476   1320   1321   1490   1489
   1308   1309   1478   1477   1321   1322   1491   1490
   1309   1310   1479   1478   1322   1323   1492   1491
   1310   1311   1480   1479   1323   1324   1493   1492
   1311   1312   1481   1480   1324   1325   1494   1493
   1312   1313   1482   1481   1325   1326   1495   1494
   1314   1315   1484   1483   1327   1328   1497   1496
   1315   1316   1485   1484   1328   1329   1498   1497
   1316   1317   1486   1485   1329   1330   1499   1498
   1317   1318   1487   1486   1330   1331   1500   1499
   1318   1319   1488   1487   1331   1332   1501   1500
   1319   1320   1489   1488   1332   1333   1502   1501
   1320   1321   1490   1489   1333   1334   1503   1502
   1321   1322   1491   1490   1334   1335   1504   1503
   1322   1323   1492   1491   1335   1336   1505   1504
   1323   1324   1493   1492   1336   1337   1506   1505
   1324   1325   1494   1493   1337   1338   1507   1506
   1325   1326   1495   1494   1338   1339   1508   1507
   1327   1328   1497   1496   1340   1341   1510   1509
   1328   1329   1498   1497   1341   1342   1511   1510
   1329   1330   1499   1498   1342   1343   1512   1511
   1330   1331   1500   1499   1343   1344   1513   1512
   1331   1332   1501   1500   1344   1345   1514   1513
   1332   1333   1502   1501   1345   1346   1515   1514
   1333   1334   1503   1502   1346   1347   1516   1515
   1334   1335   1504   1503   1347   1348   1517   1516
   1335   1336   1505   1504   1348   1349   1518   1517
   1336   1337   1506   1505   1349   1350   1519   1518
   1337   1338   1507   1506   1350   1351   1520   1519
   1338   1339   1508   1507   1351   1352   1521   1520
   1353   1354   1523   1522   1366   1367   1536   1535
   1354   1355   1524   1523   1367   1368   1537   1536
   1355   1356   1525   1524   1368   1369   1538   1537
   1356   1357   1526   1525   1369   1370   1539   1538
   1357   1358   1527   1526   1370   1371   1540   1539
   1358   1359   1528   1527   1371   1372   1541   1540
   1359   1360   1529   1528   1372   1373   1542   1541
   1360   1361   1530   1529   1373   1374   1543   1542
   1361   1362   1531   1530   1374   1375   1544   1543
   1362   1363   1532   1531   1375   1376   1545   1544
   1363   1364   1533   1532   1376   1377   1546   1545
   1364   1365   1534   1533   1377   1378   1547   1546
   1366   1367   1536   1535   1379   1380   1549   1548
   1367   1368   1537   1536   1380   1381   1550   1549
   1368   1369   1538   1537   1381   1382   1551   1550
   1369   1370   1539   1538   1382   1383   1552   1551
   1370   1371   1540   1539   1383   1384   1553   1552
   1371   1372   1541   1540   1384   1385   1554   1553
   1372   1373   1542   1541   1385   1386   1555   1554
   1373   1374   1543   1542   1386   1387   1556   1555
   1374   1375   1544   1543   1387   1388   1557   1556
   1375   1376   1545   1544   1388   1389   1558   1557
   1376   1377   1546   1545   1389   1390   1559   1558
   1377   1378   1547   1546   1390   1391   1560   1559
   1379   1380   1549   1548   1392   1393   1562   1561
   1380   1381   1550   1549   1393   1394   1563   1562
   1381   1382   1551   1550   1394   1395   1564   1563
   1382   1383   1552   1551   1395   1396   1565   1564
   1383   1384   1553   1552   1396   1397   1566   1565
   1384   1385   1554   1553   1397   1398   1567   1566
   1385   1386   1555   1554   1398   1399   1568   1567
   1386   1387   1556   1555   1399   1400   1569   1568
   1387   1388   1557   1556   1400   1401   1570   1569
   1388   1389   1558   1557   1401   1402   1571   1570
   1389   1390   1559   1558   1402   1403   1572   1571
   1390   1391   1560   1559   1403   1404   1573   1572
   1392   1393   1562   1561   1405   1406   1575   1574
   1393   1394   1563   1562   1406   1407   1576   1575
   1394   1395   1564   1563   1407   1408   1577   1576
   1395   1396   1565   1564   1408   1409   1578   1577
   1396   1397   1566   1565   1409   1410   1579   1578
   1397   1398   1567   1566   1410   1411   1580   1579
   1398   1399   1568   1567   1411   1412   1581   1580
   1399   1400   1569   1568   1412   1413   1582   1581
   1400   1401   1570   1569   1413   1414   1583   1582
   1401   1402   1571   1570   1414   1415   1584   1583
   1402   1403   1572   1571   1415   1416   1585   1584
   1403   1404   1573   1572   1416   1417   1586   1585
   1405   1406   1575   1574   1418   1419   1588   1587
   1406   1407   1576   1575   1419   1420   1589   1588
   1407   1408   1577   1576   1420   1421   1590   1589
   1408   1409   1578   1577   1421   1422   1591   1590
   1409   1410   1579   1578   1422   1423   1592   1591
   1410   1411   1580   1579   1423   1424   1593   1592
   1411   1412   1581   1580   1424   1425   1594   1593
   1412   1413   1582   1581   1425   1426   1595   1594
   1413   1414   1583   1582   1426   1427   1596   1595
   1414   1415   1584   1583   1427   1428   1597   1596
   1415   1416   1585   1584   1428   1429   1598   1597
   1416   1417   1586   1585   1429   1430   1599   1598
   1418   1419   1588   1587   1431   1432   1601   1600
   1419   1420   1589   1588   1432   1433   1602   1601
   1420   1421   1590   1589   1433   1434   1603   1602
   1421   1422   1591   1590   1434   1435   1604   1603
   1422   1423   1592   1591   1435   1436   1605   1604
   1423   1424   1593   1592   1436   1437   1606   1605
   1424   1425   1594   1593   1437   1438   1607   1606
   1425   1426   1595   1594   1438   1439   1608   1607
   1426   1427   1596   1595   1439   1440   1609   1608
   1427   1428   1597   1596   1440   1441   1610   1609
   1428   1429   1598   1597   1441   1442   1611   1610
   1429   1430   1599   1598   1442   1443   1612   1611
   1431   1432   1601   1600   1444   1445   1614   1613
   1432   1433   1602   1601   1445   1446   1615   1614
   1433   1434   1603   1602   1446   1447   1616   1615
   1434   1435   1604   1603   1447   1448   1617   1616
   1435   1436   1605   1604   1448   1449   1618   1617
   1436   1437   1606   1605   1449   1450   1619   1618
   1437   1438   1607   1606   1450   1451   1620   1619
   1438   1439   1608   1607   1451   1452   1621   1620
   1439   1440   1609   1608   1452   1453   1622   1621
   1440   1441   1610   1609   1453   1454   1623   1622
   1441   1442   1611   1610   1454   1455   1624   1623
   1442   1443   1612   1611   1455   1456   1625   1624
   1444   1445   1614   1613   1457   1458   1627   1626
   1445   1446   1615   1614   1458   1459   1628   1627
   1446   1447   1616   1615   1459   1460   1629   1628
   1447   1448   1617   1616   1460   1461   1630   1629
   1448   1449   1618   1617   1461   1462   1631   1630
   1449   1450   1619   1618   1462   1463   1632   1631
   1450   1451   1620   1619   1463   1464   1633   1632
   1451   1452   1621   1620   1464   1465   1634   1633
   1452   1453   1622   1621   1465   1466   1635   1634
   1453   1454   1623   1622   1466   1467   1636   1635
   1454   1455   1624   1623   1467   1468   1637   1636
   1455   1456   1625   1624   1468   1469   1638   1637
   1457   1458   1627   1626   1470   1471   1640   1639
   1458   1459   1628   1627   1471   1472   1641   1640
   1459   1460   1629   1628   1472   1473   1642   1641
   1460   1461   1630   1629   1473   1474   1643   1642
   1461   1462   1631   1630   1474   1475   1644   1643
   1462   1463   1632   1631   1475   1476   1645   1644
   1463   1464   1633   1632   1476   1477   1646   1645
   1464   1465   1634   1633   1477   1478   1647   1646
   1465   1466   1635   1634   1478   1479   1648   1647
   1466   1467   1636   1635   1479   1480   1649   1648
   1467   1468   1637   1636   1480   1481   1650   1649
   1468   1469   1638   1637   1481   1482   1651   1650
   1470   1471   1640   1639   1483   1484   1653   1652
   1471   1472   1641   1640   1484   1485   1654   1653
   1472   1473   1642   1641   1485   1486   1655   1654
   1473   1474   1643   1642   1486   1487   1656   1655
   1474   1475   1644   1643   1487   1488   1657   1656
   1475   1476   1645   1644   1488   1489   1658   1657
   1476   1477   1646   1645   1489   1490   1659   1658
   1477   1478   1647   1646   1490   1491   1660   1659
   1478   1479   1648   1647   1491   1492   1661   1660
   1479   1480   1649   1648   1492   1493   1662   1661
   1480   1481   1650   1649   1493   1494   1663   1662
   1481   1482   1651   1650   1494   1495   1664   1663
   1483   1484   1653   1652   1496   1497   1666   1665
   1484   1485   1654   1653   1497   1498   1667   1666
   1485   1486   1655   1654   1498   1499   1668   1667
   1486   1487   1656   1655   1499   1500   1669   1668
   1487   1488   1657   1656   1500   1501   1670   1669
   1488   1489   1658   1657   1501   1502   1671   1670
   1489   1490   1659   1658   1502   1503   1672   1671
   1490   1491   1660   1659   1503   1504   1673   1672
   1491   1492   1661   1660   1504   1505   1674   1673
   1492   1493   1662   1661   1505   1506   1675   1674
   1493   1494   1663   1662   1506   1507   1676   1675
   1494   1495   1664   1663   1507   1508   1677   1676
   1496   1497   1666   1665   1509   1510   1679   1678
   1497   1498   1667   1666   1510   1511   1680   1679
   1498   1499   1668   1667   1511   1512   1681   1680
   1499   1500   1669   1668   1512   1513   1682   1681
   1500   1501   1670   1669   1513   1514   1683   1682
   1501   1502   1671   1670   1514   1515   1684   1683
   1502   1503   1672   1671   1515   1516   1685   1684
   1503   1504   1673   1672   1516   1517   1686   1685
   1504   1505   1674   1673   1517   1518   1687   1686
   1505   1506   1675   1674   1518   1519   1688   1687
   1506   1507   1676   1675   1519   1520   1689   1688
   1507   1508   1677   1676   1520   1521   1690   1689
   1522   1523   1692   1691   1535   1536   1705   1704
   1523   1524   1693   1692   1536   1537   1706   1705
   1524   1525   1694   1693   1537   1538   1707   1706
   1525   1526   1695   1694   1538   1539   1708   1707
   1526   1527   1696   1695   1539   1540   1709   1708
   1527   1528   1697   1696   1540   1541   1710   1709
   1528   1529   1698   1697   1541   1542   1711   1710
   1529   1530   1699   1698   1542   1543   1712   1711
   1530   1531   1700   1699   1543   1544   1713   1712
   1531   1532   1701   1700   1544   1545   1714   1713
   1532   1533   1702   1701   1545   1546   1715   1714
   1533   1534   1703   1702   1546   1547   1716   1715
   1535   1536   1705   1704   1548   1549   1718   1717
   1536   1537   1706   1705   1549   1550   1719   1718
   1537   1538   1707   1706   1550   1551   1720   1719
   1538   1539   1708   1707   1551   1552   1721   1720
   1539   1540   1709   1708   1552   1553   1722   1721
   1540   1541   1710   1709   1553   1554   1723   1722
   1541   1542   1711   1710   1554   1555   1724   1723
   1542   1543   1712   1711   1555   1556   1725   1724
   1543   1544   1713   1712   1556   1557   1726   1725
   1544   1545   1714   1713   1557   1558   1727   1726
   1545   1546   1715   1714   1558   1559   1728   1727
   1546   1547   1716   1715   1559   1560   1729   1728
   1548   1549   1718   1717   1561   1562   1731   1730
   1549   1550   1719   1718   1562   1563   1732   1731
   1550   1551   1720   1719   1563   1564   1733   1732
   1551   1552   1721   1720   1564   1565   1734   1733
   1552   1553   1722   1721   1565   1566   1735   1734
   1553   1554   1723   1722   1566   1567   1736   1735
   1554   1555   1724   1723   1567   1568   1737   1736
   1555   1556   1725   1724   1568   1569   1738   1737
   1556   1557   1726   1725   1569   1570   1739   1738
   1557   1558   1727   1726   1570   1571   1740   1739
   1558   1559   1728   1727   1571   1572   1741   1740
   1559   1560   1729   1728   1572   1573   1742   1741
   1561   1562   1731   1730   1574   1575   1744   1743
   1562   1563   1732   1731   1575   1576   1745   1744
   1563   1564   1733   1732   1576   1577   1746   1745
   1564   1565   1734   1733   1577   1578   1747   1746
   1565   1566   1735   1734   1578   1579   1748   1747
   1566   1567   1736   1735   1579   1580   1749   1748
   1567   1568   1737   1736   1580   1581   1750   1749
   1568   1569   1738   1737   1581   1582   1751   1750
   1569   1570   1739   1738   1582   1583   1752   1751
   1570   1571   1740   1739   1583   1584   1753   1752
   1571   1572   1741   1740   1584   1585   1754   1753
   1572   1573   1742   1741   1585   1586   1755   1754
   1574   1575   1744   1743   1587   1588   1757   1756
   1575   1576   1745   1744   1588   1589   1758   1757
   1576   1577   1746   1745   1589   1590   1759   1758
   1577   1578   1747   1746   1590   1591   1760   1759
   1578   1579   1748   1747   1591   1592   1761   1760
   1579   1580   1749   1748   1592   1593   1762   1761
   1580   1581   1750   1749   1593   1594   1763   1762
   1581   1582   1751   1750   1594   1595   1764   1763
   1582   1583   1752   1751   1595   1596   1765   1764
   1583   1584   1753   1752   1596   1597   1766   1765
   1584   1585   1754   1753   1597   1598   1767   1766
   1585   1586   1755   1754   1598   1599   1768   1767
   1587   1588   1757   1756   1600   1601   1770   1769
   1588   1589   1758   1757   1601   1602   1771   1770
   1589   1590   1759   1758   1602   1603   1772   1771
   1590   1591   1760   1759   1603   1604   1773   1772
   1591   1592   1761   1760   1604   1605   1774   1773
   1592   1593   1762   1761   1605   1606   1775   1774
   1593   1594   1763   1762   1606   1607   1776   1775
   1594   1595   1764   1763   1607   1608   1777   1776
   1595   1596   1765   1764   1608   1609   1778   1777
   1596   1597   1766   1765   1609   1610   1779   1778
   1597   1598   1767   1766   1610   1611   1780   1779
   1598   1599   1768   1767   1611   1612   1781   1780
   1600   1601   1770   1769   1613   1614   1783   1782
   1601   1602   1771   1770   1614   1615   1784   1783
   1602   1603   1772   1771   1615   1616   1785   1784
   1603   1604   1773   1772   1616   1617   1786   1785
   1604   1605   1774   1773   1617   1618   1787   1786
   1605   1606   1775   1774   1618   1619   1788   1787
   1606   1607   1776   1775   1619   1620   1789   1788
   1607   1608   1777   1776   1620   1621   1790   1789
   1608   1609   1778   1777   1621   1622   1791   1790
   1609   1610   1779   1778   1622   1623   1792   1791
   1610   1611   1780   1779   1623   1624   1793   1792
   1611   1612   1781   1780   1624   1625   1794   1793
   1613   1614   1783   1782   1626   1627   1796   1795
   1614   1615   1784   1783   1627   1628   1797   1796
   1615   1616   1785   1784   1628   1629   1798   1797
   1616   1617   1786   1785   1629   1630   1799   1798
   1617   1618   1787   1786   1630   1631   1800   1799
   1618   1619   1788   1787   1631   1632   1801   1800
   1619   1620   1789   1788   1632   1633   1802   1801
   1620   1621   1790   1789   1633   1634   1803   1802
   1621   1622   1791   1790   1634   1635   1804   1803
   1622   1623   1792   1791   1635   1636   1805   1804
   1623   1624   1793   1792   1636   1637   1806   1805
   1624   1625   1794   1793   1637   1638   1807   1806
   1626   1627   1796   1795   1639   1640   1809   1808
   1627   1628   1797   1796   1640   1641   1810   1809
   1628   1629   1798   1797   1641   1642   1811   1810
   1629   1630   1799   1798   1642   1643   1812   1811
   1630   1631   1800   1799   1643   1644   1813   1812
   1631   1632   1801   1800   1644   1645   1814   1813
   1632   1633   1802   1801   1645   1646   1815   1814
   1633   1634   1803   1802   1646   1647   1816   1815
   1634   1635   1804   1803   1647   1648   1817   1816
   1635   1636   1805   1804   1648   1649   1818   1817
   1636   1637   1806   1805   1649   1650   1819   1818
   1637   1638   1807   1806   1650   1651   1820   1819
   1639   1640   1809   1808   1652   1653   1822   1821
   1640   1641   1810   1809   1653   1654   1823   1822
   1641   1642   1811   1810   1654   1655   1824   1823
   1642   1643   1812   1811   1655   1656   1825   1824
   1643   1644   1813   1812   1656   1657   1826   1825
   1644   1645   1814   1813   1657   1658   1827   1826
   1645   1646   1815   1814   1658   1659   1828   1827
   1646   1647   1816   1815   1659   1660   1829   1828
   1647   1648   1817   1816   1660   1661   1830   1829
   1648   1649   1818   1817   1661   1662   1831   1830
   1649   1650   1819   1818   1662   1663   1832   1831
   1650   1651   1820   1819   1663   1664   1833   1832
   1652   1653   1822   1821   1665   1666   1835   1834
   1653   1654   1823   1822   1666   1667   1836   1835
   1654   1655   1824   1823   1667   1668   1837   1836
   1655   1656   1825   1824   1668   1669   1838   1837
   1656   1657   1826   1825   1669   1670   1839   1838
   1657   1658   1827   1826   1670   1671   1840   1839
   1658   1659   1828   1827   1671   1672   1841   1840
   1659   1660   1829   1828   1672   1673   1842   1841
   1660   1661   1830   1829   1673   1674   1843   1842
   1661   1662   1831   1830   1674   1675   1844   1843
   1662   1663   1832   1831   1675   1676   1845   1844
   1663   1664   1833   1832   1676   1677   1846   1845
   1665   1666   1835   1834   1678   1679   1848   1847
   1666   1667   1836   1835   1679   1680   1849   1848
   1667   1668   1837   1836   1680   1681   1850   1849
   1668   1669   1838   1837   1681   1682   1851   1850
   1669   1670   1839   1838   1682   1683   1852   1851
   1670   1671   1840   1839   1683   1684   1853   1852
   1671   1672   1841   1840   1684   1685   1854   1853
   1672   1673   1842   1841   1685   1686   1855   1854
   1673   1674   1843   1842   1686   1687   1856   1855
   1674   1675   1844   1843   1687   1688   1857   1856
   1675   1676   1845   1844   1688   1689   1858   1857
   1676   1677   1846   1845   1689   1690   1859   1858
   1691   1692   1861   1860   1704   1705   1874   1873
   1692   1693   1862   1861   1705   1706   1875   1874
   1693   1694   1863   1862   1706   1707   1876   1875
   1694   1695   1864   1863   1707   1708   1877   1876
   1695   1696   1865   1864   1708   1709   1878   1877
   1696   1697   1866   1865   1709   1710   1879   1878
   1697   1698   1867   1866   1710   1711   1880   1879
   1698   1699   1868   1867   1711   1712   1881   1880
   1699   1700   1869   1868   1712   1713   1882   1881
   1700   1701   1870   1869   1713   1714   1883   1882
   1701   1702   1871   1870   1714   1715   1884   1883
   1702   1703   1872   1871   1715   1716   1885   1884
   1704   1705   1874   1873   1717   1718   1887   1886
   1705   1706   1875   1874   1718   1719   1888   1887
   1706   1707   1876   1875   1719   1720   1889   1888
   1707   1708   1877   1876   1720   1721   1890   1889
   1708   1709   1878   1877   1721   1722   1891   1890
   1709   1710   1879   1878   1722   1723   1892   1891
   1710   1711   1880   1879   1723   1724   1893   1892
   1711   1712   1881   1880   1724   1725   1894   1893
   1712   1713   1882   1881   1725   1726   1895   1894
   1713   1714   1883   1882   1726   1727   1896   1895
   1714   1715   1884   1883   1727   1728   1897   1896
   1715   1716   1885   1884   1728   1729   1898   1897
   1717   1718   1887   1886   1730   1731   1900   1899
   1718   1719   1888   1887   1731   1732   1901   1900
   1719   1720   1889   1888   1732   1733   1902   1901
   1720   1721   1890   1889   1733   1734   1903   1902
   1721   1722   1891   1890   1734   1735   1904   1903
   1722   1723   1892   1891   1735   1736   1905   1904
   1723   1724   1893   1892   1736   1737   1906   1905
   1724   1725   1894   1893   1737   1738   1907   1906
   1725   1726   1895   1894   1738   1739   1908   1907
   1726   1727   1896   1895   1739   1740   1909   1908
   1727   1728   1897   1896   1740   1741   1910   1909
   1728   1729   1898   1897   1741   1742   1911   1910
   1730   1731   1900   1899   1743   1744   1913   1912
   1731   1732   1901   1900   1744   1745   1914   1913
   1732   1733   1902   1901   1745   1746   1915   1914
   1733   1734   1903   1902   1746   1747   1916   1915
   1734   1735   1904   1903   1747   1748   1917   1916
   1735   1736   1905   1904   1748   1749   1918   1917
   1736   1737   1906   1905   1749   1750   1919   1918
   1737   1738   1907   1906   1750   1751   1920   1919
   1738   1739   1908   1907   1751   1752   1921   1920
   1739   1740   1909   1908   1752   1753   1922   1921
   1740   1741   1910   1909   1753   1754   1923   1922
   1741   1742   1911   1910   1754   1755   1924   1923
   1743   1744   1913   1912   1756   1757   1926   1925
   1744   1745   1914   1913   1757   1758   1927   1926
   1745   1746   1915   1914   1758   1759   1928   1927
   1746   1747   1916   1915   1759   1760   1929   1928
   1747   1748   1917   1916   1760   1761   1930   1929
   1748   1749   1918   1917   1761   1762   1931   1930
   1749   1750   1919   1918   1762   1763   1932   1931
   1750   1751   1920   1919   1763   1764   1933   1932
   1751   1752   1921   1920   1764   1765   1934   1933
   1752   1753   1922   1921   1765   1766   1935   1934
   1753   1754   1923   1922   1766   1767   1936   1935
   1754   1755   1924   1923   1767   1768   1937   1936
   1756   1757   1926   1925   1769   1770   1939   1938
   1757   1758   1927   1926   1770   1771   1940   1939
   1758   1759   1928   1927   1771   1772   1941   1940
   1759   1760   1929   1928   1772   1773   1942   1941
   1760   1761   1930   1929   1773   1774   1943   1942
   1761   1762   1931   1930   1774   1775   1944   1943
   1762   1763   1932   1931   1775   1776   1945   1944
   1763   1764   1933   1932   1776   1777   1946   1945
   1764   1765   1934   1933   1777   1778   1947   1946
   1765   1766   1935   1934   1778   1779   1948   1947
   1766   1767   1936   1935   1779   1780   1949   1948
   1767   1768   1937   1936   1780   1781   1950   1949
   1769   1770   1939   1938   1782   1783   1952   1951
   1770   1771   1940   1939   1783   1784   1953   1952
   1771   1772   1941   1940   1784   1785   1954   1953
   1772   1773   1942   1941   1785   1786   1955   1954
   1773   1774   1943   1942   1786   1787   1956   1955
   1774   1775   1944   1943   1787   1788   1957   1956
   1775   1776   1945   1944   1788   1789   1958   1957
   1776   1777   1946   1945   1789   1790   1959   1958
   1777   1778   1947   1946   1790   1791   1960   1959
   1778   1779   1948   1947   1791   1792   1961   1960
   1779   1780   1949   1948   1792   1793   1962   1961
   1780   1781   1950   1949   1793   1794   1963   1962
   1782   1783   1952   1951   1795   1796   1965   1964
   1783   1784   1953   1952   1796   1797   1966   1965
   1784   1785   1954   1953   1797   1798   1967   1966
   1785   1786   1955   1954   1798   1799   1968   1967
   1786   1787   1956   1955   1799   1800   1969   1968
   1787   1788   1957   1956   1800   1801   1970   1969
   1788   1789   1958   1957   1801   1802   1971   1970
   1789   1790   1959   1958   1802   1803   1972   1971
   1790   1791   1960   1959   1803   1804   1973   1972
   1791   1792   1961   1960   1804   1805   1974   1973
   1792   1793   1962   1961   1805   1806   1975   1974
   1793   1794   1963   1962   1806   1807   1976   1975
   1795   1796   1965   1964   1808   1809   1978   1977
   1796   1797   1966   1965   1809   1810   1979   1978
   1797   1798   1967   1966   1810   1811   1980   1979
   1798   1799   1968   1967   1811   1812   1981   1980
   1799   1800   1969   1968   1812   1813   1982   1981
   1800   1801   1970   1969   1813   1814   1983   1982
   1801   1802   1971   1970   1814   1815   1984   1983
   1802   1803   1972   1971   1815   1816   1985   1984
   1803   1804   1973   1972   1816   1817   1986   1985
   1804   1805   1974   1973   1817   1818   1987   1986
   1805   1806   1975   1974   1818   1819   1988   1987
   1806   1807   1976   1975   1819   1820   1989   1988
   1808   1809   1978   1977   1821   1822   1991   1990
   1809   1810   1979   1978   1822   1823   1992   1991
   1810   1811   1980   1979   1823   1824   1993   1992
   1811   1812   1981   1980   1824   1825   1994   1993
   1812   1813   1982   1981   1825   1826   1995   1994
   1813   1814   1983   1982   1826   1827   1996   1995
   1814   1815   1984   1983   1827   1828   1997   1996
   1815   1816   1985   1984   1828   1829   1998   1997
   1816   1817   1986   1985   1829   1830   1999   1998
   1817   1818   1987   1986   1830   1831   2000   1999
   1818   1819   1988   1987   1831   1832   2001   2000
   1819   1820   1989   1988   1832   1833   2002   2001
   1821   1822   1991   1990   1834   1835   2004   2003
   1822   1823   1992   1991   1835   1836   2005   2004
   1823   1824   1993   1992   1836   1837   2006   2005
   1824   1825   1994   1993   1837   1838   2007   2006
   1825   1826   1995   1994   1838   1839   2008   2007
   1826   1827   1996   1995   1839   1840   2009   2008
   1827   1828   1997   1996   1840   1841   2010   2009
   1828   1829   1998   1997   1841   1842   2011   2010
   1829   1830   1999   1998   1842   1843   2012   2011
   1830   1831   2000   1999   1843   1844   2013   2012
   1831   1832   2001   2000   1844   1845   2014   2013
   1832   1833   2002   2001   1845   1846   2015   2014
   1834   1835   2004   2003   1847   1848   2017   2016
   1835   1836   2005   2004   1848   1849   2018   2017
   1836   1837   2006   2005   1849   1850   2019   2018
   1837   1838   2007   2006   1850   1851   2020   2019
   1838   1839   2008   2007   1851   1852   2021   2020
   1839   1840   2009   2008   1852   1853   2022   2021
   1840   1841   2010   2009   1853   1854   2023   2022
   1841   1842   2011   2010   1854   1855   2024   2023
   1842   1843   2012   2011   1855   1856   2025   2024
   1843   1844   2013   2012   1856   1857   2026   2025
   1844   1845   2014   2013   1857   1858   2027   2026
   1845   1846   2015   2014   1858   1859   2028   2027
   1860   1861   2030   2029   1873   1874   2043   2042
   1861   1862   2031   2030   1874   1875   2044   2043
   1862   1863   2032   2031   1875   1876   2045   2044
   1863   1864   2033   2032   1876   1877   2046   2045
   1864   1865   2034   2033   1877   1878   2047   2046
   1865   1866   2035   2034   1878   1879   2048   2047
   1866   1867   2036   2035   1879   1880   2049   2048
   1867   1868   2037   2036   1880   1881   2050   2049
   1868   1869   2038   2037   1881   1882   2051   2050
   1869   1870   2039   2038   1882   1883   2052   2051
   1870   1871   2040   2039   1883   1884   2053   2052
   1871   1872   2041   2040   1884   1885   2054   2053
   1873   1874   2043   2042   1886   1887   2056   2055
   1874   1875   2044   2043   1887   1888   2057   2056
   1875   1876   2045   2044   1888   1889   2058   2057
   1876   1877   2046   2045   1889   1890   2059   2058
   1877   1878   2047   2046   1890   1891   2060   2059
   1878   1879   2048   2047   1891   1892   2061   2060
   1879   1880   2049   2048   1892   1893   2062   2061
   1880   1881   2050   2049   1893   1894   2063   2062
   1881   1882   2051   2050   1894   1895   2064   2063
   1882   1883   2052   2051   1895   1896   2065   2064
   1883   1884   2053   2052   1896   1897   2066   2065
   1884   1885   2054   2053   1897   1898   2067   2066
   1886   1887   2056   2055   1899   1900   2069   2068
   1887   1888   2057   2056   1900   1901   2070   2069
   1888   1889   2058   2057   1901   1902   2071   2070
   1889   1890   2059   2058   1902   1903   2072   2071
   1890   1891   2060   2059   1903   1904   2073   2072
   1891   1892   2061   2060   1904   1905   2074   2073
   1892   1893   2062   2061   1905   1906   2075   2074
   1893   1894   2063   2062   1906   1907   2076   2075
   1894   1895   2064   2063   1907   1908   2077   2076
   1895   1896   2065   2064   1908   1909   2078   2077
   1896   1897   2066   2065   1909   1910   2079   2078
   1897   1898   2067   2066   1910   1911   2080   2079
   1899   1900   2069   2068   1912   1913   2082   2081
   1900   1901   2070   2069   1913   1914   2083   2082
   1901   1902   2071   2070   1914   1915   2084   2083
   1902   1903   2072   2071   1915   1916   2085   2084
   1903   1904   2073   2072   1916   1917   2086   2085
   1904   1905   2074   2073   1917   1918   2087   2086
   1905   1906   2075   2074   1918   1919   2088   2087
   1906   1907   2076   2075   1919   1920   2089   2088
   1907   1908   2077   2076   1920   1921   2090   2089
   1908   1909   2078   2077   1921   1922   2091   2090
   1909   1910   2079   2078   1922   1923   2092   2091
   1910   1911   2080   2079   1923   1924   2093   2092
   1912   1913   2082   2081   1925   1926   2095   2094
   1913   1914   2083   2082   1926   1927   2096   2095
   1914   1915   2084   2083   1927   1928   2097   2096
   1915   1916   2085   2084   1928   1929   2098   2097
   1916   1917   2086   2085   1929   1930   2099   2098
   1917   1918   2087   2086   1930   1931   2100   2099
   1918   1919   2088   2087   1931   1932   2101   2100
   1919   1920   2089   2088   1932   1933   2102   2101
   1920   1921   2090   2089   1933   1934   2103   2102
   1921   1922   2091   2090   1934   1935   2104   2103
   1922   1923   2092   2091   1935   1936   2105   2104
   1923   1924   2093   2092   1936   1937   2106   2105
   1925   1926   2095   2094   1938   1939   2108   2107
   1926   1927   2096   2095   1939   1940   2109   2108
   1927   1928   2097   2096   1940   1941   2110   2109
   1928   1929   2098   2097   1941   1942   2111   2110
   1929   1930   2099   2098   1942   1943   2112   2111
   1930   1931   2100   2099   1943   1944   2113   2112
   1931   1932   2101   2100   1944   1945   2114   2113
   1932   1933   2102   2101   1945   1946   2115   2114
   1933   1934   2103   2102   1946   1947   2116   2115
   1934   1935   2104   2103   1947   1948   2117   2116
   1935   1936   2105   2104   1948   1949   2118   2117
   1936   1937   2106   2105   1949   1950   2119   2118
   1938   1939   2108   2107   1951   1952   2121   2120
   1939   1940   2109   2108   1952   1953   2122   2121
   1940   1941   2110   2109   1953   1954   2123   2122
   1941   1942   2111   2110   1954   1955   2124   2123
   1942   1943   2112   2111   1955   1956   2125   2124
   1943   1944   2113   2112   1956   1957   2126   2125
   1944   1945   2114   2113   1957   1958   2127   2126
   1945   1946   2115   2114   1958   1959   2128   2127
   1946   1947   2116   2115   1959   1960   2129   2128
   1947   1948   2117   2116   1960   1961   2130   2129
   1948   1949   2118   2117   1961   1962   2131   2130
   1949   1950   2119   2118   1962   1963   2132   2131
   1951   1952   2121   2120   1964   1965   2134   2133
   1952   1953   2122   2121   1965   1966   2135   2134
   1953   1954   2123   2122   1966   1967   2136   2135
   1954   1955   2124   2123   1967   1968   2137   2136
   1955   1956   2125   2124   1968   1969   2138   2137
   1956   1957   2126   2125   1969   1970   2139   2138
   1957   1958   2127   2126   1970   1971   2140   2139
   1958   1959   2128   2127   1971   1972   2141   2140
   1959   1960   2129   2128   1972   1973   2142   2141
   1960   1961   2130   2129   1973   1974   2143   2142
   1961   1962   2131   2130   1974   1975   2144   2143
   1962   1963   2132   2131   1975   1976   2145   2144
   1964   1965   2134   2133   1977   1978   2147   2146
   1965   1966   2135   2134   1978   1979   2148   2147
   1966   1967   2136   2135   1979   1980   2149   2148
   1967   1968   2137   2136   1980   1981   2150   2149
   1968   1969   2138   2137   1981   1982   2151   2150
   1969   1970   2139   2138   1982   1983   2152   2151
   1970   1971   2140   2139   1983   1984   2153   2152
   1971   1972   2141   2140   1984   1985   2154   2153
   1972   1973   2142   2141   1985   1986   2155   2154
   1973   1974   2143   2142   1986   1987   2156   2155
   1974   1975   2144   2143   1987   1988   2157   2156
   1975   1976   2145   2144   1988   1989   2158   2157
   1977   1978   2147   2146   1990   1991   2160   2159
   1978   1979   2148   2147   1991   1992   2161   2160
   1979   1980   2149   2148   1992   1993   2162   2161
   1980   1981   2150   2149   1993   1994   2163   2162
   1981   1982   2151   2150   1994   1995   2164   2163
   1982   1983   2152   2151   1995   1996   2165   2164
   1983   1984   2153   2152   1996   1997   2166   2165
   1984   1985   2154   2153   1997   1998   2167   2166
   1985   1986   2155   2154   1998   1999   2168   2167
   1986   1987   2156   2155   1999   2000   2169   2168
   1987   1988   2157   2156   2000   2001   2170   2169
   1988   1989   2158   2157   2001   2002   2171   2170
   1990   1991   2160   2159   2003   2004   2173   2172
   1991   1992   2161   2160   2004   2005   2174   2173
   1992   1993   2162   2161   2005   2006   2175   2174
   1993   1994   2163   2162   2006   2007   2176   2175
   1994   1995   2164   2163   2007   2008   2177   2176
   1995   1996   2165   2164   2008   2009   2178   2177
   1996   1997   2166   2165   2009   2010   2179   2178
   1997   1998   2167   2166   2010   2011   2180   2179
   1998   1999   2168   2167   2011   2012   2181   2180
   1999   2000   2169   2168   2012   2013   2182   2181
   2000   2001   2170   2169   2013   2014   2183   2182
   2001   2002   2171   2170   2014   2015   2184   2183
   2003   2004   2173   2172   2016   2017   2186   2185
   2004   2005   2174   2173   2017   2018   2187   2186
   2005   2006   2175   2174   2018   2019   2188   2187
   2006   2007   2176   2175   2019   2020   2189   2188
   2007   2008   2177   2176   2020   2021   2190   2189
   2008   2009   2178   2177   2021   2022   2191   2190
   2009   2010   2179   2178   2022   2023   2192   2191
   2010   2011   2180   2179   2023   2024   2193   2192
   2011   2012   2181   2180   2024   2025   2194   2193
   2012   2013   2182   2181   2025   2026   2195   2194
   2013   2014   2183   2182   2026   2027   2196   2195
   2014   2015   2184   2183   2027   2028   2197   2196
