     0.0000000   0.4000000   0.0000000 0
     0.0000000   0.0000000   0.0000000 0
     0.0000000   0.3000000   0.0000000 0
     0.0000000   0.2000000   0.0000000 0
     0.0000000   0.1000000   0.0000000 0
     0.4000000   0.4000000   0.0000000 0
     0.3000000   0.4000000   0.0000000 0
     0.2000000   0.4000000   0.0000000 0
     0.1000000   0.4000000   0.0000000 0
     0.4000000   0.0000000   0.0000000 0
     0.4000000   0.1000000   0.0000000 0
     0.4000000   0.2000000   0.0000000 0
     0.4000000   0.3000000   0.0000000 0
     0.1000000   0.0000000   0.0000000 0
     0.2000000   0.0000000   0.0000000 0
     0.3000000   0.0000000   0.0000000 0
     0.1000000   0.1000000   0.0000000 0
     0.2000000   0.1000000   0.0000000 0
     0.3000000   0.1000000   0.0000000 0
     0.1000000   0.2000000   0.0000000 0
     0.2000000   0.2000000   0.0000000 0
     0.3000000   0.2000000   0.0000000 0
     0.1000000   0.3000000   0.0000000 0
     0.2000000   0.3000000   0.0000000 0
     0.3000000   0.3000000   0.0000000 0
     0.0000000   0.0000000   0.4000000 0
     0.4000000   0.0000000   0.4000000 0
     0.1000000   0.0000000   0.4000000 0
     0.2000000   0.0000000   0.4000000 0
     0.3000000   0.0000000   0.4000000 0
     0.4000000   0.4000000   0.4000000 0
     0.4000000   0.1000000   0.4000000 0
     0.4000000   0.2000000   0.4000000 0
     0.4000000   0.3000000   0.4000000 0
     0.0000000   0.4000000   0.4000000 0
     0.3000000   0.4000000   0.4000000 0
     0.2000000   0.4000000   0.4000000 0
     0.1000000   0.4000000   0.4000000 0
     0.0000000   0.3000000   0.4000000 0
     0.0000000   0.2000000   0.4000000 0
     0.0000000   0.1000000   0.4000000 0
     0.1000000   0.1000000   0.4000000 0
     0.1000000   0.2000000   0.4000000 0
     0.1000000   0.3000000   0.4000000 0
     0.2000000   0.1000000   0.4000000 0
     0.2000000   0.2000000   0.4000000 0
     0.2000000   0.3000000   0.4000000 0
     0.3000000   0.1000000   0.4000000 0
     0.3000000   0.2000000   0.4000000 0
     0.3000000   0.3000000   0.4000000 0
     0.0000000   0.0000000   0.3000000 0
     0.0000000   0.0000000   0.2000000 0
     0.0000000   0.0000000   0.1000000 0
     0.4000000   0.0000000   0.1000000 0
     0.4000000   0.0000000   0.2000000 0
     0.4000000   0.0000000   0.3000000 0
     0.1000000   0.0000000   0.3000000 0
     0.2000000   0.0000000   0.3000000 0
     0.3000000   0.0000000   0.3000000 0
     0.1000000   0.0000000   0.2000000 0
     0.2000000   0.0000000   0.2000000 0
     0.3000000   0.0000000   0.2000000 0
     0.1000000   0.0000000   0.1000000 0
     0.2000000   0.0000000   0.1000000 0
     0.3000000   0.0000000   0.1000000 0
     0.4000000   0.4000000   0.1000000 0
     0.4000000   0.4000000   0.2000000 0
     0.4000000   0.4000000   0.3000000 0
     0.0000000   0.4000000   0.3000000 0
     0.0000000   0.4000000   0.2000000 0
     0.0000000   0.4000000   0.1000000 0
     0.1000000   0.4000000   0.3000000 0
     0.1000000   0.4000000   0.2000000 0
     0.1000000   0.4000000   0.1000000 0
     0.2000000   0.4000000   0.3000000 0
     0.2000000   0.4000000   0.2000000 0
     0.2000000   0.4000000   0.1000000 0
     0.3000000   0.4000000   0.3000000 0
     0.3000000   0.4000000   0.2000000 0
     0.3000000   0.4000000   0.1000000 0
     0.0000000   0.1000000   0.3000000 0
     0.0000000   0.1000000   0.2000000 0
     0.0000000   0.1000000   0.1000000 0
     0.0000000   0.2000000   0.3000000 0
     0.0000000   0.2000000   0.2000000 0
     0.0000000   0.2000000   0.1000000 0
     0.0000000   0.3000000   0.3000000 0
     0.0000000   0.3000000   0.2000000 0
     0.0000000   0.3000000   0.1000000 0
     0.4000000   0.1000000   0.3000000 0
     0.4000000   0.2000000   0.3000000 0
     0.4000000   0.3000000   0.3000000 0
     0.4000000   0.1000000   0.2000000 0
     0.4000000   0.2000000   0.2000000 0
     0.4000000   0.3000000   0.2000000 0
     0.4000000   0.1000000   0.1000000 0
     0.4000000   0.2000000   0.1000000 0
     0.4000000   0.3000000   0.1000000 0
     0.1000000   0.1000000   0.1000000 0
     0.1000000   0.1000000   0.2000000 0
     0.1000000   0.1000000   0.3000000 0
     0.1000000   0.2000000   0.1000000 0
     0.1000000   0.2000000   0.2000000 0
     0.1000000   0.2000000   0.3000000 0
     0.1000000   0.3000000   0.1000000 0
     0.1000000   0.3000000   0.2000000 0
     0.1000000   0.3000000   0.3000000 0
     0.2000000   0.1000000   0.1000000 0
     0.2000000   0.1000000   0.2000000 0
     0.2000000   0.1000000   0.3000000 0
     0.2000000   0.2000000   0.1000000 0
     0.2000000   0.2000000   0.2000000 0
     0.2000000   0.2000000   0.3000000 0
     0.2000000   0.3000000   0.1000000 0
     0.2000000   0.3000000   0.2000000 0
     0.2000000   0.3000000   0.3000000 0
     0.3000000   0.1000000   0.1000000 0
     0.3000000   0.1000000   0.2000000 0
     0.3000000   0.1000000   0.3000000 0
     0.3000000   0.2000000   0.1000000 0
     0.3000000   0.2000000   0.2000000 0
     0.3000000   0.2000000   0.3000000 0
     0.3000000   0.3000000   0.1000000 0
     0.3000000   0.3000000   0.2000000 0
     0.3000000   0.3000000   0.3000000 0
     0.7071068   0.0000000   0.7071068 0
     0.6303301   0.0000000   0.6303301 0
     0.5535534   0.0000000   0.5535534 0
     0.4767767   0.0000000   0.4767767 0
     0.5773503   0.5773503   0.5773503 0
     0.6987526   0.1532635   0.6987526 0
     0.6738873   0.3029054   0.6738873 0
     0.6330987   0.4453900   0.6330987 0
     0.4443376   0.4443376   0.4443376 0
     0.4886751   0.4886751   0.4886751 0
     0.5330127   0.5330127   0.5330127 0
     0.4746881   0.1133159   0.4746881 0
     0.4684718   0.2257264   0.4684718 0
     0.4582747   0.3363475   0.4582747 0
     0.5493763   0.1266317   0.5493763 0
     0.5369437   0.2514527   0.5369437 0
     0.5165493   0.3726950   0.5165493 0
     0.6240644   0.1399476   0.6240644 0
     0.6054155   0.2771791   0.6054155 0
     0.5748240   0.4090425   0.5748240 0
     0.7071068   0.7071068   0.0000000 0
     0.6303301   0.6303301   0.0000000 0
     0.5535534   0.5535534   0.0000000 0
     0.4767767   0.4767767   0.0000000 0
     0.6987525   0.6987525   0.1532634 0
     0.6738871   0.6738871   0.3029053 0
     0.6330986   0.6330986   0.4453899 0
     0.4746881   0.4746881   0.1133159 0
     0.4684718   0.4684718   0.2257263 0
     0.4582746   0.4582746   0.3363475 0
     0.5493762   0.5493762   0.1266317 0
     0.5369436   0.5369436   0.2514527 0
     0.5165493   0.5165493   0.3726950 0
     0.6240644   0.6240644   0.1399476 0
     0.6054153   0.6054153   0.2771790 0
     0.5748239   0.5748239   0.4090424 0
     1.0000000   0.0000000   0.0000000 0
     0.9807853   0.1950903   0.0000000 0
     0.9238795   0.3826834   0.0000000 0
     0.8314696   0.5555702   0.0000000 0
     0.9807853   0.0000000   0.1950903 0
     0.9238795   0.0000000   0.3826834 0
     0.8314696   0.0000000   0.5555702 0
     0.9625131   0.1917923   0.1917923 0
     0.9075397   0.1835297   0.3777414 0
     0.8180993   0.1705181   0.5492150 0
     0.9075397   0.3777414   0.1835297 0
     0.8587185   0.3623551   0.3623552 0
     0.7794082   0.3370117   0.5281534 0
     0.8180993   0.5492150   0.1705181 0
     0.7794082   0.5281534   0.3370117 0
     0.7167937   0.4930552   0.4930552 0
     0.5500000   0.0000000   0.0000000 0
     0.7000000   0.0000000   0.0000000 0
     0.8500000   0.0000000   0.0000000 0
     0.5451963   0.0000000   0.1237726 0
     0.5309699   0.0000000   0.2456709 0
     0.5078674   0.0000000   0.3638926 0
     0.6903926   0.0000000   0.1475452 0
     0.6619397   0.0000000   0.2913417 0
     0.6157348   0.0000000   0.4277851 0
     0.8355889   0.0000000   0.1713177 0
     0.7929096   0.0000000   0.3370126 0
     0.7236022   0.0000000   0.4916777 0
     0.5451963   0.1237726   0.0000000 0
     0.5309699   0.2456709   0.0000000 0
     0.5078674   0.3638926   0.0000000 0
     0.6903926   0.1475452   0.0000000 0
     0.6619397   0.2913417   0.0000000 0
     0.6157348   0.4277851   0.0000000 0
     0.8355889   0.1713177   0.0000000 0
     0.7929096   0.3370126   0.0000000 0
     0.7236022   0.4916777   0.0000000 0
     0.5045248   0.1176295   0.3623037 0
     0.6090497   0.1352590   0.4246075 0
     0.7135745   0.1528886   0.4869112 0
     0.4948520   0.2342529   0.3570383 0
     0.5897041   0.2685059   0.4140767 0
     0.6845561   0.3027588   0.4711151 0
     0.4791984   0.3482638   0.3482638 0
     0.5583968   0.3965276   0.3965276 0
     0.6375952   0.4447914   0.4447914 0
     0.5268849   0.1208824   0.2444353 0
     0.6537699   0.1417648   0.2888707 0
     0.7806548   0.1626473   0.3333060 0
     0.5146796   0.2405888   0.2405888 0
     0.6293592   0.2811776   0.2811776 0
     0.7440389   0.3217663   0.3217664 0
     0.4948520   0.3570383   0.2342529 0
     0.5897041   0.4140767   0.2685059 0
     0.6845561   0.4711150   0.3027588 0
     0.5406283   0.1229481   0.1229481 0
     0.6812565   0.1458961   0.1458961 0
     0.8218848   0.1688442   0.1688442 0
     0.5268849   0.2444353   0.1208824 0
     0.6537699   0.2888707   0.1417649 0
     0.7806548   0.3333060   0.1626473 0
     0.5045248   0.3623037   0.1176295 0
     0.6090497   0.4246075   0.1352590 0
     0.7135745   0.4869112   0.1528886 0
     0.0000000   0.7071068   0.7071068 0
     0.1532635   0.6987526   0.6987526 0
     0.3029054   0.6738873   0.6738873 0
     0.4453900   0.6330987   0.6330987 0
     0.0000000   0.6303301   0.6303301 0
     0.0000000   0.5535534   0.5535534 0
     0.0000000   0.4767767   0.4767767 0
     0.1133159   0.4746881   0.4746881 0
     0.1266317   0.5493763   0.5493763 0
     0.1399476   0.6240644   0.6240644 0
     0.2257264   0.4684718   0.4684718 0
     0.2514527   0.5369437   0.5369437 0
     0.2771791   0.6054155   0.6054155 0
     0.3363475   0.4582747   0.4582747 0
     0.3726950   0.5165493   0.5165493 0
     0.4090425   0.5748240   0.5748240 0
     0.0000000   1.0000000   0.0000000 0
     0.0000000   0.9807853   0.1950903 0
     0.0000000   0.9238795   0.3826834 0
     0.0000000   0.8314696   0.5555702 0
     0.1950903   0.9807853   0.0000000 0
     0.3826834   0.9238795   0.0000000 0
     0.5555702   0.8314696   0.0000000 0
     0.1917923   0.9625131   0.1917923 0
     0.3777414   0.9075397   0.1835297 0
     0.5492150   0.8180993   0.1705181 0
     0.1835297   0.9075397   0.3777414 0
     0.3623551   0.8587185   0.3623552 0
     0.5281534   0.7794082   0.3370117 0
     0.1705181   0.8180993   0.5492150 0
     0.3370117   0.7794082   0.5281534 0
     0.4930552   0.7167937   0.4930552 0
     0.0000000   0.5500000   0.0000000 0
     0.0000000   0.7000000   0.0000000 0
     0.0000000   0.8500000   0.0000000 0
     0.0000000   0.5451963   0.1237726 0
     0.0000000   0.6903926   0.1475452 0
     0.0000000   0.8355889   0.1713177 0
     0.0000000   0.5309699   0.2456709 0
     0.0000000   0.6619397   0.2913417 0
     0.0000000   0.7929096   0.3370126 0
     0.0000000   0.5078674   0.3638926 0
     0.0000000   0.6157348   0.4277851 0
     0.0000000   0.7236022   0.4916777 0
     0.1237726   0.5451963   0.0000000 0
     0.1475452   0.6903926   0.0000000 0
     0.1713177   0.8355889   0.0000000 0
     0.2456709   0.5309699   0.0000000 0
     0.2913417   0.6619397   0.0000000 0
     0.3370126   0.7929096   0.0000000 0
     0.3638926   0.5078674   0.0000000 0
     0.4277851   0.6157348   0.0000000 0
     0.4916777   0.7236022   0.0000000 0
     0.1176295   0.5045248   0.3623037 0
     0.1352590   0.6090497   0.4246075 0
     0.1528886   0.7135745   0.4869112 0
     0.1208824   0.5268849   0.2444353 0
     0.1417648   0.6537699   0.2888707 0
     0.1626473   0.7806548   0.3333060 0
     0.1229481   0.5406283   0.1229481 0
     0.1458961   0.6812565   0.1458961 0
     0.1688442   0.8218848   0.1688442 0
     0.2342529   0.4948520   0.3570383 0
     0.2685059   0.5897041   0.4140767 0
     0.3027588   0.6845561   0.4711151 0
     0.2405888   0.5146796   0.2405888 0
     0.2811776   0.6293592   0.2811776 0
     0.3217663   0.7440389   0.3217664 0
     0.2444353   0.5268849   0.1208824 0
     0.2888707   0.6537699   0.1417649 0
     0.3333060   0.7806548   0.1626473 0
     0.3482638   0.4791984   0.3482638 0
     0.3965276   0.5583968   0.3965276 0
     0.4447914   0.6375952   0.4447914 0
     0.3570383   0.4948520   0.2342529 0
     0.4140767   0.5897041   0.2685059 0
     0.4711150   0.6845561   0.3027588 0
     0.3623037   0.5045248   0.1176295 0
     0.4246075   0.6090497   0.1352590 0
     0.4869112   0.7135745   0.1528886 0
     0.0000000   0.0000000   1.0000000 0
     0.1950903   0.0000000   0.9807853 0
     0.3826834   0.0000000   0.9238795 0
     0.5555702   0.0000000   0.8314696 0
     0.0000000   0.1950903   0.9807853 0
     0.0000000   0.3826834   0.9238795 0
     0.0000000   0.5555702   0.8314696 0
     0.1917923   0.1917923   0.9625131 0
     0.1835297   0.3777414   0.9075397 0
     0.1705181   0.5492150   0.8180993 0
     0.3777414   0.1835297   0.9075397 0
     0.3623551   0.3623552   0.8587185 0
     0.3370117   0.5281534   0.7794082 0
     0.5492150   0.1705181   0.8180993 0
     0.5281534   0.3370117   0.7794082 0
     0.4930552   0.4930552   0.7167937 0
     0.0000000   0.0000000   0.5500000 0
     0.0000000   0.0000000   0.7000000 0
     0.0000000   0.0000000   0.8500000 0
     0.0000000   0.1237726   0.5451963 0
     0.0000000   0.2456709   0.5309699 0
     0.0000000   0.3638926   0.5078674 0
     0.0000000   0.1475452   0.6903926 0
     0.0000000   0.2913417   0.6619397 0
     0.0000000   0.4277851   0.6157348 0
     0.0000000   0.1713177   0.8355889 0
     0.0000000   0.3370126   0.7929096 0
     0.0000000   0.4916777   0.7236022 0
     0.1237726   0.0000000   0.5451963 0
     0.2456709   0.0000000   0.5309699 0
     0.3638926   0.0000000   0.5078674 0
     0.1475452   0.0000000   0.6903926 0
     0.2913417   0.0000000   0.6619397 0
     0.4277851   0.0000000   0.6157348 0
     0.1713177   0.0000000   0.8355889 0
     0.3370126   0.0000000   0.7929096 0
     0.4916777   0.0000000   0.7236022 0
     0.1176295   0.3623037   0.5045248 0
     0.1352590   0.4246075   0.6090497 0
     0.1528886   0.4869112   0.7135745 0
     0.2342529   0.3570383   0.4948520 0
     0.2685059   0.4140767   0.5897041 0
     0.3027588   0.4711151   0.6845561 0
     0.3482638   0.3482638   0.4791984 0
     0.3965276   0.3965276   0.5583968 0
     0.4447914   0.4447914   0.6375952 0
     0.1208824   0.2444353   0.5268849 0
     0.1417648   0.2888707   0.6537699 0
     0.1626473   0.3333060   0.7806548 0
     0.2405888   0.2405888   0.5146796 0
     0.2811776   0.2811776   0.6293592 0
     0.3217663   0.3217664   0.7440389 0
     0.3570383   0.2342529   0.4948520 0
     0.4140767   0.2685059   0.5897041 0
     0.4711150   0.3027588   0.6845561 0
     0.1229481   0.1229481   0.5406283 0
     0.1458961   0.1458961   0.6812565 0
     0.1688442   0.1688442   0.8218848 0
     0.2444353   0.1208824   0.5268849 0
     0.2888707   0.1417649   0.6537699 0
     0.3333060   0.1626473   0.7806548 0
     0.3623037   0.1176295   0.5045248 0
     0.4246075   0.1352590   0.6090497 0
     0.4869112   0.1528886   0.7135745 0
     0.0000000   0.4000000  -0.4000000 0
     0.0000000   0.0000000  -0.4000000 0
     0.0000000   0.3000000  -0.4000000 0
     0.0000000   0.2000000  -0.4000000 0
     0.0000000   0.1000000  -0.4000000 0
     0.4000000   0.4000000  -0.4000000 0
     0.3000000   0.4000000  -0.4000000 0
     0.2000000   0.4000000  -0.4000000 0
     0.1000000   0.4000000  -0.4000000 0
     0.4000000   0.0000000  -0.4000000 0
     0.4000000   0.1000000  -0.4000000 0
     0.4000000   0.2000000  -0.4000000 0
     0.4000000   0.3000000  -0.4000000 0
     0.1000000   0.0000000  -0.4000000 0
     0.2000000   0.0000000  -0.4000000 0
     0.3000000   0.0000000  -0.4000000 0
     0.1000000   0.1000000  -0.4000000 0
     0.2000000   0.1000000  -0.4000000 0
     0.3000000   0.1000000  -0.4000000 0
     0.1000000   0.2000000  -0.4000000 0
     0.2000000   0.2000000  -0.4000000 0
     0.3000000   0.2000000  -0.4000000 0
     0.1000000   0.3000000  -0.4000000 0
     0.2000000   0.3000000  -0.4000000 0
     0.3000000   0.3000000  -0.4000000 0
     0.4000000   0.0000000  -0.1000000 0
     0.4000000   0.0000000  -0.2000000 0
     0.4000000   0.0000000  -0.3000000 0
     0.0000000   0.0000000  -0.3000000 0
     0.0000000   0.0000000  -0.2000000 0
     0.0000000   0.0000000  -0.1000000 0
     0.1000000   0.0000000  -0.3000000 0
     0.1000000   0.0000000  -0.2000000 0
     0.1000000   0.0000000  -0.1000000 0
     0.2000000   0.0000000  -0.3000000 0
     0.2000000   0.0000000  -0.2000000 0
     0.2000000   0.0000000  -0.1000000 0
     0.3000000   0.0000000  -0.3000000 0
     0.3000000   0.0000000  -0.2000000 0
     0.3000000   0.0000000  -0.1000000 0
     0.0000000   0.4000000  -0.3000000 0
     0.0000000   0.4000000  -0.2000000 0
     0.0000000   0.4000000  -0.1000000 0
     0.4000000   0.4000000  -0.1000000 0
     0.4000000   0.4000000  -0.2000000 0
     0.4000000   0.4000000  -0.3000000 0
     0.1000000   0.4000000  -0.3000000 0
     0.2000000   0.4000000  -0.3000000 0
     0.3000000   0.4000000  -0.3000000 0
     0.1000000   0.4000000  -0.2000000 0
     0.2000000   0.4000000  -0.2000000 0
     0.3000000   0.4000000  -0.2000000 0
     0.1000000   0.4000000  -0.1000000 0
     0.2000000   0.4000000  -0.1000000 0
     0.3000000   0.4000000  -0.1000000 0
     0.0000000   0.1000000  -0.3000000 0
     0.0000000   0.2000000  -0.3000000 0
     0.0000000   0.3000000  -0.3000000 0
     0.0000000   0.1000000  -0.2000000 0
     0.0000000   0.2000000  -0.2000000 0
     0.0000000   0.3000000  -0.2000000 0
     0.0000000   0.1000000  -0.1000000 0
     0.0000000   0.2000000  -0.1000000 0
     0.0000000   0.3000000  -0.1000000 0
     0.4000000   0.1000000  -0.3000000 0
     0.4000000   0.1000000  -0.2000000 0
     0.4000000   0.1000000  -0.1000000 0
     0.4000000   0.2000000  -0.3000000 0
     0.4000000   0.2000000  -0.2000000 0
     0.4000000   0.2000000  -0.1000000 0
     0.4000000   0.3000000  -0.3000000 0
     0.4000000   0.3000000  -0.2000000 0
     0.4000000   0.3000000  -0.1000000 0
     0.1000000   0.1000000  -0.1000000 0
     0.1000000   0.1000000  -0.2000000 0
     0.1000000   0.1000000  -0.3000000 0
     0.2000000   0.1000000  -0.1000000 0
     0.2000000   0.1000000  -0.2000000 0
     0.2000000   0.1000000  -0.3000000 0
     0.3000000   0.1000000  -0.1000000 0
     0.3000000   0.1000000  -0.2000000 0
     0.3000000   0.1000000  -0.3000000 0
     0.1000000   0.2000000  -0.1000000 0
     0.1000000   0.2000000  -0.2000000 0
     0.1000000   0.2000000  -0.3000000 0
     0.2000000   0.2000000  -0.1000000 0
     0.2000000   0.2000000  -0.2000000 0
     0.2000000   0.2000000  -0.3000000 0
     0.3000000   0.2000000  -0.1000000 0
     0.3000000   0.2000000  -0.2000000 0
     0.3000000   0.2000000  -0.3000000 0
     0.1000000   0.3000000  -0.1000000 0
     0.1000000   0.3000000  -0.2000000 0
     0.1000000   0.3000000  -0.3000000 0
     0.2000000   0.3000000  -0.1000000 0
     0.2000000   0.3000000  -0.2000000 0
     0.2000000   0.3000000  -0.3000000 0
     0.3000000   0.3000000  -0.1000000 0
     0.3000000   0.3000000  -0.2000000 0
     0.3000000   0.3000000  -0.3000000 0
     0.5773503   0.5773503  -0.5773503 0
     0.4443376   0.4443376  -0.4443376 0
     0.4886751   0.4886751  -0.4886751 0
     0.5330127   0.5330127  -0.5330127 0
     0.7071068   0.0000000  -0.7071068 0
     0.6987526   0.1532635  -0.6987526 0
     0.6738873   0.3029054  -0.6738873 0
     0.6330987   0.4453900  -0.6330987 0
     0.6303301   0.0000000  -0.6303301 0
     0.5535534   0.0000000  -0.5535534 0
     0.4767767   0.0000000  -0.4767767 0
     0.4746881   0.1133159  -0.4746881 0
     0.5493763   0.1266317  -0.5493763 0
     0.6240644   0.1399476  -0.6240644 0
     0.4684718   0.2257264  -0.4684718 0
     0.5369437   0.2514527  -0.5369437 0
     0.6054155   0.2771791  -0.6054155 0
     0.4582747   0.3363475  -0.4582747 0
     0.5165493   0.3726950  -0.5165493 0
     0.5748240   0.4090425  -0.5748240 0
     0.6987525   0.6987525  -0.1532634 0
     0.6738871   0.6738871  -0.3029053 0
     0.6330986   0.6330986  -0.4453899 0
     0.4746881   0.4746881  -0.1133159 0
     0.5493762   0.5493762  -0.1266317 0
     0.6240644   0.6240644  -0.1399476 0
     0.4684718   0.4684718  -0.2257263 0
     0.5369436   0.5369436  -0.2514527 0
     0.6054153   0.6054153  -0.2771790 0
     0.4582746   0.4582746  -0.3363475 0
     0.5165493   0.5165493  -0.3726950 0
     0.5748239   0.5748239  -0.4090424 0
     0.9807853   0.0000000  -0.1950903 0
     0.9238795   0.0000000  -0.3826834 0
     0.8314696   0.0000000  -0.5555702 0
     0.9625131   0.1917923  -0.1917923 0
     0.9075397   0.3777414  -0.1835297 0
     0.8180993   0.5492150  -0.1705181 0
     0.9075397   0.1835297  -0.3777414 0
     0.8587185   0.3623551  -0.3623552 0
     0.7794082   0.5281534  -0.3370117 0
     0.8180993   0.1705181  -0.5492150 0
     0.7794082   0.3370117  -0.5281534 0
     0.7167937   0.4930552  -0.4930552 0
     0.5451963   0.0000000  -0.1237726 0
     0.6903926   0.0000000  -0.1475452 0
     0.8355889   0.0000000  -0.1713177 0
     0.5309699   0.0000000  -0.2456709 0
     0.6619397   0.0000000  -0.2913417 0
     0.7929096   0.0000000  -0.3370126 0
     0.5078674   0.0000000  -0.3638926 0
     0.6157348   0.0000000  -0.4277851 0
     0.7236022   0.0000000  -0.4916777 0
     0.5045248   0.1176295  -0.3623037 0
     0.6090497   0.1352590  -0.4246075 0
     0.7135745   0.1528886  -0.4869112 0
     0.5268849   0.1208824  -0.2444353 0
     0.6537699   0.1417648  -0.2888707 0
     0.7806548   0.1626473  -0.3333060 0
     0.5406283   0.1229481  -0.1229481 0
     0.6812565   0.1458961  -0.1458961 0
     0.8218848   0.1688442  -0.1688442 0
     0.4948520   0.2342529  -0.3570383 0
     0.5897041   0.2685059  -0.4140767 0
     0.6845561   0.3027588  -0.4711151 0
     0.5146796   0.2405888  -0.2405888 0
     0.6293592   0.2811776  -0.2811776 0
     0.7440389   0.3217663  -0.3217664 0
     0.5268849   0.2444353  -0.1208824 0
     0.6537699   0.2888707  -0.1417649 0
     0.7806548   0.3333060  -0.1626473 0
     0.4791984   0.3482638  -0.3482638 0
     0.5583968   0.3965276  -0.3965276 0
     0.6375952   0.4447914  -0.4447914 0
     0.4948520   0.3570383  -0.2342529 0
     0.5897041   0.4140767  -0.2685059 0
     0.6845561   0.4711150  -0.3027588 0
     0.5045248   0.3623037  -0.1176295 0
     0.6090497   0.4246075  -0.1352590 0
     0.7135745   0.4869112  -0.1528886 0
     0.0000000   0.7071068  -0.7071068 0
     0.0000000   0.6303301  -0.6303301 0
     0.0000000   0.5535534  -0.5535534 0
     0.0000000   0.4767767  -0.4767767 0
     0.1532635   0.6987526  -0.6987526 0
     0.3029054   0.6738873  -0.6738873 0
     0.4453900   0.6330987  -0.6330987 0
     0.1133159   0.4746881  -0.4746881 0
      0.2257264   0.4684718  -0.4684718 0
     0.3363475   0.4582747  -0.4582747 0
     0.1266317   0.5493763  -0.5493763 0
     0.2514527   0.5369437  -0.5369437 0
     0.3726950   0.5165493  -0.5165493 0
     0.1399476   0.6240644  -0.6240644 0
     0.2771791   0.6054155  -0.6054155 0
     0.4090425   0.5748240  -0.5748240 0
     0.0000000   0.9807853  -0.1950903 0
     0.0000000   0.9238795  -0.3826834 0
     0.0000000   0.8314696  -0.5555702 0
     0.1917923   0.9625131  -0.1917923 0
     0.1835297   0.9075397  -0.3777414 0
     0.1705181   0.8180993  -0.5492150 0
     0.3777414   0.9075397  -0.1835297 0
     0.3623551   0.8587185  -0.3623552 0
     0.3370117   0.7794082  -0.5281534 0
     0.5492150   0.8180993  -0.1705181 0
     0.5281534   0.7794082  -0.3370117 0
     0.4930552   0.7167937  -0.4930552 0
     0.0000000   0.5451963  -0.1237726 0
     0.0000000   0.5309699  -0.2456709 0
     0.0000000   0.5078674  -0.3638926 0
     0.0000000   0.6903926  -0.1475452 0
     0.0000000   0.6619397  -0.2913417 0
     0.0000000   0.6157348  -0.4277851 0
     0.0000000   0.8355889  -0.1713177 0
     0.0000000   0.7929096  -0.3370126 0
     0.0000000   0.7236022  -0.4916777 0
     0.1176295   0.5045248  -0.3623037 0
     0.1352590   0.6090497  -0.4246075 0
     0.1528886   0.7135745  -0.4869112 0
     0.2342529   0.4948520  -0.3570383 0
     0.2685059   0.5897041  -0.4140767 0
     0.3027588   0.6845561  -0.4711151 0
     0.3482638   0.4791984  -0.3482638 0
     0.3965276   0.5583968  -0.3965276 0
     0.4447914   0.6375952  -0.4447914 0
     0.1208824   0.5268849  -0.2444353 0
     0.1417648   0.6537699  -0.2888707 0
     0.1626473   0.7806548  -0.3333060 0
     0.2405888   0.5146796  -0.2405888 0
     0.2811776   0.6293592  -0.2811776 0
     0.3217663   0.7440389  -0.3217664 0
     0.3570383   0.4948520  -0.2342529 0
     0.4140767   0.5897041  -0.2685059 0
     0.4711150   0.6845561  -0.3027588 0
     0.1229481   0.5406283  -0.1229481 0
     0.1458961   0.6812565  -0.1458961 0
     0.1688442   0.8218848  -0.1688442 0
     0.2444353   0.5268849  -0.1208824 0
     0.2888707   0.6537699  -0.1417649 0
     0.3333060   0.7806548  -0.1626473 0
     0.3623037   0.5045248  -0.1176295 0
     0.4246075   0.6090497  -0.1352590 0
     0.4869112   0.7135745  -0.1528886 0
     0.0000000   0.0000000  -1.0000000 0
     0.0000000   0.1950903  -0.9807853 0
     0.0000000   0.3826834  -0.9238795 0
     0.0000000   0.5555702  -0.8314696 0
     0.1950903   0.0000000  -0.9807853 0
     0.3826834   0.0000000  -0.9238795 0
     0.5555702   0.0000000  -0.8314696 0
     0.1917923   0.1917923  -0.9625131 0
     0.3777414   0.1835297  -0.9075397 0
     0.5492150   0.1705181  -0.8180993 0
     0.1835297   0.3777414  -0.9075397 0
     0.3623551   0.3623552  -0.8587185 0
     0.5281534   0.3370117  -0.7794082 0
     0.1705181   0.5492150  -0.8180993 0
     0.3370117   0.5281534  -0.7794082 0
     0.4930552   0.4930552  -0.7167937 0
     0.0000000   0.0000000  -0.5500000 0
     0.0000000   0.0000000  -0.7000000 0
     0.0000000   0.0000000  -0.8500000 0
     0.0000000   0.1237726  -0.5451963 0
     0.0000000   0.1475452  -0.6903926 0
     0.0000000   0.1713177  -0.8355889 0
     0.0000000   0.2456709  -0.5309699 0
     0.0000000   0.2913417  -0.6619397 0
     0.0000000   0.3370126  -0.7929096 0
     0.0000000   0.3638926  -0.5078674 0
     0.0000000   0.4277851  -0.6157348 0
     0.0000000   0.4916777  -0.7236022 0
     0.1237726   0.0000000  -0.5451963 0
     0.1475452   0.0000000  -0.6903926 0
     0.1713177   0.0000000  -0.8355889 0
     0.2456709   0.0000000  -0.5309699 0
     0.2913417   0.0000000  -0.6619397 0
     0.3370126   0.0000000  -0.7929096 0
     0.3638926   0.0000000  -0.5078674 0
     0.4277851   0.0000000  -0.6157348 0
     0.4916777   0.0000000  -0.7236022 0
     0.1176295   0.3623037  -0.5045248 0
     0.1352590   0.4246075  -0.6090497 0
     0.1528886   0.4869112  -0.7135745 0
     0.1208824   0.2444353  -0.5268849 0
     0.1417648   0.2888707  -0.6537699 0
     0.1626473   0.3333060  -0.7806548 0
     0.1229481   0.1229481  -0.5406283 0
     0.1458961   0.1458961  -0.6812565 0
     0.1688442   0.1688442  -0.8218848 0
     0.2342529   0.3570383  -0.4948520 0
     0.2685059   0.4140767  -0.5897041 0
     0.3027588   0.4711151  -0.6845561 0
     0.2405888   0.2405888  -0.5146796 0
     0.2811776   0.2811776  -0.6293592 0
     0.3217663   0.3217664  -0.7440389 0
     0.2444353   0.1208824  -0.5268849 0
     0.2888707   0.1417649  -0.6537699 0
     0.3333060   0.1626473  -0.7806548 0
     0.3482638   0.3482638  -0.4791984 0
     0.3965276   0.3965276  -0.5583968 0
     0.4447914   0.4447914  -0.6375952 0
     0.3570383   0.2342529  -0.4948520 0
     0.4140767   0.2685059  -0.5897041 0
     0.4711150   0.3027588  -0.6845561 0
     0.3623037   0.1176295  -0.5045248 0
     0.4246075   0.1352590  -0.6090497 0
     0.4869112   0.1528886  -0.7135745 0
     0.4000000  -0.4000000   0.0000000 0
     0.4000000  -0.1000000   0.0000000 0
     0.4000000  -0.2000000   0.0000000 0
     0.4000000  -0.3000000   0.0000000 0
     0.0000000  -0.4000000   0.0000000 0
     0.3000000  -0.4000000   0.0000000 0
     0.2000000  -0.4000000   0.0000000 0
     0.1000000  -0.4000000   0.0000000 0
     0.0000000  -0.3000000   0.0000000 0
     0.0000000  -0.2000000   0.0000000 0
     0.0000000  -0.1000000   0.0000000 0
     0.1000000  -0.1000000   0.0000000 0
     0.1000000  -0.2000000   0.0000000 0
     0.1000000  -0.3000000   0.0000000 0
     0.2000000  -0.1000000   0.0000000 0
     0.2000000  -0.2000000   0.0000000 0
     0.2000000  -0.3000000   0.0000000 0
     0.3000000  -0.1000000   0.0000000 0
     0.3000000  -0.2000000   0.0000000 0
     0.3000000  -0.3000000   0.0000000 0
     0.0000000  -0.4000000   0.4000000 0
     0.0000000  -0.3000000   0.4000000 0
     0.0000000  -0.2000000   0.4000000 0
     0.0000000  -0.1000000   0.4000000 0
     0.4000000  -0.4000000   0.4000000 0
     0.3000000  -0.4000000   0.4000000 0
     0.2000000  -0.4000000   0.4000000 0
     0.1000000  -0.4000000   0.4000000 0
     0.4000000  -0.1000000   0.4000000 0
     0.4000000  -0.2000000   0.4000000 0
     0.4000000  -0.3000000   0.4000000 0
     0.1000000  -0.1000000   0.4000000 0
     0.2000000  -0.1000000   0.4000000 0
     0.3000000  -0.1000000   0.4000000 0
     0.1000000  -0.2000000   0.4000000 0
     0.2000000  -0.2000000   0.4000000 0
     0.3000000  -0.2000000   0.4000000 0
     0.1000000  -0.3000000   0.4000000 0
     0.2000000  -0.3000000   0.4000000 0
     0.3000000  -0.3000000   0.4000000 0
     0.0000000  -0.4000000   0.3000000 0
     0.0000000  -0.4000000   0.2000000 0
     0.0000000  -0.4000000   0.1000000 0
     0.4000000  -0.4000000   0.1000000 0
     0.4000000  -0.4000000   0.2000000 0
     0.4000000  -0.4000000   0.3000000 0
     0.1000000  -0.4000000   0.3000000 0
     0.2000000  -0.4000000   0.3000000 0
     0.3000000  -0.4000000   0.3000000 0
     0.1000000  -0.4000000   0.2000000 0
     0.2000000  -0.4000000   0.2000000 0
     0.3000000  -0.4000000   0.2000000 0
     0.1000000  -0.4000000   0.1000000 0
     0.2000000  -0.4000000   0.1000000 0
     0.3000000  -0.4000000   0.1000000 0
     0.0000000  -0.1000000   0.3000000 0
     0.0000000  -0.2000000   0.3000000 0
     0.0000000  -0.3000000   0.3000000 0
     0.0000000  -0.1000000   0.2000000 0
     0.0000000  -0.2000000   0.2000000 0
     0.0000000  -0.3000000   0.2000000 0
     0.0000000  -0.1000000   0.1000000 0
     0.0000000  -0.2000000   0.1000000 0
     0.0000000  -0.3000000   0.1000000 0
     0.4000000  -0.1000000   0.3000000 0
     0.4000000  -0.1000000   0.2000000 0
     0.4000000  -0.1000000   0.1000000 0
     0.4000000  -0.2000000   0.3000000 0
     0.4000000  -0.2000000   0.2000000 0
     0.4000000  -0.2000000   0.1000000 0
     0.4000000  -0.3000000   0.3000000 0
     0.4000000  -0.3000000   0.2000000 0
     0.4000000  -0.3000000   0.1000000 0
     0.1000000  -0.1000000   0.1000000 0
     0.1000000  -0.1000000   0.2000000 0
     0.1000000  -0.1000000   0.3000000 0
     0.2000000  -0.1000000   0.1000000 0
     0.2000000  -0.1000000   0.2000000 0
     0.2000000  -0.1000000   0.3000000 0
     0.3000000  -0.1000000   0.1000000 0
     0.3000000  -0.1000000   0.2000000 0
     0.3000000  -0.1000000   0.3000000 0
     0.1000000  -0.2000000   0.1000000 0
     0.1000000  -0.2000000   0.2000000 0
     0.1000000  -0.2000000   0.3000000 0
     0.2000000  -0.2000000   0.1000000 0
     0.2000000  -0.2000000   0.2000000 0
     0.2000000  -0.2000000   0.3000000 0
     0.3000000  -0.2000000   0.1000000 0
     0.3000000  -0.2000000   0.2000000 0
     0.3000000  -0.2000000   0.3000000 0
     0.1000000  -0.3000000   0.1000000 0
     0.1000000  -0.3000000   0.2000000 0
     0.1000000  -0.3000000   0.3000000 0
     0.2000000  -0.3000000   0.1000000 0
     0.2000000  -0.3000000   0.2000000 0
     0.2000000  -0.3000000   0.3000000 0
     0.3000000  -0.3000000   0.1000000 0
     0.3000000  -0.3000000   0.2000000 0
     0.3000000  -0.3000000   0.3000000 0
     0.5773503  -0.5773503   0.5773503 0
     0.4443376  -0.4443376   0.4443376 0
     0.4886751  -0.4886751   0.4886751 0
     0.5330127  -0.5330127   0.5330127 0
     0.6987526  -0.1532635   0.6987526 0
     0.6738873  -0.3029054   0.6738873 0
     0.6330987  -0.4453900   0.6330987 0
     0.4746881  -0.1133159   0.4746881 0
     0.5493763  -0.1266317   0.5493763 0
     0.6240644  -0.1399476   0.6240644 0
     0.4684718  -0.2257264   0.4684718 0
     0.5369437  -0.2514527   0.5369437 0
     0.6054155  -0.2771791   0.6054155 0
     0.4582747  -0.3363475   0.4582747 0
     0.5165493  -0.3726950   0.5165493 0
     0.5748240  -0.4090425   0.5748240 0
     0.7071068  -0.7071068   0.0000000 0
     0.6987525  -0.6987525   0.1532634 0
     0.6738871  -0.6738871   0.3029053 0
     0.6330986  -0.6330986   0.4453899 0
     0.6303301  -0.6303301   0.0000000 0
     0.5535534  -0.5535534   0.0000000 0
     0.4767767  -0.4767767   0.0000000 0
     0.4746881  -0.4746881   0.1133159 0
     0.5493762  -0.5493762   0.1266317 0
     0.6240644  -0.6240644   0.1399476 0
     0.4684718  -0.4684718   0.2257263 0
     0.5369436  -0.5369436   0.2514527 0
     0.6054153  -0.6054153   0.2771790 0
     0.4582746  -0.4582746   0.3363475 0
     0.5165493  -0.5165493   0.3726950 0
     0.5748239  -0.5748239   0.4090424 0
     0.9807853  -0.1950903   0.0000000 0
     0.9238795  -0.3826834   0.0000000 0
     0.8314696  -0.5555702   0.0000000 0
     0.9625131  -0.1917923   0.1917923 0
     0.9075397  -0.3777414   0.1835297 0
     0.8180993  -0.5492150   0.1705181 0
     0.9075397  -0.1835297   0.3777414 0
     0.8587185  -0.3623551   0.3623552 0
     0.7794082  -0.5281534   0.3370117 0
     0.8180993  -0.1705181   0.5492150 0
     0.7794082  -0.3370117   0.5281534 0
     0.7167937  -0.4930552   0.4930552 0
     0.5451963  -0.1237726   0.0000000 0
     0.6903926  -0.1475452   0.0000000 0
     0.8355889  -0.1713177   0.0000000 0
     0.5309699  -0.2456709   0.0000000 0
     0.6619397  -0.2913417   0.0000000 0
     0.7929096  -0.3370126   0.0000000 0
     0.5078674  -0.3638926   0.0000000 0
     0.6157348  -0.4277851   0.0000000 0
     0.7236022  -0.4916777   0.0000000 0
     0.5045248  -0.1176295   0.3623037 0
     0.6090497  -0.1352590   0.4246075 0
     0.7135745  -0.1528886   0.4869112 0
     0.5268849  -0.1208824   0.2444353 0
     0.6537699  -0.1417648   0.2888707 0
     0.7806548  -0.1626473   0.3333060 0
     0.5406283  -0.1229481   0.1229481 0
     0.6812565  -0.1458961   0.1458961 0
     0.8218848  -0.1688442   0.1688442 0
     0.4948520  -0.2342529   0.3570383 0
     0.5897041  -0.2685059   0.4140767 0
     0.6845561  -0.3027588   0.4711151 0
     0.5146796  -0.2405888   0.2405888 0
     0.6293592  -0.2811776   0.2811776 0
     0.7440389  -0.3217663   0.3217664 0
     0.5268849  -0.2444353   0.1208824 0
     0.6537699  -0.2888707   0.1417649 0
     0.7806548  -0.3333060   0.1626473 0
     0.4791984  -0.3482638   0.3482638 0
     0.5583968  -0.3965276   0.3965276 0
     0.6375952  -0.4447914   0.4447914 0
     0.4948520  -0.3570383   0.2342529 0
     0.5897041  -0.4140767   0.2685059 0
     0.6845561  -0.4711150   0.3027588 0
     0.5045248  -0.3623037   0.1176295 0
     0.6090497  -0.4246075   0.1352590 0
     0.7135745  -0.4869112   0.1528886 0
     0.0000000  -0.7071068   0.7071068 0
     0.0000000  -0.6303301   0.6303301 0
     0.0000000  -0.5535534   0.5535534 0
     0.0000000  -0.4767767   0.4767767 0
     0.1532635  -0.6987526   0.6987526 0
     0.3029054  -0.6738873   0.6738873 0
     0.4453900  -0.6330987   0.6330987 0
     0.1133159  -0.4746881   0.4746881 0
     0.2257264  -0.4684718   0.4684718 0
     0.3363475  -0.4582747   0.4582747 0
     0.1266317  -0.5493763   0.5493763 0
     0.2514527  -0.5369437   0.5369437 0
     0.3726950  -0.5165493   0.5165493 0
     0.1399476  -0.6240644   0.6240644 0
     0.2771791  -0.6054155   0.6054155 0
     0.4090425  -0.5748240   0.5748240 0
     0.0000000  -1.0000000   0.0000000 0
     0.1950903  -0.9807853   0.0000000 0
     0.3826834  -0.9238795   0.0000000 0
     0.5555702  -0.8314696   0.0000000 0
     0.0000000  -0.9807853   0.1950903 0
     0.0000000  -0.9238795   0.3826834 0
     0.0000000  -0.8314696   0.5555702 0
     0.1917923  -0.9625131   0.1917923 0
     0.1835297  -0.9075397   0.3777414 0
     0.1705181  -0.8180993   0.5492150 0
     0.3777414  -0.9075397   0.1835297 0
     0.3623551  -0.8587185   0.3623552 0
     0.3370117  -0.7794082   0.5281534 0
     0.5492150  -0.8180993   0.1705181 0
     0.5281534  -0.7794082   0.3370117 0
     0.4930552  -0.7167937   0.4930552 0
     0.0000000  -0.5500000   0.0000000 0
     0.0000000  -0.7000000   0.0000000 0
     0.0000000  -0.8500000   0.0000000 0
     0.0000000  -0.5451963   0.1237726 0
     0.0000000  -0.5309699   0.2456709 0
     0.0000000  -0.5078674   0.3638926 0
     0.0000000  -0.6903926   0.1475452 0
     0.0000000  -0.6619397   0.2913417 0
     0.0000000  -0.6157348   0.4277851 0
     0.0000000  -0.8355889   0.1713177 0
     0.0000000  -0.7929096   0.3370126 0
     0.0000000  -0.7236022   0.4916777 0
     0.1237726  -0.5451963   0.0000000 0
     0.2456709  -0.5309699   0.0000000 0
     0.3638926  -0.5078674   0.0000000 0
     0.1475452  -0.6903926   0.0000000 0
     0.2913417  -0.6619397   0.0000000 0
     0.4277851  -0.6157348   0.0000000 0
     0.1713177  -0.8355889   0.0000000 0
     0.3370126  -0.7929096   0.0000000 0
     0.4916777  -0.7236022   0.0000000 0
     0.1176295  -0.5045248   0.3623037 0
     0.1352590  -0.6090497   0.4246075 0
     0.1528886  -0.7135745   0.4869112 0
     0.2342529  -0.4948520   0.3570383 0
     0.2685059  -0.5897041   0.4140767 0
     0.3027588  -0.6845561   0.4711151 0
     0.3482638  -0.4791984   0.3482638 0
     0.3965276  -0.5583968   0.3965276 0
     0.4447914  -0.6375952   0.4447914 0
     0.1208824  -0.5268849   0.2444353 0
     0.1417648  -0.6537699   0.2888707 0
     0.1626473  -0.7806548   0.3333060 0
     0.2405888  -0.5146796   0.2405888 0
     0.2811776  -0.6293592   0.2811776 0
     0.3217663  -0.7440389   0.3217664 0
     0.3570383  -0.4948520   0.2342529 0
     0.4140767  -0.5897041   0.2685059 0
     0.4711150  -0.6845561   0.3027588 0
     0.1229481  -0.5406283   0.1229481 0
     0.1458961  -0.6812565   0.1458961 0
     0.1688442  -0.8218848   0.1688442 0
     0.2444353  -0.5268849   0.1208824 0
     0.2888707  -0.6537699   0.1417649 0
     0.3333060  -0.7806548   0.1626473 0
     0.3623037  -0.5045248   0.1176295 0
     0.4246075  -0.6090497   0.1352590 0
     0.4869112  -0.7135745   0.1528886 0
     0.0000000  -0.1950903   0.9807853 0
     0.0000000  -0.3826834   0.9238795 0
     0.0000000  -0.5555702   0.8314696 0
     0.1917923  -0.1917923   0.9625131 0
     0.3777414  -0.1835297   0.9075397 0
     0.5492150  -0.1705181   0.8180993 0
     0.1835297  -0.3777414   0.9075397 0
     0.3623551  -0.3623552   0.8587185 0
     0.5281534  -0.3370117   0.7794082 0
     0.1705181  -0.5492150   0.8180993 0
     0.3370117  -0.5281534   0.7794082 0
     0.4930552  -0.4930552   0.7167937 0
     0.0000000  -0.1237726   0.5451963 0
     0.0000000  -0.1475452   0.6903926 0
     0.0000000  -0.1713177   0.8355889 0
     0.0000000  -0.2456709   0.5309699 0
     0.0000000  -0.2913417   0.6619397 0
     0.0000000  -0.3370126   0.7929096 0
     0.0000000  -0.3638926   0.5078674 0
     0.0000000  -0.4277851   0.6157348 0
     0.0000000  -0.4916777   0.7236022 0
     0.1176295  -0.3623037   0.5045248 0
     0.1352590  -0.4246075   0.6090497 0
     0.1528886  -0.4869112   0.7135745 0
     0.1208824  -0.2444353   0.5268849 0
     0.1417648  -0.2888707   0.6537699 0
     0.1626473  -0.3333060   0.7806548 0
     0.1229481  -0.1229481   0.5406283 0
     0.1458961  -0.1458961   0.6812565 0
     0.1688442  -0.1688442   0.8218848 0
     0.2342529  -0.3570383   0.4948520 0
     0.2685059  -0.4140767   0.5897041 0
     0.3027588  -0.4711151   0.6845561 0
     0.2405888  -0.2405888   0.5146796 0
     0.2811776  -0.2811776   0.6293592 0
     0.3217663  -0.3217664   0.7440389 0
     0.2444353  -0.1208824   0.5268849 0
     0.2888707  -0.1417649   0.6537699 0
     0.3333060  -0.1626473   0.7806548 0
     0.3482638  -0.3482638   0.4791984 0
     0.3965276  -0.3965276   0.5583968 0
     0.4447914  -0.4447914   0.6375952 0
     0.3570383  -0.2342529   0.4948520 0
     0.4140767  -0.2685059   0.5897041 0
     0.4711150  -0.3027588   0.6845561 0
     0.3623037  -0.1176295   0.5045248 0
     0.4246075  -0.1352590   0.6090497 0
     0.4869112  -0.1528886   0.7135745 0
     0.4000000  -0.4000000  -0.4000000 0
     0.4000000  -0.1000000  -0.4000000 0
     0.4000000  -0.2000000  -0.4000000 0
     0.4000000  -0.3000000  -0.4000000 0
     0.0000000  -0.4000000  -0.4000000 0
     0.3000000  -0.4000000  -0.4000000 0
     0.2000000  -0.4000000  -0.4000000 0
     0.1000000  -0.4000000  -0.4000000 0
     0.0000000  -0.3000000  -0.4000000 0
     0.0000000  -0.2000000  -0.4000000 0
     0.0000000  -0.1000000  -0.4000000 0
     0.1000000  -0.1000000  -0.4000000 0
     0.1000000  -0.2000000  -0.4000000 0
     0.1000000  -0.3000000  -0.4000000 0
     0.2000000  -0.1000000  -0.4000000 0
     0.2000000  -0.2000000  -0.4000000 0
     0.2000000  -0.3000000  -0.4000000 0
     0.3000000  -0.1000000  -0.4000000 0
     0.3000000  -0.2000000  -0.4000000 0
     0.3000000  -0.3000000  -0.4000000 0
     0.4000000  -0.4000000  -0.1000000 0
     0.4000000  -0.4000000  -0.2000000 0
     0.4000000  -0.4000000  -0.3000000 0
     0.0000000  -0.4000000  -0.3000000 0
     0.0000000  -0.4000000  -0.2000000 0
     0.0000000  -0.4000000  -0.1000000 0
     0.1000000  -0.4000000  -0.3000000 0
     0.1000000  -0.4000000  -0.2000000 0
     0.1000000  -0.4000000  -0.1000000 0
     0.2000000  -0.4000000  -0.3000000 0
     0.2000000  -0.4000000  -0.2000000 0
     0.2000000  -0.4000000  -0.1000000 0
     0.3000000  -0.4000000  -0.3000000 0
     0.3000000  -0.4000000  -0.2000000 0
     0.3000000  -0.4000000  -0.1000000 0
     0.0000000  -0.1000000  -0.3000000 0
     0.0000000  -0.1000000  -0.2000000 0
     0.0000000  -0.1000000  -0.1000000 0
     0.0000000  -0.2000000  -0.3000000 0
     0.0000000  -0.2000000  -0.2000000 0
     0.0000000  -0.2000000  -0.1000000 0
     0.0000000  -0.3000000  -0.3000000 0
     0.0000000  -0.3000000  -0.2000000 0
     0.0000000  -0.3000000  -0.1000000 0
     0.4000000  -0.1000000  -0.3000000 0
     0.4000000  -0.2000000  -0.3000000 0
     0.4000000  -0.3000000  -0.3000000 0
     0.4000000  -0.1000000  -0.2000000 0
     0.4000000  -0.2000000  -0.2000000 0
     0.4000000  -0.3000000  -0.2000000 0
     0.4000000  -0.1000000  -0.1000000 0
     0.4000000  -0.2000000  -0.1000000 0
     0.4000000  -0.3000000  -0.1000000 0
     0.1000000  -0.1000000  -0.1000000 0
     0.1000000  -0.1000000  -0.2000000 0
     0.1000000  -0.1000000  -0.3000000 0
     0.1000000  -0.2000000  -0.1000000 0
     0.1000000  -0.2000000  -0.2000000 0
     0.1000000  -0.2000000  -0.3000000 0
     0.1000000  -0.3000000  -0.1000000 0
     0.1000000  -0.3000000  -0.2000000 0
     0.1000000  -0.3000000  -0.3000000 0
     0.2000000  -0.1000000  -0.1000000 0
     0.2000000  -0.1000000  -0.2000000 0
     0.2000000  -0.1000000  -0.3000000 0
     0.2000000  -0.2000000  -0.1000000 0
     0.2000000  -0.2000000  -0.2000000 0
     0.2000000  -0.2000000  -0.3000000 0
     0.2000000  -0.3000000  -0.1000000 0
     0.2000000  -0.3000000  -0.2000000 0
     0.2000000  -0.3000000  -0.3000000 0
     0.3000000  -0.1000000  -0.1000000 0
     0.3000000  -0.1000000  -0.2000000 0
     0.3000000  -0.1000000  -0.3000000 0
     0.3000000  -0.2000000  -0.1000000 0
     0.3000000  -0.2000000  -0.2000000 0
     0.3000000  -0.2000000  -0.3000000 0
     0.3000000  -0.3000000  -0.1000000 0
     0.3000000  -0.3000000  -0.2000000 0
     0.3000000  -0.3000000  -0.3000000 0
     0.5773503  -0.5773503  -0.5773503 0
     0.6987526  -0.1532635  -0.6987526 0
     0.6738873  -0.3029054  -0.6738873 0
     0.6330987  -0.4453900  -0.6330987 0
     0.4443376  -0.4443376  -0.4443376 0
     0.4886751  -0.4886751  -0.4886751 0
     0.5330127  -0.5330127  -0.5330127 0
     0.4746881  -0.1133159  -0.4746881 0
     0.4684718  -0.2257264  -0.4684718 0
     0.4582747  -0.3363475  -0.4582747 0
     0.5493763  -0.1266317  -0.5493763 0
     0.5369437  -0.2514527  -0.5369437 0
     0.5165493  -0.3726950  -0.5165493 0
     0.6240644  -0.1399476  -0.6240644 0
     0.6054155  -0.2771791  -0.6054155 0
     0.5748240  -0.4090425  -0.5748240 0
     0.6987525  -0.6987525  -0.1532634 0
     0.6738871  -0.6738871  -0.3029053 0
     0.6330986  -0.6330986  -0.4453899 0
     0.4746881  -0.4746881  -0.1133159 0
     0.4684718  -0.4684718  -0.2257263 0
     0.4582746  -0.4582746  -0.3363475 0
     0.5493762  -0.5493762  -0.1266317 0
     0.5369436  -0.5369436  -0.2514527 0
     0.5165493  -0.5165493  -0.3726950 0
     0.6240644  -0.6240644  -0.1399476 0
     0.6054153  -0.6054153  -0.2771790 0
     0.5748239  -0.5748239  -0.4090424 0
     0.9625131  -0.1917923  -0.1917923 0
     0.9075397  -0.1835297  -0.3777414 0
     0.8180993  -0.1705181  -0.5492150 0
     0.9075397  -0.3777414  -0.1835297 0
     0.8587185  -0.3623551  -0.3623552 0
     0.7794082  -0.3370117  -0.5281534 0
     0.8180993  -0.5492150  -0.1705181 0
     0.7794082  -0.5281534  -0.3370117 0
     0.7167937  -0.4930552  -0.4930552 0
     0.5045248  -0.1176295  -0.3623037 0
     0.6090497  -0.1352590  -0.4246075 0
     0.7135745  -0.1528886  -0.4869112 0
     0.4948520  -0.2342529  -0.3570383 0
     0.5897041  -0.2685059  -0.4140767 0
     0.6845561  -0.3027588  -0.4711151 0
     0.4791984  -0.3482638  -0.3482638 0
     0.5583968  -0.3965276  -0.3965276 0
     0.6375952  -0.4447914  -0.4447914 0
     0.5268849  -0.1208824  -0.2444353 0
     0.6537699  -0.1417648  -0.2888707 0
     0.7806548  -0.1626473  -0.3333060 0
     0.5146796  -0.2405888  -0.2405888 0
     0.6293592  -0.2811776  -0.2811776 0
     0.7440389  -0.3217663  -0.3217664 0
     0.4948520  -0.3570383  -0.2342529 0
     0.5897041  -0.4140767  -0.2685059 0
     0.6845561  -0.4711150  -0.3027588 0
     0.5406283  -0.1229481  -0.1229481 0
     0.6812565  -0.1458961  -0.1458961 0
     0.8218848  -0.1688442  -0.1688442 0
     0.5268849  -0.2444353  -0.1208824 0
     0.6537699  -0.2888707  -0.1417649 0
     0.7806548  -0.3333060  -0.1626473 0
     0.5045248  -0.3623037  -0.1176295 0
     0.6090497  -0.4246075  -0.1352590 0
     0.7135745  -0.4869112  -0.1528886 0
     0.0000000  -0.7071068  -0.7071068 0
     0.1532635  -0.6987526  -0.6987526 0
     0.3029054  -0.6738873  -0.6738873 0
     0.4453900  -0.6330987  -0.6330987 0
     0.0000000  -0.6303301  -0.6303301 0
     0.0000000  -0.5535534  -0.5535534 0
     0.0000000  -0.4767767  -0.4767767 0
     0.1133159  -0.4746881  -0.4746881 0
     0.1266317  -0.5493763  -0.5493763 0
     0.1399476  -0.6240644  -0.6240644 0
     0.2257264  -0.4684718  -0.4684718 0
     0.2514527  -0.5369437  -0.5369437 0
     0.2771791  -0.6054155  -0.6054155 0
     0.3363475  -0.4582747  -0.4582747 0
     0.3726950  -0.5165493  -0.5165493 0
     0.4090425  -0.5748240  -0.5748240 0
     0.0000000  -0.9807853  -0.1950903 0
     0.0000000  -0.9238795  -0.3826834 0
     0.0000000  -0.8314696  -0.5555702 0
     0.1917923  -0.9625131  -0.1917923 0
     0.3777414  -0.9075397  -0.1835297 0
     0.5492150  -0.8180993  -0.1705181 0
     0.1835297  -0.9075397  -0.3777414 0
     0.3623551  -0.8587185  -0.3623552 0
     0.5281534  -0.7794082  -0.3370117 0
     0.1705181  -0.8180993  -0.5492150 0
     0.3370117  -0.7794082  -0.5281534 0
     0.4930552  -0.7167937  -0.4930552 0
     0.0000000  -0.5451963  -0.1237726 0
     0.0000000  -0.6903926  -0.1475452 0
     0.0000000  -0.8355889  -0.1713177 0
     0.0000000  -0.5309699  -0.2456709 0
     0.0000000  -0.6619397  -0.2913417 0
     0.0000000  -0.7929096  -0.3370126 0
     0.0000000  -0.5078674  -0.3638926 0
     0.0000000  -0.6157348  -0.4277851 0
     0.0000000  -0.7236022  -0.4916777 0
     0.1176295  -0.5045248  -0.3623037 0
     0.1352590  -0.6090497  -0.4246075 0
     0.1528886  -0.7135745  -0.4869112 0
     0.1208824  -0.5268849  -0.2444353 0
     0.1417648  -0.6537699  -0.2888707 0
     0.1626473  -0.7806548  -0.3333060 0
     0.1229481  -0.5406283  -0.1229481 0
     0.1458961  -0.6812565  -0.1458961 0
     0.1688442  -0.8218848  -0.1688442 0
     0.2342529  -0.4948520  -0.3570383 0
     0.2685059  -0.5897041  -0.4140767 0
     0.3027588  -0.6845561  -0.4711151 0
     0.2405888  -0.5146796  -0.2405888 0
     0.2811776  -0.6293592  -0.2811776 0
     0.3217663  -0.7440389  -0.3217664 0
     0.2444353  -0.5268849  -0.1208824 0
     0.2888707  -0.6537699  -0.1417649 0
     0.3333060  -0.7806548  -0.1626473 0
     0.3482638  -0.4791984  -0.3482638 0
     0.3965276  -0.5583968  -0.3965276 0
     0.4447914  -0.6375952  -0.4447914 0
     0.3570383  -0.4948520  -0.2342529 0
     0.4140767  -0.5897041  -0.2685059 0
     0.4711150  -0.6845561  -0.3027588 0
     0.3623037  -0.5045248  -0.1176295 0
     0.4246075  -0.6090497  -0.1352590 0
     0.4869112  -0.7135745  -0.1528886 0
     0.0000000  -0.1950903  -0.9807853 0
     0.0000000  -0.3826834  -0.9238795 0
     0.0000000  -0.5555702  -0.8314696 0
     0.1917923  -0.1917923  -0.9625131 0
     0.1835297  -0.3777414  -0.9075397 0
     0.1705181  -0.5492150  -0.8180993 0
     0.3777414  -0.1835297  -0.9075397 0
     0.3623551  -0.3623552  -0.8587185 0
     0.3370117  -0.5281534  -0.7794082 0
     0.5492150  -0.1705181  -0.8180993 0
     0.5281534  -0.3370117  -0.7794082 0
     0.4930552  -0.4930552  -0.7167937 0
     0.0000000  -0.1237726  -0.5451963 0
     0.0000000  -0.2456709  -0.5309699 0
     0.0000000  -0.3638926  -0.5078674 0
     0.0000000  -0.1475452  -0.6903926 0
     0.0000000  -0.2913417  -0.6619397 0
     0.0000000  -0.4277851  -0.6157348 0
     0.0000000  -0.1713177  -0.8355889 0
     0.0000000  -0.3370126  -0.7929096 0
     0.0000000  -0.4916777  -0.7236022 0
     0.1176295  -0.3623037  -0.5045248 0
     0.1352590  -0.4246075  -0.6090497 0
     0.1528886  -0.4869112  -0.7135745 0
     0.2342529  -0.3570383  -0.4948520 0
     0.2685059  -0.4140767  -0.5897041 0
     0.3027588  -0.4711151  -0.6845561 0
     0.3482638  -0.3482638  -0.4791984 0
     0.3965276  -0.3965276  -0.5583968 0
     0.4447914  -0.4447914  -0.6375952 0
     0.1208824  -0.2444353  -0.5268849 0
     0.1417648  -0.2888707  -0.6537699 0
     0.1626473  -0.3333060  -0.7806548 0
     0.2405888  -0.2405888  -0.5146796 0
     0.2811776  -0.2811776  -0.6293592 0
     0.3217663  -0.3217664  -0.7440389 0
     0.3570383  -0.2342529  -0.4948520 0
     0.4140767  -0.2685059  -0.5897041 0
     0.4711150  -0.3027588  -0.6845561 0
     0.1229481  -0.1229481  -0.5406283 0
     0.1458961  -0.1458961  -0.6812565 0
     0.1688442  -0.1688442  -0.8218848 0
     0.2444353  -0.1208824  -0.5268849 0
     0.2888707  -0.1417649  -0.6537699 0
     0.3333060  -0.1626473  -0.7806548 0
     0.3623037  -0.1176295  -0.5045248 0
     0.4246075  -0.1352590  -0.6090497 0
     0.4869112  -0.1528886  -0.7135745 0
    -0.4000000   0.0000000   0.0000000 0
    -0.1000000   0.0000000   0.0000000 0
    -0.2000000   0.0000000   0.0000000 0
    -0.3000000   0.0000000   0.0000000 0
    -0.4000000   0.4000000   0.0000000 0
    -0.4000000   0.1000000   0.0000000 0
    -0.4000000   0.2000000   0.0000000 0
    -0.4000000   0.3000000   0.0000000 0
    -0.3000000   0.4000000   0.0000000 0
    -0.2000000   0.4000000   0.0000000 0
    -0.1000000   0.4000000   0.0000000 0
    -0.1000000   0.1000000   0.0000000 0
    -0.1000000   0.2000000   0.0000000 0
    -0.1000000   0.3000000   0.0000000 0
    -0.2000000   0.1000000   0.0000000 0
    -0.2000000   0.2000000   0.0000000 0
    -0.2000000   0.3000000   0.0000000 0
    -0.3000000   0.1000000   0.0000000 0
    -0.3000000   0.2000000   0.0000000 0
    -0.3000000   0.3000000   0.0000000 0
    -0.4000000   0.4000000   0.4000000 0
    -0.3000000   0.4000000   0.4000000 0
    -0.2000000   0.4000000   0.4000000 0
    -0.1000000   0.4000000   0.4000000 0
    -0.4000000   0.0000000   0.4000000 0
    -0.4000000   0.1000000   0.4000000 0
    -0.4000000   0.2000000   0.4000000 0
    -0.4000000   0.3000000   0.4000000 0
    -0.1000000   0.0000000   0.4000000 0
    -0.2000000   0.0000000   0.4000000 0
    -0.3000000   0.0000000   0.4000000 0
    -0.1000000   0.1000000   0.4000000 0
    -0.2000000   0.1000000   0.4000000 0
    -0.3000000   0.1000000   0.4000000 0
    -0.1000000   0.2000000   0.4000000 0
    -0.2000000   0.2000000   0.4000000 0
    -0.3000000   0.2000000   0.4000000 0
    -0.1000000   0.3000000   0.4000000 0
    -0.2000000   0.3000000   0.4000000 0
    -0.3000000   0.3000000   0.4000000 0
    -0.4000000   0.0000000   0.1000000 0
    -0.4000000   0.0000000   0.2000000 0
    -0.4000000   0.0000000   0.3000000 0
    -0.1000000   0.0000000   0.3000000 0
    -0.1000000   0.0000000   0.2000000 0
    -0.1000000   0.0000000   0.1000000 0
    -0.2000000   0.0000000   0.3000000 0
    -0.2000000   0.0000000   0.2000000 0
    -0.2000000   0.0000000   0.1000000 0
    -0.3000000   0.0000000   0.3000000 0
    -0.3000000   0.0000000   0.2000000 0
    -0.3000000   0.0000000   0.1000000 0
    -0.4000000   0.4000000   0.1000000 0
    -0.4000000   0.4000000   0.2000000 0
    -0.4000000   0.4000000   0.3000000 0
    -0.1000000   0.4000000   0.3000000 0
    -0.2000000   0.4000000   0.3000000 0
    -0.3000000   0.4000000   0.3000000 0
    -0.1000000   0.4000000   0.2000000 0
    -0.2000000   0.4000000   0.2000000 0
    -0.3000000   0.4000000   0.2000000 0
    -0.1000000   0.4000000   0.1000000 0
    -0.2000000   0.4000000   0.1000000 0
    -0.3000000   0.4000000   0.1000000 0
    -0.4000000   0.1000000   0.3000000 0
    -0.4000000   0.1000000   0.2000000 0
    -0.4000000   0.1000000   0.1000000 0
    -0.4000000   0.2000000   0.3000000 0
    -0.4000000   0.2000000   0.2000000 0
    -0.4000000   0.2000000   0.1000000 0
    -0.4000000   0.3000000   0.3000000 0
    -0.4000000   0.3000000   0.2000000 0
    -0.4000000   0.3000000   0.1000000 0
    -0.1000000   0.1000000   0.1000000 0
    -0.1000000   0.1000000   0.2000000 0
    -0.1000000   0.1000000   0.3000000 0
    -0.2000000   0.1000000   0.1000000 0
    -0.2000000   0.1000000   0.2000000 0
    -0.2000000   0.1000000   0.3000000 0
    -0.3000000   0.1000000   0.1000000 0
    -0.3000000   0.1000000   0.2000000 0
    -0.3000000   0.1000000   0.3000000 0
    -0.1000000   0.2000000   0.1000000 0
    -0.1000000   0.2000000   0.2000000 0
    -0.1000000   0.2000000   0.3000000 0
    -0.2000000   0.2000000   0.1000000 0
    -0.2000000   0.2000000   0.2000000 0
    -0.2000000   0.2000000   0.3000000 0
    -0.3000000   0.2000000   0.1000000 0
    -0.3000000   0.2000000   0.2000000 0
    -0.3000000   0.2000000   0.3000000 0
    -0.1000000   0.3000000   0.1000000 0
    -0.1000000   0.3000000   0.2000000 0
    -0.1000000   0.3000000   0.3000000 0
    -0.2000000   0.3000000   0.1000000 0
    -0.2000000   0.3000000   0.2000000 0
    -0.2000000   0.3000000   0.3000000 0
    -0.3000000   0.3000000   0.1000000 0
    -0.3000000   0.3000000   0.2000000 0
    -0.3000000   0.3000000   0.3000000 0
    -0.5773503   0.5773503   0.5773503 0
    -0.4443376   0.4443376   0.4443376 0
    -0.4886751   0.4886751   0.4886751 0
    -0.5330127   0.5330127   0.5330127 0
    -0.7071068   0.0000000   0.7071068 0
    -0.6987526   0.1532635   0.6987526 0
    -0.6738873   0.3029054   0.6738873 0
    -0.6330987   0.4453900   0.6330987 0
    -0.6303301   0.0000000   0.6303301 0
    -0.5535534   0.0000000   0.5535534 0
    -0.4767767   0.0000000   0.4767767 0
    -0.4746881   0.1133159   0.4746881 0
    -0.5493763   0.1266317   0.5493763 0
    -0.6240644   0.1399476   0.6240644 0
    -0.4684718   0.2257264   0.4684718 0
    -0.5369437   0.2514527   0.5369437 0
    -0.6054155   0.2771791   0.6054155 0
    -0.4582747   0.3363475   0.4582747 0
    -0.5165493   0.3726950   0.5165493 0
    -0.5748240   0.4090425   0.5748240 0
    -0.7071068   0.7071068   0.0000000 0
    -0.6987525   0.6987525   0.1532634 0
    -0.6738871   0.6738871   0.3029053 0
    -0.6330986   0.6330986   0.4453899 0
    -0.6303301   0.6303301   0.0000000 0
    -0.5535534   0.5535534   0.0000000 0
    -0.4767767   0.4767767   0.0000000 0
    -0.4746881   0.4746881   0.1133159 0
    -0.5493762   0.5493762   0.1266317 0
    -0.6240644   0.6240644   0.1399476 0
    -0.4684718   0.4684718   0.2257263 0
    -0.5369436   0.5369436   0.2514527 0
    -0.6054153   0.6054153   0.2771790 0
    -0.4582746   0.4582746   0.3363475 0
    -0.5165493   0.5165493   0.3726950 0
    -0.5748239   0.5748239   0.4090424 0
    -1.0000000   0.0000000   0.0000000 0
    -0.9807853   0.0000000   0.1950903 0
    -0.9238795   0.0000000   0.3826834 0
    -0.8314696   0.0000000   0.5555702 0
    -0.9807853   0.1950903   0.0000000 0
    -0.9238795   0.3826834   0.0000000 0
    -0.8314696   0.5555702   0.0000000 0
    -0.9625131   0.1917923   0.1917923 0
    -0.9075397   0.3777414   0.1835297 0
    -0.8180993   0.5492150   0.1705181 0
    -0.9075397   0.1835297   0.3777414 0
    -0.8587185   0.3623551   0.3623552 0
    -0.7794082   0.5281534   0.3370117 0
    -0.8180993   0.1705181   0.5492150 0
    -0.7794082   0.3370117   0.5281534 0
    -0.7167937   0.4930552   0.4930552 0
    -0.5500000   0.0000000   0.0000000 0
    -0.7000000   0.0000000   0.0000000 0
    -0.8500000   0.0000000   0.0000000 0
    -0.5451963   0.0000000   0.1237726 0
    -0.6903926   0.0000000   0.1475452 0
    -0.8355889   0.0000000   0.1713177 0
    -0.5309699   0.0000000   0.2456709 0
    -0.6619397   0.0000000   0.2913417 0
    -0.7929096   0.0000000   0.3370126 0
    -0.5078674   0.0000000   0.3638926 0
    -0.6157348   0.0000000   0.4277851 0
    -0.7236022   0.0000000   0.4916777 0
    -0.5451963   0.1237726   0.0000000 0
    -0.6903926   0.1475452   0.0000000 0
    -0.8355889   0.1713177   0.0000000 0
    -0.5309699   0.2456709   0.0000000 0
    -0.6619397   0.2913417   0.0000000 0
    -0.7929096   0.3370126   0.0000000 0
    -0.5078674   0.3638926   0.0000000 0
    -0.6157348   0.4277851   0.0000000 0
    -0.7236022   0.4916777   0.0000000 0
    -0.5045248   0.1176295   0.3623037 0
    -0.6090497   0.1352590   0.4246075 0
    -0.7135745   0.1528886   0.4869112 0
    -0.5268849   0.1208824   0.2444353 0
    -0.6537699   0.1417648   0.2888707 0
    -0.7806548   0.1626473   0.3333060 0
    -0.5406283   0.1229481   0.1229481 0
    -0.6812565   0.1458961   0.1458961 0
    -0.8218848   0.1688442   0.1688442 0
    -0.4948520   0.2342529   0.3570383 0
    -0.5897041   0.2685059   0.4140767 0
    -0.6845561   0.3027588   0.4711151 0
    -0.5146796   0.2405888   0.2405888 0
    -0.6293592   0.2811776   0.2811776 0
    -0.7440389   0.3217663   0.3217664 0
    -0.5268849   0.2444353   0.1208824 0
    -0.6537699   0.2888707   0.1417649 0
    -0.7806548   0.3333060   0.1626473 0
    -0.4791984   0.3482638   0.3482638 0
    -0.5583968   0.3965276   0.3965276 0
    -0.6375952   0.4447914   0.4447914 0
    -0.4948520   0.3570383   0.2342529 0
    -0.5897041   0.4140767   0.2685059 0
    -0.6845561   0.4711150   0.3027588 0
    -0.5045248   0.3623037   0.1176295 0
    -0.6090497   0.4246075   0.1352590 0
    -0.7135745   0.4869112   0.1528886 0
    -0.1532635   0.6987526   0.6987526 0
    -0.3029054   0.6738873   0.6738873 0
    -0.4453900   0.6330987   0.6330987 0
    -0.1133159   0.4746881   0.4746881 0
    -0.2257264   0.4684718   0.4684718 0
    -0.3363475   0.4582747   0.4582747 0
    -0.1266317   0.5493763   0.5493763 0
    -0.2514527   0.5369437   0.5369437 0
    -0.3726950   0.5165493   0.5165493 0
    -0.1399476   0.6240644   0.6240644 0
    -0.2771791   0.6054155   0.6054155 0
    -0.4090425   0.5748240   0.5748240 0
    -0.1950903   0.9807853   0.0000000 0
    -0.3826834   0.9238795   0.0000000 0
    -0.5555702   0.8314696   0.0000000 0
    -0.1917923   0.9625131   0.1917923 0
    -0.1835297   0.9075397   0.3777414 0
    -0.1705181   0.8180993   0.5492150 0
    -0.3777414   0.9075397   0.1835297 0
    -0.3623551   0.8587185   0.3623552 0
    -0.3370117   0.7794082   0.5281534 0
    -0.5492150   0.8180993   0.1705181 0
    -0.5281534   0.7794082   0.3370117 0
    -0.4930552   0.7167937   0.4930552 0
    -0.1237726   0.5451963   0.0000000 0
    -0.2456709   0.5309699   0.0000000 0
    -0.3638926   0.5078674   0.0000000 0
    -0.1475452   0.6903926   0.0000000 0
    -0.2913417   0.6619397   0.0000000 0
    -0.4277851   0.6157348   0.0000000 0
    -0.1713177   0.8355889   0.0000000 0
    -0.3370126   0.7929096   0.0000000 0
    -0.4916777   0.7236022   0.0000000 0
    -0.1176295   0.5045248   0.3623037 0
    -0.1352590   0.6090497   0.4246075 0
    -0.1528886   0.7135745   0.4869112 0
    -0.2342529   0.4948520   0.3570383 0
    -0.2685059   0.5897041   0.4140767 0
    -0.3027588   0.6845561   0.4711151 0
    -0.3482638   0.4791984   0.3482638 0
    -0.3965276   0.5583968   0.3965276 0
    -0.4447914   0.6375952   0.4447914 0
    -0.1208824   0.5268849   0.2444353 0
    -0.1417648   0.6537699   0.2888707 0
    -0.1626473   0.7806548   0.3333060 0
    -0.2405888   0.5146796   0.2405888 0
    -0.2811776   0.6293592   0.2811776 0
    -0.3217663   0.7440389   0.3217664 0
    -0.3570383   0.4948520   0.2342529 0
    -0.4140767   0.5897041   0.2685059 0
    -0.4711150   0.6845561   0.3027588 0
    -0.1229481   0.5406283   0.1229481 0
    -0.1458961   0.6812565   0.1458961 0
    -0.1688442   0.8218848   0.1688442 0
    -0.2444353   0.5268849   0.1208824 0
    -0.2888707   0.6537699   0.1417649 0
    -0.3333060   0.7806548   0.1626473 0
    -0.3623037   0.5045248   0.1176295 0
    -0.4246075   0.6090497   0.1352590 0
    -0.4869112   0.7135745   0.1528886 0
    -0.1950903   0.0000000   0.9807853 0
    -0.3826834   0.0000000   0.9238795 0
    -0.5555702   0.0000000   0.8314696 0
    -0.1917923   0.1917923   0.9625131 0
    -0.3777414   0.1835297   0.9075397 0
    -0.5492150   0.1705181   0.8180993 0
    -0.1835297   0.3777414   0.9075397 0
    -0.3623551   0.3623552   0.8587185 0
    -0.5281534   0.3370117   0.7794082 0
    -0.1705181   0.5492150   0.8180993 0
    -0.3370117   0.5281534   0.7794082 0
    -0.4930552   0.4930552   0.7167937 0
    -0.1237726   0.0000000   0.5451963 0
    -0.1475452   0.0000000   0.6903926 0
    -0.1713177   0.0000000   0.8355889 0
    -0.2456709   0.0000000   0.5309699 0
    -0.2913417   0.0000000   0.6619397 0
    -0.3370126   0.0000000   0.7929096 0
    -0.3638926   0.0000000   0.5078674 0
    -0.4277851   0.0000000   0.6157348 0
    -0.4916777   0.0000000   0.7236022 0
    -0.1176295   0.3623037   0.5045248 0
    -0.1352590   0.4246075   0.6090497 0
    -0.1528886   0.4869112   0.7135745 0
    -0.1208824   0.2444353   0.5268849 0
    -0.1417648   0.2888707   0.6537699 0
    -0.1626473   0.3333060   0.7806548 0
    -0.1229481   0.1229481   0.5406283 0
    -0.1458961   0.1458961   0.6812565 0
    -0.1688442   0.1688442   0.8218848 0
    -0.2342529   0.3570383   0.4948520 0
    -0.2685059   0.4140767   0.5897041 0
    -0.3027588   0.4711151   0.6845561 0
    -0.2405888   0.2405888   0.5146796 0
    -0.2811776   0.2811776   0.6293592 0
    -0.3217663   0.3217664   0.7440389 0
    -0.2444353   0.1208824   0.5268849 0
    -0.2888707   0.1417649   0.6537699 0
    -0.3333060   0.1626473   0.7806548 0
    -0.3482638   0.3482638   0.4791984 0
    -0.3965276   0.3965276   0.5583968 0
    -0.4447914   0.4447914   0.6375952 0
    -0.3570383   0.2342529   0.4948520 0
    -0.4140767   0.2685059   0.5897041 0
    -0.4711150   0.3027588   0.6845561 0
    -0.3623037   0.1176295   0.5045248 0
    -0.4246075   0.1352590   0.6090497 0
    -0.4869112   0.1528886   0.7135745 0
    -0.4000000   0.0000000  -0.4000000 0
    -0.1000000   0.0000000  -0.4000000 0
    -0.2000000   0.0000000  -0.4000000 0
    -0.3000000   0.0000000  -0.4000000 0
    -0.4000000   0.4000000  -0.4000000 0
    -0.4000000   0.1000000  -0.4000000 0
    -0.4000000   0.2000000  -0.4000000 0
    -0.4000000   0.3000000  -0.4000000 0
    -0.3000000   0.4000000  -0.4000000 0
    -0.2000000   0.4000000  -0.4000000 0
    -0.1000000   0.4000000  -0.4000000 0
    -0.1000000   0.1000000  -0.4000000 0
    -0.1000000   0.2000000  -0.4000000 0
    -0.1000000   0.3000000  -0.4000000 0
    -0.2000000   0.1000000  -0.4000000 0
    -0.2000000   0.2000000  -0.4000000 0
    -0.2000000   0.3000000  -0.4000000 0
    -0.3000000   0.1000000  -0.4000000 0
    -0.3000000   0.2000000  -0.4000000 0
    -0.3000000   0.3000000  -0.4000000 0
    -0.4000000   0.0000000  -0.1000000 0
    -0.4000000   0.0000000  -0.2000000 0
    -0.4000000   0.0000000  -0.3000000 0
    -0.1000000   0.0000000  -0.3000000 0
    -0.2000000   0.0000000  -0.3000000 0
    -0.3000000   0.0000000  -0.3000000 0
    -0.1000000   0.0000000  -0.2000000 0
    -0.2000000   0.0000000  -0.2000000 0
    -0.3000000   0.0000000  -0.2000000 0
    -0.1000000   0.0000000  -0.1000000 0
    -0.2000000   0.0000000  -0.1000000 0
    -0.3000000   0.0000000  -0.1000000 0
    -0.4000000   0.4000000  -0.1000000 0
    -0.4000000   0.4000000  -0.2000000 0
    -0.4000000   0.4000000  -0.3000000 0
    -0.1000000   0.4000000  -0.3000000 0
    -0.1000000   0.4000000  -0.2000000 0
    -0.1000000   0.4000000  -0.1000000 0
    -0.2000000   0.4000000  -0.3000000 0
    -0.2000000   0.4000000  -0.2000000 0
    -0.2000000   0.4000000  -0.1000000 0
    -0.3000000   0.4000000  -0.3000000 0
    -0.3000000   0.4000000  -0.2000000 0
    -0.3000000   0.4000000  -0.1000000 0
    -0.4000000   0.1000000  -0.3000000 0
    -0.4000000   0.2000000  -0.3000000 0
    -0.4000000   0.3000000  -0.3000000 0
    -0.4000000   0.1000000  -0.2000000 0
    -0.4000000   0.2000000  -0.2000000 0
    -0.4000000   0.3000000  -0.2000000 0
    -0.4000000   0.1000000  -0.1000000 0
    -0.4000000   0.2000000  -0.1000000 0
    -0.4000000   0.3000000  -0.1000000 0
    -0.1000000   0.1000000  -0.1000000 0
    -0.1000000   0.1000000  -0.2000000 0
    -0.1000000   0.1000000  -0.3000000 0
    -0.1000000   0.2000000  -0.1000000 0
    -0.1000000   0.2000000  -0.2000000 0
    -0.1000000   0.2000000  -0.3000000 0
    -0.1000000   0.3000000  -0.1000000 0
    -0.1000000   0.3000000  -0.2000000 0
    -0.1000000   0.3000000  -0.3000000 0
    -0.2000000   0.1000000  -0.1000000 0
    -0.2000000   0.1000000  -0.2000000 0
    -0.2000000   0.1000000  -0.3000000 0
    -0.2000000   0.2000000  -0.1000000 0
    -0.2000000   0.2000000  -0.2000000 0
    -0.2000000   0.2000000  -0.3000000 0
    -0.2000000   0.3000000  -0.1000000 0
    -0.2000000   0.3000000  -0.2000000 0
    -0.2000000   0.3000000  -0.3000000 0
    -0.3000000   0.1000000  -0.1000000 0
    -0.3000000   0.1000000  -0.2000000 0
    -0.3000000   0.1000000  -0.3000000 0
    -0.3000000   0.2000000  -0.1000000 0
    -0.3000000   0.2000000  -0.2000000 0
    -0.3000000   0.2000000  -0.3000000 0
    -0.3000000   0.3000000  -0.1000000 0
    -0.3000000   0.3000000  -0.2000000 0
    -0.3000000   0.3000000  -0.3000000 0
    -0.7071068   0.0000000  -0.7071068 0
    -0.6303301   0.0000000  -0.6303301 0
    -0.5535534   0.0000000  -0.5535534 0
    -0.4767767   0.0000000  -0.4767767 0
    -0.5773503   0.5773503  -0.5773503 0
    -0.6987526   0.1532635  -0.6987526 0
    -0.6738873   0.3029054  -0.6738873 0
    -0.6330987   0.4453900  -0.6330987 0
    -0.4443376   0.4443376  -0.4443376 0
    -0.4886751   0.4886751  -0.4886751 0
    -0.5330127   0.5330127  -0.5330127 0
    -0.4746881   0.1133159  -0.4746881 0
    -0.4684718   0.2257264  -0.4684718 0
    -0.4582747   0.3363475  -0.4582747 0
    -0.5493763   0.1266317  -0.5493763 0
    -0.5369437   0.2514527  -0.5369437 0
    -0.5165493   0.3726950  -0.5165493 0
    -0.6240644   0.1399476  -0.6240644 0
    -0.6054155   0.2771791  -0.6054155 0
    -0.5748240   0.4090425  -0.5748240 0
    -0.6987525   0.6987525  -0.1532634 0
    -0.6738871   0.6738871  -0.3029053 0
    -0.6330986   0.6330986  -0.4453899 0
    -0.4746881   0.4746881  -0.1133159 0
    -0.4684718   0.4684718  -0.2257263 0
    -0.4582746   0.4582746  -0.3363475 0
    -0.5493762   0.5493762  -0.1266317 0
    -0.5369436   0.5369436  -0.2514527 0
    -0.5165493   0.5165493  -0.3726950 0
    -0.6240644   0.6240644  -0.1399476 0
    -0.6054153   0.6054153  -0.2771790 0
    -0.5748239   0.5748239  -0.4090424 0
    -0.9807853   0.0000000  -0.1950903 0
    -0.9238795   0.0000000  -0.3826834 0
    -0.8314696   0.0000000  -0.5555702 0
    -0.9625131   0.1917923  -0.1917923 0
    -0.9075397   0.1835297  -0.3777414 0
    -0.8180993   0.1705181  -0.5492150 0
    -0.9075397   0.3777414  -0.1835297 0
    -0.8587185   0.3623551  -0.3623552 0
    -0.7794082   0.3370117  -0.5281534 0
    -0.8180993   0.5492150  -0.1705181 0
    -0.7794082   0.5281534  -0.3370117 0
    -0.7167937   0.4930552  -0.4930552 0
    -0.5451963   0.0000000  -0.1237726 0
    -0.5309699   0.0000000  -0.2456709 0
    -0.5078674   0.0000000  -0.3638926 0
    -0.6903926   0.0000000  -0.1475452 0
    -0.6619397   0.0000000  -0.2913417 0
    -0.6157348   0.0000000  -0.4277851 0
    -0.8355889   0.0000000  -0.1713177 0
    -0.7929096   0.0000000  -0.3370126 0
    -0.7236022   0.0000000  -0.4916777 0
    -0.5045248   0.1176295  -0.3623037 0
    -0.6090497   0.1352590  -0.4246075 0
    -0.7135745   0.1528886  -0.4869112 0
    -0.4948520   0.2342529  -0.3570383 0
    -0.5897041   0.2685059  -0.4140767 0
    -0.6845561   0.3027588  -0.4711151 0
    -0.4791984   0.3482638  -0.3482638 0
    -0.5583968   0.3965276  -0.3965276 0
    -0.6375952   0.4447914  -0.4447914 0
    -0.5268849   0.1208824  -0.2444353 0
    -0.6537699   0.1417648  -0.2888707 0
    -0.7806548   0.1626473  -0.3333060 0
    -0.5146796   0.2405888  -0.2405888 0
    -0.6293592   0.2811776  -0.2811776 0
    -0.7440389   0.3217663  -0.3217664 0
    -0.4948520   0.3570383  -0.2342529 0
    -0.5897041   0.4140767  -0.2685059 0
    -0.6845561   0.4711150  -0.3027588 0
    -0.5406283   0.1229481  -0.1229481 0
    -0.6812565   0.1458961  -0.1458961 0
    -0.8218848   0.1688442  -0.1688442 0
    -0.5268849   0.2444353  -0.1208824 0
    -0.6537699   0.2888707  -0.1417649 0
    -0.7806548   0.3333060  -0.1626473 0
    -0.5045248   0.3623037  -0.1176295 0
    -0.6090497   0.4246075  -0.1352590 0
    -0.7135745   0.4869112  -0.1528886 0
    -0.1532635   0.6987526  -0.6987526 0
    -0.3029054   0.6738873  -0.6738873 0
    -0.4453900   0.6330987  -0.6330987 0
    -0.1133159   0.4746881  -0.4746881 0
    -0.1266317   0.5493763  -0.5493763 0
    -0.1399476   0.6240644  -0.6240644 0
    -0.2257264   0.4684718  -0.4684718 0
    -0.2514527   0.5369437  -0.5369437 0
    -0.2771791   0.6054155  -0.6054155 0
    -0.3363475   0.4582747  -0.4582747 0
    -0.3726950   0.5165493  -0.5165493 0
    -0.4090425   0.5748240  -0.5748240 0
    -0.1917923   0.9625131  -0.1917923 0
    -0.3777414   0.9075397  -0.1835297 0
    -0.5492150   0.8180993  -0.1705181 0
    -0.1835297   0.9075397  -0.3777414 0
    -0.3623551   0.8587185  -0.3623552 0
    -0.5281534   0.7794082  -0.3370117 0
    -0.1705181   0.8180993  -0.5492150 0
    -0.3370117   0.7794082  -0.5281534 0
    -0.4930552   0.7167937  -0.4930552 0
    -0.1176295   0.5045248  -0.3623037 0
    -0.1352590   0.6090497  -0.4246075 0
    -0.1528886   0.7135745  -0.4869112 0
    -0.1208824   0.5268849  -0.2444353 0
    -0.1417648   0.6537699  -0.2888707 0
    -0.1626473   0.7806548  -0.3333060 0
    -0.1229481   0.5406283  -0.1229481 0
    -0.1458961   0.6812565  -0.1458961 0
    -0.1688442   0.8218848  -0.1688442 0
    -0.2342529   0.4948520  -0.3570383 0
    -0.2685059   0.5897041  -0.4140767 0
    -0.3027588   0.6845561  -0.4711151 0
    -0.2405888   0.5146796  -0.2405888 0
    -0.2811776   0.6293592  -0.2811776 0
    -0.3217663   0.7440389  -0.3217664 0
    -0.2444353   0.5268849  -0.1208824 0
    -0.2888707   0.6537699  -0.1417649 0
    -0.3333060   0.7806548  -0.1626473 0
    -0.3482638   0.4791984  -0.3482638 0
    -0.3965276   0.5583968  -0.3965276 0
    -0.4447914   0.6375952  -0.4447914 0
    -0.3570383   0.4948520  -0.2342529 0
    -0.4140767   0.5897041  -0.2685059 0
    -0.4711150   0.6845561  -0.3027588 0
    -0.3623037   0.5045248  -0.1176295 0
    -0.4246075   0.6090497  -0.1352590 0
    -0.4869112   0.7135745  -0.1528886 0
    -0.1950903   0.0000000  -0.9807853 0
    -0.3826834   0.0000000  -0.9238795 0
    -0.5555702   0.0000000  -0.8314696 0
    -0.1917923   0.1917923  -0.9625131 0
    -0.1835297   0.3777414  -0.9075397 0
    -0.1705181   0.5492150  -0.8180993 0
    -0.3777414   0.1835297  -0.9075397 0
    -0.3623551   0.3623552  -0.8587185 0
    -0.3370117   0.5281534  -0.7794082 0
    -0.5492150   0.1705181  -0.8180993 0
    -0.5281534   0.3370117  -0.7794082 0
    -0.4930552   0.4930552  -0.7167937 0
    -0.1237726   0.0000000  -0.5451963 0
    -0.2456709   0.0000000  -0.5309699 0
    -0.3638926   0.0000000  -0.5078674 0
    -0.1475452   0.0000000  -0.6903926 0
    -0.2913417   0.0000000  -0.6619397 0
    -0.4277851   0.0000000  -0.6157348 0
    -0.1713177   0.0000000  -0.8355889 0
    -0.3370126   0.0000000  -0.7929096 0
    -0.4916777   0.0000000  -0.7236022 0
    -0.1176295   0.3623037  -0.5045248 0
    -0.1352590   0.4246075  -0.6090497 0
    -0.1528886   0.4869112  -0.7135745 0
    -0.2342529   0.3570383  -0.4948520 0
    -0.2685059   0.4140767  -0.5897041 0
    -0.3027588   0.4711151  -0.6845561 0
    -0.3482638   0.3482638  -0.4791984 0
    -0.3965276   0.3965276  -0.5583968 0
    -0.4447914   0.4447914  -0.6375952 0
    -0.1208824   0.2444353  -0.5268849 0
    -0.1417648   0.2888707  -0.6537699 0
    -0.1626473   0.3333060  -0.7806548 0
    -0.2405888   0.2405888  -0.5146796 0
    -0.2811776   0.2811776  -0.6293592 0
    -0.3217663   0.3217664  -0.7440389 0
    -0.3570383   0.2342529  -0.4948520 0
    -0.4140767   0.2685059  -0.5897041 0
    -0.4711150   0.3027588  -0.6845561 0
    -0.1229481   0.1229481  -0.5406283 0
    -0.1458961   0.1458961  -0.6812565 0
    -0.1688442   0.1688442  -0.8218848 0
    -0.2444353   0.1208824  -0.5268849 0
    -0.2888707   0.1417649  -0.6537699 0
    -0.3333060   0.1626473  -0.7806548 0
    -0.3623037   0.1176295  -0.5045248 0
    -0.4246075   0.1352590  -0.6090497 0
    -0.4869112   0.1528886  -0.7135745 0
    -0.4000000  -0.4000000   0.0000000 0
    -0.3000000  -0.4000000   0.0000000 0
    -0.2000000  -0.4000000   0.0000000 0
    -0.1000000  -0.4000000   0.0000000 0
    -0.4000000  -0.1000000   0.0000000 0
    -0.4000000  -0.2000000   0.0000000 0
    -0.4000000  -0.3000000   0.0000000 0
    -0.1000000  -0.1000000   0.0000000 0
    -0.2000000  -0.1000000   0.0000000 0
    -0.3000000  -0.1000000   0.0000000 0
    -0.1000000  -0.2000000   0.0000000 0
    -0.2000000  -0.2000000   0.0000000 0
    -0.3000000  -0.2000000   0.0000000 0
    -0.1000000  -0.3000000   0.0000000 0
    -0.2000000  -0.3000000   0.0000000 0
    -0.3000000  -0.3000000   0.0000000 0
    -0.4000000  -0.4000000   0.4000000 0
    -0.4000000  -0.1000000   0.4000000 0
    -0.4000000  -0.2000000   0.4000000 0
    -0.4000000  -0.3000000   0.4000000 0
    -0.3000000  -0.4000000   0.4000000 0
    -0.2000000  -0.4000000   0.4000000 0
    -0.1000000  -0.4000000   0.4000000 0
    -0.1000000  -0.1000000   0.4000000 0
    -0.1000000  -0.2000000   0.4000000 0
    -0.1000000  -0.3000000   0.4000000 0
    -0.2000000  -0.1000000   0.4000000 0
    -0.2000000  -0.2000000   0.4000000 0
    -0.2000000  -0.3000000   0.4000000 0
    -0.3000000  -0.1000000   0.4000000 0
    -0.3000000  -0.2000000   0.4000000 0
    -0.3000000  -0.3000000   0.4000000 0
    -0.4000000  -0.4000000   0.1000000 0
    -0.4000000  -0.4000000   0.2000000 0
    -0.4000000  -0.4000000   0.3000000 0
    -0.1000000  -0.4000000   0.3000000 0
    -0.1000000  -0.4000000   0.2000000 0
    -0.1000000  -0.4000000   0.1000000 0
    -0.2000000  -0.4000000   0.3000000 0
    -0.2000000  -0.4000000   0.2000000 0
    -0.2000000  -0.4000000   0.1000000 0
    -0.3000000  -0.4000000   0.3000000 0
    -0.3000000  -0.4000000   0.2000000 0
    -0.3000000  -0.4000000   0.1000000 0
    -0.4000000  -0.1000000   0.3000000 0
    -0.4000000  -0.2000000   0.3000000 0
    -0.4000000  -0.3000000   0.3000000 0
    -0.4000000  -0.1000000   0.2000000 0
    -0.4000000  -0.2000000   0.2000000 0
    -0.4000000  -0.3000000   0.2000000 0
    -0.4000000  -0.1000000   0.1000000 0
    -0.4000000  -0.2000000   0.1000000 0
    -0.4000000  -0.3000000   0.1000000 0
    -0.1000000  -0.1000000   0.1000000 0
    -0.1000000  -0.1000000   0.2000000 0
    -0.1000000  -0.1000000   0.3000000 0
    -0.1000000  -0.2000000   0.1000000 0
    -0.1000000  -0.2000000   0.2000000 0
    -0.1000000  -0.2000000   0.3000000 0
    -0.1000000  -0.3000000   0.1000000 0
    -0.1000000  -0.3000000   0.2000000 0
    -0.1000000  -0.3000000   0.3000000 0
    -0.2000000  -0.1000000   0.1000000 0
    -0.2000000  -0.1000000   0.2000000 0
    -0.2000000  -0.1000000   0.3000000 0
    -0.2000000  -0.2000000   0.1000000 0
    -0.2000000  -0.2000000   0.2000000 0
    -0.2000000  -0.2000000   0.3000000 0
    -0.2000000  -0.3000000   0.1000000 0
    -0.2000000  -0.3000000   0.2000000 0
    -0.2000000  -0.3000000   0.3000000 0
    -0.3000000  -0.1000000   0.1000000 0
    -0.3000000  -0.1000000   0.2000000 0
    -0.3000000  -0.1000000   0.3000000 0
    -0.3000000  -0.2000000   0.1000000 0
    -0.3000000  -0.2000000   0.2000000 0
    -0.3000000  -0.2000000   0.3000000 0
    -0.3000000  -0.3000000   0.1000000 0
    -0.3000000  -0.3000000   0.2000000 0
    -0.3000000  -0.3000000   0.3000000 0
    -0.5773503  -0.5773503   0.5773503 0
    -0.6987526  -0.1532635   0.6987526 0
    -0.6738873  -0.3029054   0.6738873 0
    -0.6330987  -0.4453900   0.6330987 0
    -0.4443376  -0.4443376   0.4443376 0
    -0.4886751  -0.4886751   0.4886751 0
    -0.5330127  -0.5330127   0.5330127 0
    -0.4746881  -0.1133159   0.4746881 0
    -0.4684718  -0.2257264   0.4684718 0
    -0.4582747  -0.3363475   0.4582747 0
    -0.5493763  -0.1266317   0.5493763 0
    -0.5369437  -0.2514527   0.5369437 0
    -0.5165493  -0.3726950   0.5165493 0
    -0.6240644  -0.1399476   0.6240644 0
    -0.6054155  -0.2771791   0.6054155 0
    -0.5748240  -0.4090425   0.5748240 0
    -0.7071068  -0.7071068   0.0000000 0
    -0.6303301  -0.6303301   0.0000000 0
    -0.5535534  -0.5535534   0.0000000 0
    -0.4767767  -0.4767767   0.0000000 0
    -0.6987525  -0.6987525   0.1532634 0
    -0.6738871  -0.6738871   0.3029053 0
    -0.6330986  -0.6330986   0.4453899 0
    -0.4746881  -0.4746881   0.1133159 0
    -0.4684718  -0.4684718   0.2257263 0
    -0.4582746  -0.4582746   0.3363475 0
    -0.5493762  -0.5493762   0.1266317 0
    -0.5369436  -0.5369436   0.2514527 0
    -0.5165493  -0.5165493   0.3726950 0
    -0.6240644  -0.6240644   0.1399476 0
    -0.6054153  -0.6054153   0.2771790 0
    -0.5748239  -0.5748239   0.4090424 0
    -0.9807853  -0.1950903   0.0000000 0
    -0.9238795  -0.3826834   0.0000000 0
    -0.8314696  -0.5555702   0.0000000 0
    -0.9625131  -0.1917923   0.1917923 0
    -0.9075397  -0.1835297   0.3777414 0
    -0.8180993  -0.1705181   0.5492150 0
    -0.9075397  -0.3777414   0.1835297 0
    -0.8587185  -0.3623551   0.3623552 0
    -0.7794082  -0.3370117   0.5281534 0
    -0.8180993  -0.5492150   0.1705181 0
    -0.7794082  -0.5281534   0.3370117 0
    -0.7167937  -0.4930552   0.4930552 0
    -0.5451963  -0.1237726   0.0000000 0
    -0.5309699  -0.2456709   0.0000000 0
    -0.5078674  -0.3638926   0.0000000 0
    -0.6903926  -0.1475452   0.0000000 0
    -0.6619397  -0.2913417   0.0000000 0
    -0.6157348  -0.4277851   0.0000000 0
    -0.8355889  -0.1713177   0.0000000 0
    -0.7929096  -0.3370126   0.0000000 0
    -0.7236022  -0.4916777   0.0000000 0
    -0.5045248  -0.1176295   0.3623037 0
    -0.6090497  -0.1352590   0.4246075 0
    -0.7135745  -0.1528886   0.4869112 0
    -0.4948520  -0.2342529   0.3570383 0
    -0.5897041  -0.2685059   0.4140767 0
    -0.6845561  -0.3027588   0.4711151 0
    -0.4791984  -0.3482638   0.3482638 0
    -0.5583968  -0.3965276   0.3965276 0
    -0.6375952  -0.4447914   0.4447914 0
    -0.5268849  -0.1208824   0.2444353 0
    -0.6537699  -0.1417648   0.2888707 0
    -0.7806548  -0.1626473   0.3333060 0
    -0.5146796  -0.2405888   0.2405888 0
    -0.6293592  -0.2811776   0.2811776 0
    -0.7440389  -0.3217663   0.3217664 0
    -0.4948520  -0.3570383   0.2342529 0
    -0.5897041  -0.4140767   0.2685059 0
    -0.6845561  -0.4711150   0.3027588 0
    -0.5406283  -0.1229481   0.1229481 0
    -0.6812565  -0.1458961   0.1458961 0
    -0.8218848  -0.1688442   0.1688442 0
    -0.5268849  -0.2444353   0.1208824 0
    -0.6537699  -0.2888707   0.1417649 0
    -0.7806548  -0.3333060   0.1626473 0
    -0.5045248  -0.3623037   0.1176295 0
    -0.6090497  -0.4246075   0.1352590 0
    -0.7135745  -0.4869112   0.1528886 0
    -0.1532635  -0.6987526   0.6987526 0
    -0.3029054  -0.6738873   0.6738873 0
    -0.4453900  -0.6330987   0.6330987 0
    -0.1133159  -0.4746881   0.4746881 0
    -0.1266317  -0.5493763   0.5493763 0
    -0.1399476  -0.6240644   0.6240644 0
    -0.2257264  -0.4684718   0.4684718 0
    -0.2514527  -0.5369437   0.5369437 0
    -0.2771791  -0.6054155   0.6054155 0
    -0.3363475  -0.4582747   0.4582747 0
    -0.3726950  -0.5165493   0.5165493 0
    -0.4090425  -0.5748240   0.5748240 0
    -0.1950903  -0.9807853   0.0000000 0
    -0.3826834  -0.9238795   0.0000000 0
    -0.5555702  -0.8314696   0.0000000 0
    -0.1917923  -0.9625131   0.1917923 0
    -0.3777414  -0.9075397   0.1835297 0
    -0.5492150  -0.8180993   0.1705181 0
    -0.1835297  -0.9075397   0.3777414 0
    -0.3623551  -0.8587185   0.3623552 0
    -0.5281534  -0.7794082   0.3370117 0
    -0.1705181  -0.8180993   0.5492150 0
    -0.3370117  -0.7794082   0.5281534 0
    -0.4930552  -0.7167937   0.4930552 0
    -0.1237726  -0.5451963   0.0000000 0
    -0.1475452  -0.6903926   0.0000000 0
    -0.1713177  -0.8355889   0.0000000 0
    -0.2456709  -0.5309699   0.0000000 0
    -0.2913417  -0.6619397   0.0000000 0
    -0.3370126  -0.7929096   0.0000000 0
    -0.3638926  -0.5078674   0.0000000 0
    -0.4277851  -0.6157348   0.0000000 0
    -0.4916777  -0.7236022   0.0000000 0
    -0.1176295  -0.5045248   0.3623037 0
    -0.1352590  -0.6090497   0.4246075 0
    -0.1528886  -0.7135745   0.4869112 0
    -0.1208824  -0.5268849   0.2444353 0
    -0.1417648  -0.6537699   0.2888707 0
    -0.1626473  -0.7806548   0.3333060 0
    -0.1229481  -0.5406283   0.1229481 0
    -0.1458961  -0.6812565   0.1458961 0
    -0.1688442  -0.8218848   0.1688442 0
    -0.2342529  -0.4948520   0.3570383 0
    -0.2685059  -0.5897041   0.4140767 0
    -0.3027588  -0.6845561   0.4711151 0
    -0.2405888  -0.5146796   0.2405888 0
    -0.2811776  -0.6293592   0.2811776 0
    -0.3217663  -0.7440389   0.3217664 0
    -0.2444353  -0.5268849   0.1208824 0
    -0.2888707  -0.6537699   0.1417649 0
    -0.3333060  -0.7806548   0.1626473 0
    -0.3482638  -0.4791984   0.3482638 0
    -0.3965276  -0.5583968   0.3965276 0
    -0.4447914  -0.6375952   0.4447914 0
    -0.3570383  -0.4948520   0.2342529 0
    -0.4140767  -0.5897041   0.2685059 0
    -0.4711150  -0.6845561   0.3027588 0
    -0.3623037  -0.5045248   0.1176295 0
    -0.4246075  -0.6090497   0.1352590 0
    -0.4869112  -0.7135745   0.1528886 0
    -0.1917923  -0.1917923   0.9625131 0
    -0.1835297  -0.3777414   0.9075397 0
    -0.1705181  -0.5492150   0.8180993 0
    -0.3777414  -0.1835297   0.9075397 0
    -0.3623551  -0.3623552   0.8587185 0
    -0.3370117  -0.5281534   0.7794082 0
    -0.5492150  -0.1705181   0.8180993 0
    -0.5281534  -0.3370117   0.7794082 0
    -0.4930552  -0.4930552   0.7167937 0
    -0.1176295  -0.3623037   0.5045248 0
    -0.1352590  -0.4246075   0.6090497 0
    -0.1528886  -0.4869112   0.7135745 0
    -0.2342529  -0.3570383   0.4948520 0
    -0.2685059  -0.4140767   0.5897041 0
    -0.3027588  -0.4711151   0.6845561 0
    -0.3482638  -0.3482638   0.4791984 0
    -0.3965276  -0.3965276   0.5583968 0
    -0.4447914  -0.4447914   0.6375952 0
    -0.1208824  -0.2444353   0.5268849 0
    -0.1417648  -0.2888707   0.6537699 0
    -0.1626473  -0.3333060   0.7806548 0
    -0.2405888  -0.2405888   0.5146796 0
    -0.2811776  -0.2811776   0.6293592 0
    -0.3217663  -0.3217664   0.7440389 0
    -0.3570383  -0.2342529   0.4948520 0
    -0.4140767  -0.2685059   0.5897041 0
    -0.4711150  -0.3027588   0.6845561 0
    -0.1229481  -0.1229481   0.5406283 0
    -0.1458961  -0.1458961   0.6812565 0
    -0.1688442  -0.1688442   0.8218848 0
    -0.2444353  -0.1208824   0.5268849 0
    -0.2888707  -0.1417649   0.6537699 0
    -0.3333060  -0.1626473   0.7806548 0
    -0.3623037  -0.1176295   0.5045248 0
    -0.4246075  -0.1352590   0.6090497 0
    -0.4869112  -0.1528886   0.7135745 0
    -0.4000000  -0.4000000  -0.4000000 0
    -0.3000000  -0.4000000  -0.4000000 0
    -0.2000000  -0.4000000  -0.4000000 0
    -0.1000000  -0.4000000  -0.4000000 0
    -0.4000000  -0.1000000  -0.4000000 0
    -0.4000000  -0.2000000  -0.4000000 0
    -0.4000000  -0.3000000  -0.4000000 0
    -0.1000000  -0.1000000  -0.4000000 0
    -0.2000000  -0.1000000  -0.4000000 0
    -0.3000000  -0.1000000  -0.4000000 0
    -0.1000000  -0.2000000  -0.4000000 0
    -0.2000000  -0.2000000  -0.4000000 0
    -0.3000000  -0.2000000  -0.4000000 0
    -0.1000000  -0.3000000  -0.4000000 0
    -0.2000000  -0.3000000  -0.4000000 0
    -0.3000000  -0.3000000  -0.4000000 0
    -0.4000000  -0.4000000  -0.1000000 0
    -0.4000000  -0.4000000  -0.2000000 0
    -0.4000000  -0.4000000  -0.3000000 0
    -0.1000000  -0.4000000  -0.3000000 0
    -0.2000000  -0.4000000  -0.3000000 0
    -0.3000000  -0.4000000  -0.3000000 0
    -0.1000000  -0.4000000  -0.2000000 0
    -0.2000000  -0.4000000  -0.2000000 0
    -0.3000000  -0.4000000  -0.2000000 0
    -0.1000000  -0.4000000  -0.1000000 0
    -0.2000000  -0.4000000  -0.1000000 0
    -0.3000000  -0.4000000  -0.1000000 0
    -0.4000000  -0.1000000  -0.3000000 0
    -0.4000000  -0.1000000  -0.2000000 0
    -0.4000000  -0.1000000  -0.1000000 0
    -0.4000000  -0.2000000  -0.3000000 0
    -0.4000000  -0.2000000  -0.2000000 0
    -0.4000000  -0.2000000  -0.1000000 0
    -0.4000000  -0.3000000  -0.3000000 0
    -0.4000000  -0.3000000  -0.2000000 0
    -0.4000000  -0.3000000  -0.1000000 0
    -0.1000000  -0.1000000  -0.1000000 0
    -0.1000000  -0.1000000  -0.2000000 0
    -0.1000000  -0.1000000  -0.3000000 0
    -0.2000000  -0.1000000  -0.1000000 0
    -0.2000000  -0.1000000  -0.2000000 0
    -0.2000000  -0.1000000  -0.3000000 0
    -0.3000000  -0.1000000  -0.1000000 0
    -0.3000000  -0.1000000  -0.2000000 0
    -0.3000000  -0.1000000  -0.3000000 0
    -0.1000000  -0.2000000  -0.1000000 0
    -0.1000000  -0.2000000  -0.2000000 0
    -0.1000000  -0.2000000  -0.3000000 0
    -0.2000000  -0.2000000  -0.1000000 0
    -0.2000000  -0.2000000  -0.2000000 0
    -0.2000000  -0.2000000  -0.3000000 0
    -0.3000000  -0.2000000  -0.1000000 0
    -0.3000000  -0.2000000  -0.2000000 0
    -0.3000000  -0.2000000  -0.3000000 0
    -0.1000000  -0.3000000  -0.1000000 0
    -0.1000000  -0.3000000  -0.2000000 0
    -0.1000000  -0.3000000  -0.3000000 0
    -0.2000000  -0.3000000  -0.1000000 0
    -0.2000000  -0.3000000  -0.2000000 0
    -0.2000000  -0.3000000  -0.3000000 0
    -0.3000000  -0.3000000  -0.1000000 0
    -0.3000000  -0.3000000  -0.2000000 0
    -0.3000000  -0.3000000  -0.3000000 0
    -0.5773503  -0.5773503  -0.5773503 0
    -0.4443376  -0.4443376  -0.4443376 0
    -0.4886751  -0.4886751  -0.4886751 0
    -0.5330127  -0.5330127  -0.5330127 0
    -0.6987526  -0.1532635  -0.6987526 0
    -0.6738873  -0.3029054  -0.6738873 0
    -0.6330987  -0.4453900  -0.6330987 0
    -0.4746881  -0.1133159  -0.4746881 0
    -0.5493763  -0.1266317  -0.5493763 0
    -0.6240644  -0.1399476  -0.6240644 0
    -0.4684718  -0.2257264  -0.4684718 0
    -0.5369437  -0.2514527  -0.5369437 0
    -0.6054155  -0.2771791  -0.6054155 0
    -0.4582747  -0.3363475  -0.4582747 0
    -0.5165493  -0.3726950  -0.5165493 0
    -0.5748240  -0.4090425  -0.5748240 0
    -0.6987525  -0.6987525  -0.1532634 0
    -0.6738871  -0.6738871  -0.3029053 0
    -0.6330986  -0.6330986  -0.4453899 0
    -0.4746881  -0.4746881  -0.1133159 0
    -0.5493762  -0.5493762  -0.1266317 0
    -0.6240644  -0.6240644  -0.1399476 0
    -0.4684718  -0.4684718  -0.2257263 0
    -0.5369436  -0.5369436  -0.2514527 0
    -0.6054153  -0.6054153  -0.2771790 0
    -0.4582746  -0.4582746  -0.3363475 0
    -0.5165493  -0.5165493  -0.3726950 0
    -0.5748239  -0.5748239  -0.4090424 0
    -0.9625131  -0.1917923  -0.1917923 0
    -0.9075397  -0.3777414  -0.1835297 0
    -0.8180993  -0.5492150  -0.1705181 0
    -0.9075397  -0.1835297  -0.3777414 0
    -0.8587185  -0.3623551  -0.3623552 0
    -0.7794082  -0.5281534  -0.3370117 0
    -0.8180993  -0.1705181  -0.5492150 0
    -0.7794082  -0.3370117  -0.5281534 0
    -0.7167937  -0.4930552  -0.4930552 0
    -0.5045248  -0.1176295  -0.3623037 0
    -0.6090497  -0.1352590  -0.4246075 0
    -0.7135745  -0.1528886  -0.4869112 0
    -0.5268849  -0.1208824  -0.2444353 0
    -0.6537699  -0.1417648  -0.2888707 0
    -0.7806548  -0.1626473  -0.3333060 0
    -0.5406283  -0.1229481  -0.1229481 0
    -0.6812565  -0.1458961  -0.1458961 0
    -0.8218848  -0.1688442  -0.1688442 0
    -0.4948520  -0.2342529  -0.3570383 0
    -0.5897041  -0.2685059  -0.4140767 0
    -0.6845561  -0.3027588  -0.4711151 0
    -0.5146796  -0.2405888  -0.2405888 0
    -0.6293592  -0.2811776  -0.2811776 0
    -0.7440389  -0.3217663  -0.3217664 0
    -0.5268849  -0.2444353  -0.1208824 0
    -0.6537699  -0.2888707  -0.1417649 0
    -0.7806548  -0.3333060  -0.1626473 0
    -0.4791984  -0.3482638  -0.3482638 0
    -0.5583968  -0.3965276  -0.3965276 0
    -0.6375952  -0.4447914  -0.4447914 0
    -0.4948520  -0.3570383  -0.2342529 0
    -0.5897041  -0.4140767  -0.2685059 0
    -0.6845561  -0.4711150  -0.3027588 0
    -0.5045248  -0.3623037  -0.1176295 0
    -0.6090497  -0.4246075  -0.1352590 0
    -0.7135745  -0.4869112  -0.1528886 0
    -0.1532635  -0.6987526  -0.6987526 0
    -0.3029054  -0.6738873  -0.6738873 0
    -0.4453900  -0.6330987  -0.6330987 0
    -0.1133159  -0.4746881  -0.4746881 0
    -0.2257264  -0.4684718  -0.4684718 0
    -0.3363475  -0.4582747  -0.4582747 0
    -0.1266317  -0.5493763  -0.5493763 0
    -0.2514527  -0.5369437  -0.5369437 0
    -0.3726950  -0.5165493  -0.5165493 0
    -0.1399476  -0.6240644  -0.6240644 0
    -0.2771791  -0.6054155  -0.6054155 0
    -0.4090425  -0.5748240  -0.5748240 0
    -0.1917923  -0.9625131  -0.1917923 0
    -0.1835297  -0.9075397  -0.3777414 0
    -0.1705181  -0.8180993  -0.5492150 0
    -0.3777414  -0.9075397  -0.1835297 0
    -0.3623551  -0.8587185  -0.3623552 0
    -0.3370117  -0.7794082  -0.5281534 0
    -0.5492150  -0.8180993  -0.1705181 0
    -0.5281534  -0.7794082  -0.3370117 0
    -0.4930552  -0.7167937  -0.4930552 0
    -0.1176295  -0.5045248  -0.3623037 0
    -0.1352590  -0.6090497  -0.4246075 0
    -0.1528886  -0.7135745  -0.4869112 0
    -0.2342529  -0.4948520  -0.3570383 0
    -0.2685059  -0.5897041  -0.4140767 0
    -0.3027588  -0.6845561  -0.4711151 0
    -0.3482638  -0.4791984  -0.3482638 0
    -0.3965276  -0.5583968  -0.3965276 0
    -0.4447914  -0.6375952  -0.4447914 0
    -0.1208824  -0.5268849  -0.2444353 0
    -0.1417648  -0.6537699  -0.2888707 0
    -0.1626473  -0.7806548  -0.3333060 0
    -0.2405888  -0.5146796  -0.2405888 0
    -0.2811776  -0.6293592  -0.2811776 0
    -0.3217663  -0.7440389  -0.3217664 0
    -0.3570383  -0.4948520  -0.2342529 0
    -0.4140767  -0.5897041  -0.2685059 0
    -0.4711150  -0.6845561  -0.3027588 0
    -0.1229481  -0.5406283  -0.1229481 0
    -0.1458961  -0.6812565  -0.1458961 0
    -0.1688442  -0.8218848  -0.1688442 0
    -0.2444353  -0.5268849  -0.1208824 0
    -0.2888707  -0.6537699  -0.1417649 0
    -0.3333060  -0.7806548  -0.1626473 0
    -0.3623037  -0.5045248  -0.1176295 0
    -0.4246075  -0.6090497  -0.1352590 0
    -0.4869112  -0.7135745  -0.1528886 0
    -0.1917923  -0.1917923  -0.9625131 0
    -0.3777414  -0.1835297  -0.9075397 0
    -0.5492150  -0.1705181  -0.8180993 0
    -0.1835297  -0.3777414  -0.9075397 0
    -0.3623551  -0.3623552  -0.8587185 0
    -0.5281534  -0.3370117  -0.7794082 0
    -0.1705181  -0.5492150  -0.8180993 0
    -0.3370117  -0.5281534  -0.7794082 0
    -0.4930552  -0.4930552  -0.7167937 0
    -0.1176295  -0.3623037  -0.5045248 0
    -0.1352590  -0.4246075  -0.6090497 0
    -0.1528886  -0.4869112  -0.7135745 0
    -0.1208824  -0.2444353  -0.5268849 0
    -0.1417648  -0.2888707  -0.6537699 0
    -0.1626473  -0.3333060  -0.7806548 0
    -0.1229481  -0.1229481  -0.5406283 0
    -0.1458961  -0.1458961  -0.6812565 0
    -0.1688442  -0.1688442  -0.8218848 0
    -0.2342529  -0.3570383  -0.4948520 0
    -0.2685059  -0.4140767  -0.5897041 0
    -0.3027588  -0.4711151  -0.6845561 0
    -0.2405888  -0.2405888  -0.5146796 0
    -0.2811776  -0.2811776  -0.6293592 0
    -0.3217663  -0.3217664  -0.7440389 0
    -0.2444353  -0.1208824  -0.5268849 0
    -0.2888707  -0.1417649  -0.6537699 0
    -0.3333060  -0.1626473  -0.7806548 0
    -0.3482638  -0.3482638  -0.4791984 0
    -0.3965276  -0.3965276  -0.5583968 0
    -0.4447914  -0.4447914  -0.6375952 0
    -0.3570383  -0.2342529  -0.4948520 0
    -0.4140767  -0.2685059  -0.5897041 0
    -0.4711150  -0.3027588  -0.6845561 0
    -0.3623037  -0.1176295  -0.5045248 0
    -0.4246075  -0.1352590  -0.6090497 0
    -0.4869112  -0.1528886  -0.7135745 0
