1	 0.000000	 0.000000	
2	 0.053333	 0.000000	
3	 0.106667	 0.000000	
4	 0.160000	 0.000000	
5	 0.213333	 0.000000	
6	 0.266667	 0.000000	
7	 0.320000	 0.000000	
8	 0.373333	 0.000000	
9	 0.426667	 0.000000	
10	 0.480000	 0.000000	
11	 0.533333	 0.000000	
12	 0.586667	 0.000000	
13	 0.640000	 0.000000	
14	 0.693333	 0.000000	
15	 0.746667	 0.000000	
16	 0.800000	 0.000000	
17	 0.000000	 0.010600	
18	 0.053333	 0.010600	
19	 0.106667	 0.010600	
20	 0.160000	 0.010600	
21	 0.213333	 0.010600	
22	 0.266667	 0.010600	
23	 0.320000	 0.010600	
24	 0.373333	 0.010600	
25	 0.426667	 0.010600	
26	 0.480000	 0.010600	
27	 0.533333	 0.010600	
28	 0.586667	 0.010600	
29	 0.640000	 0.010600	
30	 0.693333	 0.010600	
31	 0.746667	 0.010600	
32	 0.800000	 0.010600	
33	 0.000000	 0.021200	
34	 0.053333	 0.021200	
35	 0.106667	 0.021200	
36	 0.160000	 0.021200	
37	 0.213333	 0.021200	
38	 0.266667	 0.021200	
39	 0.320000	 0.021200	
40	 0.373333	 0.021200	
41	 0.426667	 0.021200	
42	 0.480000	 0.021200	
43	 0.533333	 0.021200	
44	 0.586667	 0.021200	
45	 0.640000	 0.021200	
46	 0.693333	 0.021200	
47	 0.746667	 0.021200	
48	 0.800000	 0.021200	
