1	 1	 2	 13	 16	 0
2	 16	 13	 14	 15	 0
3	 15	 14	 3	 4	 0
4	 2	 1	 17	 42	 0
5	 42	 17	 18	 41	 0
6	 41	 18	 19	 40	 0
7	 40	 19	 20	 39	 0
8	 39	 20	 21	 38	 0
9	 38	 21	 22	 37	 0
10	 37	 22	 23	 36	 0
11	 36	 23	 24	 35	 0
12	 35	 24	 25	 34	 0
13	 34	 25	 26	 33	 0
14	 33	 26	 27	 32	 0
15	 32	 27	 28	 31	 0
16	 31	 28	 29	 30	 0
17	 30	 29	 5	 6	 0
18	 4	 3	 43	 70	 0
19	 70	 43	 44	 69	 0
20	 69	 44	 45	 68	 0
21	 68	 45	 46	 67	 0
22	 67	 46	 47	 66	 0
23	 66	 47	 48	 65	 0
24	 65	 48	 49	 64	 0
25	 64	 49	 50	 63	 0
26	 63	 50	 51	 62	 0
27	 62	 51	 52	 61	 0
28	 61	 52	 53	 60	 0
29	 60	 53	 54	 59	 0
30	 59	 54	 55	 58	 0
31	 58	 55	 56	 57	 0
32	 57	 56	 7	 8	 0
33	 9	 10	 71	 96	 0
34	 96	 71	 72	 95	 0
35	 95	 72	 73	 94	 0
36	 94	 73	 74	 93	 0
37	 93	 74	 75	 92	 0
38	 92	 75	 76	 91	 0
39	 91	 76	 77	 90	 0
40	 90	 77	 78	 89	 0
41	 89	 78	 79	 88	 0
42	 88	 79	 80	 87	 0
43	 87	 80	 81	 86	 0
44	 86	 81	 82	 85	 0
45	 85	 82	 83	 84	 0
46	 84	 83	 6	 5	 0
47	 11	 12	 97	 124	 0
48	 124	 97	 98	 123	 0
49	 123	 98	 99	 122	 0
50	 122	 99	 100	 121	 0
51	 121	 100	 101	 120	 0
52	 120	 101	 102	 119	 0
53	 119	 102	 103	 118	 0
54	 118	 103	 104	 117	 0
55	 117	 104	 105	 116	 0
56	 116	 105	 106	 115	 0
57	 115	 106	 107	 114	 0
58	 114	 107	 108	 113	 0
59	 113	 108	 109	 112	 0
60	 112	 109	 110	 111	 0
61	 111	 110	 8	 7	 0
62	 10	 9	 125	 128	 0
63	 128	 125	 126	 127	 0
64	 127	 126	 12	 11	 0
