1	 0.136214	 -0.491682	
2	 0.130067	 -0.442161	
3	 -0.057314	 -0.448489	
4	 -0.061092	 -0.498337	
5	 0.749996	 -0.001459	
6	 0.699997	 -0.001198	
7	 -0.700000	 0.000000	
8	 -0.750000	 0.000000	
9	 0.134779	 0.491857	
10	 0.128216	 0.442385	
11	 -0.057234	 0.448493	
12	 -0.060323	 0.498378	
13	 0.067944	 -0.447875	
14	 0.004374	 -0.449991	
15	 0.005811	 -0.499985	
16	 0.072155	 -0.497678	
17	 0.197966	 -0.482281	
18	 0.258348	 -0.469387	
19	 0.317036	 -0.453031	
20	 0.373983	 -0.433210	
21	 0.429291	 -0.409768	
22	 0.482781	 -0.382538	
23	 0.534118	 -0.351278	
24	 0.581586	 -0.315993	
25	 0.625117	 -0.275502	
26	 0.664120	 -0.229771	
27	 0.697726	 -0.179194	
28	 0.724650	 -0.124000	
29	 0.742983	 -0.064425	
30	 0.694241	 -0.054990	
31	 0.678720	 -0.107010	
32	 0.655193	 -0.156164	
33	 0.625123	 -0.201646	
34	 0.589704	 -0.242663	
35	 0.549395	 -0.279220	
36	 0.505070	 -0.311607	
37	 0.457419	 -0.340487	
38	 0.407332	 -0.365813	
39	 0.355288	 -0.387628	
40	 0.301396	 -0.406111	
41	 0.246203	 -0.421249	
42	 0.188802	 -0.433333	
43	 -0.116518	 -0.443719	
44	 -0.174445	 -0.435809	
45	 -0.231206	 -0.424753	
46	 -0.286983	 -0.410415	
47	 -0.341650	 -0.392674	
48	 -0.394951	 -0.371385	
49	 -0.446554	 -0.346379	
50	 -0.496044	 -0.317485	
51	 -0.542728	 -0.284534	
52	 -0.585349	 -0.247052	
53	 -0.622724	 -0.204762	
54	 -0.654110	 -0.158010	
55	 -0.678504	 -0.107499	
56	 -0.694345	 -0.054423	
57	 -0.743159	 -0.063663	
58	 -0.724400	 -0.124705	
59	 -0.696448	 -0.181461	
60	 -0.661351	 -0.233432	
61	 -0.620319	 -0.280453	
62	 -0.574008	 -0.322152	
63	 -0.523582	 -0.358181	
64	 -0.470559	 -0.389199	
65	 -0.415662	 -0.415964	
66	 -0.359228	 -0.438746	
67	 -0.301553	 -0.457731	
68	 -0.242896	 -0.473054	
69	 -0.183507	 -0.484813	
70	 -0.122713	 -0.493258	
71	 0.186954	 0.433663	
72	 0.243654	 0.421862	
73	 0.298592	 0.406969	
74	 0.352111	 0.388828	
75	 0.404146	 0.367272	
76	 0.454446	 0.342124	
77	 0.502628	 0.313218	
78	 0.547967	 0.280371	
79	 0.589259	 0.243117	
80	 0.625427	 0.201244	
81	 0.655791	 0.155110	
82	 0.679366	 0.105343	
83	 0.694682	 0.052804	
84	 0.743524	 0.061849	
85	 0.725375	 0.122176	
86	 0.698309	 0.178181	
87	 0.664318	 0.229510	
88	 0.624572	 0.276070	
89	 0.579685	 0.317561	
90	 0.530662	 0.353575	
91	 0.478979	 0.384639	
92	 0.425436	 0.411549	
93	 0.370356	 0.434597	
94	 0.314006	 0.453972	
95	 0.256588	 0.469818	
96	 0.197144	 0.482431	
97	 -0.124355	 0.493076	
98	 -0.186220	 0.484354	
99	 -0.246644	 0.472188	
100	 -0.305950	 0.456425	
101	 -0.365565	 0.436405	
102	 -0.422605	 0.412845	
103	 -0.477704	 0.385339	
104	 -0.528466	 0.355015	
105	 -0.578927	 0.318178	
106	 -0.622407	 0.278320	
107	 -0.661810	 0.232837	
108	 -0.696140	 0.181988	
109	 -0.723838	 0.126093	
110	 -0.742870	 0.065016	
111	 -0.694137	 0.055434	
112	 -0.678018	 0.108732	
113	 -0.653728	 0.158671	
114	 -0.622966	 0.204450	
115	 -0.586626	 0.245779	
116	 -0.545653	 0.282227	
117	 -0.499711	 0.315122	
118	 -0.451266	 0.343851	
119	 -0.399933	 0.369171	
120	 -0.346473	 0.390918	
121	 -0.291058	 0.409224	
122	 -0.234795	 0.423938	
123	 -0.177406	 0.435316	
124	 -0.118297	 0.443525	
125	 0.071284	 0.497734	
126	 0.004560	 0.499991	
127	 0.005203	 0.449988	
128	 0.067678	 0.447891	
