    1  0.000000  0.100000  0.000000  0
    2  0.000000  0.000000  0.000000  0
    3  0.000000  0.066667  0.000000  0
    4  0.000000  0.033333  0.000000  0
    5  0.100000  0.100000  0.000000  0
    6  0.066667  0.100000  0.000000  0
    7  0.033333  0.100000  0.000000  0
    8  0.100000  0.000000  0.000000  0
    9  0.100000  0.033333  0.000000  0
   10  0.100000  0.066667  0.000000  0
   11  0.033333  0.000000  0.000000  0
   12  0.066667  0.000000  0.000000  0
   13  0.033333  0.033333  0.000000  0
   14  0.066667  0.033333  0.000000  0
   15  0.033333  0.066667  0.000000  0
   16  0.066667  0.066667  0.000000  0
   17  0.000000  0.000000  0.100000  0
   18  0.100000  0.000000  0.100000  0
   19  0.033333  0.000000  0.100000  0
   20  0.066667  0.000000  0.100000  0
   21  0.100000  0.100000  0.100000  0
   22  0.100000  0.033333  0.100000  0
   23  0.100000  0.066667  0.100000  0
   24  0.000000  0.100000  0.100000  0
   25  0.066667  0.100000  0.100000  0
   26  0.033333  0.100000  0.100000  0
   27  0.000000  0.066667  0.100000  0
   28  0.000000  0.033333  0.100000  0
   29  0.033333  0.033333  0.100000  0
   30  0.033333  0.066667  0.100000  0
   31  0.066667  0.033333  0.100000  0
   32  0.066667  0.066667  0.100000  0
   33  0.000000  0.000000  0.066667  0
   34  0.000000  0.000000  0.033333  0
   35  0.100000  0.000000  0.033333  0
   36  0.100000  0.000000  0.066667  0
   37  0.033333  0.000000  0.066667  0
   38  0.066667  0.000000  0.066667  0
   39  0.033333  0.000000  0.033333  0
   40  0.066667  0.000000  0.033333  0
   41  0.100000  0.100000  0.033333  0
   42  0.100000  0.100000  0.066667  0
   43  0.000000  0.100000  0.066667  0
   44  0.000000  0.100000  0.033333  0
   45  0.033333  0.100000  0.066667  0
   46  0.033333  0.100000  0.033333  0
   47  0.066667  0.100000  0.066667  0
   48  0.066667  0.100000  0.033333  0
   49  0.000000  0.033333  0.066667  0
   50  0.000000  0.033333  0.033333  0
   51  0.000000  0.066667  0.066667  0
   52  0.000000  0.066667  0.033333  0
   53  0.100000  0.033333  0.066667  0
   54  0.100000  0.066667  0.066667  0
   55  0.100000  0.033333  0.033333  0
   56  0.100000  0.066667  0.033333  0
   57  0.033333  0.033333  0.033333  0
   58  0.033333  0.033333  0.066667  0
   59  0.033333  0.066667  0.033333  0
   60  0.033333  0.066667  0.066667  0
   61  0.066667  0.033333  0.033333  0
   62  0.066667  0.033333  0.066667  0
   63  0.066667  0.066667  0.033333  0
   64  0.066667  0.066667  0.066667  0
   65  0.176777  0.000000  0.176777  0
   66  0.151184  0.000000  0.151184  0
   67  0.125592  0.000000  0.125592  0
   68  0.144338  0.144338  0.144338  0
   69  0.173069  0.050931  0.173069  0
   70  0.162103  0.099726  0.162103  0
   71  0.114779  0.114779  0.114779  0
   72  0.129558  0.129558  0.129558  0
   73  0.124356  0.039199  0.124356  0
   74  0.120701  0.077686  0.120701  0
   75  0.148713  0.045065  0.148713  0
   76  0.141402  0.088706  0.141402  0
   77  0.176777  0.176777  0.000000  0
   78  0.151184  0.151184  0.000000  0
   79  0.125592  0.125592  0.000000  0
   80  0.173069  0.173069  0.050931  0
   81  0.162103  0.162103  0.099726  0
   82  0.124356  0.124356  0.039199  0
   83  0.120701  0.120701  0.077686  0
   84  0.148713  0.148713  0.045065  0
   85  0.141402  0.141402  0.088706  0
   86  0.250000  0.000000  0.000000  0
   87  0.241481  0.064705  0.000000  0
   88  0.216506  0.125000  0.000000  0
   89  0.241481  0.000000  0.064705  0
   90  0.216506  0.000000  0.125000  0
   91  0.233582  0.063006  0.063006  0
   92  0.210102  0.058310  0.122300  0
   93  0.210102  0.122300  0.058310  0
   94  0.191466  0.113668  0.113668  0
   95  0.150000  0.000000  0.000000  0
   96  0.200000  0.000000  0.000000  0
   97  0.147160  0.000000  0.043790  0
   98  0.138835  0.000000  0.086111  0
   99  0.194321  0.000000  0.054248  0
  100  0.177671  0.000000  0.105556  0
  101  0.147160  0.043790  0.000000  0
  102  0.138835  0.086111  0.000000  0
  103  0.194321  0.054248  0.000000  0
  104  0.177671  0.105556  0.000000  0
  105  0.136701  0.041659  0.085211  0
  106  0.173401  0.049985  0.103755  0
  107  0.130489  0.082334  0.082334  0
  108  0.160977  0.098001  0.098001  0
  109  0.144527  0.043224  0.043224  0
  110  0.189055  0.053115  0.053115  0
  111  0.136701  0.085211  0.041659  0
  112  0.173401  0.103755  0.049985  0
  113  0.000000  0.176777  0.176777  0
  114  0.050931  0.173069  0.173069  0
  115  0.099726  0.162103  0.162103  0
  116  0.000000  0.151184  0.151184  0
  117  0.000000  0.125592  0.125592  0
  118  0.039199  0.124356  0.124356  0
  119  0.045065  0.148713  0.148713  0
  120  0.077686  0.120701  0.120701  0
  121  0.088706  0.141402  0.141402  0
  122  0.000000  0.250000  0.000000  0
  123  0.000000  0.241481  0.064705  0
  124  0.000000  0.216506  0.125000  0
  125  0.064705  0.241481  0.000000  0
  126  0.125000  0.216506  0.000000  0
  127  0.063006  0.233582  0.063006  0
  128  0.122300  0.210102  0.058310  0
  129  0.058310  0.210102  0.122300  0
  130  0.113668  0.191466  0.113668  0
  131  0.000000  0.150000  0.000000  0
  132  0.000000  0.200000  0.000000  0
  133  0.000000  0.147160  0.043790  0
  134  0.000000  0.194321  0.054248  0
  135  0.000000  0.138835  0.086111  0
  136  0.000000  0.177671  0.105556  0
  137  0.043790  0.147160  0.000000  0
  138  0.054248  0.194321  0.000000  0
  139  0.086111  0.138835  0.000000  0
  140  0.105556  0.177671  0.000000  0
  141  0.041659  0.136701  0.085211  0
  142  0.049985  0.173401  0.103755  0
  143  0.043224  0.144527  0.043224  0
  144  0.053115  0.189055  0.053115  0
  145  0.082334  0.130489  0.082334  0
  146  0.098001  0.160977  0.098001  0
  147  0.085211  0.136701  0.041659  0
  148  0.103755  0.173401  0.049985  0
  149  0.000000  0.000000  0.250000  0
  150  0.064705  0.000000  0.241481  0
  151  0.125000  0.000000  0.216506  0
  152  0.000000  0.064705  0.241481  0
  153  0.000000  0.125000  0.216506  0
  154  0.063006  0.063006  0.233582  0
  155  0.058310  0.122300  0.210102  0
  156  0.122300  0.058310  0.210102  0
  157  0.113668  0.113668  0.191466  0
  158  0.000000  0.000000  0.150000  0
  159  0.000000  0.000000  0.200000  0
  160  0.000000  0.043790  0.147160  0
  161  0.000000  0.086111  0.138835  0
  162  0.000000  0.054248  0.194321  0
  163  0.000000  0.105556  0.177671  0
  164  0.043790  0.000000  0.147160  0
  165  0.086111  0.000000  0.138835  0
  166  0.054248  0.000000  0.194321  0
  167  0.105556  0.000000  0.177671  0
  168  0.041659  0.085211  0.136701  0
  169  0.049985  0.103755  0.173401  0
  170  0.082334  0.082334  0.130489  0
  171  0.098001  0.098001  0.160977  0
  172  0.043224  0.043224  0.144527  0
  173  0.053115  0.053115  0.189055  0
  174  0.085211  0.041659  0.136701  0
  175  0.103755  0.049985  0.173401  0
  176  0.000000  0.100000 -0.100000  0
  177  0.000000  0.000000 -0.100000  0
  178  0.000000  0.066667 -0.100000  0
  179  0.000000  0.033333 -0.100000  0
  180  0.100000  0.100000 -0.100000  0
  181  0.066667  0.100000 -0.100000  0
  182  0.033333  0.100000 -0.100000  0
  183  0.100000  0.000000 -0.100000  0
  184  0.100000  0.033333 -0.100000  0
  185  0.100000  0.066667 -0.100000  0
  186  0.033333  0.000000 -0.100000  0
  187  0.066667  0.000000 -0.100000  0
  188  0.033333  0.033333 -0.100000  0
  189  0.066667  0.033333 -0.100000  0
  190  0.033333  0.066667 -0.100000  0
  191  0.066667  0.066667 -0.100000  0
  192  0.100000  0.000000 -0.033333  0
  193  0.100000  0.000000 -0.066667  0
  194  0.000000  0.000000 -0.066667  0
  195  0.000000  0.000000 -0.033333  0
  196  0.033333  0.000000 -0.066667  0
  197  0.033333  0.000000 -0.033333  0
  198  0.066667  0.000000 -0.066667  0
  199  0.066667  0.000000 -0.033333  0
  200  0.000000  0.100000 -0.066667  0
  201  0.000000  0.100000 -0.033333  0
  202  0.100000  0.100000 -0.033333  0
  203  0.100000  0.100000 -0.066667  0
  204  0.033333  0.100000 -0.066667  0
  205  0.066667  0.100000 -0.066667  0
  206  0.033333  0.100000 -0.033333  0
  207  0.066667  0.100000 -0.033333  0
  208  0.000000  0.033333 -0.066667  0
  209  0.000000  0.066667 -0.066667  0
  210  0.000000  0.033333 -0.033333  0
  211  0.000000  0.066667 -0.033333  0
  212  0.100000  0.033333 -0.066667  0
  213  0.100000  0.033333 -0.033333  0
  214  0.100000  0.066667 -0.066667  0
  215  0.100000  0.066667 -0.033333  0
  216  0.033333  0.033333 -0.033333  0
  217  0.033333  0.033333 -0.066667  0
  218  0.066667  0.033333 -0.033333  0
  219  0.066667  0.033333 -0.066667  0
  220  0.033333  0.066667 -0.033333  0
  221  0.033333  0.066667 -0.066667  0
  222  0.066667  0.066667 -0.033333  0
  223  0.066667  0.066667 -0.066667  0
  224  0.144338  0.144338 -0.144338  0
  225  0.114779  0.114779 -0.114779  0
  226  0.129558  0.129558 -0.129558  0
  227  0.176777  0.000000 -0.176777  0
  228  0.173069  0.050931 -0.173069  0
  229  0.162103  0.099726 -0.162103  0
  230  0.151184  0.000000 -0.151184  0
  231  0.125592  0.000000 -0.125592  0
  232  0.124356  0.039199 -0.124356  0
  233  0.148713  0.045065 -0.148713  0
  234  0.120701  0.077686 -0.120701  0
  235  0.141402  0.088706 -0.141402  0
  236  0.173069  0.173069 -0.050931  0
  237  0.162103  0.162103 -0.099726  0
  238  0.124356  0.124356 -0.039199  0
  239  0.148713  0.148713 -0.045065  0
  240  0.120701  0.120701 -0.077686  0
  241  0.141402  0.141402 -0.088706  0
  242  0.241481  0.000000 -0.064705  0
  243  0.216506  0.000000 -0.125000  0
  244  0.233582  0.063006 -0.063006  0
  245  0.210102  0.122300 -0.058310  0
  246  0.210102  0.058310 -0.122300  0
  247  0.191466  0.113668 -0.113668  0
  248  0.147160  0.000000 -0.043790  0
  249  0.194321  0.000000 -0.054248  0
  250  0.138835  0.000000 -0.086111  0
  251  0.177671  0.000000 -0.105556  0
  252  0.136701  0.041659 -0.085211  0
  253  0.173401  0.049985 -0.103755  0
  254  0.144527  0.043224 -0.043224  0
  255  0.189055  0.053115 -0.053115  0
  256  0.130489  0.082334 -0.082334  0
  257  0.160977  0.098001 -0.098001  0
  258  0.136701  0.085211 -0.041659  0
  259  0.173401  0.103755 -0.049985  0
  260  0.000000  0.176777 -0.176777  0
  261  0.000000  0.151184 -0.151184  0
  262  0.000000  0.125592 -0.125592  0
  263  0.050931  0.173069 -0.173069  0
  264  0.099726  0.162103 -0.162103  0
  265  0.039199  0.124356 -0.124356  0
  266  0.077686  0.120701 -0.120701  0
  267  0.045065  0.148713 -0.148713  0
  268  0.088706  0.141402 -0.141402  0
  269  0.000000  0.241481 -0.064705  0
  270  0.000000  0.216506 -0.125000  0
  271  0.063006  0.233582 -0.063006  0
  272  0.058310  0.210102 -0.122300  0
  273  0.122300  0.210102 -0.058310  0
  274  0.113668  0.191466 -0.113668  0
  275  0.000000  0.147160 -0.043790  0
  276  0.000000  0.138835 -0.086111  0
  277  0.000000  0.194321 -0.054248  0
  278  0.000000  0.177671 -0.105556  0
  279  0.041659  0.136701 -0.085211  0
  280  0.049985  0.173401 -0.103755  0
  281  0.082334  0.130489 -0.082334  0
  282  0.098001  0.160977 -0.098001  0
  283  0.043224  0.144527 -0.043224  0
  284  0.053115  0.189055 -0.053115  0
  285  0.085211  0.136701 -0.041659  0
  286  0.103755  0.173401 -0.049985  0
  287  0.000000  0.000000 -0.250000  0
  288  0.000000  0.064705 -0.241481  0
  289  0.000000  0.125000 -0.216506  0
  290  0.064705  0.000000 -0.241481  0
  291  0.125000  0.000000 -0.216506  0
  292  0.063006  0.063006 -0.233582  0
  293  0.122300  0.058310 -0.210102  0
  294  0.058310  0.122300 -0.210102  0
  295  0.113668  0.113668 -0.191466  0
  296  0.000000  0.000000 -0.150000  0
  297  0.000000  0.000000 -0.200000  0
  298  0.000000  0.043790 -0.147160  0
  299  0.000000  0.054248 -0.194321  0
  300  0.000000  0.086111 -0.138835  0
  301  0.000000  0.105556 -0.177671  0
  302  0.043790  0.000000 -0.147160  0
  303  0.054248  0.000000 -0.194321  0
  304  0.086111  0.000000 -0.138835  0
  305  0.105556  0.000000 -0.177671  0
  306  0.041659  0.085211 -0.136701  0
  307  0.049985  0.103755 -0.173401  0
  308  0.043224  0.043224 -0.144527  0
  309  0.053115  0.053115 -0.189055  0
  310  0.082334  0.082334 -0.130489  0
  311  0.098001  0.098001 -0.160977  0
  312  0.085211  0.041659 -0.136701  0
  313  0.103755  0.049985 -0.173401  0
  314  0.100000 -0.100000  0.000000  0
  315  0.100000 -0.033333  0.000000  0
  316  0.100000 -0.066667  0.000000  0
  317  0.000000 -0.100000  0.000000  0
  318  0.066667 -0.100000  0.000000  0
  319  0.033333 -0.100000  0.000000  0
  320  0.000000 -0.066667  0.000000  0
  321  0.000000 -0.033333  0.000000  0
  322  0.033333 -0.033333  0.000000  0
  323  0.033333 -0.066667  0.000000  0
  324  0.066667 -0.033333  0.000000  0
  325  0.066667 -0.066667  0.000000  0
  326  0.000000 -0.100000  0.100000  0
  327  0.000000 -0.066667  0.100000  0
  328  0.000000 -0.033333  0.100000  0
  329  0.100000 -0.100000  0.100000  0
  330  0.066667 -0.100000  0.100000  0
  331  0.033333 -0.100000  0.100000  0
  332  0.100000 -0.033333  0.100000  0
  333  0.100000 -0.066667  0.100000  0
  334  0.033333 -0.033333  0.100000  0
  335  0.066667 -0.033333  0.100000  0
  336  0.033333 -0.066667  0.100000  0
  337  0.066667 -0.066667  0.100000  0
  338  0.000000 -0.100000  0.066667  0
  339  0.000000 -0.100000  0.033333  0
  340  0.100000 -0.100000  0.033333  0
  341  0.100000 -0.100000  0.066667  0
  342  0.033333 -0.100000  0.066667  0
  343  0.066667 -0.100000  0.066667  0
  344  0.033333 -0.100000  0.033333  0
  345  0.066667 -0.100000  0.033333  0
  346  0.000000 -0.033333  0.066667  0
  347  0.000000 -0.066667  0.066667  0
  348  0.000000 -0.033333  0.033333  0
  349  0.000000 -0.066667  0.033333  0
  350  0.100000 -0.033333  0.066667  0
  351  0.100000 -0.033333  0.033333  0
  352  0.100000 -0.066667  0.066667  0
  353  0.100000 -0.066667  0.033333  0
  354  0.033333 -0.033333  0.033333  0
  355  0.033333 -0.033333  0.066667  0
  356  0.066667 -0.033333  0.033333  0
  357  0.066667 -0.033333  0.066667  0
  358  0.033333 -0.066667  0.033333  0
  359  0.033333 -0.066667  0.066667  0
  360  0.066667 -0.066667  0.033333  0
  361  0.066667 -0.066667  0.066667  0
  362  0.144338 -0.144338  0.144338  0
  363  0.114779 -0.114779  0.114779  0
  364  0.129558 -0.129558  0.129558  0
  365  0.173069 -0.050931  0.173069  0
  366  0.162103 -0.099726  0.162103  0
  367  0.124356 -0.039199  0.124356  0
  368  0.148713 -0.045065  0.148713  0
  369  0.120701 -0.077686  0.120701  0
  370  0.141402 -0.088706  0.141402  0
  371  0.176777 -0.176777  0.000000  0
  372  0.173069 -0.173069  0.050931  0
  373  0.162103 -0.162103  0.099726  0
  374  0.151184 -0.151184  0.000000  0
  375  0.125592 -0.125592  0.000000  0
  376  0.124356 -0.124356  0.039199  0
  377  0.148713 -0.148713  0.045065  0
  378  0.120701 -0.120701  0.077686  0
  379  0.141402 -0.141402  0.088706  0
  380  0.241481 -0.064705  0.000000  0
  381  0.216506 -0.125000  0.000000  0
  382  0.233582 -0.063006  0.063006  0
  383  0.210102 -0.122300  0.058310  0
  384  0.210102 -0.058310  0.122300  0
  385  0.191466 -0.113668  0.113668  0
  386  0.147160 -0.043790  0.000000  0
  387  0.194321 -0.054248  0.000000  0
  388  0.138835 -0.086111  0.000000  0
  389  0.177671 -0.105556  0.000000  0
  390  0.136701 -0.041659  0.085211  0
  391  0.173401 -0.049985  0.103755  0
  392  0.144527 -0.043224  0.043224  0
  393  0.189055 -0.053115  0.053115  0
  394  0.130489 -0.082334  0.082334  0
  395  0.160977 -0.098001  0.098001  0
  396  0.136701 -0.085211  0.041659  0
  397  0.173401 -0.103755  0.049985  0
  398  0.000000 -0.176777  0.176777  0
  399  0.000000 -0.151184  0.151184  0
  400  0.000000 -0.125592  0.125592  0
  401  0.050931 -0.173069  0.173069  0
  402  0.099726 -0.162103  0.162103  0
  403  0.039199 -0.124356  0.124356  0
  404  0.077686 -0.120701  0.120701  0
  405  0.045065 -0.148713  0.148713  0
  406  0.088706 -0.141402  0.141402  0
  407  0.000000 -0.250000  0.000000  0
  408  0.064705 -0.241481  0.000000  0
  409  0.125000 -0.216506  0.000000  0
  410  0.000000 -0.241481  0.064705  0
  411  0.000000 -0.216506  0.125000  0
  412  0.063006 -0.233582  0.063006  0
  413  0.058310 -0.210102  0.122300  0
  414  0.122300 -0.210102  0.058310  0
  415  0.113668 -0.191466  0.113668  0
  416  0.000000 -0.150000  0.000000  0
  417  0.000000 -0.200000  0.000000  0
  418  0.000000 -0.147160  0.043790  0
  419  0.000000 -0.138835  0.086111  0
  420  0.000000 -0.194321  0.054248  0
  421  0.000000 -0.177671  0.105556  0
  422  0.043790 -0.147160  0.000000  0
  423  0.086111 -0.138835  0.000000  0
  424  0.054248 -0.194321  0.000000  0
  425  0.105556 -0.177671  0.000000  0
  426  0.041659 -0.136701  0.085211  0
  427  0.049985 -0.173401  0.103755  0
  428  0.082334 -0.130489  0.082334  0
  429  0.098001 -0.160977  0.098001  0
  430  0.043224 -0.144527  0.043224  0
  431  0.053115 -0.189055  0.053115  0
  432  0.085211 -0.136701  0.041659  0
  433  0.103755 -0.173401  0.049985  0
  434  0.000000 -0.064705  0.241481  0
  435  0.000000 -0.125000  0.216506  0
  436  0.063006 -0.063006  0.233582  0
  437  0.122300 -0.058310  0.210102  0
  438  0.058310 -0.122300  0.210102  0
  439  0.113668 -0.113668  0.191466  0
  440  0.000000 -0.043790  0.147160  0
  441  0.000000 -0.054248  0.194321  0
  442  0.000000 -0.086111  0.138835  0
  443  0.000000 -0.105556  0.177671  0
  444  0.041659 -0.085211  0.136701  0
  445  0.049985 -0.103755  0.173401  0
  446  0.043224 -0.043224  0.144527  0
  447  0.053115 -0.053115  0.189055  0
  448  0.082334 -0.082334  0.130489  0
  449  0.098001 -0.098001  0.160977  0
  450  0.085211 -0.041659  0.136701  0
  451  0.103755 -0.049985  0.173401  0
  452  0.100000 -0.100000 -0.100000  0
  453  0.100000 -0.033333 -0.100000  0
  454  0.100000 -0.066667 -0.100000  0
  455  0.000000 -0.100000 -0.100000  0
  456  0.066667 -0.100000 -0.100000  0
  457  0.033333 -0.100000 -0.100000  0
  458  0.000000 -0.066667 -0.100000  0
  459  0.000000 -0.033333 -0.100000  0
  460  0.033333 -0.033333 -0.100000  0
  461  0.033333 -0.066667 -0.100000  0
  462  0.066667 -0.033333 -0.100000  0
  463  0.066667 -0.066667 -0.100000  0
  464  0.100000 -0.100000 -0.033333  0
  465  0.100000 -0.100000 -0.066667  0
  466  0.000000 -0.100000 -0.066667  0
  467  0.000000 -0.100000 -0.033333  0
  468  0.033333 -0.100000 -0.066667  0
  469  0.033333 -0.100000 -0.033333  0
  470  0.066667 -0.100000 -0.066667  0
  471  0.066667 -0.100000 -0.033333  0
  472  0.000000 -0.033333 -0.066667  0
  473  0.000000 -0.033333 -0.033333  0
  474  0.000000 -0.066667 -0.066667  0
  475  0.000000 -0.066667 -0.033333  0
  476  0.100000 -0.033333 -0.066667  0
  477  0.100000 -0.066667 -0.066667  0
  478  0.100000 -0.033333 -0.033333  0
  479  0.100000 -0.066667 -0.033333  0
  480  0.033333 -0.033333 -0.033333  0
  481  0.033333 -0.033333 -0.066667  0
  482  0.033333 -0.066667 -0.033333  0
  483  0.033333 -0.066667 -0.066667  0
  484  0.066667 -0.033333 -0.033333  0
  485  0.066667 -0.033333 -0.066667  0
  486  0.066667 -0.066667 -0.033333  0
  487  0.066667 -0.066667 -0.066667  0
  488  0.144338 -0.144338 -0.144338  0
  489  0.173069 -0.050931 -0.173069  0
  490  0.162103 -0.099726 -0.162103  0
  491  0.114779 -0.114779 -0.114779  0
  492  0.129558 -0.129558 -0.129558  0
  493  0.124356 -0.039199 -0.124356  0
  494  0.120701 -0.077686 -0.120701  0
  495  0.148713 -0.045065 -0.148713  0
  496  0.141402 -0.088706 -0.141402  0
  497  0.173069 -0.173069 -0.050931  0
  498  0.162103 -0.162103 -0.099726  0
  499  0.124356 -0.124356 -0.039199  0
  500  0.120701 -0.120701 -0.077686  0
  501  0.148713 -0.148713 -0.045065  0
  502  0.141402 -0.141402 -0.088706  0
  503  0.233582 -0.063006 -0.063006  0
  504  0.210102 -0.058310 -0.122300  0
  505  0.210102 -0.122300 -0.058310  0
  506  0.191466 -0.113668 -0.113668  0
  507  0.136701 -0.041659 -0.085211  0
  508  0.173401 -0.049985 -0.103755  0
  509  0.130489 -0.082334 -0.082334  0
  510  0.160977 -0.098001 -0.098001  0
  511  0.144527 -0.043224 -0.043224  0
  512  0.189055 -0.053115 -0.053115  0
  513  0.136701 -0.085211 -0.041659  0
  514  0.173401 -0.103755 -0.049985  0
  515  0.000000 -0.176777 -0.176777  0
  516  0.050931 -0.173069 -0.173069  0
  517  0.099726 -0.162103 -0.162103  0
  518  0.000000 -0.151184 -0.151184  0
  519  0.000000 -0.125592 -0.125592  0
  520  0.039199 -0.124356 -0.124356  0
  521  0.045065 -0.148713 -0.148713  0
  522  0.077686 -0.120701 -0.120701  0
  523  0.088706 -0.141402 -0.141402  0
  524  0.000000 -0.241481 -0.064705  0
  525  0.000000 -0.216506 -0.125000  0
  526  0.063006 -0.233582 -0.063006  0
  527  0.122300 -0.210102 -0.058310  0
  528  0.058310 -0.210102 -0.122300  0
  529  0.113668 -0.191466 -0.113668  0
  530  0.000000 -0.147160 -0.043790  0
  531  0.000000 -0.194321 -0.054248  0
  532  0.000000 -0.138835 -0.086111  0
  533  0.000000 -0.177671 -0.105556  0
  534  0.041659 -0.136701 -0.085211  0
  535  0.049985 -0.173401 -0.103755  0
  536  0.043224 -0.144527 -0.043224  0
  537  0.053115 -0.189055 -0.053115  0
  538  0.082334 -0.130489 -0.082334  0
  539  0.098001 -0.160977 -0.098001  0
  540  0.085211 -0.136701 -0.041659  0
  541  0.103755 -0.173401 -0.049985  0
  542  0.000000 -0.064705 -0.241481  0
  543  0.000000 -0.125000 -0.216506  0
  544  0.063006 -0.063006 -0.233582  0
  545  0.058310 -0.122300 -0.210102  0
  546  0.122300 -0.058310 -0.210102  0
  547  0.113668 -0.113668 -0.191466  0
  548  0.000000 -0.043790 -0.147160  0
  549  0.000000 -0.086111 -0.138835  0
  550  0.000000 -0.054248 -0.194321  0
  551  0.000000 -0.105556 -0.177671  0
  552  0.041659 -0.085211 -0.136701  0
  553  0.049985 -0.103755 -0.173401  0
  554  0.082334 -0.082334 -0.130489  0
  555  0.098001 -0.098001 -0.160977  0
  556  0.043224 -0.043224 -0.144527  0
  557  0.053115 -0.053115 -0.189055  0
  558  0.085211 -0.041659 -0.136701  0
  559  0.103755 -0.049985 -0.173401  0
  560 -0.100000  0.000000  0.000000  0
  561 -0.033333  0.000000  0.000000  0
  562 -0.066667  0.000000  0.000000  0
  563 -0.100000  0.100000  0.000000  0
  564 -0.100000  0.033333  0.000000  0
  565 -0.100000  0.066667  0.000000  0
  566 -0.066667  0.100000  0.000000  0
  567 -0.033333  0.100000  0.000000  0
  568 -0.033333  0.033333  0.000000  0
  569 -0.033333  0.066667  0.000000  0
  570 -0.066667  0.033333  0.000000  0
  571 -0.066667  0.066667  0.000000  0
  572 -0.100000  0.100000  0.100000  0
  573 -0.066667  0.100000  0.100000  0
  574 -0.033333  0.100000  0.100000  0
  575 -0.100000  0.000000  0.100000  0
  576 -0.100000  0.033333  0.100000  0
  577 -0.100000  0.066667  0.100000  0
  578 -0.033333  0.000000  0.100000  0
  579 -0.066667  0.000000  0.100000  0
  580 -0.033333  0.033333  0.100000  0
  581 -0.066667  0.033333  0.100000  0
  582 -0.033333  0.066667  0.100000  0
  583 -0.066667  0.066667  0.100000  0
  584 -0.100000  0.000000  0.033333  0
  585 -0.100000  0.000000  0.066667  0
  586 -0.033333  0.000000  0.066667  0
  587 -0.033333  0.000000  0.033333  0
  588 -0.066667  0.000000  0.066667  0
  589 -0.066667  0.000000  0.033333  0
  590 -0.100000  0.100000  0.033333  0
  591 -0.100000  0.100000  0.066667  0
  592 -0.033333  0.100000  0.066667  0
  593 -0.066667  0.100000  0.066667  0
  594 -0.033333  0.100000  0.033333  0
  595 -0.066667  0.100000  0.033333  0
  596 -0.100000  0.033333  0.066667  0
  597 -0.100000  0.033333  0.033333  0
  598 -0.100000  0.066667  0.066667  0
  599 -0.100000  0.066667  0.033333  0
  600 -0.033333  0.033333  0.033333  0
  601 -0.033333  0.033333  0.066667  0
  602 -0.066667  0.033333  0.033333  0
  603 -0.066667  0.033333  0.066667  0
  604 -0.033333  0.066667  0.033333  0
  605 -0.033333  0.066667  0.066667  0
  606 -0.066667  0.066667  0.033333  0
  607 -0.066667  0.066667  0.066667  0
  608 -0.144338  0.144338  0.144338  0
  609 -0.114779  0.114779  0.114779  0
  610 -0.129558  0.129558  0.129558  0
  611 -0.176777  0.000000  0.176777  0
  612 -0.173069  0.050931  0.173069  0
  613 -0.162103  0.099726  0.162103  0
  614 -0.151184  0.000000  0.151184  0
  615 -0.125592  0.000000  0.125592  0
  616 -0.124356  0.039199  0.124356  0
  617 -0.148713  0.045065  0.148713  0
  618 -0.120701  0.077686  0.120701  0
  619 -0.141402  0.088706  0.141402  0
  620 -0.176777  0.176777  0.000000  0
  621 -0.173069  0.173069  0.050931  0
  622 -0.162103  0.162103  0.099726  0
  623 -0.151184  0.151184  0.000000  0
  624 -0.125592  0.125592  0.000000  0
  625 -0.124356  0.124356  0.039199  0
  626 -0.148713  0.148713  0.045065  0
  627 -0.120701  0.120701  0.077686  0
  628 -0.141402  0.141402  0.088706  0
  629 -0.250000  0.000000  0.000000  0
  630 -0.241481  0.000000  0.064705  0
  631 -0.216506  0.000000  0.125000  0
  632 -0.241481  0.064705  0.000000  0
  633 -0.216506  0.125000  0.000000  0
  634 -0.233582  0.063006  0.063006  0
  635 -0.210102  0.122300  0.058310  0
  636 -0.210102  0.058310  0.122300  0
  637 -0.191466  0.113668  0.113668  0
  638 -0.150000  0.000000  0.000000  0
  639 -0.200000  0.000000  0.000000  0
  640 -0.147160  0.000000  0.043790  0
  641 -0.194321  0.000000  0.054248  0
  642 -0.138835  0.000000  0.086111  0
  643 -0.177671  0.000000  0.105556  0
  644 -0.147160  0.043790  0.000000  0
  645 -0.194321  0.054248  0.000000  0
  646 -0.138835  0.086111  0.000000  0
  647 -0.177671  0.105556  0.000000  0
  648 -0.136701  0.041659  0.085211  0
  649 -0.173401  0.049985  0.103755  0
  650 -0.144527  0.043224  0.043224  0
  651 -0.189055  0.053115  0.053115  0
  652 -0.130489  0.082334  0.082334  0
  653 -0.160977  0.098001  0.098001  0
  654 -0.136701  0.085211  0.041659  0
  655 -0.173401  0.103755  0.049985  0
  656 -0.050931  0.173069  0.173069  0
  657 -0.099726  0.162103  0.162103  0
  658 -0.039199  0.124356  0.124356  0
  659 -0.077686  0.120701  0.120701  0
  660 -0.045065  0.148713  0.148713  0
  661 -0.088706  0.141402  0.141402  0
  662 -0.064705  0.241481  0.000000  0
  663 -0.125000  0.216506  0.000000  0
  664 -0.063006  0.233582  0.063006  0
  665 -0.058310  0.210102  0.122300  0
  666 -0.122300  0.210102  0.058310  0
  667 -0.113668  0.191466  0.113668  0
  668 -0.043790  0.147160  0.000000  0
  669 -0.086111  0.138835  0.000000  0
  670 -0.054248  0.194321  0.000000  0
  671 -0.105556  0.177671  0.000000  0
  672 -0.041659  0.136701  0.085211  0
  673 -0.049985  0.173401  0.103755  0
  674 -0.082334  0.130489  0.082334  0
  675 -0.098001  0.160977  0.098001  0
  676 -0.043224  0.144527  0.043224  0
  677 -0.053115  0.189055  0.053115  0
  678 -0.085211  0.136701  0.041659  0
  679 -0.103755  0.173401  0.049985  0
  680 -0.064705  0.000000  0.241481  0
  681 -0.125000  0.000000  0.216506  0
  682 -0.063006  0.063006  0.233582  0
  683 -0.122300  0.058310  0.210102  0
  684 -0.058310  0.122300  0.210102  0
  685 -0.113668  0.113668  0.191466  0
  686 -0.043790  0.000000  0.147160  0
  687 -0.054248  0.000000  0.194321  0
  688 -0.086111  0.000000  0.138835  0
  689 -0.105556  0.000000  0.177671  0
  690 -0.041659  0.085211  0.136701  0
  691 -0.049985  0.103755  0.173401  0
  692 -0.043224  0.043224  0.144527  0
  693 -0.053115  0.053115  0.189055  0
  694 -0.082334  0.082334  0.130489  0
  695 -0.098001  0.098001  0.160977  0
  696 -0.085211  0.041659  0.136701  0
  697 -0.103755  0.049985  0.173401  0
  698 -0.100000  0.000000 -0.100000  0
  699 -0.033333  0.000000 -0.100000  0
  700 -0.066667  0.000000 -0.100000  0
  701 -0.100000  0.100000 -0.100000  0
  702 -0.100000  0.033333 -0.100000  0
  703 -0.100000  0.066667 -0.100000  0
  704 -0.066667  0.100000 -0.100000  0
  705 -0.033333  0.100000 -0.100000  0
  706 -0.033333  0.033333 -0.100000  0
  707 -0.033333  0.066667 -0.100000  0
  708 -0.066667  0.033333 -0.100000  0
  709 -0.066667  0.066667 -0.100000  0
  710 -0.100000  0.000000 -0.033333  0
  711 -0.100000  0.000000 -0.066667  0
  712 -0.033333  0.000000 -0.066667  0
  713 -0.066667  0.000000 -0.066667  0
  714 -0.033333  0.000000 -0.033333  0
  715 -0.066667  0.000000 -0.033333  0
  716 -0.100000  0.100000 -0.033333  0
  717 -0.100000  0.100000 -0.066667  0
  718 -0.033333  0.100000 -0.066667  0
  719 -0.033333  0.100000 -0.033333  0
  720 -0.066667  0.100000 -0.066667  0
  721 -0.066667  0.100000 -0.033333  0
  722 -0.100000  0.033333 -0.066667  0
  723 -0.100000  0.066667 -0.066667  0
  724 -0.100000  0.033333 -0.033333  0
  725 -0.100000  0.066667 -0.033333  0
  726 -0.033333  0.033333 -0.033333  0
  727 -0.033333  0.033333 -0.066667  0
  728 -0.033333  0.066667 -0.033333  0
  729 -0.033333  0.066667 -0.066667  0
  730 -0.066667  0.033333 -0.033333  0
  731 -0.066667  0.033333 -0.066667  0
  732 -0.066667  0.066667 -0.033333  0
  733 -0.066667  0.066667 -0.066667  0
  734 -0.176777  0.000000 -0.176777  0
  735 -0.151184  0.000000 -0.151184  0
  736 -0.125592  0.000000 -0.125592  0
  737 -0.144338  0.144338 -0.144338  0
  738 -0.173069  0.050931 -0.173069  0
  739 -0.162103  0.099726 -0.162103  0
  740 -0.114779  0.114779 -0.114779  0
  741 -0.129558  0.129558 -0.129558  0
  742 -0.124356  0.039199 -0.124356  0
  743 -0.120701  0.077686 -0.120701  0
  744 -0.148713  0.045065 -0.148713  0
  745 -0.141402  0.088706 -0.141402  0
  746 -0.173069  0.173069 -0.050931  0
  747 -0.162103  0.162103 -0.099726  0
  748 -0.124356  0.124356 -0.039199  0
  749 -0.120701  0.120701 -0.077686  0
  750 -0.148713  0.148713 -0.045065  0
  751 -0.141402  0.141402 -0.088706  0
  752 -0.241481  0.000000 -0.064705  0
  753 -0.216506  0.000000 -0.125000  0
  754 -0.233582  0.063006 -0.063006  0
  755 -0.210102  0.058310 -0.122300  0
  756 -0.210102  0.122300 -0.058310  0
  757 -0.191466  0.113668 -0.113668  0
  758 -0.147160  0.000000 -0.043790  0
  759 -0.138835  0.000000 -0.086111  0
  760 -0.194321  0.000000 -0.054248  0
  761 -0.177671  0.000000 -0.105556  0
  762 -0.136701  0.041659 -0.085211  0
  763 -0.173401  0.049985 -0.103755  0
  764 -0.130489  0.082334 -0.082334  0
  765 -0.160977  0.098001 -0.098001  0
  766 -0.144527  0.043224 -0.043224  0
  767 -0.189055  0.053115 -0.053115  0
  768 -0.136701  0.085211 -0.041659  0
  769 -0.173401  0.103755 -0.049985  0
  770 -0.050931  0.173069 -0.173069  0
  771 -0.099726  0.162103 -0.162103  0
  772 -0.039199  0.124356 -0.124356  0
  773 -0.045065  0.148713 -0.148713  0
  774 -0.077686  0.120701 -0.120701  0
  775 -0.088706  0.141402 -0.141402  0
  776 -0.063006  0.233582 -0.063006  0
  777 -0.122300  0.210102 -0.058310  0
  778 -0.058310  0.210102 -0.122300  0
  779 -0.113668  0.191466 -0.113668  0
  780 -0.041659  0.136701 -0.085211  0
  781 -0.049985  0.173401 -0.103755  0
  782 -0.043224  0.144527 -0.043224  0
  783 -0.053115  0.189055 -0.053115  0
  784 -0.082334  0.130489 -0.082334  0
  785 -0.098001  0.160977 -0.098001  0
  786 -0.085211  0.136701 -0.041659  0
  787 -0.103755  0.173401 -0.049985  0
  788 -0.064705  0.000000 -0.241481  0
  789 -0.125000  0.000000 -0.216506  0
  790 -0.063006  0.063006 -0.233582  0
  791 -0.058310  0.122300 -0.210102  0
  792 -0.122300  0.058310 -0.210102  0
  793 -0.113668  0.113668 -0.191466  0
  794 -0.043790  0.000000 -0.147160  0
  795 -0.086111  0.000000 -0.138835  0
  796 -0.054248  0.000000 -0.194321  0
  797 -0.105556  0.000000 -0.177671  0
  798 -0.041659  0.085211 -0.136701  0
  799 -0.049985  0.103755 -0.173401  0
  800 -0.082334  0.082334 -0.130489  0
  801 -0.098001  0.098001 -0.160977  0
  802 -0.043224  0.043224 -0.144527  0
  803 -0.053115  0.053115 -0.189055  0
  804 -0.085211  0.041659 -0.136701  0
  805 -0.103755  0.049985 -0.173401  0
  806 -0.100000 -0.100000  0.000000  0
  807 -0.066667 -0.100000  0.000000  0
  808 -0.033333 -0.100000  0.000000  0
  809 -0.100000 -0.033333  0.000000  0
  810 -0.100000 -0.066667  0.000000  0
  811 -0.033333 -0.033333  0.000000  0
  812 -0.066667 -0.033333  0.000000  0
  813 -0.033333 -0.066667  0.000000  0
  814 -0.066667 -0.066667  0.000000  0
  815 -0.100000 -0.100000  0.100000  0
  816 -0.100000 -0.033333  0.100000  0
  817 -0.100000 -0.066667  0.100000  0
  818 -0.066667 -0.100000  0.100000  0
  819 -0.033333 -0.100000  0.100000  0
  820 -0.033333 -0.033333  0.100000  0
  821 -0.033333 -0.066667  0.100000  0
  822 -0.066667 -0.033333  0.100000  0
  823 -0.066667 -0.066667  0.100000  0
  824 -0.100000 -0.100000  0.033333  0
  825 -0.100000 -0.100000  0.066667  0
  826 -0.033333 -0.100000  0.066667  0
  827 -0.033333 -0.100000  0.033333  0
  828 -0.066667 -0.100000  0.066667  0
  829 -0.066667 -0.100000  0.033333  0
  830 -0.100000 -0.033333  0.066667  0
  831 -0.100000 -0.066667  0.066667  0
  832 -0.100000 -0.033333  0.033333  0
  833 -0.100000 -0.066667  0.033333  0
  834 -0.033333 -0.033333  0.033333  0
  835 -0.033333 -0.033333  0.066667  0
  836 -0.033333 -0.066667  0.033333  0
  837 -0.033333 -0.066667  0.066667  0
  838 -0.066667 -0.033333  0.033333  0
  839 -0.066667 -0.033333  0.066667  0
  840 -0.066667 -0.066667  0.033333  0
  841 -0.066667 -0.066667  0.066667  0
  842 -0.144338 -0.144338  0.144338  0
  843 -0.173069 -0.050931  0.173069  0
  844 -0.162103 -0.099726  0.162103  0
  845 -0.114779 -0.114779  0.114779  0
  846 -0.129558 -0.129558  0.129558  0
  847 -0.124356 -0.039199  0.124356  0
  848 -0.120701 -0.077686  0.120701  0
  849 -0.148713 -0.045065  0.148713  0
  850 -0.141402 -0.088706  0.141402  0
  851 -0.176777 -0.176777  0.000000  0
  852 -0.151184 -0.151184  0.000000  0
  853 -0.125592 -0.125592  0.000000  0
  854 -0.173069 -0.173069  0.050931  0
  855 -0.162103 -0.162103  0.099726  0
  856 -0.124356 -0.124356  0.039199  0
  857 -0.120701 -0.120701  0.077686  0
  858 -0.148713 -0.148713  0.045065  0
  859 -0.141402 -0.141402  0.088706  0
  860 -0.241481 -0.064705  0.000000  0
  861 -0.216506 -0.125000  0.000000  0
  862 -0.233582 -0.063006  0.063006  0
  863 -0.210102 -0.058310  0.122300  0
  864 -0.210102 -0.122300  0.058310  0
  865 -0.191466 -0.113668  0.113668  0
  866 -0.147160 -0.043790  0.000000  0
  867 -0.138835 -0.086111  0.000000  0
  868 -0.194321 -0.054248  0.000000  0
  869 -0.177671 -0.105556  0.000000  0
  870 -0.136701 -0.041659  0.085211  0
  871 -0.173401 -0.049985  0.103755  0
  872 -0.130489 -0.082334  0.082334  0
  873 -0.160977 -0.098001  0.098001  0
  874 -0.144527 -0.043224  0.043224  0
  875 -0.189055 -0.053115  0.053115  0
  876 -0.136701 -0.085211  0.041659  0
  877 -0.173401 -0.103755  0.049985  0
  878 -0.050931 -0.173069  0.173069  0
  879 -0.099726 -0.162103  0.162103  0
  880 -0.039199 -0.124356  0.124356  0
  881 -0.045065 -0.148713  0.148713  0
  882 -0.077686 -0.120701  0.120701  0
  883 -0.088706 -0.141402  0.141402  0
  884 -0.064705 -0.241481  0.000000  0
  885 -0.125000 -0.216506  0.000000  0
  886 -0.063006 -0.233582  0.063006  0
  887 -0.122300 -0.210102  0.058310  0
  888 -0.058310 -0.210102  0.122300  0
  889 -0.113668 -0.191466  0.113668  0
  890 -0.043790 -0.147160  0.000000  0
  891 -0.054248 -0.194321  0.000000  0
  892 -0.086111 -0.138835  0.000000  0
  893 -0.105556 -0.177671  0.000000  0
  894 -0.041659 -0.136701  0.085211  0
  895 -0.049985 -0.173401  0.103755  0
  896 -0.043224 -0.144527  0.043224  0
  897 -0.053115 -0.189055  0.053115  0
  898 -0.082334 -0.130489  0.082334  0
  899 -0.098001 -0.160977  0.098001  0
  900 -0.085211 -0.136701  0.041659  0
  901 -0.103755 -0.173401  0.049985  0
  902 -0.063006 -0.063006  0.233582  0
  903 -0.058310 -0.122300  0.210102  0
  904 -0.122300 -0.058310  0.210102  0
  905 -0.113668 -0.113668  0.191466  0
  906 -0.041659 -0.085211  0.136701  0
  907 -0.049985 -0.103755  0.173401  0
  908 -0.082334 -0.082334  0.130489  0
  909 -0.098001 -0.098001  0.160977  0
  910 -0.043224 -0.043224  0.144527  0
  911 -0.053115 -0.053115  0.189055  0
  912 -0.085211 -0.041659  0.136701  0
  913 -0.103755 -0.049985  0.173401  0
  914 -0.100000 -0.100000 -0.100000  0
  915 -0.066667 -0.100000 -0.100000  0
  916 -0.033333 -0.100000 -0.100000  0
  917 -0.100000 -0.033333 -0.100000  0
  918 -0.100000 -0.066667 -0.100000  0
  919 -0.033333 -0.033333 -0.100000  0
  920 -0.066667 -0.033333 -0.100000  0
  921 -0.033333 -0.066667 -0.100000  0
  922 -0.066667 -0.066667 -0.100000  0
  923 -0.100000 -0.100000 -0.033333  0
  924 -0.100000 -0.100000 -0.066667  0
  925 -0.033333 -0.100000 -0.066667  0
  926 -0.066667 -0.100000 -0.066667  0
  927 -0.033333 -0.100000 -0.033333  0
  928 -0.066667 -0.100000 -0.033333  0
  929 -0.100000 -0.033333 -0.066667  0
  930 -0.100000 -0.033333 -0.033333  0
  931 -0.100000 -0.066667 -0.066667  0
  932 -0.100000 -0.066667 -0.033333  0
  933 -0.033333 -0.033333 -0.033333  0
  934 -0.033333 -0.033333 -0.066667  0
  935 -0.066667 -0.033333 -0.033333  0
  936 -0.066667 -0.033333 -0.066667  0
  937 -0.033333 -0.066667 -0.033333  0
  938 -0.033333 -0.066667 -0.066667  0
  939 -0.066667 -0.066667 -0.033333  0
  940 -0.066667 -0.066667 -0.066667  0
  941 -0.144338 -0.144338 -0.144338  0
  942 -0.114779 -0.114779 -0.114779  0
  943 -0.129558 -0.129558 -0.129558  0
  944 -0.173069 -0.050931 -0.173069  0
  945 -0.162103 -0.099726 -0.162103  0
  946 -0.124356 -0.039199 -0.124356  0
  947 -0.148713 -0.045065 -0.148713  0
  948 -0.120701 -0.077686 -0.120701  0
  949 -0.141402 -0.088706 -0.141402  0
  950 -0.173069 -0.173069 -0.050931  0
  951 -0.162103 -0.162103 -0.099726  0
  952 -0.124356 -0.124356 -0.039199  0
  953 -0.148713 -0.148713 -0.045065  0
  954 -0.120701 -0.120701 -0.077686  0
  955 -0.141402 -0.141402 -0.088706  0
  956 -0.233582 -0.063006 -0.063006  0
  957 -0.210102 -0.122300 -0.058310  0
  958 -0.210102 -0.058310 -0.122300  0
  959 -0.191466 -0.113668 -0.113668  0
  960 -0.136701 -0.041659 -0.085211  0
  961 -0.173401 -0.049985 -0.103755  0
  962 -0.144527 -0.043224 -0.043224  0
  963 -0.189055 -0.053115 -0.053115  0
  964 -0.130489 -0.082334 -0.082334  0
  965 -0.160977 -0.098001 -0.098001  0
  966 -0.136701 -0.085211 -0.041659  0
  967 -0.173401 -0.103755 -0.049985  0
  968 -0.050931 -0.173069 -0.173069  0
  969 -0.099726 -0.162103 -0.162103  0
  970 -0.039199 -0.124356 -0.124356  0
  971 -0.077686 -0.120701 -0.120701  0
  972 -0.045065 -0.148713 -0.148713  0
  973 -0.088706 -0.141402 -0.141402  0
  974 -0.063006 -0.233582 -0.063006  0
  975 -0.058310 -0.210102 -0.122300  0
  976 -0.122300 -0.210102 -0.058310  0
  977 -0.113668 -0.191466 -0.113668  0
  978 -0.041659 -0.136701 -0.085211  0
  979 -0.049985 -0.173401 -0.103755  0
  980 -0.082334 -0.130489 -0.082334  0
  981 -0.098001 -0.160977 -0.098001  0
  982 -0.043224 -0.144527 -0.043224  0
  983 -0.053115 -0.189055 -0.053115  0
  984 -0.085211 -0.136701 -0.041659  0
  985 -0.103755 -0.173401 -0.049985  0
  986 -0.063006 -0.063006 -0.233582  0
  987 -0.122300 -0.058310 -0.210102  0
  988 -0.058310 -0.122300 -0.210102  0
  989 -0.113668 -0.113668 -0.191466  0
  990 -0.041659 -0.085211 -0.136701  0
  991 -0.049985 -0.103755 -0.173401  0
  992 -0.043224 -0.043224 -0.144527  0
  993 -0.053115 -0.053115 -0.189055  0
  994 -0.082334 -0.082334 -0.130489  0
  995 -0.098001 -0.098001 -0.160977  0
  996 -0.085211 -0.041659 -0.136701  0
  997 -0.103755 -0.049985 -0.173401  0