3100 1
     597     585     390
     522       1     391
     598      80     522
     948     852     812
    1031     948     123
    1050     950     255
    1419    1218     259
    1145    1017     304
     819     791     348
     603     401      11
     523      10     401
     524      11     402
     604     402      13
    1026     819     882
    1079    1026     305
    1525     253    1464
    1471    1420    1346
    1052     125    1020
     820      81     790
     668      82     584
     720     584      82
     583      54     472
     672     474     473
     947     818      85
    1053     131    1018
    1376     177    1360
    1573    1519    1518
    1270    1029     314
     949     777     359
     721     540     643
     641     439     438
     722     640     362
     528      30     435
    1039     884     928
    1152    1039     320
    1472    1306     275
    1473     185    1435
    1248     140    1096
     822      96     783
     688     490     489
     687     530      95
     686     488     487
     723     530     686
     531      61     486
    1040     861     930
    1153    1040     137
    1456    1304     182
    1474    1466     273
    1054     317     980
     908     722     362
     640     527     362
       2     392      79
     724     599     533
     909     599     724
     725     534     167
     950     825     910
     880     727     257
     824     813     303
     399     302       8
     602     399       9
     532       9     400
     532     400     347
     533     393     122
     394     122       4
     825     725     167
     726     535     600
     600     395       6
     537     396     397
     537     536     396
     727     601     257
     728     538     302
     657     455     454
     887     770     350
    1202    1130     306
    1475    1408    1458
    1377     171    1359
    1154     126    1097
     826      82     780
     826     780      81
    1055     130     967
    1271     176    1220
    1460    1337     267
    1155    1032     313
     951     729     358
     644     442      33
     643     441     440
    1272     175    1222
    1574    1554     266
    1156    1098     312
     911     730     357
     729     646     541
     645     443     442
     730     542     647
     647     445     444
     827     356     730
    1156     311    1098
    1636    1574     248
    1378    1222     174
    1343    1282     174
     952     853     939
     907      83     720
     907     720      82
    1157     127    1138
    1379     173    1302
    1409    1370     264
    1082    1038     310
     877     731     355
     649     355     543
     828     355     778
     953     778     356
     649     447     446
     731     543     355
     544      37     449
     829     352     779
    1158     307    1128
    1476     261    1423
    1159    1131     307
    1159     306    1131
     888     810     351
     732     545     352
     653     451     450
     653     352     545
     638     528     363
     733     546     365
     891     733     365
    1257    1132     321
    1503    1440     276
    1477     185    1473
    1056     141     974
     929     795      96
     734     586     690
     529      63     490
     546      29     433
     635     365     546
     892     776     366
    1203    1133     322
    1411    1371     277
    1478    1402     186
    1273    1249    1223
     831      98     734
     691     493      64
     735     693     578
     736     577     100
     547      67     497
     832     103     785
    1057     148     976
    1380     194    1298
    1414    1277     285
    1160    1043     331
     898     742     376
     620     418     417
     737     572     618
     738     617     549
     614     412     411
     954     745     381
    1381    1129     337
    1479    1354     292
    1382     202    1366
    1161     157    1103
     833     113     788
     711     513     512
     711     113     551
     709     511     510
     739     552     709
     740     708     571
     955     740     110
    1274    1023     154
    1616    1557     199
    1275     289    1266
    1058     334    1019
     834     378     738
     738     549     379
     633     431     430
     553      28     431
     932     800     367
    1162    1042     323
    1480    1309     278
    1481     188    1424
    1163     143    1104
     835      99     784
     956     784      98
     741     596     368
     957     741     368
    1164    1030     324
    1413    1310     279
    1383     189    1340
    1165     144    1105
     836     100     735
     958     735      99
    1166     147    1101
    1276     193    1265
    1490    1436     284
    1277    1204    1245
    1043     876     933
     742     548     376
     743     619     377
     554      22     420
     623     554     374
     744     555     624
     624     422     421
     837     373     744
    1250     328    1107
    1467     282    1353
    1395    1367     191
    1167    1041     145
     959     736     100
    1059     145    1022
    1168    1022     144
    1384     190    1341
    1587    1244     281
    1654    1238     282
     960     897     919
     625     555     373
     838     372     775
     838     775     373
     745     550     614
     746     613     556
     961     746     382
    1385    1246     293
    1504    1385     293
    1553    1425     202
    1169     158    1108
     839     114     747
     713     515     514
     747     551     113
     612     410     409
     611     409      16
     962     900     942
    1091     962     339
    1482    1312     294
    1386     204    1299
    1060     159    1048
     940     809     114
     715     116     570
     748     570     116
     569      78     519
     719     521     520
     934     802     119
    1049     944     165
    1045     843     936
     663     463     462
     559     464      47
     749     558     663
     610     408     407
     901     772     384
    1357    1259    1247
    1635    1593     219
    1387     205    1362
    1170     160    1110
     842     116     789
     842     789     115
    1061     164     971
    1075    1045     210
     881     749     212
     936     804     211
    1278     209    1225
    1171     213    1075
     751     559     301
     561     465     346
     464     346      48
     666     563     468
     562      51     467
     665     388     562
     963     946     817
    1137     963     345
    1279    1172    1144
    1451     214    1450
    1388    1225     208
    1483     208    1439
    1484     207    1428
    1485     206    1430
    1485    1430     205
    1486    1313     296
    1389     295    1313
    1173     982     341
     921     768     386
     606     386     592
     563      40     468
     844     387     803
     935     803     388
     817     388     665
      50     466     389
     750     664     561
     945     664     750
     751     346     559
     564      46     461
     661     461      45
     752     460      44
     752     565     460
      44     459     166
     660     459      43
     845     752     166
     944     816     165
     753     660     568
     566      42     457
     567      41     456
     658     456      52
     568     458     121
     754     566     120
     755     557     719
     717     519     518
     570      77     517
     571      73     509
     706     508      72
     964     787     109
    1390    1264    1375
    1576    1558     224
    1391     288    1300
    1062     333    1033
     846     377     737
     572      20     416
     573      72     507
     756     573     705
     965     756     108
    1487    1333    1372
    1637    1623     226
    1392     287    1363
    1174     332    1112
     847     376     743
     847     743     377
     757     704     574
     867     757     107
    1255    1121     151
    1495    1438     196
    1488     286    1441
    1258     331    1134
    1258    1134     332
    1175    1036     148
    1063     149    1036
     917     759     104
     758     589     701
     702     589     106
     703     505     504
     575      69     501
     759     575     699
     760     698     576
     697     103     576
     695     497     496
     577      66     495
     578      65     494
     685     531      94
     761     579      92
     860     761      92
    1254    1118     136
    1493    1437     181
    1393     271    1301
    1064     316     979
     927     793     361
     526      32     439
     682      92     579
     682     484     483
     859     782      91
    1185    1117     135
    1399    1365     180
    1489     271    1393
    1280    1251    1228
     850     359     721
     966     721     360
     580      59     482
     937     806      90
    1176    1046     134
    1453    1303     179
    1548    1541     270
    1281    1263     315
    1394    1263    1281
    1221    1114     131
    1177     132    1114
     851      88     763
     678      89     588
     762     588      89
     681     580      91
     676     478     477
     763     581     676
     674     476     475
     673     475      55
     764     525     672
     670     472     471
     584      53     470
     585      12     390
     924     790      80
     948     812     909
     939     808      83
     854     764      84
     967     821     947
     854      85     764
     582      56     476
     855      87     807
     968     763      87
     856      89     781
    1065     134    1021
     969     762      89
     857      90     762
     858      91     806
     859      92     782
     860      93     761
     930     796      93
     862     723      94
     822     783      95
     862      95     723
     690     492     491
     863     101     736
     931     799     101
     832     785     102
     864     102     799
     760     576     103
     918     760     103
    1036     848     917
     916     106     758
    1178     151    1120
     866     786     106
     866     107     786
     867     108     757
     868     109     756
     869     110     787
     870     111     740
     914     739     111
     970     788     112
     871     112     739
     587      76     515
     872     117     748
    1179     162    1123
    1256    1124     162
    1256     163    1124
    1180     971     163
     873     805     117
     873     118     805
     874     755     118
     971     841     934
     874     119     755
     972     875     164
     875     120     841
     678     480     479
     701     503     502
     725     122     534
    1181    1020     124
    1066     948    1031
    1182     952     127
    1067     128     952
    1183     967     129
    1282    1252    1229
     938     807      86
     973     781      88
    1184     133    1116
    1283     179    1267
    1148    1021     133
    1068     135    1046
    1185     136    1117
    1254     137    1118
    1069     138    1040
    1284    1186    1231
    1248    1096     139
    1186     139    1119
     974     830     929
     975     734      97
    1166    1101     146
    1395     192    1367
    1276    1265     192
    1577    1568     230
    1490     283    1436
    1250    1107     329
     837     744     374
     933     801     375
     976     865     918
    1070     916    1035
    1232    1070     149
    1491     196    1427
    1178    1120     150
    1255     152    1121
    1333     153    1142
    1264     154    1141
    1071     155    1023
    1187    1034     155
    1233    1103     156
    1072     156    1034
     839     747     113
    1048     840     940
     872     748     116
    1188     161    1122
    1179    1123     161
     910     726     256
    1471    1464     253
    1189    1150    1050
    1154    1097     125
    1261    1138     126
    1396     172    1338
    1501    1422     263
    1193    1099     309
    1038     879     923
     877     354     731
    1578    1536    1452
    1492     173    1379
    1146    1018     130
    1285    1116     132
    1397     178    1344
    1615    1555     269
    1283    1267     178
    1398     180    1303
    1399     181    1365
    1493     182    1437
    1400     183    1304
    1401    1284     183
    1473    1435     184
    1401     184    1284
    1190     974     140
    1402    1273     186
    1403    1104     142
    1286    1105     143
    1494    1305     190
    1404     191    1305
    1143     976     147
    1227     149    1063
    1469     195    1364
    1457    1311     286
    1491    1427     195
    1495     197    1438
    1564     198    1459
    1539     199    1390
    1638    1588    1557
    1496     223    1470
    1382    1366     201
    1618    1470     222
    1287    1108     157
    1060    1048     158
    1170    1110     159
    1188    1122     160
    1073     972     164
    1074     146    1041
    1075     213    1045
    1418    1368     298
    1191    1044     344
    1076     344     963
    1417    1356     297
    1201    1136     343
    1077     343    1044
    1580    1439     207
    1484    1428     206
    1387    1362     204
    1497    1299     203
    1628    1537     221
    1369    1236     291
    1405     291    1354
    1288     290    1236
    1078     335    1024
     878     379     774
     616     379     549
    1448    1300     289
    1392    1363     288
    1488    1441     287
    1469    1364     194
    1380    1298     193
    1581     282    1569
    1653    1569     231
    1292    1243     280
    1192    1027     326
     977     767     371
     765     590     372
     626     424     423
    1384    1341     189
    1462    1340     188
    1552    1424     187
    1582    1545    1402
    1619    1465    1477
    1583    1454    1498
    1406     274    1306
    1498     274    1406
    1289    1241    1237
     978     363     884
     766     527     639
    1499    1301     272
    1605    1599     243
    1584    1560     244
    1463    1344     177
    1376    1360     176
    1407     264    1307
    1500    1307     265
    1271    1220     175
    1501     262    1422
    1158    1128     308
    1193     308    1099
     829     779     353
     923     771     354
    1502    1302     172
    1476    1423     262
    1396    1338     171
    1377    1359     170
    1408    1358     260
    1290     258    1218
     880     256     727
     987     728     824
    1079     304    1026
    1051     258    1016
    1585    1475    1458
    1409     263    1370
    1460     266    1337
    1194     310    1125
    1291    1125     311
    1518     267    1336
    1626    1579     245
    1410    1280     271
    1195     979     317
    1196     980     318
    1080     319    1039
    1237     319    1080
    1503    1472     275
    1411     276    1371
    1412     277    1309
    1413     278    1310
    1292     279    1243
    1149    1028     325
     943     815     370
     628     426     425
     767     591     628
    1293     280    1244
    1081     327     960
    1197     960     328
    1414     284    1277
    1415     285    1311
    1174    1112     333
    1198    1033     334
    1147    1019     335
    1199     336    1129
    1200    1024     336
    1504     292    1385
    1416     293    1312
    1468     294    1357
    1417     296    1356
    1262    1139     342
     903     773     387
    1201     342    1136
    1418     297    1368
    1505    1450     215
     881     301     749
    1586    1562     241
    1275    1266     290
     882     819     348
     925     819     304
    1202     305    1130
     883     351     732
     883     732     352
    1082     309    1038
    1083     312    1032
    1084     313    1029
     979     849     927
     980     823     908
     928     794     364
    1085     920     978
    1257     320    1132
    1203     321    1133
    1086     322    1042
    1087     323    1030
    1088     324    1028
     941     811     369
     629     427      25
     885     369     815
    1089     325    1027
    1294    1206     327
    1204     329    1106
    1090     330    1043
     912     737     378
     913     738     379
     886     380     745
     981     774     380
    1295    1207     338
    1091     338     962
    1296     339    1259
    1092     340     982
     982     902     922
     768     592     386
     606     404     403
    1205     341    1139
     887     349     770
     888     350     810
     810     593     351
     655     453     452
     889     357     729
     890     358     777
     891     364     733
     892     365     776
     893     366     800
     894     367     741
     895     368     811
     631     368     596
     630     428     427
     896     370     767
     919     765     372
     898     375     742
     899     381     746
     942     814     383
     901     383     772
     922     769     385
     769     595     385
     608     406     405
     921     385     768
     903     386     773
     770     539     657
     771     544     651
     741     632     596
     772     560     610
     597       1     522
     598     522     391
     599     392       3
     393       4     122
     535     534       5
     600     536     256
     537     256     536
     601     538     257
     398       8     302
     602       9     532
     400      10     347
     603     524     348
     604     539     349
     605      40     563
     773     605     387
     607      14     592
     608     607     385
     609      15     595
     610     609     384
     611      16     560
     612     409     611
     613      17     556
     614     411     613
     615      18     550
     774     616     615
     617      19     549
     618     617     378
     619      20     572
     620     417     619
     621      21     548
     622     419     621
     623      22     554
     624     623     374
     625      23     555
     775     626     625
     627      24     590
     628     425     627
     629      25     591
     630     427     629
     631      26     594
     632      27     596
     633     632     367
     634      28     553
     776     634     366
     636      29     546
     637     636     364
     638      30     528
     639     638     363
     640      31     527
     722     641     640
     642      32     526
     643     642     360
     644      33     540
     777     645     644
     646      34     541
     647     646     357
     648      35     542
     778     648     356
     650      36     543
     651     650     354
     652      37     544
     779     652     353
     654      38     545
     655     654     351
     656      39     593
     657     656     350
     658     567     456
     659     567     120
     458      42     121
     660      43     568
     752      44     166
     661     565     211
     662      46     564
     663     662     212
     559      47     558
     465      48     346
     664     466      49
     665     562     467
     666      51     562
     667      12     585
     780     667      81
     669      53     584
     670     669      83
     671      54     583
     672     671      84
     673      55     525
     674     475     673
     675      56     582
     676     675      87
     677      57     581
     781     678     677
     679      58     588
     680     679      90
     681      59     580
     782     681      91
     683      60     579
     684     683      93
     685      61     531
     686     685      94
     687      62     530
     783     688     687
     689      63     529
     690     689      97
     691      64     586
     784     692     691
     693      65     578
     694      66     577
     695     694     101
     696      67     547
     785     696     102
     698      68     576
     699     698     104
     700      69     575
     701     700     105
     702      70     589
     786     703     702
     704      71     574
     705     704     108
     706      72     573
     787     707     706
     708      73     571
     709     708     111
     710      74     552
     788     710     112
     712      75     551
     713     712     114
     714      76     587
     789     714     115
     716      77     570
     717     716     117
     718      78     569
     719     718     118
     598     391       2
     790     597      80
     791     523     348
     523     347      10
     792     524     604
     603     348     523
     673     525      85
     525      55     474
     793     526     361
     793     642     526
     527      31     437
     639     437     436
     637     435     434
     794     528     637
     795     529      96
     795     689     529
     783     687      95
     530      62     488
     684     486     485
     796     531     684
     797     532     347
     984     532     797
     533       3     393
     904     798     725
     534     122     394
     534     394       5
     535     167     534
     535       5     395
     726     600     256
     536       6     396
     601     397       7
     727     537     601
     538       7     398
     538     398     302
     792     604     349
     539      13     455
     644     540     359
     540      33     441
     729     541     358
     541      34     443
     648     542     356
     542      35     445
     731     650     543
     543      36     447
     652     544     353
     651     449     448
     732     654     545
     545      38     451
     635     433     432
     733     636     546
     799     547     695
     696     547     102
     742     621     548
     548      21     418
     549      19     414
     616     414     413
     615     550     380
     550      18     412
     747     712     551
     551      75     513
     710     552     112
     552      74     511
     800     553     633
     634     553     366
     622     420     419
     801     554     622
     775     625     373
     555      23     422
     556      17     410
     746     556     382
     802     658     119
     557      52     521
     559     558     301
     558      47     463
     905     301     881
     559     346     464
     611     560     383
     560      16     408
     561      49     465
     983     915     751
     665     467      50
     803     666     388
     803     563     666
     605     563     387
     804     564     661
     662     564     212
     804     661     211
     565      45     460
     566     121      42
     659     457      41
     802     567     658
     659     120     566
     568      43     458
     906     121     754
     805     569     117
     805     718     569
     715     517     516
     748     716     570
     707     509     508
     740     571     110
     619     572     377
     618     416     415
     705     507     506
     706     573     109
     574      71     505
     757     574     107
     700     575     105
     699     501     500
     576      68     499
     697     499     498
     693     495      65
     736     694     577
     692     494     493
     735     578      99
     761     683     579
     579      60     484
     680     482     481
     806     580     680
     677     581      88
     581      57     478
     807     582      86
     807     675     582
     808     583      83
     808     671     583
     668     470     469
     720     669     584
     790     585     597
     667     585      81
     691     586      98
     586      64     492
     809     587     713
     714     587     115
     762     679     588
     588      58     480
     786     702     106
     589      70     503
     765     627     590
     590      24     424
     629     591     370
     591      25     426
     768     607     592
     592      14     404
     810     656     593
     593      39     453
     811     594     369
     594      26     428
     769     609     595
     595      15     406
     596      27     429
     631     596     429
     597     390       1
     597     522      80
     598       2      79
     812     598      79
     599      79     392
     599       3     533
     600     535     395
     600       6     536
     601     537     397
     601       7     538
     984     813     602
     602     302     399
     603     523     401
     603      11     524
     604     524     402
     604      13     539
     773     606     605
     605     403      40
     606     592     404
     606     403     605
     608     385     595
     607     405      14
     608     595     406
     608     405     607
     772     610     384
     609     407      15
     610     560     408
     610     407     609
     814     611     383
     814     612     611
     612     382     556
     612     556     410
     614     613     381
     613     411      17
     745     614     381
     614     550     412
     774     615     380
     615     413      18
     616     549     414
     616     413     615
     737     618     378
     617     415      19
     618     572     416
     618     415     617
     743     620     619
     619     417      20
     620     376     548
     620     548     418
     622     621     375
     621     419      21
     801     622     375
     622     554     420
     744     624     374
     623     421      22
     624     555     422
     624     421     623
     626     372     590
     625     423      23
     626     590     424
     626     423     625
     628     627     371
     627     425      24
     767     628     371
     628     591     426
     815     629     370
     815     630     629
     630     369     594
     630     594     428
     631     429      26
     811     631     594
     800     633     367
     632     430      27
     633     553     431
     633     430     632
     776     635     634
     634     432      28
     635     546     433
     635     432     634
     794     637     364
     636     434      29
     637     528     435
     637     434     636
     766     639     363
     638     436      30
     639     527     437
     639     436     638
     641     361     526
     640     438      31
     641     526     439
     641     438     640
     721     643     360
     642     440      32
     643     540     441
     643     440     642
     777     644     359
     645     358     541
     645     541     443
     645     442     644
     730     647     357
     646     444      34
     647     542     445
     647     444     646
     778     649     648
     648     446      35
     649     543     447
     649     446     648
     771     651     354
     650     448      36
     651     544     449
     651     448     650
     779     653     652
     652     450      37
     653     545     451
     653     450     652
     655     351     593
     654     452      38
     655     593     453
     655     452     654
     770     657     350
     656     454      39
     657     539     455
     657     454     656
     658      52     557
     658     557     119
     659     566     457
     659      41     567
     816     660     753
     660     166     459
     661     564     461
     661      45     565
     749     663     212
     662     462      46
     663     558     463
     663     462     662
     664     389     466
     664      49     561
     665      50     389
     817     665     389
     666     468      51
     666     562     388
     780     668     667
     667     469      12
     668     584     470
     668     469     667
     670      83     583
     669     471      53
     670     583     472
     670     471     669
     764     672      84
     671     473      54
     672     525     474
     672     473     671
     818     673      85
     818     674     673
     674      86     582
     674     582     476
     763     676      87
     675     477      56
     676     581     478
     676     477     675
     781     677      88
     677     479      57
     678     588     480
     678     479     677
     806     680      90
     679     481      58
     680     580     482
     680     481     679
     782     682     681
     681     483      59
     682     579     484
     682     483     681
     796     684      93
     683     485      60
     684     531     486
     684     485     683
     723     686      94
     685     487      61
     686     530     488
     686     487     685
     688      96     529
     687     489      62
     688     529     490
     688     489     687
     734     690      97
     689     491      63
     690     586     492
     690     491     689
     784     691      98
     692      99     578
     692     578     494
     692     493     691
     693     100     577
     693     577     495
     799     695     101
     694     496      66
     695     547     497
     695     496     694
     785     697     696
     696     498      67
     697     576     499
     697     498     696
     759     699     104
     698     500      68
     699     575     501
     699     500     698
     758     701     105
     700     502      69
     701     589     503
     701     502     700
     703     107     574
     702     504      70
     703     574     505
     703     504     702
     756     705     108
     704     506      71
     705     573     507
     705     506     704
     787     706     109
     707     110     571
     707     571     509
     707     508     706
     739     709     111
     708     510      73
     709     552     511
     709     510     708
     788     711     710
     710     512      74
     711     551     513
     711     512     710
     809     713     114
     712     514      75
     713     587     515
     713     514     712
     789     715     714
     714     516      76
     715     570     517
     715     516     714
     717     117     569
     716     518      77
     717     569     519
     717     518     716
     755     719     118
     718     520      78
     719     557     521
     719     520     718
     985      82     826
     720      83     669
     966     850     721
     721     359     540
     908     823     722
     722     361     641
     986      94     861
     723      95     530
     798     533     122
     909     812      79
     904     725     825
     798     123     724
     910     825     726
     726     167     535
     987     880     257
     727     256     537
     728     257     538
     813     728     302
     951     889     729
     729     357     646
     911     827     730
     730     356     542
     988     877     355
     731     354     650
     989     883     352
     732     351     654
     990     891     365
     733     364     636
     975     831     734
     734      98     586
     958     836     735
     735     100     693
     959     863     736
     736     101     694
     912     846     737
     737     377     572
     913     834     738
     738     378     617
     914     871     739
     739     112     552
     955     870     740
     740     111     708
     957     895     324
     741     367     632
     991     898     376
     742     375     621
     992     377     846
     743     376     620
     993     374     876
     744     373     555
     954     886     745
     745     380     550
    1093     900     338
     746     381     613
     994     839     113
     747     114     712
     995     872     116
     748     117     716
     996     212     843
     749     301     558
     915     346     751
     945     817     389
     983     905     300
     915     345     750
     845     166     816
     752     211     565
     906     568     121
     816     753     165
     972     754     875
     754     121     566
     997     874     118
     755     119     557
     965     868     756
     756     109     573
     998     867     107
     757     108     704
     916     758     105
     758     106     589
     917     104     865
     759     105     575
     918     865     760
     760     104     698
     999     860      92
     761      93     683
     969     857     762
     762      90     679
    1094     855     131
     763      88     581
    1000      84     853
     764      85     525
     919     897     765
     765     371     627
     920     766     363
     766     362     527
    1095     897     327
     767     370     591
    1001     386     903
     768     385     607
     922     902     769
     769     384     609
    1002     887     350
     770     349     539
     923     879     771
     771     353     544
    1003     384     902
     772     383     560
    1004     387     844
     773     386     606
     981     878     774
     774     379     616
    1005     838     373
     775     372     626
    1006     366     893
     776     365     635
     949     890     777
     777     358     645
     953     828     778
     778     355     649
    1007     353     879
     779     352     653
    1008      81     820
     780      82     668
     973     856     781
     781      89     678
    1009      91     858
     782      92     682
    1010     822      95
     783      96     688
     956     835     784
     784      99     692
    1011     102     864
     785     103     697
    1012     866     106
     786     107     703
     964     869     787
     787     110     707
     970     871     156
     788     113     711
    1013     115     840
     789     116     715
    1020     852     124
     790      81     585
     925     797     791
     791     347     523
     926     882     792
     792     348     524
     927     849     793
     793     360     642
     928     884     794
     794     363     528
     929     830     795
     795      97     689
     930     861     796
     796      94     531
     984     797     303
     797     347     791
     798     724     533
     798     122     725
     931     864     799
     799     102     547
     932     893     800
     800     366     553
     933     876     801
     801     374     554
     934     841     802
     802     120     567
     935     844     803
     803     387     563
     936     843     804
     804     212     564
    1014     873     117
     805     118     718
     937     858     806
     806      91     580
     938     855     807
     807      87     675
     939     853     808
     808      84     671
     940     840     809
     809     115     587
    1015     888     351
     810     350     656
     941     895     811
     811     368     631
     812      80     598
     909      79     599
     813     302     602
    1016     824     303
     942     900     814
     814     382     612
     943     885     815
     815     369     630
     816     166     660
     944     845     816
     945     389     664
     946     935     388
     947     821     818
     818      86     674
     882     348     792
    1017    1016     303
    1020     820     924
    1008     826      81
    1018     938     130
     821      86     818
    1096     822    1010
    1315     929      96
     979     927     317
     823     361     722
     987     824     258
     824     728     813
     904     825     168
     825     167     726
    1097     826    1008
     985     907      82
    1032     827     911
    1098     953     312
    1098     828     953
    1098     988     828
    1099     829    1007
    1099     989     829
    1100     975     830
     830      97     795
    1100     831     975
    1316     956      98
    1101     832    1011
    1102     918     832
    1103     833     970
     994     833     157
    1019     834     913
     912     834     334
    1104     835     956
     958     835     143
    1105     836     958
     959     836     144
    1106     837     993
    1106    1005     837
    1107     838    1005
    1318     919     372
    1108     839     994
    1109     940     839
    1013     842     115
     840     115     809
     875     841     164
     841     120     802
    1110     842    1013
    1110     995     842
     996     881     212
     843     212     804
    1044     844     935
    1004     903     387
    1111     936     845
     845     211     752
    1033     846     912
     992     847     377
    1112     847     992
    1112     991     847
    1035     916     105
     848     105     759
    1113     966     849
     849     360     793
    1113     850     966
    1209     949     359
    1114     851    1094
     973     851     132
    1020     924     852
     852      80     812
    1000     854      84
     853      84     808
    1115     854    1000
    1253     947      85
    1018     855     938
    1094     968     855
    1116     856     973
     969     856     133
    1021     857     969
     937     857     134
    1046     858     937
    1009     859      91
    1117     859    1009
    1117     999     859
    1118     860     999
    1320     930      93
     986     862      94
     861      94     796
    1119     862     986
    1119    1010     862
    1022     863     959
     931     863     145
    1041     864     931
    1011     864     146
     917     865     148
     865     104     760
    1120     866    1012
    1120     998     866
    1121     867     998
    1213    1142     965
    1142     868     965
    1212     964     109
    1141     869     964
     955     869     154
    1023     870     955
     914     870     155
    1034     871     914
    1103     970     156
    1122     872     995
    1122    1014     872
    1123     873    1014
    1123     997     873
    1124     874     997
     934     874     163
     972     906     754
     875     754     120
     993     876     330
     876     374     801
    1125     877     988
    1126     923     877
    1024     878     981
     913     878     335
    1007     879     309
     879     353     771
    1127     880     987
    1208     910     256
    1025     996     213
    1025     905     881
     926     792     349
    1026     882     926
    1128     883     989
    1128    1015     883
     978     920     363
     884     363     794
    1027     885     943
    1028     941     325
    1129     886     954
     981     886     336
    1130     887    1002
     926     887     305
    1131     888    1015
    1131    1002     888
    1029     889     951
     911     889     313
    1140     890     949
     951     890     314
    1132     891     990
    1330     928     364
    1133     892    1006
    1133     990     892
    1042     893     932
    1006     893     322
    1030     894     957
     932     894     323
    1028     895     941
    1030     957     324
    1206     896    1095
     943     896     326
    1095     977     897
     897     371     765
    1134     898     991
    1332     933     375
    1207     899    1093
     954     899     337
    1093     961     900
     900     382     814
    1135     901    1003
    1260     942     383
    1003     902     340
     902     384     769
    1136     903    1004
    1001     921     386
    1031     904     168
     904     123     798
    1137    1076     963
     905     751     301
     906     165     753
     906     753     568
    1138    1047     907
    1047     939      83
    1308     362     920
     980     908     318
     909     724     123
     948     909     123
    1208     256     880
    1208     950     910
     911     357     889
    1032     911     313
     912     378     834
    1033     912     334
     913     379     878
    1019     913     335
     914     111     870
    1034     914     155
     915     750     561
     915     561     346
    1035     105     848
    1070    1012     916
    1036     917     148
     917     848     759
     918     103     832
     976     918     147
    1318     372     838
    1318     960     919
    1308    1085     318
     920     362     766
    1139    1037     921
    1037     922     385
    1037     385     921
     982     922     341
     923     354     877
    1038     923     310
     924     820     790
     924      80     852
     925     303     797
     925     791     819
     926     349     887
    1026     926     305
     927     361     823
     927     823     317
    1330     364     891
    1039     928     320
    1315      96     822
    1315     974     929
    1320      93     860
    1040     930     137
     931     101     863
    1041     931     145
     932     367     894
    1042     932     323
    1332     375     898
    1043     933     331
     934     119     874
     971     934     163
     946     388     817
    1044     935     946
     936     211     845
    1045     936     210
     937      90     857
    1046     937     134
     938      86     821
     938     821     130
    1047      83     907
     952     939     127
     940     114     839
    1048     940     158
     941     369     885
     941     885     325
    1260     383     901
    1260     962     942
     943     370     896
    1027     943     326
    1049     165     972
    1111     944     210
     945     750     345
     963     945     345
     963     817     945
    1044     946     344
    1253      85     854
    1253     967     947
    1031     123     904
     948     124     852
    1209     359     850
    1209    1140     949
    1210    1050     255
     950     168     825
     951     358     890
    1029     951     314
    1182    1157     172
     952     128     853
     953     356     827
     953     827     312
     954     381     899
    1129     954     337
     955     110     869
    1023     955     154
    1316      98     831
    1316    1104     956
     957     894     741
     957     368     895
     958      99     835
    1105     958     143
     959     100     836
    1022     959     144
    1197    1081     960
     960     327     897
     961     899     746
     961     382     900
    1211    1091     339
     962     338     900
    1137     345     983
     963     344     946
    1212     109     868
    1212    1141     964
    1213     108     867
    1213     965     108
     966     360     849
    1113     849     316
    1183    1055     967
     967     130     821
     968     851     763
     968      87     855
     969      89     856
    1021     969     133
     970     833     788
     970     112     871
    1180    1061     971
     971     164     841
    1073    1049     972
     972     165     906
     973      88     851
    1116     973     132
    1190    1056     974
     974     141     830
     975      97     830
    1100     830     141
    1143    1057     976
     976     148     865
     977     896     767
     977     371     897
     978     884     319
    1085     978     319
    1195    1064     979
     979     316     849
    1196    1054     980
     980     317     823
     981     380     886
    1024     981     336
    1173    1092     982
     982     340     902
     983     345     915
     983     751     905
     984     303     813
     984     602     532
    1097     985     826
    1138     985     126
     986     861     138
    1119     986     138
     987     257     728
    1127     987     258
     988     355     828
    1125     988     311
     989     352     829
    1128     989     308
     990     365     892
    1132     990     321
     991     376     847
    1134     991     332
     992     846     333
    1112     992     333
    1106     993     330
     993     837     374
     994     113     833
    1108     994     157
     995     116     842
    1122     995     160
     996     843     213
    1144    1025     213
     997     118     873
    1124     997     162
     998     107     866
    1121     998     151
     999      92     859
    1118     999     136
    1000     853     128
    1115    1000     128
    1136    1001     903
    1139    1001     342
    1002     350     888
    1130    1002     306
    1135    1003     340
    1003     901     384
    1004     844     343
    1136    1004     343
    1005     373     837
    1107    1005     329
    1133    1006     322
    1006     892     366
    1099    1007     309
    1007     829     353
    1008     820     125
    1097    1008     125
    1009     858     135
    1117    1009     135
    1010      95     862
    1096    1010     139
    1101    1011     146
    1011     832     102
    1012     106     916
    1120    1012     150
    1013     840     159
    1110    1013     159
    1014     117     872
    1123    1014     161
    1015     351     883
    1131    1015     307
    1016     258     824
    1017     303     925
    1017     925     304
    1214    1145    1079
    1146    1053    1018
    1018     131     855
    1147    1058    1019
    1019     334     834
    1297    1066     169
    1020     125     820
    1148    1065    1021
    1021     134     857
    1168    1059    1022
    1022     145     863
    1274    1071    1023
    1023     155     870
    1200    1078    1024
    1024     335     878
    1025     300     905
    1025     881     996
    1215    1079     305
    1026     304     819
    1192    1089    1027
    1027     325     885
    1149    1088    1028
    1028     324     895
    1270    1084    1029
    1029     313     889
    1164    1088     279
    1030     323     894
    1150     168    1050
    1150    1066    1031
    1155    1083    1032
    1032     312     827
    1198    1062    1033
    1033     333     846
    1187    1072    1034
    1034     156     871
    1035     848     149
    1070    1035     149
    1175    1063    1036
    1036     149     848
    1139     921    1001
    1037     341     922
    1216    1082     310
    1038     309     879
    1152    1080    1039
    1039     319     884
    1153    1069    1040
    1040     138     861
    1167    1074    1041
    1041     146     864
    1162    1086    1042
    1042     322     893
    1160    1090    1043
    1043     330     876
    1191    1077    1044
    1044     343     844
    1151    1075     210
    1045     213     843
    1176    1068    1046
    1046     135     858
    1138     907     985
    1047     127     939
    1217    1060     158
    1048     159     840
    1151    1049    1073
    1049     210     944
    1210    1189    1050
    1050     168     950
    1419     259    1358
    1051    1016    1017
    1420    1052    1297
    1420    1219    1052
    1220    1053    1146
    1221    1177    1114
    1351    1054    1196
    1195    1054     272
    1222    1055    1183
    1146    1055     175
    1348    1056    1190
    1223    1056     186
    1265    1057    1143
    1298    1175     193
    1266    1058    1147
    1198    1058     289
    1341    1059    1168
    1167    1059     190
    1299    1060    1217
    1299    1224    1060
    1225    1061    1180
    1073    1061     209
    1300    1062    1198
    1226    1062     288
    1298    1063    1175
    1227    1063     194
    1301    1064    1195
    1228    1064     271
    1267    1065    1148
    1176    1065     179
    1297    1181    1066
    1066     124     948
    1302    1067    1182
    1229    1067     173
    1303    1068    1176
    1230    1068     180
    1304    1069    1153
    1231    1069     183
    1232     149    1227
    1070     150    1012
    1447     200    1429
    1429    1187     155
    1345    1072    1187
    1233    1072     201
    1073     164    1061
    1151    1073     209
    1305    1074    1167
    1234    1074     191
    1268    1075    1151
    1171    1144     213
    1426    1137    1172
    1426    1191    1076
    1349    1077    1191
    1235    1077     298
    1236    1078    1200
    1147    1078     290
    1215    1214    1079
    1145     259    1051
    1306    1080    1152
    1237    1080     274
    1353    1081    1197
    1238    1081     282
    1307    1082    1216
    1307    1239    1082
    1336    1083    1155
    1240    1083     267
    1445     268    1421
    1421    1155     313
    1241     319    1237
    1308     318     908
    1309    1086    1162
    1242    1086     277
    1310    1087    1164
    1162    1087     278
    1243    1088    1149
    1310    1164     279
    1244    1089    1192
    1149    1089     280
    1311    1090    1160
    1245    1090     285
    1312    1091    1211
    1312    1246    1091
    1313    1092    1173
    1247    1092     295
    1207    1093     338
    1093     899     961
    1114    1094     131
    1094     851     968
    1206    1095     327
    1095     896     977
    1314     139    1186
    1315    1096     140
    1219    1154     125
    1097     126     985
    1240    1156     312
    1098     311     988
    1239    1193     309
    1099     308     989
    1249     141    1223
    1316    1100     142
    1234    1166     146
    1102    1101     147
    1102     832    1101
    1102     147     918
    1233    1161    1103
    1103     157     833
    1403    1361     187
    1104     143     835
    1286    1165    1105
    1105     144     836
    1204    1106     330
    1106     329    1005
    1317     329    1204
    1318    1107     328
    1287    1169    1108
    1109    1108     158
    1109     839    1108
    1109     158     940
    1224    1170     159
    1110     160     995
    1111     210     936
    1111     845     944
    1226    1174     333
    1112     332     991
    1251     316    1228
    1209    1113     315
    1221     131    1053
    1114     132     851
    1252     128    1229
    1253    1115     129
    1285    1184    1116
    1116     133     856
    1230    1185     135
    1117     136     999
    1319     136    1185
    1320    1118     137
    1186    1119     138
    1119     139    1010
    1321    1178     150
    1120     151     998
    1322     151    1178
    1213    1121     152
    1323    1188     160
    1122     161    1014
    1324    1179     161
    1123     162     997
    1325     162    1179
    1124     163     874
    1291    1194    1125
    1126    1125     310
    1126     877    1125
    1126     310     923
    1290     255    1127
    1208    1127     255
    1326    1158     308
    1128     307    1015
    1381    1295     292
    1129     336     886
    1327    1202     306
    1130     305     887
    1328    1159     307
    1131     306    1002
    1329     321    1203
    1330    1132     320
    1242    1203     322
    1133     321     990
    1331     332    1174
    1332    1134     331
    1259     340    1247
    1260    1135     339
    1235    1201     343
    1136     342    1001
    1137     983     300
    1172    1137     300
    1261    1157    1138
    1138     127    1047
    1262    1205    1139
    1139     341    1037
    1263    1140     315
    1140     314     890
    1264    1141     153
    1141     154     869
    1333    1142     152
    1212    1142     153
    1166    1143     147
    1265    1143     192
    1279    1144    1171
    1144     300    1025
    1145    1051    1017
    1145     304    1079
    1146     130    1055
    1220    1146     175
    1147     335    1078
    1266    1147     290
    1184    1148     133
    1267    1148     178
    1149     325    1089
    1243    1149     280
    1150     169    1066
    1150    1031     168
    1268    1151     209
    1151     210    1049
    1334     320    1257
    1306    1152     275
    1335     137    1254
    1304    1153     182
    1359    1154    1219
    1373    1261     126
    1421     313    1084
    1421    1336    1155
    1337    1156    1240
    1461    1291     311
    1338    1157    1261
    1302    1182     172
    1422    1158    1326
    1422    1328    1158
    1423    1159    1328
    1423    1327    1159
    1339     331    1258
    1311    1160     286
    1366    1161    1233
    1287    1161     202
    1162     323    1087
    1309    1162     278
    1424    1163    1403
    1286    1163     188
    1164    1087    1030
    1164     324    1088
    1340    1165    1286
    1168    1165     189
    1367    1166    1234
    1166     192    1143
    1167     145    1059
    1305    1167     190
    1168     144    1165
    1341    1168     189
    1425    1169    1287
    1425    1217    1169
    1362    1170    1224
    1362    1323    1170
    1268    1171    1075
    1279    1171     214
    1172     300    1144
    1426    1172     299
    1205    1173     341
    1313    1173     296
    1363    1174    1226
    1331    1258     332
    1175     148    1057
    1175    1057     193
    1176     134    1065
    1303    1176     179
    1360    1177    1221
    1285    1177     177
    1427    1178    1321
    1322    1255     151
    1428    1179    1324
    1325    1256     162
    1342     163    1256
    1342    1225    1180
    1181    1052    1020
    1181     124    1066
    1182    1067     952
    1182     127    1157
    1343     129    1252
    1343    1222    1183
    1344    1184    1285
    1184     178    1148
    1365    1185    1230
    1319    1254     136
    1231    1186     138
    1314    1248     139
    1429     155    1071
    1429    1345    1187
    1430    1188    1323
    1430    1324    1188
    1346    1189     254
    1189     169    1150
    1347     140    1248
    1348    1190    1347
    1191     344    1076
    1426    1349    1191
    1294    1192     326
    1639    1244    1192
    1370    1193    1239
    1370    1326    1193
    1515    1194    1291
    1431    1216    1194
    1195     317    1054
    1301    1195     272
    1350     318    1241
    1351    1196    1350
    1352     328    1250
    1353    1197    1352
    1198     334    1058
    1300    1198     289
    1381    1354    1199
    1200    1199     291
    1200     336    1199
    1236    1200     291
    1368    1201    1235
    1374    1262     342
    1355    1327     261
    1355    1215    1202
    1371    1203    1242
    1329    1257     321
    1245    1204     330
    1317    1250     329
    1356    1205    1262
    1205     296    1173
    1294     327    1238
    1206     326     896
    1295     338    1246
    1207     337     899
    1208     880    1127
    1208     255     950
    1209     850    1113
    1209     315    1140
    1290    1269    1210
    1210     254    1189
    1357    1247     295
    1312    1211     294
    1212     868    1142
    1212     153    1141
    1213     867    1121
    1213     152    1142
    1358    1214     260
    1214     259    1145
    1215     305    1202
    1215     260    1214
    1216     310    1194
    1307    1216     265
    1217     158    1169
    1299    1217     203
    1218     258    1051
    1218    1051     259
    1219     125    1052
    1359    1219     170
    1432    1271     175
    1220     176    1053
    1221    1053     176
    1360    1221     176
    1378    1272    1222
    1222     175    1055
    1361    1249    1273
    1223     141    1056
    1224     159    1060
    1362    1224     204
    1388    1278    1225
    1225     209    1061
    1226     333    1062
    1363    1226     288
    1364    1227     194
    1364    1232    1227
    1281    1251    1280
    1228     316    1064
    1229     128    1067
    1282    1229     173
    1230     135    1068
    1365    1230     180
    1231     138    1069
    1284    1231     183
    1433    1232    1364
    1232     150    1070
    1233     156    1072
    1366    1233     201
    1234     146    1074
    1367    1234     191
    1235     343    1077
    1368    1235     298
    1369    1288    1236
    1236     290    1078
    1289    1237     274
    1350    1289     273
    1238     327    1081
    1654    1294    1238
    1239     309    1082
    1370    1239     264
    1240     312    1083
    1337    1240     267
    1241     318    1085
    1241    1085     319
    1242     322    1086
    1371    1242     277
    1434    1292     280
    1243     279    1088
    1587    1517    1293
    1244     280    1089
    1245     330    1090
    1277    1245     285
    1246     338    1091
    1385    1295    1246
    1247     340    1092
    1357    1296    1259
    1435    1347    1248
    1435    1248    1314
    1249     142    1100
    1249    1100     141
    1436    1352    1250
    1436    1250    1317
    1251     315    1113
    1251    1113     316
    1252     129    1115
    1252    1115     128
    1253     854    1115
    1253     129     967
    1437    1335    1254
    1437    1254    1319
    1438    1372    1255
    1438    1255    1322
    1439    1342    1256
    1439    1256    1325
    1440    1334    1257
    1440    1257    1329
    1441    1339    1258
    1441    1258    1331
    1259     339    1135
    1259    1135     340
    1260     901    1135
    1260     339     962
    1373     126    1154
    1373    1338    1261
    1374     342    1201
    1374    1356    1262
    1506    1263    1394
    1263     314    1140
    1375    1264     153
    1507    1264    1390
    1442    1276     192
    1265     193    1057
    1443    1275     290
    1266     289    1058
    1444     178    1397
    1267     179    1065
    1278    1268     209
    1268     214    1171
    1269     254    1210
    1290    1210     255
    1506     314    1263
    1506    1445    1270
    1508    1271    1432
    1508    1446    1271
    1509    1272    1378
    1432    1272     248
    1273    1223     186
    1361    1273     187
    1507     154    1264
    1507    1447    1274
    1510    1275    1443
    1510    1448    1275
    1511    1276    1442
    1511    1449    1276
    1512    1414     285
    1317    1277     284
    1450    1278    1388
    1278     214    1268
    1451    1279     214
    1279     299    1172
    1280    1228     271
    1281    1280     270
    1281     315    1251
    1394    1281     270
    1452    1282     173
    1343     174    1222
    1513    1283    1444
    1513    1453    1283
    1514    1401     183
    1314    1284     184
    1285     132    1177
    1344    1285     177
    1286     143    1163
    1340    1286     188
    1287     157    1161
    1425    1287     202
    1470    1288    1369
    1443    1288     223
    1454    1289     274
    1351    1350     273
    1290    1127     258
    1290    1218    1269
    1461     311    1156
    1515    1291    1461
    1516    1292    1434
    1516    1455    1292
    1587    1293    1244
    1434    1293     233
    1654    1639    1294
    1294     326    1206
    1381     292    1354
    1295     337    1207
    1296     294    1211
    1296    1211     339
    1420     169    1346
    1297    1052    1181
    1449    1380     193
    1298     194    1063
    1497    1386    1299
    1299     204    1224
    1448    1391    1300
    1300     288    1062
    1499    1393    1301
    1301     271    1064
    1502    1379    1302
    1302     173    1067
    1453    1398    1303
    1303     180    1068
    1456    1400    1304
    1304     183    1069
    1494    1404    1305
    1305     191    1074
    1472    1406    1306
    1306     274    1080
    1500    1407    1307
    1307     264    1239
    1308     908     362
    1308     920    1085
    1480    1412    1309
    1309     277    1086
    1455    1413     279
    1310     278    1087
    1457    1415    1311
    1311     285    1090
    1482    1416    1312
    1312     293    1246
    1486    1389    1313
    1313     295    1092
    1314    1186    1284
    1435    1314     184
    1315     822    1096
    1315     140     974
    1316     831    1100
    1316     142    1104
    1317    1204    1277
    1436    1317     284
    1318     838    1107
    1318     328     960
    1365    1319    1185
    1437    1319     181
    1320     860    1118
    1320     137     930
    1321     150    1232
    1427    1321     195
    1427    1322    1178
    1438    1322     196
    1323     160    1170
    1430    1323     205
    1324     161    1188
    1428    1324     206
    1428    1325    1179
    1439    1325     207
    1326     308    1193
    1422    1326     263
    1327     306    1159
    1458    1355     261
    1328     307    1158
    1423    1328     262
    1371    1329    1203
    1440    1329     276
    1330     891    1132
    1330     320     928
    1363    1331    1174
    1441    1331     287
    1332     898    1134
    1332     331     933
    1372    1333     152
    1459    1375    1333
    1334     275    1152
    1334    1152     320
    1335     182    1153
    1335    1153     137
    1518    1336     268
    1336     267    1083
    1519    1460     267
    1461    1337     266
    1520    1396     171
    1338     172    1157
    1339     286    1160
    1339    1160     331
    1462    1383    1340
    1340     189    1165
    1521     189    1383
    1341     190    1059
    1342     208    1225
    1342    1180     163
    1343    1183     129
    1343    1252    1282
    1463    1397    1344
    1344     178    1184
    1588    1522     200
    1345     201    1072
    1346     169    1189
    1464    1346     254
    1348    1347     185
    1347    1190     140
    1465    1348     185
    1348     186    1056
    1523     299    1451
    1349     298    1077
    1350    1196     318
    1350    1241    1289
    1466    1351     273
    1351     272    1054
    1353    1352     283
    1352    1197     328
    1467    1353     283
    1353     282    1081
    1479    1405    1354
    1354     291    1199
    1355     260    1215
    1355    1202    1327
    1524    1417     297
    1356     296    1205
    1468    1357     295
    1357     294    1296
    1525    1408     253
    1358     259    1214
    1526     170    1471
    1373    1359     171
    1446    1376     176
    1360     177    1177
    1424    1403     187
    1361     142    1249
    1527    1387     204
    1362     205    1323
    1528    1392     288
    1363     287    1331
    1529     194    1380
    1433    1364     195
    1530    1399     180
    1365     181    1319
    1531    1382     201
    1366     202    1161
    1532    1395     191
    1367     192    1166
    1533     298    1505
    1374    1368     297
    1405    1369     291
    1470    1369     222
    1534    1409     264
    1370     263    1326
    1535    1411     277
    1371     276    1329
    1487    1459    1333
    1372     152    1255
    1373    1154    1359
    1373     171    1338
    1374    1201    1368
    1374     297    1356
    1375     153    1333
    1390    1375     198
    1556    1376    1446
    1463    1376     246
    1589    1526     253
    1589    1520    1377
    1536     174    1452
    1509    1378     249
    1590    1379    1502
    1492    1452     173
    1559    1380    1449
    1529    1469     194
    1381    1199    1129
    1381     337    1295
    1591    1531     222
    1591    1537    1382
    1566    1561     234
    1521    1384     189
    1592    1521     234
    1640    1601    1494
    1551    1504     293
    1385     292    1295
    1625    1621     219
    1527    1386     219
    1593    1387    1527
    1593    1538    1387
    1483    1388     208
    1450    1388     215
    1594    1389    1486
    1570    1468     295
    1539    1390     198
    1507    1390     199
    1558    1391    1448
    1528    1391     225
    1595    1392    1528
    1595    1540    1392
    1596    1393    1499
    1489    1410     271
    1541    1394     270
    1506    1394     269
    1597    1395    1532
    1597    1442    1395
    1598    1396    1520
    1641    1502     172
    1542    1397    1463
    1444    1397     245
    1560    1398    1453
    1530    1398     243
    1599    1399    1530
    1599    1543    1399
    1562    1400    1456
    1562    1514    1400
    1600    1583     239
    1600    1544    1401
    1582    1402    1478
    1402     187    1273
    1403    1163    1104
    1403     142    1361
    1601    1404    1494
    1532    1404     232
    1546    1405    1479
    1405     222    1369
    1602    1406    1472
    1498    1454     274
    1603    1407    1500
    1534    1407     249
    1458    1408     260
    1525    1464     254
    1604    1534    1578
    1604    1547    1409
    1605    1410    1489
    1410     270    1280
    1606    1535    1582
    1606    1549    1411
    1607    1412    1480
    1535    1412     236
    1561    1413    1455
    1633    1480     278
    1608    1414    1512
    1608    1550    1414
    1563    1415    1457
    1563    1512    1415
    1621    1416    1482
    1551    1416     220
    1609    1417    1524
    1642    1486     296
    1610    1418    1533
    1610    1524    1418
    1419     254    1269
    1419    1269    1218
    1420     170    1219
    1420    1297     169
    1445    1421    1084
    1421     268    1336
    1547    1501     263
    1422     262    1328
    1611    1476     262
    1423     261    1327
    1644    1545     236
    1424     188    1163
    1553     202    1537
    1425     203    1217
    1426    1076    1137
    1426     299    1349
    1612     195    1572
    1427     196    1322
    1613    1484     206
    1428     207    1325
    1447    1429    1071
    1429     200    1345
    1538    1485     205
    1430     206    1324
    1554    1431    1515
    1431     265    1216
    1432     175    1272
    1508    1432     248
    1433     195    1321
    1433    1321    1232
    1434     280    1293
    1516    1434     233
    1544    1473     184
    1435     185    1347
    1550    1490     284
    1436     283    1352
    1543    1493     181
    1437     182    1335
    1614    1495     196
    1438     197    1372
    1580    1483    1439
    1439     208    1342
    1549    1503     276
    1440     275    1334
    1540    1488     287
    1441     286    1339
    1442     192    1395
    1511    1442     231
    1443     290    1288
    1638    1443     223
    1513    1444     245
    1444    1283     178
    1445    1084    1270
    1615    1579    1555
    1446     176    1271
    1556    1446     247
    1447    1071    1274
    1616    1575    1557
    1448     289    1275
    1558    1448     224
    1449     193    1276
    1559    1449     230
    1505    1451    1450
    1450     214    1278
    1523    1451    1505
    1451     299    1279
    1578    1452    1492
    1452     174    1282
    1453     179    1283
    1560    1453     244
    1583    1474    1454
    1454     273    1289
    1455     279    1292
    1561    1455     234
    1493    1456     182
    1562    1456     241
    1488    1457     286
    1563    1457     227
    1458     260    1355
    1585    1458     261
    1564    1459    1487
    1459     198    1375
    1617    1556     247
    1617    1565    1460
    1461    1156    1337
    1515    1461     266
    1481    1462     188
    1566     235    1561
    1463     177    1376
    1542    1463     246
    1525     254    1419
    1526    1471     253
    1620    1619     237
    1465     186    1348
    1567    1499     272
    1466     272    1351
    1568     283    1490
    1577    1569    1467
    1570     295    1389
    1571    1482     294
    1627    1572    1469
    1627    1608     228
    1618     222    1531
    1470     223    1288
    1471     170    1420
    1471    1346    1464
    1503     275    1440
    1602    1472     238
    1652    1602     238
    1652    1477    1473
    1474     273    1454
    1586     240    1562
    1589    1475     252
    1475     253    1408
    1643    1611     251
    1643    1585    1476
    1619    1477     238
    1477    1465     185
    1620     186    1465
    1582    1478     237
    1504    1479     292
    1546    1479     221
    1633     278    1413
    1633    1607    1480
    1644    1481    1552
    1481     235    1462
    1571     294    1468
    1621    1482    1571
    1645    1610     215
    1483     215    1388
    1646    1613     217
    1656    1484    1646
    1647    1538    1594
    1647    1613    1485
    1642     296    1417
    1594    1486     217
    1487    1372     197
    1564    1487     197
    1622    1488    1540
    1488     227    1457
    1489    1393     242
    1605     242    1599
    1631    1559     230
    1631    1568    1490
    1634    1612     228
    1634    1614    1491
    1492    1379     250
    1578    1492     250
    1651    1596     241
    1493     241    1456
    1640     190    1384
    1601    1517    1404
    1648    1614     227
    1648    1623    1495
    1618    1531     201
    1588    1496    1522
    1624     203    1553
    1625    1497    1624
    1498    1406     239
    1583    1498     239
    1567     272    1466
    1596    1499    1567
    1636     265    1554
    1603    1509     249
    1649    1547    1590
    1649    1611    1501
    1641     172    1396
    1590    1502     251
    1630    1619     238
    1650    1503    1630
    1632    1628     221
    1504     221    1479
    1533    1505     215
    1523    1505     298
    1506     269    1445
    1506    1270     314
    1507     199    1447
    1507    1274     154
    1636    1554    1574
    1508     247    1446
    1603     249    1407
    1509     248    1272
    1638    1557    1575
    1510     224    1448
    1577     231    1569
    1511     230    1449
    1512     285    1415
    1608    1512     228
    1626    1555    1579
    1513     244    1453
    1514     183    1400
    1600     240    1583
    1554    1515     266
    1515    1431    1194
    1640    1592     233
    1516     234    1455
    1517     232    1404
    1517     233    1293
    1626    1573    1518
    1573    1542     246
    1617    1519     246
    1519     267    1518
    1520     171    1377
    1598    1520     252
    1521    1383     234
    1592     234    1516
    1522     201    1345
    1522    1345     200
    1523     298    1349
    1523    1349     299
    1524     297    1418
    1609    1524     216
    1525    1419    1358
    1525    1358    1408
    1589     253    1475
    1526    1377     170
    1527     204    1386
    1593    1527     219
    1528     288    1391
    1595    1528     225
    1559    1529    1380
    1627    1529     229
    1530     180    1398
    1599    1530     243
    1618     201    1522
    1591     222    1546
    1532     191    1404
    1597    1532     232
    1610    1533     215
    1533    1418     298
    1534     264    1407
    1578    1534     249
    1535     277    1412
    1582    1535     236
    1536     249    1378
    1536    1378     174
    1628    1624    1553
    1537     202    1382
    1538     205    1387
    1594    1538     218
    1629     198    1564
    1616    1539    1576
    1540     287    1392
    1622    1540     226
    1615    1541    1584
    1541     269    1394
    1573     246    1519
    1542     245    1397
    1543     181    1399
    1651     242    1596
    1544     184    1401
    1652     239    1602
    1644    1607    1481
    1545     187    1402
    1591    1546     221
    1546     222    1405
    1547     263    1409
    1590    1547     250
    1584    1548     243
    1548     270    1410
    1549     276    1411
    1630     237    1619
    1550     284    1414
    1631     229    1559
    1551     293    1416
    1632     220    1628
    1552    1481    1424
    1552     187    1545
    1628    1553    1537
    1553     203    1425
    1554     265    1431
    1574     266    1565
    1555     268    1445
    1555    1445     269
    1617     247    1565
    1556     246    1376
    1557     200    1447
    1557    1447     199
    1616    1576     224
    1558     225    1391
    1631     230    1568
    1559     229    1529
    1615    1584     244
    1560     243    1398
    1566     234    1383
    1633    1561     235
    1586     241    1567
    1562     240    1514
    1634    1563     227
    1563     228    1512
    1623    1564     197
    1629    1576    1539
    1574    1565     247
    1565     266    1460
    1566    1383    1462
    1566    1462     235
    1586    1567    1466
    1596    1567     241
    1577     230    1511
    1568    1467     283
    1653     231    1597
    1569     282    1467
    1570    1389     218
    1635     218    1593
    1635    1571    1468
    1621    1571     219
    1612    1572     228
    1572     195    1469
    1626    1518     268
    1573     245    1542
    1574     247    1508
    1574    1508     248
    1575     224    1510
    1638    1575    1510
    1629    1539     198
    1576     225    1558
    1577    1511     231
    1577    1467    1568
    1604    1578     250
    1578     249    1536
    1579     244    1513
    1579    1513     245
    1656     207    1484
    1645     216    1610
    1655    1653     232
    1655    1654    1581
    1606    1582     237
    1582     236    1545
    1600     239    1544
    1583     240    1474
    1584    1541    1548
    1584     243    1560
    1585     261    1476
    1585     252    1475
    1586    1466    1474
    1586    1474     240
    1655    1587     281
    1587     232    1517
    1588     200    1557
    1588     223    1496
    1589     252    1520
    1589    1377    1526
    1649    1590     251
    1590     250    1379
    1591     221    1537
    1591    1382    1531
    1592    1516     233
    1592    1384    1521
    1635     219    1571
    1593     218    1538
    1647    1594     217
    1594     218    1389
    1637     225    1629
    1595     226    1540
    1651     241    1493
    1596     242    1393
    1653    1597     232
    1597     231    1442
    1643    1598     252
    1641    1598     251
    1605     243    1548
    1599     242    1543
    1600    1401    1514
    1600    1514     240
    1640    1494     190
    1601     233    1517
    1652     238    1477
    1602     239    1406
    1636    1603    1500
    1603     248    1509
    1604     250    1547
    1604    1409    1534
    1605    1548    1410
    1605    1489     242
    1606     237    1549
    1606    1411    1535
    1607     235    1481
    1607     236    1412
    1627     228    1572
    1608     229    1550
    1646    1609     216
    1642    1609     217
    1645     215    1483
    1610     216    1524
    1611     262    1501
    1643     251    1598
    1634     228    1563
    1612    1491     195
    1613     206    1485
    1646     217    1609
    1614     196    1491
    1648     227    1622
    1615     269    1541
    1615     244    1579
    1616     199    1539
    1616     224    1575
    1617    1460    1519
    1617     246    1556
    1618    1522    1496
    1618    1496    1470
    1650    1630     238
    1620     237    1478
    1620    1478     186
    1620    1465    1619
    1625     219    1386
    1621     220    1416
    1648    1622     226
    1622     227    1488
    1623     197    1495
    1637     226    1595
    1625    1624     220
    1624    1497     203
    1625    1386    1497
    1625     220    1621
    1626     245    1573
    1626     268    1555
    1627    1469    1529
    1627     229    1608
    1632     221    1504
    1628     220    1624
    1637    1629    1564
    1629     225    1576
    1630    1503    1549
    1630    1549     237
    1631    1490    1550
    1631    1550     229
    1632    1504    1551
    1632    1551     220
    1633    1413    1561
    1633     235    1607
    1634     227    1614
    1634    1491    1612
    1635    1468    1570
    1635    1570     218
    1636     248    1603
    1636    1500     265
    1637    1595     225
    1637    1564    1623
    1638    1510    1443
    1638     223    1588
    1639     281    1244
    1639    1192    1294
    1640    1384    1592
    1640     233    1601
    1641    1396    1598
    1641     251    1502
    1642    1417    1609
    1642     217    1486
    1643     252    1585
    1643    1476    1611
    1644    1552    1545
    1644     236    1607
    1645    1483    1580
    1656    1645    1580
    1656    1646     216
    1646    1484    1613
    1647     217    1613
    1647    1485    1538
    1648     226    1623
    1648    1495    1614
    1649     251    1611
    1649    1501    1547
    1650     238    1472
    1650    1472    1503
    1651    1493    1543
    1651    1543     242
    1652    1473    1544
    1652    1544     239
    1655     232    1587
    1653    1581    1569
    1654     282    1581
    1654     281    1639
    1655     281    1654
    1655    1581    1653
    1656     216    1645
    1656    1580     207
