57
57
57
57
57
57
58
58
54
54
54
54
54
54
54
54
55
55
55
55
55
55
36
36
36
36
39
39
39
39
38
38
38
7
7
7
7
7
7
6
6
6
6
4
4
4
4
4
4
4
4
13
13
13
12
12
214
214
214
214
214
215
215
215
215
215
212
212
212
212
212
212
219
219
219
219
219
219
533
533
533
533
532
532
532
532
532
532
532
534
534
528
528
528
528
528
530
530
530
530
530
512
512
512
512
512
519
519
519
519
519
519
519
606
606
606
606
606
607
607
607
607
607
607
607
594
594
594
595
595
595
593
593
593
593
585
585
585
584
584
584
585
585
587
587
587
587
587
587
587
57
57
57
57
57
57
58
58
54
54
54
54
54
54
54
54
55
55
55
55
36
36
36
36
36
36
39
39
39
39
38
38
38
38
7
7
7
7
7
6
6
6
6
6
4
4
4
4
4
4
13
13
13
13
13
12
214
214
214
214
214
214
215
215
215
215
212
212
212
212
212
212
219
219
219
219
219
219
533
533
533
533
532
533
533
533
532
532
532
534
534
528
528
528
528
528
530
530
530
530
530
512
512
512
512
512
519
519
519
519
519
519
519
606
606
606
606
606
606
607
607
607
607
607
607
594
594
594
595
595
595
593
593
593
593
593
585
585
584
584
584
585
585
587
587
587
587
587
587
587
57
57
57
57
57
57
58
58
58
59
59
54
54
54
54
54
55
55
55
55
55
55
36
36
36
36
39
39
39
39
38
38
38
38
7
7
7
7
7
7
6
6
5
5
5
5
4
4
4
13
13
13
13
13
12
12
12
12
214
214
214
214
215
215
215
215
212
212
212
212
212
212
212
219
219
219
219
219
533
533
533
533
533
533
533
533
532
532
534
534
528
528
528
528
528
530
530
530
530
530
530
512
512
512
512
512
512
513
519
519
519
519
606
606
606
606
606
606
607
607
607
607
604
604
594
594
594
594
595
595
595
592
593
593
593
593
593
585
584
584
584
585
585
585
587
587
587
586
587
587
56
56
56
56
57
57
58
58
58
59
58
58
54
54
54
54
55
55
55
55
55
55
36
36
36
36
39
39
38
38
38
38
39
39
7
7
7
7
7
7
6
6
6
5
5
5
5
5
4
13
13
13
13
12
12
12
12
12
214
214
214
214
215
215
215
215
212
212
213
213
212
212
212
219
218
218
217
217
533
533
533
533
533
533
533
532
532
532
532
532
528
528
528
528
528
530
530
530
530
530
530
512
512
512
513
513
513
513
517
519
519
519
606
518
518
606
606
606
607
607
607
604
604
604
594
594
594
594
595
595
595
592
593
593
593
593
593
584
584
584
584
591
591
585
585
585
586
586
587
587
56
56
56
56
57
57
58
59
59
59
58
58
52
52
52
52
53
53
53
53
53
53
36
36
36
36
39
39
38
38
38
38
39
39
0
0
0
0
0
0
6
6
6
5
5
5
5
5
5
13
13
13
13
12
12
12
12
12
210
210
210
210
211
211
215
215
215
213
213
213
218
218
212
218
218
218
217
217
217
217
217
535
535
535
535
532
532
534
532
532
529
529
529
529
528
528
531
531
531
531
531
531
531
512
512
513
513
513
517
519
519
517
606
518
518
518
606
606
605
607
607
604
604
604
594
594
595
595
595
595
595
592
593
592
592
584
584
584
584
584
584
591
591
585
585
585
586
586
586
586
56
56
60
56
56
58
58
59
59
59
58
58
52
52
52
52
52
52
53
53
53
53
53
53
37
37
37
37
37
38
38
38
33
39
39
0
0
0
0
0
6
6
2
5
5
5
5
5
15
13
13
13
13
13
12
14
14
12
210
210
210
210
211
211
211
215
215
213
213
213
213
218
218
218
218
218
217
217
217
217
217
535
535
535
535
535
532
534
534
534
529
529
529
529
529
529
531
531
531
531
531
531
513
513
513
513
513
517
517
517
517
517
518
518
518
518
605
605
605
605
604
604
604
604
594
594
595
595
595
595
595
592
592
592
592
592
584
584
584
584
584
591
591
585
585
586
586
586
586
586
56
60
60
56
56
56
56
56
56
59
59
59
59
52
52
52
52
52
53
53
53
53
53
53
37
37
37
37
37
37
33
33
33
33
33
0
0
0
0
0
3
3
2
2
5
5
2
2
15
15
15
15
15
15
12
14
14
12
210
210
210
210
211
211
211
211
211
213
213
213
213
218
218
218
218
218
216
216
216
217
217
535
535
535
535
535
535
534
534
534
534
529
529
541
529
529
531
531
531
531
531
531
513
515
513
513
517
517
517
517
517
517
518
518
518
518
605
605
604
604
604
604
604
604
594
594
595
595
595
595
595
592
592
592
592
592
584
584
584
584
584
591
591
586
586
586
586
586
586
586
60
60
60
61
61
61
56
56
56
59
52
52
52
52
49
49
49
52
53
53
53
47
47
34
34
34
37
37
37
37
33
33
33
33
33
1
0
0
0
0
3
3
2
2
2
2
2
15
15
15
15
15
15
15
14
14
14
12
210
210
210
210
211
211
211
211
211
213
213
213
213
220
218
216
216
216
216
216
216
217
217
535
535
535
535
535
535
534
534
534
534
529
529
541
529
529
531
531
531
531
531
515
515
515
513
513
513
514
517
517
517
517
518
518
518
518
605
605
604
604
604
603
603
603
603
594
594
598
598
598
598
596
596
596
592
592
590
590
591
591
584
589
589
586
586
586
586
586
588
588
60
60
60
61
61
61
61
48
48
59
52
52
52
52
49
49
49
47
47
47
47
47
47
34
34
34
34
34
37
37
37
33
33
33
1
1
0
0
0
0
3
3
2
2
2
2
10
10
15
15
15
15
14
14
14
14
8
8
210
14
210
210
211
211
211
211
211
211
213
213
220
220
218
216
216
216
216
216
222
217
217
217
217
535
536
536
534
534
534
534
541
541
541
541
529
529
540
540
540
540
515
515
514
515
513
513
514
514
517
517
517
516
516
518
518
518
605
605
605
605
605
603
603
603
603
603
594
598
598
598
598
596
596
596
596
592
590
590
591
591
589
589
589
589
589
589
586
588
588
588
60
60
60
61
61
61
61
48
48
48
59
59
59
48
49
49
49
47
47
47
47
47
47
47
34
34
34
34
33
33
32
32
33
33
1
1
1
1
1
3
3
3
2
2
2
2
10
10
10
10
15
15
14
14
14
14
8
8
210
14
14
210
210
208
208
208
211
211
213
209
220
220
218
218
218
216
216
222
222
222
217
217
536
536
536
536
536
537
537
537
537
537
541
541
529
540
540
540
540
540
540
515
514
514
514
513
514
514
517
516
516
516
516
516
516
605
605
605
605
605
605
603
603
603
603
603
603
598
598
598
598
596
596
596
596
592
590
590
591
591
589
589
589
589
589
588
588
588
588
588
60
60
60
61
61
61
61
61
61
61
48
59
59
48
49
49
49
47
46
46
47
47
47
47
34
34
34
34
33
33
32
32
32
33
1
1
1
1
1
1
3
3
3
3
2
10
10
10
10
10
15
15
14
14
8
8
8
8
8
14
14
14
208
208
208
208
209
209
209
209
220
220
220
221
221
216
216
222
222
222
217
217
536
536
536
536
536
537
537
537
537
541
541
541
540
540
540
540
540
515
515
515
515
514
514
513
514
514
514
516
516
516
516
516
516
516
605
600
600
600
605
603
603
603
603
603
598
598
598
598
598
596
596
596
596
590
590
590
590
591
589
589
589
589
589
589
588
588
588
588
60
60
62
62
61
61
61
61
61
48
48
48
48
48
49
49
49
46
46
46
47
46
34
34
35
35
35
35
32
33
32
32
1
1
1
1
1
1
1
3
3
3
3
2
2
2
10
10
10
10
11
11
11
11
8
8
8
8
8
8
14
14
208
208
208
209
209
209
209
209
220
220
220
221
221
221
216
222
222
222
222
222
536
536
536
537
537
537
537
537
537
537
541
541
540
540
540
542
542
515
515
515
515
515
514
514
514
520
514
516
516
516
527
516
516
600
600
600
600
600
600
602
602
602
603
603
598
598
598
598
598
596
596
596
596
590
590
590
590
590
589
589
576
583
589
589
588
588
588
588
62
60
62
62
62
62
61
61
61
48
48
48
48
48
48
49
49
49
46
47
47
46
34
34
35
35
35
35
32
32
32
32
1
1
1
1
24
24
24
24
3
3
3
26
26
26
10
10
10
11
11
11
11
11
8
8
8
8
208
208
14
208
208
208
209
209
209
209
220
220
220
220
220
221
221
221
222
222
222
222
222
222
536
536
536
536
536
537
537
539
539
541
541
541
541
541
541
542
542
515
515
515
515
514
514
520
520
520
520
520
527
527
527
516
516
600
600
600
600
600
600
602
602
602
599
599
599
599
599
598
596
596
596
596
577
577
577
577
576
576
576
576
576
583
583
583
583
588
588
588
62
60
62
62
62
62
62
63
63
63
63
63
48
48
48
49
49
46
46
46
47
46
34
35
35
35
35
35
32
32
32
32
32
24
24
24
25
25
24
24
3
3
26
26
26
26
26
11
11
11
11
9
11
9
9
8
8
8
208
208
208
208
208
209
209
209
209
209
220
220
220
220
220
221
221
221
222
222
222
223
223
223
536
538
536
537
537
537
539
539
539
539
539
541
541
542
542
542
542
521
521
515
515
520
520
520
520
520
520
520
527
527
527
600
600
600
600
601
601
601
601
602
602
602
602
599
599
599
599
599
597
597
597
597
577
577
577
577
576
576
576
576
576
576
576
583
583
583
588
588
62
62
62
63
63
63
63
63
63
63
63
50
50
50
50
49
49
49
46
46
46
46
46
35
35
43
43
43
43
42
42
42
42
24
24
24
25
25
25
25
25
26
26
26
26
26
26
11
11
11
11
9
9
9
9
9
9
9
9
9
200
200
200
209
209
209
205
205
220
220
204
204
204
221
221
221
222
223
223
223
223
223
223
538
538
538
537
537
539
539
539
539
539
541
541
542
542
542
542
542
521
521
521
520
520
520
520
520
520
520
527
527
527
527
527
600
601
601
601
601
601
602
602
602
602
599
599
599
599
597
597
597
597
597
597
577
577
577
577
576
576
576
576
576
583
583
583
583
588
582
62
62
62
63
63
51
51
51
106
63
63
50
50
50
50
50
50
45
46
46
46
46
46
35
35
43
43
43
43
43
42
42
42
42
42
24
25
25
25
25
26
26
26
26
26
26
26
11
11
11
11
9
9
9
9
9
9
9
9
200
200
200
200
200
205
205
205
205
205
205
204
204
204
221
221
221
223
223
223
223
223
223
223
538
538
538
538
538
538
539
539
539
539
539
543
543
542
542
542
542
521
521
521
521
521
520
520
520
520
520
527
527
527
527
600
600
601
601
601
601
601
602
602
602
602
602
599
599
599
597
597
597
597
597
597
577
577
577
577
577
576
576
579
583
583
583
582
582
582
582
108
62
62
51
51
51
51
51
106
63
63
50
50
50
50
50
50
45
45
44
44
44
35
35
35
43
43
43
43
43
42
42
42
42
24
24
24
25
25
25
25
26
27
27
27
27
27
19
19
19
19
19
18
18
18
9
9
201
201
200
200
200
200
200
205
205
205
205
205
204
204
204
204
221
221
221
223
223
223
196
196
223
223
223
538
538
538
538
538
539
555
539
539
543
543
543
542
542
542
542
521
521
521
521
521
520
523
523
526
526
527
527
527
526
526
601
601
601
601
601
601
630
630
602
602
602
599
599
599
597
597
597
597
597
597
578
578
577
577
577
576
576
579
582
582
583
583
583
582
582
108
108
62
51
51
51
51
51
106
63
63
63
50
50
50
50
50
45
45
44
44
44
44
44
35
43
43
43
42
42
42
42
42
41
24
24
24
25
31
25
25
25
27
27
27
27
27
19
19
19
19
19
18
18
18
18
18
201
201
200
200
200
200
200
205
205
205
205
205
204
204
204
204
221
193
193
193
193
193
196
196
196
223
538
538
538
538
555
555
539
555
553
553
543
543
543
543
543
543
521
521
522
522
522
522
520
523
523
526
526
526
526
526
526
526
628
628
628
628
628
601
630
630
630
630
611
611
611
611
611
611
608
608
608
578
578
578
578
578
578
576
579
579
582
582
582
582
582
582
582
108
108
108
111
111
111
111
111
106
51
51
51
105
105
105
105
45
45
45
45
44
44
44
44
35
43
43
43
40
40
42
42
41
41
24
24
24
31
31
30
25
25
27
27
27
27
27
27
27
19
19
19
19
18
18
18
18
201
201
200
200
200
200
205
205
205
205
205
204
204
204
204
204
193
193
193
193
193
196
196
196
196
554
555
555
538
538
555
555
555
555
553
553
553
543
543
543
543
543
521
521
522
522
522
522
523
523
523
526
526
526
526
526
526
526
628
628
628
628
628
601
630
630
630
630
611
611
611
611
611
608
608
608
608
578
578
578
578
578
578
576
579
582
582
582
582
582
582
582
582
108
108
108
111
111
111
111
111
106
51
51
51
105
105
105
105
105
45
45
45
44
44
44
44
44
43
43
40
40
40
42
42
41
41
24
24
31
31
31
30
27
27
27
27
17
27
17
19
19
19
16
16
18
18
18
18
18
18
201
201
201
201
201
205
207
207
206
206
206
207
204
204
204
192
193
193
193
193
196
196
196
196
554
555
555
555
555
555
555
555
553
553
553
553
553
543
543
543
543
543
522
522
522
522
522
522
523
523
526
526
525
525
526
526
526
628
628
628
628
628
628
630
630
630
630
630
611
611
611
608
608
608
608
609
608
608
578
578
578
579
579
579
581
581
581
581
580
582
582
582
108
108
108
111
111
111
111
111
106
106
106
106
106
106
105
105
105
45
45
45
45
44
44
44
44
44
40
40
40
40
41
41
41
41
31
31
31
31
31
30
30
30
30
30
17
17
17
17
19
19
16
16
16
18
18
18
18
201
201
201
201
201
207
207
207
207
206
206
207
207
204
192
192
192
192
193
193
193
196
196
196
196
554
554
554
554
554
555
555
555
553
553
553
553
553
553
543
543
543
522
522
563
522
522
523
523
523
523
525
525
525
525
526
526
629
628
628
628
628
628
628
631
630
630
630
630
611
611
611
608
608
608
608
609
608
608
578
578
578
579
579
579
581
581
581
581
580
580
580
580
108
108
108
108
111
111
111
111
110
110
106
106
106
106
104
104
104
105
45
45
45
44
44
120
44
120
40
40
41
41
41
41
41
41
31
31
31
31
31
30
30
30
30
17
17
17
17
17
19
16
16
16
16
16
16
203
201
201
201
201
201
201
207
207
207
206
206
206
207
207
195
194
192
192
192
192
192
193
193
196
196
196
554
554
554
554
554
555
555
553
553
553
553
553
562
562
562
562
562
522
522
563
563
522
523
523
523
523
525
525
525
525
525
525
629
629
629
629
629
631
631
631
631
631
630
630
611
611
611
611
608
608
609
609
608
609
578
578
579
579
579
579
579
579
579
581
581
581
580
580
108
108
108
108
108
111
111
110
110
110
106
106
106
106
104
105
105
105
105
120
44
44
120
120
120
120
40
40
40
40
41
41
41
28
28
28
31
31
29
29
30
30
30
30
30
17
17
17
17
16
16
16
16
16
203
203
203
203
203
203
202
202
207
207
207
206
195
195
195
195
195
194
194
192
192
192
192
192
193
197
197
554
554
554
554
554
554
552
552
552
552
552
552
553
562
562
562
562
562
522
522
563
563
563
523
523
523
523
524
524
524
524
525
525
629
629
629
629
629
631
631
631
631
631
630
610
611
610
610
610
610
610
609
609
609
609
609
609
623
623
579
579
581
581
581
581
580
580
580
580
109
109
109
109
109
111
110
110
110
110
106
106
106
107
104
105
105
105
105
120
120
120
120
120
120
40
40
40
40
40
117
41
41
28
28
28
31
31
29
29
29
29
29
29
21
17
17
17
17
17
16
16
16
16
203
203
203
203
203
203
202
202
207
207
207
206
195
195
195
195
195
194
192
192
192
192
192
192
197
197
197
554
554
554
554
554
554
552
552
552
552
552
552
552
552
552
562
562
562
562
562
563
563
563
523
565
565
565
524
525
525
525
525
629
629
629
629
629
629
631
631
631
631
631
631
610
610
610
610
610
610
610
609
609
609
609
609
609
623
623
623
623
581
581
580
580
580
580
580
580
109
109
109
109
109
109
110
110
110
110
110
107
107
107
107
104
104
104
105
120
120
120
120
120
120
123
123
123
123
117
117
117
117
28
28
28
28
31
29
29
29
29
29
30
21
21
21
21
17
17
23
23
16
16
203
203
203
202
202
202
202
202
202
206
206
206
195
195
195
195
194
194
194
194
199
192
199
199
197
197
197
197
559
559
559
559
559
559
559
552
552
552
552
552
552
552
562
560
562
562
563
563
563
563
524
524
565
565
524
524
525
525
525
525
629
629
629
629
625
625
625
625
631
631
631
610
610
615
610
610
610
610
609
623
623
623
623
623
623
623
623
581
581
581
581
618
580
580
580
580
109
109
109
109
109
99
110
110
110
110
110
107
107
107
107
104
104
104
104
104
121
120
120
123
123
123
123
123
123
123
117
117
117
117
28
28
28
28
28
29
29
29
29
30
21
21
21
21
23
23
23
23
23
203
203
23
23
202
202
202
202
202
202
206
206
206
195
195
195
195
194
194
194
199
199
199
199
199
197
197
197
197
197
197
559
559
559
559
559
557
557
557
557
557
560
560
560
560
562
562
563
563
563
563
524
524
524
565
524
524
524
627
627
627
627
627
627
627
625
625
625
625
625
631
615
615
610
615
610
610
614
614
609
609
609
609
623
623
623
623
623
619
619
619
619
618
618
618
618
580
109
109
109
109
99
99
98
110
110
110
107
107
107
107
107
104
104
104
104
104
121
120
121
121
121
121
123
123
123
117
117
117
117
117
28
28
28
28
28
29
29
29
30
30
21
21
21
21
23
23
23
23
23
203
203
23
23
202
202
202
236
202
202
206
206
206
206
195
195
195
194
194
194
199
199
199
199
199
197
197
197
197
197
197
559
559
559
559
559
557
557
557
557
557
557
560
560
560
560
561
563
561
563
563
524
524
524
565
524
524
524
627
627
627
627
627
627
627
625
625
625
625
625
615
615
615
615
615
614
614
614
614
614
614
622
623
623
623
622
622
622
619
619
619
618
618
618
618
618
618
109
99
99
109
99
98
98
98
98
98
107
100
100
100
100
100
104
104
104
104
121
121
121
121
121
121
121
123
123
123
117
117
117
117
117
117
28
28
29
29
29
29
30
30
21
21
21
21
23
23
23
23
23
237
237
23
23
236
236
236
236
251
251
251
251
206
206
250
250
250
250
194
194
199
199
199
199
198
198
198
198
198
198
197
559
559
559
559
559
557
557
557
557
557
560
560
560
560
560
561
561
561
563
563
564
565
565
565
565
566
566
566
627
627
627
627
627
627
625
625
625
625
625
615
615
615
615
615
614
614
614
614
614
614
622
623
622
622
622
622
622
619
619
619
619
619
619
618
618
618
99
99
99
99
99
98
98
98
98
98
107
107
100
100
100
100
100
100
104
104
121
121
121
121
121
121
121
123
123
123
123
116
116
117
117
115
115
115
29
29
20
20
20
20
21
22
22
21
23
23
237
237
237
237
237
237
237
236
236
236
236
251
251
251
250
250
250
250
250
250
250
250
194
199
199
199
199
198
198
198
198
198
198
558
558
558
558
558
557
557
556
557
557
556
560
560
560
560
560
561
561
561
564
564
564
565
565
565
565
566
566
566
566
626
626
627
627
627
625
625
625
624
625
624
615
615
615
614
614
614
614
614
622
622
622
622
622
622
622
622
617
619
619
619
619
619
619
618
618
618
99
99
99
99
99
98
98
98
98
98
107
107
100
101
101
101
100
100
125
104
121
124
124
124
124
124
122
122
123
123
116
116
116
116
115
115
115
115
115
113
113
113
113
20
21
22
22
22
22
22
22
22
237
237
237
237
236
236
236
236
236
251
251
251
250
250
250
250
250
252
252
252
194
199
199
254
254
254
198
198
198
198
198
558
558
558
558
558
557
556
556
557
556
556
560
560
560
561
561
561
561
564
564
564
565
565
565
565
566
566
566
566
566
626
626
626
627
626
624
624
624
624
624
624
624
615
615
615
614
613
614
612
622
622
622
622
620
620
620
620
617
617
619
619
619
619
619
618
618
618
99
96
96
96
96
98
98
97
97
98
98
107
101
101
101
100
100
100
125
125
124
124
124
124
124
122
122
122
123
116
116
116
116
116
115
115
115
115
115
113
20
20
113
20
20
22
22
22
22
22
22
237
237
237
237
237
237
236
236
236
236
251
251
251
250
250
250
250
250
252
252
252
194
194
254
254
254
254
254
198
198
198
198
558
558
558
558
558
558
556
556
556
556
556
561
561
561
561
561
561
564
564
564
564
564
564
565
565
566
566
566
566
626
626
626
626
626
626
624
624
624
624
624
624
624
615
615
613
613
613
614
612
612
612
620
620
620
620
620
620
617
617
617
617
616
616
616
738
618
618
96
96
96
96
96
98
97
97
97
101
101
101
101
101
100
100
100
100
125
125
124
124
124
124
124
122
122
122
122
116
116
116
116
116
115
115
115
115
20
20
20
113
113
20
20
20
20
22
22
22
22
22
22
237
237
237
237
236
239
238
236
251
251
251
249
249
249
252
252
252
252
252
194
254
254
254
254
254
254
254
254
198
544
558
558
558
558
556
556
556
556
556
556
556
548
548
561
561
561
561
564
564
564
564
564
564
567
566
566
566
566
626
626
626
626
626
626
626
633
633
624
624
624
638
624
613
613
613
613
613
613
613
612
612
620
620
621
620
620
620
617
617
617
617
616
616
616
738
738
616
96
96
96
96
96
98
97
97
97
101
102
102
101
101
101
101
100
100
125
125
125
124
124
124
122
122
122
122
122
122
116
116
116
116
116
115
115
115
113
113
113
113
113
20
20
20
20
22
22
22
234
234
234
239
239
239
239
239
239
238
236
251
251
251
251
249
249
252
252
252
252
252
253
254
255
255
254
254
254
255
254
544
544
544
544
558
558
556
556
556
556
548
548
548
548
548
574
574
574
574
574
564
564
564
567
567
567
567
567
566
566
626
626
632
632
632
632
633
633
633
624
638
624
638
638
638
613
613
613
613
613
612
612
612
620
620
621
620
620
620
620
617
617
616
616
738
738
738
616
616
96
96
96
96
97
97
97
97
97
102
102
102
101
101
101
101
101
125
125
125
125
125
125
124
126
122
122
122
122
122
119
119
119
116
116
115
115
113
113
113
113
113
113
232
232
232
232
232
232
232
234
234
234
239
238
238
238
239
239
238
238
251
248
248
248
249
252
252
252
252
252
252
253
253
253
255
255
254
255
255
545
544
544
544
544
544
544
549
549
549
549
548
548
548
548
548
575
574
574
574
574
567
567
567
567
567
567
567
567
567
567
626
568
632
632
632
632
633
633
633
633
638
638
638
638
639
639
639
613
613
613
613
612
621
621
620
621
621
621
617
617
617
617
616
616
738
738
738
616
616
96
96
96
90
97
97
97
97
97
102
102
103
103
101
101
103
103
103
103
125
127
127
125
124
126
126
122
122
122
119
119
119
119
119
119
114
114
114
112
112
112
112
113
113
113
232
232
232
232
232
234
234
239
239
239
238
238
239
239
238
238
251
248
248
248
249
249
249
249
249
253
253
253
253
253
255
255
255
255
255
545
545
545
544
544
544
544
549
549
549
548
548
548
548
575
575
575
575
574
574
574
574
567
567
567
567
571
571
571
568
568
568
568
632
632
632
632
633
633
633
633
633
638
638
638
639
639
639
639
613
613
612
612
612
621
621
621
751
621
621
617
617
617
617
617
738
738
738
616
616
90
90
90
90
97
97
97
97
102
102
102
103
103
101
103
103
103
103
103
127
127
127
127
126
126
126
126
122
122
119
119
119
114
114
114
114
114
112
112
112
112
112
112
112
112
232
232
232
232
233
234
239
239
239
239
239
238
238
238
238
238
238
238
248
248
248
248
249
249
249
253
253
253
253
253
255
255
255
255
255
545
545
545
545
544
544
544
549
549
549
549
549
548
548
548
548
575
575
574
574
574
574
567
567
571
571
571
571
571
568
568
568
568
632
632
632
633
633
633
633
633
638
638
638
638
639
639
639
639
613
613
612
612
621
621
621
621
751
751
621
737
737
737
737
737
737
738
738
738
738
90
90
90
90
91
91
91
91
102
102
102
103
103
103
103
103
103
125
127
127
127
127
127
127
127
127
126
126
126
119
119
119
119
119
114
114
114
114
114
112
112
112
112
112
233
232
232
232
233
233
234
235
235
239
239
229
238
238
238
238
229
248
248
248
248
248
249
249
249
249
253
253
253
253
253
255
255
255
255
255
545
545
545
545
544
544
544
549
549
549
551
549
549
548
575
575
575
575
574
574
574
574
571
571
571
571
571
571
571
568
568
568
568
632
632
632
632
633
633
633
638
638
638
638
639
639
639
639
639
612
612
612
612
612
751
621
751
751
751
737
737
737
737
737
737
737
738
738
738
738
90
90
90
90
91
91
91
102
102
102
102
94
103
95
95
95
125
125
127
127
127
127
127
126
126
126
126
76
119
119
118
118
118
114
114
114
180
112
112
112
112
112
179
233
233
233
233
233
233
234
234
235
235
235
235
229
229
229
229
229
229
248
248
242
242
248
249
249
253
253
253
253
243
243
243
247
247
247
247
247
545
545
545
547
547
547
547
547
549
551
551
549
549
548
575
575
575
575
575
573
573
574
570
571
571
571
571
571
571
568
568
568
568
632
632
632
635
634
634
638
638
636
638
638
639
639
639
639
637
612
612
612
612
751
751
621
621
751
748
737
737
737
737
737
737
737
737
739
738
738
90
90
90
90
91
91
91
102
102
102
94
94
95
95
95
95
125
125
127
127
127
127
126
126
126
126
76
76
119
118
118
118
118
118
114
114
180
180
179
179
179
179
179
179
233
233
233
233
234
234
234
235
235
235
235
229
229
229
229
229
228
248
248
242
242
242
249
249
243
243
246
246
243
243
247
247
247
247
247
247
545
545
545
547
547
547
547
547
551
551
551
549
548
548
575
575
575
575
573
573
573
573
570
570
570
571
569
569
569
568
568
568
568
635
635
635
635
634
634
634
634
636
636
636
636
636
637
637
637
637
637
612
612
751
751
621
751
751
748
748
736
736
736
737
737
737
737
739
738
738
90
90
90
90
91
91
91
91
91
91
94
94
95
95
95
95
95
125
73
73
73
73
126
72
126
126
76
76
76
76
118
118
118
118
118
114
180
180
180
179
179
179
179
179
233
233
233
233
234
234
234
235
235
235
235
235
229
229
229
228
228
248
248
242
242
242
242
243
243
243
246
246
243
243
247
247
247
247
247
247
545
545
547
547
547
547
547
547
551
551
551
551
551
551
572
572
572
572
572
572
573
573
570
570
570
570
569
569
569
569
569
569
569
635
635
635
635
634
634
634
634
636
636
636
636
636
637
637
637
750
750
750
751
751
751
751
751
751
748
748
736
736
736
737
737
737
739
739
739
739
90
90
90
90
91
91
91
91
94
94
94
94
95
95
95
95
95
73
73
73
73
72
72
72
72
72
76
76
76
76
77
118
118
118
180
180
180
180
180
180
180
179
179
179
233
233
234
234
234
234
234
235
235
225
235
235
229
229
229
228
228
228
242
242
242
242
242
243
243
240
246
246
246
243
246
246
246
247
247
247
545
545
547
547
547
547
547
551
551
551
551
551
551
551
550
550
572
572
572
572
573
573
570
570
570
570
570
569
569
569
569
569
569
635
635
635
635
634
634
634
634
636
636
636
636
637
637
637
750
750
750
750
750
751
751
751
749
748
748
748
736
736
736
736
739
739
739
739
739
739
89
89
89
90
91
91
91
91
94
94
93
93
92
95
95
95
95
73
73
73
73
72
72
72
72
76
76
76
76
76
77
77
118
118
181
181
180
180
180
180
180
179
178
178
178
178
178
225
225
225
225
225
235
225
235
227
227
229
227
227
228
228
228
242
242
242
242
243
243
240
246
246
246
246
246
246
244
244
247
247
546
546
546
547
546
546
546
551
551
550
550
550
550
550
550
572
572
572
572
573
573
573
570
570
570
570
570
569
569
569
569
700
635
635
635
635
635
634
634
634
634
634
636
636
636
637
637
750
750
745
750
750
749
749
749
749
749
748
748
748
736
736
736
736
739
739
739
739
739
739
89
89
89
89
88
88
88
94
94
94
93
93
92
92
73
73
73
73
73
73
73
72
72
72
72
76
76
76
76
77
77
77
77
181
181
181
180
180
180
180
179
179
178
178
178
178
178
178
225
225
225
225
235
225
225
227
227
229
227
228
228
228
228
231
231
242
242
243
243
240
240
240
240
246
246
246
246
244
244
244
546
546
546
546
546
546
546
551
551
551
551
550
550
550
550
572
572
572
572
573
573
573
570
570
699
699
570
569
569
700
700
700
700
635
701
635
635
634
634
634
692
692
692
636
637
637
637
637
637
745
750
749
749
749
749
749
749
748
748
748
736
736
743
743
739
739
739
740
740
739
89
88
88
88
88
88
88
94
94
94
93
93
92
92
92
73
75
75
73
73
72
72
72
72
72
72
76
76
76
77
77
77
77
181
181
181
181
180
180
180
178
178
178
178
178
177
224
224
224
224
225
225
225
225
227
227
227
229
227
228
228
228
228
231
231
242
242
243
243
240
240
240
240
241
246
244
244
244
244
244
546
546
546
546
546
546
646
646
646
646
551
550
550
550
550
572
572
572
572
573
573
573
573
699
699
700
700
700
700
700
700
700
701
701
701
635
693
693
693
693
692
692
692
692
637
637
745
637
745
745
750
750
750
749
749
749
749
748
748
743
743
743
743
743
740
740
740
740
741
739
89
89
88
88
88
89
88
88
94
94
93
92
92
92
92
92
75
75
75
74
74
74
72
72
78
78
76
76
76
77
77
77
181
181
181
181
181
180
180
180
178
178
178
178
177
177
224
224
224
224
225
226
225
225
226
226
227
227
227
228
228
228
228
231
231
231
240
243
240
240
240
241
241
241
241
241
244
244
244
244
244
244
546
546
546
646
646
646
646
646
646
550
550
640
640
640
641
641
641
573
641
573
699
699
699
699
700
700
700
700
700
700
700
701
701
701
693
693
693
693
692
692
692
692
692
692
745
745
745
745
745
750
749
749
749
749
749
748
748
743
743
743
743
743
740
740
740
740
741
741
89
89
89
89
89
89
93
93
88
88
88
88
92
92
92
75
75
75
75
75
75
74
74
78
78
78
79
79
79
77
77
77
77
77
181
181
181
181
181
181
181
178
178
178
178
177
224
224
224
224
224
226
225
225
226
227
227
227
227
231
231
231
228
231
231
231
240
240
241
241
241
241
245
245
245
245
244
244
244
244
244
244
546
546
546
647
646
646
646
646
646
646
640
640
640
640
641
641
641
641
641
698
699
699
699
699
699
697
700
697
700
701
701
701
701
701
693
693
693
693
693
692
692
692
692
692
745
744
744
745
745
750
749
749
749
746
748
748
748
743
746
743
743
743
740
740
740
741
741
741
87
89
89
89
89
89
93
93
88
88
88
88
92
92
92
75
75
75
75
75
75
74
74
74
78
78
79
79
79
79
79
79
77
183
183
183
183
183
183
183
176
176
178
177
177
177
177
177
177
224
224
226
226
226
226
227
226
227
227
231
231
231
231
231
231
230
240
240
240
241
241
241
241
245
245
245
244
244
244
244
244
244
644
546
647
647
646
646
646
646
646
647
640
640
640
640
640
641
641
641
641
698
699
699
699
699
697
697
700
697
701
701
701
701
701
701
693
693
693
693
694
692
692
692
692
692
745
744
744
745
745
745
746
746
746
746
746
747
748
746
746
743
743
743
740
740
740
741
741
741
87
87
89
86
86
86
93
93
93
93
93
93
93
83
83
92
92
92
92
75
74
74
74
74
78
78
78
79
79
79
79
79
77
183
183
183
183
183
183
183
183
176
176
176
177
177
177
177
224
224
224
224
224
226
226
226
226
226
226
226
231
231
231
231
230
230
240
240
240
241
241
241
245
245
245
153
153
153
244
244
244
244
644
644
647
647
647
647
647
647
647
647
640
640
640
640
641
641
641
641
641
698
699
698
699
696
696
697
697
697
697
702
701
701
701
701
693
693
693
694
694
694
695
695
692
744
744
744
744
744
745
745
746
746
746
746
746
747
747
746
743
743
743
742
740
740
740
741
741
741
87
87
87
86
86
86
86
86
86
93
93
83
83
83
83
92
92
64
75
75
74
74
74
74
78
78
78
78
79
79
79
79
77
182
182
182
183
183
183
183
176
176
176
176
176
177
177
224
224
224
224
224
224
226
226
226
226
226
145
145
145
145
145
145
230
230
230
230
241
241
241
241
245
245
245
153
153
155
155
155
155
155
644
644
644
644
644
647
647
647
647
647
640
640
640
640
643
641
641
641
641
698
698
698
699
696
696
696
697
697
697
702
702
702
702
702
702
694
693
694
694
694
695
695
692
744
744
744
754
754
754
746
746
746
746
746
747
747
746
746
747
742
742
742
742
742
740
740
741
741
87
87
87
87
86
86
86
86
86
86
83
83
83
83
92
92
64
64
75
75
74
74
74
74
78
78
78
78
79
79
79
182
182
182
182
182
183
183
183
183
176
176
176
176
176
177
177
167
167
167
165
165
165
165
165
165
165
145
145
145
145
145
230
230
230
230
230
230
146
153
153
241
245
245
153
153
153
155
155
155
155
645
644
644
644
644
647
647
647
642
642
642
640
642
640
643
643
643
643
698
698
698
698
698
696
696
696
696
696
697
702
702
702
702
702
702
702
694
694
694
694
694
695
744
744
744
744
744
744
754
754
746
755
755
755
755
747
747
747
747
747
747
742
742
742
742
742
742
741
741
87
87
87
87
87
86
86
86
86
86
83
83
83
83
64
64
64
64
64
64
64
74
74
66
66
66
78
78
79
67
67
182
182
182
182
182
185
185
185
185
176
176
176
184
177
177
177
167
167
167
165
165
165
165
165
165
165
145
145
145
145
145
230
230
230
230
230
146
146
153
153
153
153
245
153
153
153
155
155
155
645
645
645
645
644
644
647
647
642
642
642
642
642
642
643
643
643
643
643
698
698
698
698
698
696
696
696
696
697
697
697
702
702
702
703
702
702
702
694
694
695
695
695
695
695
744
754
744
744
754
754
755
755
755
755
747
747
747
747
747
742
742
742
742
742
742
741
741
741
741
87
87
87
85
87
86
86
86
82
82
82
82
83
83
64
64
64
64
64
64
64
66
66
66
66
66
78
78
67
67
67
182
182
182
185
185
185
185
185
185
184
176
184
184
184
184
184
167
167
167
167
165
165
165
165
165
165
145
145
145
145
230
230
230
230
230
146
146
146
146
153
153
153
153
153
152
155
155
155
155
155
645
645
645
644
644
647
647
652
652
642
642
642
642
643
643
643
643
698
698
698
698
696
696
696
696
696
697
697
703
703
703
703
703
703
702
694
694
694
694
695
695
695
695
695
754
754
754
754
754
754
755
755
752
752
752
752
752
747
747
747
747
766
742
742
742
742
741
765
741
85
85
85
85
87
87
82
86
82
82
82
82
83
83
64
64
64
64
65
64
65
66
66
66
66
66
67
67
67
67
67
190
182
182
182
185
185
185
185
184
184
184
184
184
184
184
184
167
167
167
167
167
165
165
164
164
145
145
144
144
144
144
147
147
147
146
146
146
146
146
152
152
152
152
152
152
155
155
155
644
644
644
644
644
644
652
652
652
652
652
642
642
642
642
642
643
643
643
643
698
698
676
696
696
696
677
696
697
697
697
703
703
703
703
703
702
694
694
694
694
691
691
695
695
695
695
695
754
754
754
754
755
755
755
752
752
752
752
752
767
767
747
766
766
766
766
766
765
765
741
85
85
85
85
87
82
82
86
82
82
82
80
80
83
65
65
65
65
65
64
65
66
66
66
66
67
67
67
67
67
190
190
190
182
182
182
185
185
185
185
184
186
184
184
184
184
166
167
167
166
167
164
164
164
164
164
164
144
144
144
144
147
147
147
147
146
146
146
146
146
146
152
152
152
152
152
155
155
155
155
155
653
653
653
652
652
652
652
652
652
642
642
642
651
651
651
643
643
676
676
676
676
676
676
676
677
677
677
677
697
703
703
703
703
703
688
688
688
688
688
691
691
691
695
695
695
757
754
754
757
757
757
755
755
752
752
752
752
752
767
766
766
766
766
766
766
766
765
765
765
85
85
85
85
87
82
82
82
82
82
82
80
80
80
65
65
65
68
65
65
65
65
65
67
67
67
67
67
190
190
190
191
191
182
182
185
185
185
186
186
186
186
184
184
184
166
166
166
167
166
167
161
164
164
164
164
164
144
144
144
149
147
147
147
147
147
146
146
152
152
152
152
152
152
154
154
154
154
154
155
155
154
653
653
653
653
653
652
652
648
648
648
648
651
651
651
651
643
643
676
676
676
676
676
676
677
677
677
677
677
703
703
703
703
703
688
688
688
691
688
691
691
691
691
691
757
757
754
754
757
757
755
755
752
752
752
752
752
767
767
767
767
766
766
766
766
765
765
765
765
84
85
85
85
85
85
81
81
81
82
81
81
80
65
65
65
65
68
65
65
65
65
65
65
67
67
67
70
190
190
190
191
191
191
191
185
185
185
186
186
186
187
187
187
187
166
166
166
166
166
161
161
161
164
164
164
164
164
144
144
149
149
147
147
147
147
150
146
152
152
152
152
159
159
159
154
154
154
154
154
154
154
653
653
653
653
652
652
652
648
648
648
648
651
651
651
651
651
651
676
678
676
676
676
677
677
677
677
677
677
672
672
672
672
672
688
688
688
691
691
691
691
691
691
691
757
757
757
757
755
755
755
752
752
752
753
753
752
767
767
767
767
767
766
766
766
765
765
765
765
84
84
85
85
85
85
81
81
81
81
81
81
81
80
68
68
68
68
68
68
68
68
65
70
70
70
70
70
190
190
190
191
191
191
191
191
185
185
186
186
186
186
187
187
187
187
166
166
166
166
166
161
161
164
164
164
164
144
144
149
149
149
149
147
147
147
150
150
159
159
159
159
159
159
159
154
154
154
154
154
154
653
653
653
653
653
652
652
648
648
648
648
648
648
651
651
651
651
651
678
678
678
676
676
679
679
677
677
677
677
672
672
672
672
672
688
688
688
688
688
691
691
691
691
691
757
757
757
757
759
755
755
753
753
753
753
753
753
767
767
767
767
767
766
766
765
765
765
765
765
84
84
84
84
84
84
81
81
81
81
81
80
80
80
69
68
68
68
68
68
68
68
68
70
70
70
70
70
70
190
190
191
191
191
191
191
191
191
191
186
186
186
187
187
187
187
166
166
166
163
161
161
161
161
161
161
161
144
144
144
144
144
147
147
147
147
150
150
150
159
159
159
159
156
159
154
154
154
157
157
653
653
653
653
653
655
652
652
655
648
648
648
648
648
648
650
651
651
651
678
678
678
679
676
679
679
677
675
677
672
672
672
672
672
672
672
688
688
688
688
690
757
757
757
757
757
757
757
759
759
759
759
759
753
753
753
753
753
767
760
760
767
767
767
767
765
765
765
764
765
84
84
84
84
84
84
81
81
462
462
81
80
80
80
69
69
69
69
69
68
68
68
68
71
71
70
70
70
70
70
70
188
188
191
191
191
191
191
186
186
186
187
187
187
187
187
163
163
163
163
161
162
161
162
161
161
161
144
144
144
144
149
149
149
150
150
150
150
150
150
159
159
158
156
156
154
157
157
157
157
157
654
654
654
655
655
655
655
655
649
649
649
649
649
648
650
650
650
650
678
678
678
679
676
679
679
675
675
675
672
673
673
672
672
672
672
689
688
689
690
690
690
757
756
756
756
757
757
756
759
759
759
753
753
753
753
753
753
760
760
760
760
760
760
760
760
764
764
764
764
84
84
84
84
84
84
81
462
462
462
80
80
80
80
80
69
69
69
69
69
69
71
71
71
71
71
71
71
70
70
70
188
188
188
189
189
189
189
189
186
186
186
187
187
187
163
163
163
163
163
162
162
162
162
162
161
161
161
144
148
149
149
148
148
149
150
150
150
150
150
158
158
158
156
156
154
156
156
156
157
654
654
654
654
654
654
655
655
655
655
649
649
649
649
648
650
650
650
650
678
678
679
679
679
679
675
675
675
675
675
673
673
673
673
689
689
689
689
689
689
689
690
757
756
756
756
756
756
756
759
759
759
753
753
758
758
758
758
760
760
760
760
760
764
764
764
764
764
764
764
461
461
461
461
84
84
462
462
462
462
462
80
80
80
454
454
454
69
69
69
69
69
71
71
71
71
71
71
71
188
188
188
188
188
189
189
189
189
189
189
168
186
168
168
168
163
163
163
163
163
162
162
162
162
162
161
161
148
148
148
148
148
148
148
149
150
150
150
150
150
158
158
158
158
156
156
156
156
157
157
157
157
654
654
655
655
655
655
655
655
649
649
649
649
650
650
650
650
650
678
678
678
679
679
679
679
679
675
675
675
673
673
673
673
673
673
689
689
689
689
689
690
690
756
756
756
756
756
756
759
759
759
758
758
758
758
758
758
761
760
760
760
760
760
764
763
764
764
764
764
461
461
461
461
461
461
462
462
462
462
462
80
454
454
454
454
454
454
69
69
69
448
71
71
71
71
71
71
188
188
188
188
188
188
189
189
189
189
189
189
168
168
168
168
168
168
168
163
163
163
163
162
162
162
162
160
160
148
148
148
148
148
148
148
149
150
151
151
150
150
158
158
158
158
156
156
156
157
157
157
654
654
654
654
654
654
654
655
655
655
649
649
649
649
649
650
650
650
650
678
678
678
678
678
679
675
675
675
675
675
673
673
673
673
673
673
689
689
689
713
713
690
690
712
756
756
756
756
756
759
759
759
758
758
758
758
761
761
761
760
760
762
762
762
763
763
764
764
763
764
461
461
461
461
461
463
463
463
462
462
462
462
454
454
454
454
448
448
448
69
69
448
449
449
449
449
449
449
188
188
188
188
188
391
189
189
189
189
189
189
168
168
168
168
168
168
168
163
163
162
162
162
162
162
160
160
160
160
148
148
148
148
148
149
149
150
151
151
150
151
158
158
158
156
156
128
156
156
157
157
157
654
654
668
654
654
670
670
655
655
660
649
649
649
649
661
650
650
650
650
678
678
679
679
679
675
685
685
675
675
673
673
674
674
674
674
674
689
713
713
690
690
690
712
712
756
756
756
759
759
719
719
758
758
758
758
758
761
761
761
761
761
762
762
762
763
763
763
763
764
461
461
461
461
460
460
463
463
463
463
462
462
454
454
454
448
448
448
448
448
448
448
448
448
449
449
449
449
449
390
390
188
188
391
387
387
387
387
387
387
168
168
168
168
168
169
170
170
170
162
162
162
162
160
160
160
160
143
143
143
143
151
151
140
149
151
151
151
151
151
151
151
158
158
158
128
156
128
157
668
668
668
668
668
670
670
670
670
670
670
660
660
660
660
660
661
661
661
683
683
683
683
683
684
679
684
684
685
685
675
673
673
673
674
674
674
674
689
689
713
713
713
713
713
712
756
712
756
719
719
719
718
718
718
758
758
758
761
761
761
761
762
762
762
762
762
763
763
763
763
460
461
461
460
460
460
463
463
463
463
463
462
454
454
454
448
448
455
455
455
450
448
448
449
449
449
449
449
449
390
390
390
391
391
387
387
387
387
387
387
387
387
169
169
169
169
170
170
170
170
170
171
171
171
160
160
143
143
143
143
143
151
151
140
140
140
151
151
131
131
131
131
131
158
158
128
128
128
157
157
668
668
668
668
670
670
670
670
670
670
670
660
660
660
660
661
661
661
683
683
683
683
683
684
684
684
684
684
685
685
674
674
674
674
674
674
689
689
713
712
713
713
713
713
712
712
712
719
719
719
719
719
718
718
758
734
761
761
761
761
761
761
762
762
763
763
763
763
763
763
460
460
460
460
460
460
460
463
463
463
463
463
454
452
452
455
455
455
455
450
450
448
448
449
449
449
449
449
390
390
390
390
391
391
391
391
387
387
387
387
387
169
169
169
169
170
170
170
170
170
171
171
171
171
160
160
160
143
143
143
142
151
151
140
140
140
140
140
131
131
131
131
131
128
128
128
128
128
157
157
668
668
668
668
668
668
670
670
670
670
660
660
660
660
660
661
661
661
683
683
683
683
683
684
684
684
684
685
685
685
674
674
685
685
674
674
713
713
713
712
712
713
712
712
712
712
719
719
719
719
718
719
719
718
734
734
761
761
734
761
762
762
762
762
762
763
732
763
732
763
460
460
460
460
460
460
458
463
463
463
463
463
454
452
452
455
455
455
455
455
450
448
448
451
451
451
451
390
390
390
390
391
391
391
391
391
387
387
387
386
386
169
169
169
169
170
170
170
170
170
171
171
171
171
160
160
143
143
142
142
142
142
140
140
140
140
140
140
140
140
131
131
130
128
128
128
128
128
129
668
668
668
668
668
668
668
670
670
670
670
660
660
660
660
661
661
661
661
683
682
682
683
683
683
684
684
684
684
685
685
687
674
685
685
674
705
705
713
713
712
712
713
712
712
714
714
719
719
718
718
718
719
718
718
734
734
734
734
734
734
762
762
762
762
732
732
732
732
732
763
456
456
456
460
460
460
458
458
459
459
452
452
452
452
452
455
455
455
455
455
450
450
450
451
451
451
451
451
390
390
390
390
391
391
391
386
386
386
386
386
386
169
169
169
169
172
170
170
170
170
171
171
171
171
171
160
143
142
142
142
142
142
142
140
140
131
131
131
131
131
131
131
130
130
128
128
128
129
129
129
669
669
669
669
668
668
671
671
663
663
660
663
663
660
661
661
661
661
683
682
682
682
682
682
684
684
684
684
685
685
687
687
685
685
674
705
705
705
705
705
705
714
712
714
714
714
714
719
719
718
718
718
716
718
718
718
734
734
734
734
734
733
733
733
733
732
732
732
732
732
456
456
456
456
456
456
456
458
459
459
459
452
452
452
452
455
453
453
453
450
450
450
450
451
451
451
451
451
390
390
388
390
390
391
391
386
386
386
386
386
386
169
169
169
172
172
172
172
172
171
171
171
175
171
175
160
143
142
142
142
141
141
141
140
140
131
131
131
131
131
131
130
130
130
128
129
129
129
129
669
669
669
669
669
671
671
671
671
663
663
663
663
663
660
661
661
661
661
682
682
682
682
680
680
680
684
684
684
687
685
687
687
685
705
705
705
705
705
705
705
705
714
714
714
714
714
716
716
716
718
718
716
716
718
718
734
734
734
735
734
733
733
733
733
733
732
732
732
732
732
456
456
456
456
456
456
456
458
459
459
459
459
452
452
452
455
453
453
453
450
450
450
450
450
451
451
388
388
388
390
388
388
391
391
391
386
386
386
386
386
386
169
385
169
173
173
172
172
172
171
171
175
175
175
175
175
142
142
142
142
141
141
141
141
141
131
131
131
131
131
130
130
130
130
130
129
129
129
129
669
669
669
669
669
671
671
671
671
671
663
663
663
663
663
661
662
661
682
682
682
680
680
680
680
680
687
687
687
687
687
687
687
687
687
687
705
705
705
715
715
715
715
714
714
714
714
716
716
716
717
716
716
716
723
723
734
735
735
735
734
735
733
733
733
733
733
732
732
732
732
457
456
456
456
458
458
458
459
459
459
459
459
452
452
452
455
453
453
453
453
453
450
450
451
451
451
388
388
388
388
388
388
388
391
389
384
384
384
384
386
386
385
385
173
173
173
172
172
172
172
172
175
175
175
175
175
142
143
142
142
139
139
141
141
141
141
141
141
141
131
130
130
130
130
130
130
129
129
129
669
669
669
669
669
669
671
671
671
671
663
663
663
663
662
662
662
662
682
682
682
682
680
680
680
680
680
687
686
686
686
686
687
687
705
705
705
705
705
715
715
715
715
715
714
714
714
716
716
716
717
716
716
723
723
723
734
735
735
735
735
735
735
733
733
733
733
729
729
729
732
457
456
458
458
458
458
458
459
459
459
459
452
452
452
452
453
453
453
453
453
450
450
450
450
451
451
388
388
388
388
388
388
388
389
389
384
384
384
384
384
385
385
385
173
173
173
172
172
172
172
172
175
175
175
175
175
175
143
143
143
139
136
141
141
141
141
133
133
133
133
133
130
130
130
129
129
129
129
129
129
667
667
669
669
666
671
671
671
671
671
663
663
663
662
662
662
662
682
681
682
680
680
680
680
680
687
687
686
686
686
686
704
704
704
705
705
707
707
707
707
715
715
715
715
715
714
716
717
716
717
716
723
723
723
723
723
735
735
735
735
735
735
730
733
733
733
729
729
729
729
457
457
457
458
458
458
458
459
459
459
459
452
452
452
452
453
453
453
453
453
465
465
465
465
465
451
464
464
389
389
388
388
389
389
389
384
384
384
384
384
385
385
385
173
173
173
173
174
174
172
172
138
138
175
175
175
139
143
143
139
139
136
136
136
136
141
133
133
133
133
133
133
135
135
134
134
134
134
134
129
667
667
667
666
666
666
666
658
658
658
663
662
662
662
662
662
681
681
681
682
681
680
680
680
680
680
687
686
686
686
686
704
704
704
705
705
704
707
715
715
715
707
707
715
715
714
714
717
717
717
716
723
723
723
723
722
722
722
722
735
730
730
730
733
729
729
729
729
729
729
457
457
458
458
458
458
458
477
477
477
477
479
466
466
466
466
466
466
466
453
465
465
465
465
464
464
464
464
389
389
389
389
389
389
389
384
384
384
384
385
385
385
385
173
173
173
173
174
174
174
174
138
138
175
175
138
139
139
139
139
139
139
136
136
136
136
133
133
133
133
133
133
135
135
134
134
134
134
134
667
667
667
667
666
666
666
666
658
658
658
663
662
662
662
662
662
662
662
681
681
681
680
680
680
680
937
686
686
686
939
704
704
704
704
704
704
704
706
707
707
715
707
707
707
715
717
717
717
717
716
716
723
723
723
722
722
722
722
722
730
730
730
730
730
730
729
729
729
729
729
457
457
457
457
458
458
458
477
477
477
477
479
478
478
466
478
478
478
466
466
466
466
466
465
465
465
465
393
389
389
389
389
389
389
389
384
384
384
384
385
385
385
385
385
173
173
173
174
174
174
174
138
138
138
138
138
138
429
139
139
139
139
136
136
136
136
133
133
133
133
132
133
135
135
134
134
134
134
134
667
667
667
667
666
666
666
666
658
658
658
658
658
658
658
656
662
681
681
681
681
681
681
681
937
937
937
686
686
939
939
704
704
704
704
704
704
704
706
707
707
708
707
707
707
715
717
717
717
717
717
717
723
723
723
723
722
722
722
722
730
730
730
730
730
730
729
728
728
729
729
457
476
457
457
457
457
477
477
477
477
479
479
478
478
478
478
478
466
466
466
466
466
466
465
464
464
464
393
393
393
393
393
393
394
394
394
394
394
395
395
385
385
385
385
173
173
173
174
174
174
174
174
138
138
138
138
138
429
137
137
139
139
136
136
136
136
132
132
132
132
132
132
135
135
134
134
134
134
134
667
667
667
667
666
666
666
666
658
658
658
658
658
658
656
656
656
656
656
681
681
681
937
937
937
937
937
939
939
939
939
939
704
706
704
704
706
706
706
706
707
708
708
711
711
711
711
711
711
717
717
717
720
723
723
722
722
722
722
722
722
730
730
730
730
730
728
728
728
728
729
476
476
457
457
457
477
477
477
479
479
479
479
478
478
478
478
478
466
466
467
467
466
465
465
464
464
464
393
393
393
393
393
393
394
394
394
394
394
395
395
395
395
426
426
426
426
174
174
174
174
174
174
174
138
138
138
429
429
137
137
139
139
139
136
136
136
132
132
132
132
132
135
135
135
134
134
664
664
664
667
667
667
667
667
666
666
666
658
658
658
658
659
656
656
656
656
656
656
942
681
937
937
937
937
937
937
939
939
939
939
939
706
706
706
704
706
706
706
706
708
708
708
708
711
711
711
711
711
711
717
720
720
720
720
720
722
722
722
722
722
731
731
731
731
730
731
728
728
728
728
476
476
457
457
457
477
477
477
479
479
479
479
478
478
478
478
478
478
467
467
465
465
465
464
464
464
464
393
393
393
393
393
392
394
394
394
394
394
394
395
395
426
426
426
426
426
426
426
430
430
430
430
430
138
138
138
429
429
137
137
139
137
137
137
136
136
132
132
132
132
132
135
135
135
135
135
664
664
664
664
664
664
665
665
665
666
666
659
659
659
659
659
656
656
656
942
942
942
942
681
937
937
937
937
937
939
939
939
939
938
938
706
706
706
706
706
706
709
709
708
708
708
708
711
711
711
711
711
711
717
720
720
720
720
720
720
720
722
725
722
731
731
731
731
731
731
728
728
728
728
476
476
472
476
476
476
476
477
477
479
479
479
478
467
467
467
467
467
467
467
465
465
465
464
464
464
464
468
393
393
393
393
392
392
394
394
395
394
394
395
395
427
426
426
426
426
426
426
430
430
430
430
430
430
429
429
429
429
137
137
137
137
137
137
137
137
422
132
132
132
416
135
135
135
135
135
135
664
664
664
665
665
665
665
665
665
659
659
659
659
659
659
656
657
656
656
656
942
942
942
942
936
936
936
937
937
939
936
936
938
938
706
706
706
706
706
706
709
709
709
708
708
708
708
710
710
710
710
711
720
720
720
720
720
725
725
725
725
725
725
731
731
731
731
731
731
728
728
728
728
476
472
472
476
476
476
476
477
473
479
474
474
474
474
467
467
467
470
470
470
470
465
465
464
468
468
468
468
468
468
392
392
392
392
392
394
395
395
394
395
395
427
427
426
426
426
426
426
430
430
430
430
430
429
429
429
429
429
137
421
421
421
421
421
421
422
422
422
132
132
416
416
416
416
416
664
664
664
664
664
665
665
665
665
665
665
659
659
659
659
659
659
656
657
657
657
656
942
942
943
943
936
936
936
937
937
936
936
936
938
938
934
706
706
934
709
709
709
709
709
708
708
708
710
710
710
710
710
710
720
720
720
720
725
725
725
725
725
725
724
731
731
731
731
726
731
727
727
728
728
472
472
472
472
473
473
473
477
473
475
474
474
474
474
467
467
467
470
470
470
470
470
465
468
468
468
468
468
468
468
392
392
392
392
392
392
395
395
395
395
395
427
427
427
427
427
427
427
430
430
430
430
430
430
429
429
429
421
421
421
421
421
421
421
421
422
422
422
422
422
422
416
416
416
416
664
664
664
664
1005
665
1005
665
665
665
1004
1004
1004
659
659
657
657
657
657
657
657
942
942
942
943
943
936
936
936
936
936
938
938
938
938
938
934
934
934
934
934
709
709
709
709
708
708
708
710
710
710
710
710
710
721
721
721
721
721
725
725
725
725
724
724
724
726
726
726
726
726
726
727
728
728
472
472
472
472
472
473
473
473
473
475
475
474
474
474
474
474
470
470
470
470
471
471
471
468
468
468
468
468
468
468
396
392
392
392
392
392
392
395
399
399
395
427
427
427
427
427
427
431
431
431
431
428
429
429
429
421
421
421
421
421
421
421
421
421
421
422
422
422
416
416
416
416
416
416
1007
1007
1007
1007
1007
1005
1005
1005
665
665
665
1004
1004
1004
659
659
657
657
657
657
657
657
942
942
942
943
943
936
936
936
936
936
938
938
938
938
934
934
934
934
709
709
709
709
709
709
928
708
708
710
710
710
710
710
710
721
721
721
721
721
725
725
725
724
724
724
724
726
726
726
726
726
726
727
727
727
472
472
472
472
472
473
473
473
473
475
475
475
474
474
474
474
470
470
470
470
471
471
471
471
469
469
469
469
469
468
396
396
396
396
392
392
399
399
399
399
399
427
427
427
427
424
431
431
431
431
431
428
428
428
429
420
420
421
420
420
420
420
421
422
422
422
423
422
416
416
416
417
416
416
1007
1007
1007
1007
1007
1005
1005
1005
1005
1005
1004
1004
1004
1004
1004
657
657
657
657
657
657
996
942
942
942
943
943
936
936
936
936
940
938
938
934
934
934
934
935
935
709
709
935
928
928
928
928
928
931
931
931
931
931
931
931
721
721
721
721
721
721
725
725
724
724
724
724
724
726
727
727
727
727
727
727
727
472
472
472
472
472
473
473
473
475
475
475
474
474
474
474
474
471
471
471
471
471
471
471
471
469
469
469
469
469
396
396
396
396
396
397
397
397
399
399
399
399
399
427
427
424
424
424
431
431
431
431
428
428
428
428
420
420
420
420
420
420
420
423
423
422
422
423
422
422
417
417
417
417
416
1007
1007
1007
1007
1007
1005
1005
1005
1005
1005
1004
1004
1004
998
998
998
998
998
996
996
996
996
996
943
943
943
943
936
936
940
940
940
940
940
934
934
934
934
935
935
935
935
935
928
928
928
928
928
928
931
931
931
931
931
923
721
721
721
721
922
922
922
922
724
724
724
726
726
726
726
910
727
727
727
727
727
508
472
472
472
472
473
473
473
475
475
475
475
475
481
474
474
470
470
470
471
471
471
471
469
469
469
469
469
469
396
396
396
396
397
397
397
397
399
399
399
399
399
424
424
424
424
424
431
431
431
431
428
428
428
428
420
420
420
435
420
420
420
423
423
423
422
423
417
417
417
417
417
417
417
1007
1007
1007
1007
1006
1005
1005
1005
1005
1005
1004
1004
1004
1004
998
998
998
996
996
996
996
996
996
996
943
943
943
943
940
940
940
938
938
938
938
934
934
934
935
935
935
935
928
928
928
928
928
928
928
931
931
931
931
931
923
923
721
721
923
922
922
922
922
724
724
724
724
724
726
726
910
727
727
727
727
727
508
508
472
472
472
473
473
473
475
475
475
475
475
481
481
470
470
470
470
487
471
471
487
469
469
469
469
469
485
396
396
397
397
397
397
397
398
399
399
399
399
399
424
424
424
424
424
431
431
431
431
428
428
428
428
428
428
428
435
420
420
420
423
423
423
423
423
423
419
417
417
417
417
417
1007
1007
1007
1006
1006
1006
1005
1005
1005
1005
1004
1004
1004
999
998
998
998
998
996
996
996
996
996
996
943
940
943
943
940
940
940
940
940
932
938
932
935
935
935
935
935
935
935
928
928
929
929
929
931
931
931
931
931
923
923
923
923
923
923
922
922
922
908
908
908
908
724
908
910
726
910
910
910
727
727
911
508
508
508
508
508
511
511
511
475
475
475
481
481
481
481
470
480
480
470
487
487
487
487
487
487
485
469
469
485
485
485
397
397
397
397
397
398
398
398
398
398
398
398
398
424
424
424
424
425
438
438
438
438
438
438
428
428
428
435
435
435
435
435
435
423
423
423
423
419
417
417
417
417
417
1003
1003
1003
1006
1006
1006
1006
1006
1006
1006
999
999
1004
999
998
998
998
998
997
997
997
997
997
997
943
940
940
940
940
940
941
940
932
932
932
932
932
935
935
933
933
933
933
933
928
929
929
929
929
929
930
930
930
930
923
923
923
923
922
922
922
922
908
908
908
908
908
908
910
910
910
910
911
911
911
911
508
508
508
508
508
511
511
511
511
511
511
481
481
481
480
480
480
487
487
487
487
487
487
487
487
485
485
469
485
485
485
397
397
397
397
397
398
398
398
398
398
398
398
398
424
424
424
424
425
425
425
438
438
438
438
435
435
435
435
435
435
434
423
423
423
423
423
419
419
419
419
419
419
419
1003
1003
1003
1003
1006
1006
1006
1006
1006
1006
999
999
999
999
999
999
999
998
997
997
997
1015
1015
1015
943
941
941
941
941
941
941
941
941
932
932
932
932
932
933
933
933
933
933
933
929
929
929
929
929
930
930
930
930
930
923
923
923
923
922
922
922
922
908
908
908
908
908
910
910
910
910
910
911
911
911
911
509
508
508
508
509
511
511
511
511
481
481
481
481
481
480
480
480
480
480
480
487
487
487
487
487
485
485
485
485
485
410
410
410
397
397
411
398
398
398
398
398
408
408
408
425
425
425
425
425
439
438
438
438
438
438
438
435
435
435
435
434
434
434
434
423
434
434
419
419
419
419
419
419
419
1003
1003
1003
1003
1003
1006
1006
1000
1006
1006
999
999
999
999
999
999
998
998
997
997
997
1015
997
1015
1015
1014
941
941
941
941
941
941
941
932
932
932
932
933
933
933
933
933
933
933
933
929
929
929
929
930
930
930
930
930
923
923
923
923
922
922
922
921
908
908
908
908
910
910
910
910
910
911
911
911
911
911
509
508
509
508
509
509
511
511
511
481
481
481
481
481
480
480
480
480
480
480
486
486
487
487
484
484
485
485
485
485
410
410
410
397
397
411
411
411
411
411
408
408
408
408
425
425
439
425
425
439
438
438
438
436
436
436
433
435
435
435
433
433
434
434
434
434
434
419
419
419
419
419
418
419
1003
1003
1003
1003
1000
1000
1000
1000
1000
1000
999
999
999
999
999
995
998
997
997
997
997
997
997
1014
1014
1014
1014
941
1014
941
955
955
941
941
941
932
932
932
933
933
933
933
958
958
958
929
929
929
929
930
930
930
930
920
920
920
920
920
921
921
921
921
921
921
921
909
909
909
909
910
910
911
911
911
911
911
509
509
509
509
509
510
510
510
511
511
481
481
483
480
480
480
480
480
486
486
486
486
486
484
484
485
485
484
484
484
410
410
410
410
411
411
411
411
411
408
408
408
408
409
425
425
439
425
425
439
439
438
438
436
436
433
433
435
433
433
433
434
434
434
434
441
441
418
418
418
418
418
418
1003
1003
1003
1003
1003
1000
1000
1000
1000
1000
992
992
992
999
999
999
995
998
995
995
997
997
1015
1015
1015
1015
1015
1014
1014
1014
1014
955
955
955
941
932
932
932
932
954
958
958
958
958
958
958
929
956
956
930
930
930
920
920
920
920
920
920
920
921
921
921
921
921
921
909
909
909
909
909
909
906
906
906
906
906
911
509
509
509
509
510
510
510
511
511
507
507
483
483
483
483
483
480
480
486
486
486
486
486
484
484
484
484
484
484
410
410
410
410
410
411
411
411
411
408
408
408
408
408
409
425
439
439
439
439
439
439
436
436
436
436
436
433
433
433
433
433
433
434
434
434
441
441
418
418
418
418
418
1002
1002
1002
1002
1002
1003
1000
1000
1000
1000
1000
1000
992
992
992
995
995
995
995
995
995
995
997
997
1015
1015
1015
1015
1014
1014
1014
1014
955
955
955
955
955
932
932
954
954
958
958
958
958
958
956
956
956
956
956
956
930
956
920
920
920
920
920
921
921
921
921
921
921
921
909
909
909
909
909
906
906
906
906
906
906
906
509
509
509
509
510
510
510
511
511
510
507
483
483
483
483
483
483
483
486
486
486
486
490
490
484
484
484
484
491
410
410
410
410
415
411
411
411
412
408
408
408
409
409
409
425
425
425
439
439
439
439
439
436
436
436
436
433
433
433
433
433
433
433
441
441
441
418
418
418
418
418
418
983
1002
1002
1002
1002
1002
1000
1000
1001
1001
1000
1000
992
992
992
992
995
995
995
995
995
995
995
1015
1015
1012
1015
1015
1014
1014
1014
1014
955
955
955
955
955
955
954
954
954
954
958
958
958
958
958
956
956
956
956
956
956
956
920
920
920
924
920
920
924
921
921
921
921
921
921
905
905
905
905
906
906
906
906
906
906
906
509
509
509
505
510
510
510
510
510
510
507
483
483
483
482
482
482
483
483
486
486
486
490
490
484
484
484
484
491
410
415
410
415
415
411
411
411
412
412
408
408
409
409
409
425
425
425
439
405
405
439
439
439
436
436
432
432
432
432
433
433
433
440
440
441
441
418
418
418
418
983
983
983
1002
1002
1002
1002
1002
1002
1001
1001
1001
1000
992
992
992
992
992
992
992
995
995
994
995
1008
1015
1015
1012
1012
1012
1014
1014
1014
955
955
955
955
955
955
954
954
954
954
954
958
959
959
959
958
957
956
956
956
956
956
956
920
920
920
924
924
924
924
909
909
909
909
909
905
905
905
905
905
906
906
907
907
907
907
907
505
509
509
505
505
510
510
510
510
507
507
483
483
483
482
482
482
482
482
486
486
486
486
490
490
490
491
491
491
410
415
415
415
415
411
411
411
412
412
412
409
409
409
409
409
404
405
405
405
439
439
436
436
436
437
432
432
432
432
432
432
440
440
440
441
441
441
441
441
983
983
983
983
1002
1002
1002
1002
1001
1001
1001
1001
1001
993
993
993
993
992
992
994
994
994
994
994
995
1008
1008
1008
1012
1012
1012
1012
1012
1013
1013
1013
1013
1013
1013
954
954
954
954
954
959
959
959
959
959
959
957
957
957
956
957
957
957
920
926
926
927
927
927
924
924
924
924
905
905
905
905
905
905
905
906
907
907
907
907
907
907
505
505
505
505
505
510
507
507
507
507
507
507
507
483
482
482
482
482
489
489
486
490
490
490
490
491
491
491
415
415
415
415
415
415
415
415
412
412
412
412
409
409
409
409
409
404
405
405
405
405
436
436
437
437
437
432
432
432
432
432
432
446
440
440
441
441
441
441
441
983
983
983
983
982
982
982
1002
1002
1001
1001
1001
1001
993
993
993
993
993
993
994
994
994
994
994
1008
1008
1008
1008
1008
1012
1012
1012
1012
1012
1013
1013
1013
1013
1013
954
954
953
953
953
959
959
959
959
959
959
959
957
957
957
957
926
926
926
926
926
927
927
927
924
924
924
924
924
924
905
905
905
905
904
907
907
907
907
907
907
907
505
505
505
505
505
505
505
507
507
506
507
507
507
488
488
482
482
482
482
489
490
490
490
491
491
491
491
491
491
415
414
414
415
415
415
415
415
412
412
412
412
412
412
404
404
404
405
405
405
405
405
436
437
437
437
437
432
432
446
432
432
446
446
440
441
441
441
441
983
983
983
983
983
982
982
982
982
1001
1001
1001
1001
1001
993
993
993
993
993
993
994
994
994
994
994
1008
1008
1008
1008
1008
1008
1012
1012
1012
1012
1012
1013
1013
1013
1013
954
954
953
953
959
959
959
959
959
959
959
957
957
957
957
957
957
957
926
926
926
927
927
927
924
924
924
925
925
925
904
905
905
904
904
904
904
907
907
901
901
907
504
505
505
505
504
505
505
507
507
506
488
488
488
488
488
488
482
482
482
489
490
490
490
490
491
491
491
491
414
414
414
414
415
415
415
413
415
412
412
413
412
404
404
404
404
404
404
405
405
405
405
405
437
437
437
437
437
432
446
446
446
446
440
440
442
442
983
983
983
983
983
980
980
982
982
982
977
977
977
1001
1001
976
976
976
993
993
993
993
994
994
994
994
994
1008
1008
1008
1008
1008
1008
1012
1012
1009
1012
1013
1013
1013
1013
1018
953
953
953
953
953
952
952
952
945
945
957
957
957
945
957
926
926
926
926
926
927
927
927
927
924
924
925
925
925
925
904
904
904
904
904
904
904
901
901
901
901
907
504
504
505
504
504
504
504
506
506
506
488
488
488
488
488
488
489
489
489
489
489
490
490
490
490
490
491
491
414
414
414
414
414
414
413
413
413
412
412
413
413
413
404
404
404
404
404
407
405
405
405
437
437
437
437
437
437
437
446
446
446
446
440
440
442
442
442
442
983
983
980
980
980
982
982
982
977
977
977
977
976
976
976
976
976
993
993
962
994
1010
1010
1010
1011
1011
1011
1011
1008
1009
1009
1012
1009
1009
1012
1013
1018
1018
1018
1018
1018
953
953
953
953
953
952
952
952
945
945
945
945
945
945
912
912
926
912
912
927
927
927
927
927
925
925
925
925
925
897
897
904
904
904
897
904
901
901
901
901
901
504
504
504
504
506
506
506
506
506
496
496
496
497
497
488
488
488
489
489
489
489
489
489
495
495
491
491
495
414
414
414
414
402
402
413
413
413
412
413
413
413
413
413
404
404
404
407
407
407
407
407
407
407
437
437
445
445
445
446
446
446
446
440
440
442
442
442
442
980
980
980
980
980
982
982
982
977
977
977
977
976
976
976
962
962
962
962
962
1010
1010
1010
1010
1010
1010
1011
1011
1011
1011
1009
1009
1009
1009
1009
1009
1018
1018
1018
1018
1018
953
953
953
952
952
952
952
952
945
945
945
945
945
945
912
912
926
912
912
927
927
927
927
925
925
925
925
925
925
897
897
897
904
904
897
904
904
901
901
901
901
504
504
504
504
506
506
506
506
506
496
496
497
497
497
497
497
488
488
488
489
489
489
489
495
495
495
495
495
495
495
402
402
402
402
402
413
413
413
413
413
413
401
401
401
401
404
407
407
407
407
407
407
407
445
445
445
445
445
446
446
446
446
440
440
442
442
442
442
980
980
980
980
980
982
982
977
977
977
977
976
976
976
976
962
962
962
962
962
962
1010
1010
1010
1010
1010
1011
1011
1011
1011
1009
1009
1009
1009
1009
1018
1018
1018
1018
953
953
953
949
953
952
952
952
952
944
944
944
945
945
945
945
912
912
912
912
912
912
912
916
916
925
916
925
925
925
897
897
897
897
897
904
897
901
901
901
901
901
901
504
504
504
504
501
506
502
502
506
497
497
497
497
497
497
497
497
488
488
489
489
492
492
495
495
495
495
495
494
494
402
402
402
402
403
403
400
400
400
400
400
401
401
401
407
407
407
407
407
407
445
445
445
445
445
445
444
444
444
446
446
446
440
440
442
442
442
442
980
980
980
980
980
982
977
977
977
977
977
976
976
976
976
962
962
962
962
962
962
962
963
1010
1010
1010
1011
1011
1011
1011
1009
1009
1009
1009
1019
1018
1018
1018
1018
1018
949
949
949
949
949
952
952
952
952
944
945
945
945
944
944
912
912
912
912
912
912
913
913
916
916
916
917
917
917
897
897
896
896
897
897
897
900
900
900
900
901
900
501
504
504
501
501
501
502
506
506
506
496
496
497
497
497
497
492
492
488
488
489
492
492
492
492
495
495
495
494
494
402
402
402
402
403
403
403
400
400
400
400
400
401
401
401
401
401
407
406
406
406
406
406
444
444
444
444
444
444
447
447
447
440
440
440
442
443
443
980
980
981
981
981
981
981
978
978
978
977
976
976
976
979
979
962
962
962
963
963
963
963
964
1010
1010
1010
1010
1011
1011
1011
1011
1009
1009
1019
1019
1019
1019
1018
1018
949
949
949
949
949
952
952
952
944
944
944
944
944
944
944
944
913
913
913
913
912
913
916
916
916
916
917
917
917
917
897
897
896
897
896
896
900
900
900
900
900
900
501
501
501
501
501
502
502
506
502
496
496
496
499
499
497
499
492
492
492
492
492
492
492
492
492
495
495
494
494
494
402
402
402
403
403
403
403
403
400
400
400
400
400
401
401
401
401
406
406
406
406
406
406
445
444
444
444
444
444
447
447
447
440
440
440
440
443
443
981
981
981
981
981
981
981
978
978
978
977
979
979
979
979
979
979
963
963
963
963
963
964
964
964
1010
1010
1010
1011
1011
1021
1021
1021
1021
1021
1019
1019
1019
1019
1019
1019
949
949
949
949
949
948
948
948
944
944
944
944
944
947
944
913
913
913
913
913
913
916
916
916
916
917
917
917
917
896
897
896
896
896
900
900
900
900
900
900
900
501
501
501
501
501
502
502
506
502
496
496
496
496
499
497
499
492
492
492
499
493
493
492
492
495
495
494
494
494
494
402
402
402
403
403
403
403
400
400
400
400
271
401
401
401
401
406
406
406
406
406
406
445
445
444
444
444
444
447
447
447
447
443
443
443
443
443
981
981
981
981
990
981
981
981
981
978
978
979
979
979
979
979
963
963
963
963
963
963
961
961
964
964
964
964
964
964
1021
1021
1021
1021
1019
1019
1019
1019
1019
1019
949
949
949
949
949
949
948
948
948
948
947
947
947
947
947
947
944
913
913
913
913
913
913
916
916
916
916
917
917
917
917
896
896
896
896
896
896
902
902
902
902
900
900
501
501
501
501
501
501
502
502
502
502
502
496
496
499
499
499
499
499
499
499
493
493
493
493
493
493
494
494
494
494
402
403
403
403
403
403
341
341
400
400
400
271
401
401
401
401
401
406
406
406
406
406
445
445
445
444
444
447
447
447
447
447
447
443
443
443
443
443
443
443
990
990
981
978
981
978
978
978
979
979
979
979
979
963
963
963
961
961
961
961
961
964
964
964
964
964
964
1021
1021
1021
1021
1021
1021
1019
1019
1016
1016
1016
1016
1016
1016
1016
948
948
948
948
948
947
947
947
947
947
947
944
947
913
913
913
915
915
915
916
916
917
917
917
917
917
896
896
896
896
896
896
902
902
902
900
900
902
500
500
500
500
500
500
502
502
502
502
496
496
496
496
499
499
499
499
493
493
493
493
493
493
493
493
494
494
494
402
402
403
403
403
341
341
341
341
270
270
270
271
271
271
271
271
264
264
264
264
264
264
285
445
445
284
444
444
447
447
447
447
443
443
443
443
283
283
990
990
990
990
978
978
978
978
978
978
978
978
979
979
979
963
963
963
960
960
961
961
961
965
964
964
964
1021
1021
1021
965
1021
1021
1019
1019
1019
1016
1016
1016
1016
1016
1016
1016
1016
948
948
948
948
948
950
950
947
947
947
947
947
947
915
915
915
915
915
915
916
919
919
919
918
917
917
899
896
896
899
899
902
902
902
902
902
902
902
500
500
500
500
500
503
502
502
502
502
503
503
496
498
498
498
499
499
499
499
339
339
339
493
493
493
493
494
494
340
340
340
340
340
340
340
341
341
270
270
270
271
271
271
271
265
264
264
264
264
264
264
285
285
285
284
284
284
284
284
447
447
281
281
283
283
283
283
990
990
990
990
989
989
978
978
988
988
988
988
988
988
960
960
960
960
960
960
961
961
961
965
964
965
965
965
965
965
965
1021
1021
1020
1020
1020
1020
1017
1016
1016
1016
1016
1016
1016
948
948
948
948
948
950
950
946
946
946
947
947
915
915
915
915
915
915
915
916
919
919
919
918
899
899
899
899
899
899
899
898
902
902
902
902
903
902
500
500
500
500
500
503
503
503
503
503
503
503
496
498
498
498
498
498
499
499
339
339
339
339
493
337
337
494
494
340
340
340
340
341
341
341
341
270
270
270
270
270
271
271
271
265
265
265
264
264
264
264
285
285
285
284
284
284
284
281
281
281
281
281
283
283
283
283
990
990
990
990
989
989
989
989
989
988
988
988
988
988
960
960
960
960
960
961
961
961
961
965
965
965
965
965
965
965
1020
1020
1020
1020
1020
1020
1020
1017
1017
1017
1017
1017
1017
1016
951
951
951
951
950
950
950
946
946
946
946
914
914
914
915
915
915
915
919
919
919
919
919
918
899
918
899
899
899
899
898
898
902
903
903
903
903
903
500
500
500
500
500
503
503
503
503
503
503
498
498
498
498
498
498
498
498
339
339
339
339
339
493
337
337
337
337
340
340
340
340
340
341
341
341
341
341
270
270
270
271
271
271
271
271
265
264
264
264
264
285
285
285
284
284
284
284
281
281
281
281
281
281
283
283
990
990
990
990
990
991
989
989
989
989
989
988
988
960
960
960
960
960
974
960
960
961
961
961
961
965
965
965
965
965
965
1020
1020
1020
1020
1020
1020
1020
1017
1017
1017
1017
1017
1017
951
951
951
951
951
950
950
950
946
946
946
946
946
914
914
914
915
915
915
919
919
919
918
918
918
918
918
918
918
899
899
898
898
898
898
903
903
903
903
325
325
325
325
500
503
503
503
503
503
503
498
498
498
498
328
329
329
329
339
339
339
339
339
338
337
337
337
337
337
340
340
340
343
341
341
341
270
270
270
270
268
271
271
265
265
265
265
265
265
264
285
285
285
284
284
284
284
284
284
281
281
281
281
283
283
283
990
991
991
991
991
991
991
991
989
989
988
988
988
988
960
975
975
974
974
974
974
973
973
961
967
967
967
967
967
967
1022
1022
1022
1022
1022
1022
1020
1020
1020
1017
1017
1017
1017
1017
951
951
951
951
951
950
950
950
946
946
946
946
946
914
914
914
914
914
914
919
919
919
918
918
918
918
918
918
899
899
898
898
898
898
898
903
903
903
903
325
325
325
325
325
325
325
327
327
327
327
327
328
328
328
328
328
329
329
329
339
339
339
339
338
338
337
337
337
337
340
340
340
343
343
341
341
343
270
270
270
268
268
271
265
265
265
265
265
265
264
285
285
285
285
285
286
284
284
280
280
281
281
281
283
283
283
283
283
991
991
991
991
991
989
989
989
988
988
988
988
975
975
975
975
975
974
974
974
973
973
973
967
967
967
967
967
1022
1022
1022
1022
1022
1022
1022
1020
772
772
1017
1017
1017
1017
951
951
951
951
951
950
950
950
950
950
946
946
946
914
914
914
914
914
919
919
919
919
918
918
918
918
918
918
899
899
898
898
898
898
898
898
903
903
903
325
325
325
325
325
327
327
327
327
327
327
327
328
328
328
328
328
329
329
329
329
339
338
338
338
338
337
336
336
337
337
337
337
343
343
343
343
343
343
268
268
268
268
269
265
265
265
265
265
285
285
285
285
287
287
286
286
286
286
286
280
280
280
283
283
283
282
282
282
991
991
991
984
989
989
989
989
988
988
988
985
975
975
975
975
974
974
974
974
973
973
973
973
973
967
967
967
1022
1022
1022
1022
1022
1023
1023
1023
772
772
772
772
773
773
773
773
773
951
951
951
950
950
950
950
946
946
914
914
914
914
837
914
852
852
852
853
853
853
853
853
853
863
899
899
863
898
898
898
903
903
903
903
903
325
325
325
325
327
327
327
327
327
327
327
328
328
331
328
328
328
329
329
329
329
338
338
338
338
338
337
336
336
337
343
343
343
343
342
342
343
268
268
268
268
269
269
269
269
267
267
267
267
267
266
287
287
287
287
286
286
286
286
286
280
280
280
282
282
282
282
282
991
991
991
991
984
984
984
989
989
985
985
985
985
975
975
975
975
975
974
974
974
973
973
973
973
967
967
967
967
967
1022
1022
1022
1022
1023
1023
1023
772
772
772
772
773
773
773
773
773
833
833
833
833
832
832
832
832
832
837
837
837
837
837
852
852
852
852
852
853
853
853
863
863
863
863
863
863
861
861
861
861
860
860
860
860
325
325
324
324
324
324
324
326
327
327
327
331
331
331
328
328
328
328
329
329
329
338
338
338
338
336
336
336
336
336
343
343
343
342
342
343
343
268
268
268
269
269
269
269
267
267
267
267
267
267
266
287
287
287
287
287
286
286
286
280
280
280
280
280
280
282
282
282
282
282
282
984
984
984
984
984
985
985
985
985
975
975
975
975
975
974
974
974
974
973
973
973
973
973
967
967
967
966
966
1023
1023
1023
1023
1023
1023
772
772
772
772
773
773
773
773
773
833
833
833
833
832
832
832
832
832
837
836
837
837
837
837
837
852
852
852
852
852
853
853
853
863
863
863
861
861
861
861
860
860
860
860
860
324
324
324
324
324
324
324
326
326
326
331
331
331
330
330
330
328
328
329
329
329
338
338
338
338
349
336
336
336
336
336
336
343
342
342
342
342
342
268
268
268
268
269
269
269
267
267
267
267
266
266
266
287
287
287
287
287
272
286
280
280
280
280
280
280
282
274
274
282
282
282
984
984
984
984
984
985
985
985
985
971
970
975
970
970
970
970
974
974
973
973
966
973
966
966
966
966
966
966
1023
1023
1023
1023
1023
1023
772
772
772
772
775
773
773
773
773
833
833
833
833
832
832
832
832
832
837
836
837
837
837
837
837
837
852
852
852
853
853
853
863
863
863
863
863
861
861
861
861
861
860
860
860
324
324
324
324
324
324
326
326
326
326
326
326
331
331
330
330
330
330
329
329
329
348
338
338
349
349
336
336
336
346
346
336
342
342
342
342
342
342
342
268
268
268
269
269
269
267
267
267
267
266
266
266
287
287
287
287
287
272
286
286
286
280
280
280
280
282
274
274
274
274
987
984
984
984
984
984
985
985
985
971
971
970
970
970
970
970
970
972
972
972
972
966
966
966
966
966
966
966
966
1023
1023
1023
1023
771
771
772
772
772
772
775
775
773
773
833
833
833
833
833
833
832
832
832
836
837
836
837
837
836
836
855
852
852
853
853
853
854
853
863
863
863
863
863
861
861
861
860
860
860
860
860
324
324
324
321
326
326
326
326
326
326
326
331
331
330
330
330
330
348
348
348
348
348
349
349
349
349
349
336
346
346
346
336
342
342
342
342
260
260
260
260
268
268
269
269
269
269
267
267
267
267
266
266
287
287
272
272
287
272
273
273
286
280
280
280
282
282
282
274
274
987
987
987
987
984
984
984
985
985
985
971
971
970
970
970
970
970
972
972
972
972
783
783
783
966
966
782
966
966
966
771
771
771
771
771
771
771
774
774
774
774
775
775
773
834
833
833
833
833
832
832
832
832
836
836
836
836
836
836
836
855
855
852
852
853
853
854
854
854
862
862
862
862
862
862
861
861
861
860
860
860
321
321
324
321
321
326
326
326
326
331
331
331
331
331
330
330
330
330
348
348
348
348
348
348
349
349
349
349
346
346
346
346
342
342
342
342
260
260
260
260
268
260
269
262
269
262
267
262
266
266
266
266
266
266
272
272
272
272
273
273
273
274
274
274
274
282
274
274
274
987
987
987
987
987
984
985
985
985
971
971
971
971
971
970
970
970
970
972
972
972
972
783
783
783
782
782
782
782
782
771
771
771
771
771
771
771
774
774
775
775
775
775
775
834
834
834
834
835
835
835
835
838
838
836
836
836
836
855
855
855
855
852
855
853
854
854
854
854
862
862
862
862
862
862
861
861
861
860
859
860
321
321
321
321
321
321
326
323
323
323
331
331
331
331
330
330
330
330
330
348
348
348
349
349
349
349
349
346
346
346
346
346
347
347
342
347
260
260
260
260
260
260
269
262
262
262
262
262
262
259
266
266
266
259
272
272
272
272
272
273
273
273
273
273
274
274
274
274
274
987
987
987
987
986
986
985
985
985
971
971
971
971
970
970
970
970
972
972
972
972
972
783
783
783
783
783
782
782
782
782
771
771
771
771
771
774
774
774
774
775
775
775
834
834
834
834
834
835
835
835
835
838
838
838
836
839
836
836
836
836
855
855
855
855
855
854
854
854
854
862
862
862
862
862
862
859
859
859
859
859
321
321
321
321
321
321
321
323
323
323
323
331
331
332
332
332
330
335
335
335
335
348
348
348
350
350
349
346
346
346
346
346
347
347
342
347
260
260
260
260
260
260
262
262
262
262
262
259
259
259
259
266
259
259
272
272
272
272
272
273
273
273
273
273
275
274
274
987
987
987
986
986
986
986
986
986
969
971
971
969
971
968
968
968
968
968
968
972
972
972
972
972
783
783
783
782
782
782
782
782
770
770
770
770
771
774
774
774
774
774
775
775
834
834
834
834
834
835
835
835
835
838
838
838
839
839
836
839
839
855
855
855
855
854
854
854
854
854
854
854
862
862
862
862
859
859
859
859
859
859
320
320
321
320
321
321
321
323
323
323
323
332
332
332
332
332
330
335
335
335
335
348
348
348
350
350
349
349
349
349
345
347
347
347
347
347
261
261
261
261
261
260
262
262
262
263
263
263
259
259
259
259
259
259
258
272
258
272
272
273
273
273
273
275
275
275
275
275
275
987
986
986
986
986
986
969
969
969
971
969
969
968
968
968
968
968
968
780
780
780
780
780
780
783
783
782
782
782
782
770
770
770
770
770
770
770
774
774
774
775
775
775
834
834
834
834
835
835
835
835
835
838
838
838
838
839
839
839
839
855
855
855
851
851
849
854
854
849
854
856
856
856
856
856
859
859
859
859
858
859
320
320
320
320
322
322
322
323
323
323
323
323
332
332
332
335
335
335
335
335
335
350
350
350
350
350
350
345
345
345
345
345
347
345
347
347
347
261
261
261
261
261
261
263
263
263
263
263
259
259
259
258
258
258
258
258
258
272
277
273
273
273
275
275
275
275
275
275
275
987
987
986
986
986
986
969
969
969
969
969
968
968
968
968
968
827
968
780
780
780
780
780
783
783
782
782
778
782
778
770
770
770
770
770
770
774
774
769
774
775
775
775
834
834
834
835
835
835
835
835
847
838
838
838
838
838
839
839
851
851
851
855
851
851
849
849
849
849
849
856
856
856
856
859
859
859
859
859
858
859
320
320
320
320
320
322
322
322
323
323
323
323
332
332
332
332
332
335
335
335
335
350
350
350
350
350
345
345
345
345
345
345
347
345
347
347
347
305
261
261
261
261
261
263
263
263
263
263
259
259
259
259
259
258
258
258
258
277
277
277
277
273
277
275
275
275
275
820
987
987
986
986
986
831
831
831
969
969
969
969
969
968
968
968
968
827
827
780
780
780
780
780
780
783
783
778
778
778
778
770
768
770
770
770
769
769
769
769
774
769
769
775
843
843
843
843
843
843
843
843
847
838
838
838
839
839
839
839
851
851
851
851
851
851
849
849
849
849
856
856
856
856
857
857
857
859
859
859
858
858
320
320
320
320
322
322
322
322
322
322
332
332
332
333
332
332
332
335
335
335
334
334
350
350
350
350
345
345
345
344
345
344
345
345
347
347
347
305
261
261
261
261
261
261
263
263
263
311
256
256
258
258
258
258
258
258
258
276
277
277
277
277
277
275
275
275
275
820
820
831
986
831
831
831
831
831
969
969
969
828
828
828
828
828
828
827
827
827
827
780
780
780
780
781
781
781
778
778
778
778
768
768
768
768
768
768
769
769
769
769
769
769
843
843
843
843
843
843
843
847
847
847
847
838
838
839
839
851
851
850
851
851
851
851
849
849
849
849
849
856
856
856
857
857
857
857
857
858
858
858
320
320
361
361
322
322
322
322
322
322
332
333
333
333
333
333
333
334
334
334
334
334
351
351
351
350
351
351
345
344
345
344
345
344
305
305
305
305
261
261
261
261
261
263
263
263
311
311
256
256
258
258
258
258
257
258
276
276
276
276
276
277
277
278
278
278
278
820
820
831
831
831
831
831
831
831
831
969
828
828
828
828
828
828
828
827
827
827
827
827
780
781
781
781
781
781
778
778
778
768
768
768
768
768
768
768
769
769
769
769
769
769
769
843
843
843
843
843
843
847
847
847
847
847
847
839
839
839
850
850
850
850
851
851
849
849
849
849
856
856
856
857
857
857
857
857
858
858
858
858
320
320
361
361
361
322
322
322
322
322
367
367
333
333
333
333
333
334
334
334
334
334
351
351
351
351
351
351
344
344
345
344
344
344
344
305
305
305
305
305
304
304
304
263
263
263
311
311
256
256
256
258
256
257
257
257
276
276
276
276
276
277
278
278
278
278
820
820
820
820
831
831
831
830
830
830
830
969
828
828
828
828
828
828
828
827
827
827
827
827
780
780
781
781
781
781
778
778
778
778
768
768
779
768
768
768
769
797
797
797
797
797
842
842
842
842
842
842
843
847
847
847
847
847
847
847
839
839
850
850
850
850
851
848
848
849
848
849
857
857
857
857
857
857
858
858
858
858
892
892
361
361
361
361
361
367
367
367
367
367
367
367
333
333
333
333
333
334
334
334
334
334
334
351
351
351
351
351
351
344
344
344
344
344
344
344
305
305
305
305
304
304
304
311
311
311
311
311
311
256
256
256
256
257
257
276
276
276
276
277
277
277
278
278
278
278
820
820
820
820
823
823
823
830
830
830
830
830
829
829
829
828
828
828
827
827
827
827
826
827
826
781
781
781
781
778
778
778
778
779
779
779
779
768
768
768
768
797
797
797
797
797
842
842
842
842
842
842
842
847
847
847
846
846
846
846
846
846
846
850
850
850
848
848
848
848
848
848
848
848
890
857
857
857
857
857
858
858
858
892
361
361
361
361
361
361
361
361
367
367
367
333
333
367
333
333
333
376
334
334
376
334
334
351
351
351
351
351
351
381
344
381
344
344
344
305
305
306
306
305
304
304
304
311
311
311
311
311
311
256
256
256
256
256
257
257
276
276
276
276
276
279
278
278
278
278
820
820
820
820
823
823
823
823
830
830
830
830
829
829
829
829
828
828
826
826
826
826
826
826
826
781
781
781
781
781
776
779
779
779
779
779
796
796
796
796
796
797
797
797
797
797
842
842
842
842
842
842
844
844
844
844
844
846
846
846
846
846
846
850
850
850
848
848
848
848
848
890
848
848
890
890
890
890
857
892
892
892
892
892
361
361
361
361
361
366
366
366
366
366
367
367
367
367
333
376
376
376
376
376
376
378
378
380
380
380
380
381
381
381
381
381
344
344
344
305
306
306
306
304
304
304
304
304
310
310
311
311
256
256
296
256
257
257
257
257
276
276
276
279
279
279
278
278
278
278
820
820
820
820
823
823
823
823
830
830
830
830
829
829
829
829
824
826
826
825
826
826
826
826
826
781
776
776
776
776
776
779
779
779
779
779
779
779
796
796
796
797
797
797
797
840
842
840
840
840
842
842
844
844
844
844
844
844
846
846
846
846
846
850
850
850
848
848
848
848
848
890
890
890
890
890
890
890
892
892
892
892
892
892
360
360
360
360
361
366
366
366
366
366
366
367
367
367
376
376
376
376
376
376
378
378
378
378
378
380
381
381
380
381
381
381
381
307
307
306
306
306
306
304
304
304
304
304
310
310
311
311
311
296
296
296
296
257
257
257
276
279
279
279
279
279
278
278
278
278
821
821
821
820
823
823
823
823
830
830
830
830
829
829
829
824
824
824
825
825
825
825
826
826
776
776
776
776
776
776
776
776
779
779
779
779
796
796
796
796
796
796
797
797
797
840
840
840
840
840
840
845
844
844
845
844
844
844
846
846
846
846
850
850
850
891
891
891
891
891
890
890
890
890
890
891
893
893
892
893
893
892
892
892
360
360
360
360
360
360
366
366
366
366
366
365
365
367
376
376
376
376
376
377
377
377
378
380
380
380
380
380
380
381
381
381
307
307
307
307
307
306
306
304
308
304
304
310
310
310
310
296
296
296
296
296
257
257
257
257
257
303
279
279
279
279
279
279
279
821
821
821
821
823
823
823
823
823
822
822
822
830
829
829
829
824
824
824
824
825
825
826
826
826
777
777
776
776
776
776
776
779
779
794
794
794
796
796
796
796
796
799
799
797
840
840
840
840
840
840
840
845
845
844
845
845
844
844
844
866
866
865
865
865
865
891
891
891
891
889
889
890
890
891
891
891
893
893
893
893
893
895
892
895
360
360
360
360
360
366
366
366
366
364
365
365
365
376
376
376
377
377
377
377
378
378
378
378
380
380
380
380
380
380
381
382
307
307
306
306
306
306
306
306
308
308
308
310
310
310
310
310
296
296
296
296
297
297
297
297
257
303
279
279
279
279
279
279
821
821
821
821
821
821
821
823
822
823
822
822
822
829
829
824
824
824
824
824
825
825
825
825
826
777
777
777
777
777
776
776
776
794
794
794
794
794
796
796
796
796
799
799
799
798
798
798
840
840
840
840
845
845
845
845
845
845
845
845
844
844
866
865
865
865
865
891
891
865
891
891
889
890
890
891
891
891
893
893
893
893
893
895
892
895
360
360
363
360
360
366
366
364
364
364
365
365
365
377
377
377
377
377
377
377
377
377
378
383
383
383
383
380
380
382
382
382
307
307
307
307
306
306
306
308
308
308
308
308
310
310
310
310
296
296
296
296
297
297
297
297
303
303
303
303
303
301
279
279
279
821
821
821
821
821
821
822
822
822
822
822
822
829
819
824
824
824
824
824
825
825
825
825
825
777
777
777
777
777
777
777
777
777
794
794
794
794
794
794
794
799
799
799
799
798
798
798
798
841
841
840
845
845
845
845
845
876
845
845
866
866
866
866
866
865
865
865
865
865
865
889
889
889
889
891
891
891
893
893
893
893
893
895
895
895
360
363
363
360
360
366
366
362
364
364
365
365
365
365
365
377
365
377
377
377
377
378
378
378
383
383
383
383
380
382
382
382
307
307
307
307
306
306
308
308
308
308
308
310
310
310
310
298
296
296
296
296
297
297
297
303
303
303
303
303
301
301
301
301
301
301
821
821
821
821
821
822
818
822
822
822
819
819
819
824
824
824
824
825
825
825
825
800
800
777
777
777
777
793
777
777
793
793
794
794
794
794
795
795
795
799
799
799
799
798
798
798
798
841
841
841
841
841
841
876
876
876
845
845
866
866
866
866
866
864
864
864
865
865
865
889
889
889
889
889
889
888
893
893
894
893
893
895
895
895
363
363
363
363
362
362
362
362
364
364
364
364
365
365
365
365
365
379
379
377
378
378
378
378
383
383
383
383
382
382
382
382
307
307
307
307
307
312
308
308
308
308
308
308
309
309
298
298
298
296
296
296
297
297
297
297
297
303
303
303
301
301
301
301
301
301
816
816
818
818
818
822
818
822
822
819
819
819
819
819
819
824
824
801
801
801
825
800
800
800
800
777
800
793
793
793
793
793
793
794
794
794
795
795
795
799
799
799
799
798
798
798
798
841
841
841
841
841
841
876
876
876
876
866
866
866
866
866
866
864
864
865
865
865
865
889
889
889
889
889
888
894
894
894
894
893
895
895
895
895
363
363
363
363
362
362
362
362
364
364
364
364
365
365
353
365
379
379
379
379
379
378
378
378
383
383
382
382
382
382
313
313
313
313
313
313
312
312
312
308
312
309
309
309
309
309
298
298
298
298
299
299
299
297
297
297
302
302
303
301
301
301
301
301
301
816
816
816
816
816
818
818
818
818
818
819
819
819
819
814
819
819
815
815
801
801
801
800
800
800
800
800
800
793
793
793
793
793
793
795
795
795
795
795
795
799
799
799
798
798
798
841
841
841
841
878
841
841
878
876
876
876
876
866
866
866
866
866
867
864
864
864
889
889
889
889
889
889
889
888
888
894
894
894
894
894
894
895
895
895
363
363
363
362
362
362
362
352
364
364
364
364
353
353
353
353
379
379
379
379
379
379
383
383
383
383
383
382
382
382
382
382
313
313
313
313
312
312
312
312
312
312
309
309
309
309
309
309
298
298
298
299
299
299
299
297
302
302
303
303
301
301
301
816
816
816
816
816
816
816
818
818
818
818
818
814
814
814
819
814
815
815
815
815
801
801
800
800
800
800
800
800
793
793
793
792
792
792
793
795
795
795
795
795
795
799
799
798
798
798
787
787
841
841
878
878
878
878
878
876
876
876
876
876
876
867
867
867
867
867
864
864
864
864
889
889
889
888
888
888
888
888
894
894
894
894
895
895
895
895
363
363
363
363
362
362
362
352
352
364
364
364
364
353
353
353
353
379
379
379
379
379
379
383
383
383
383
382
382
375
382
313
313
313
313
312
312
312
312
312
312
312
309
309
309
309
298
298
298
298
299
299
299
299
299
299
302
302
302
302
302
300
300
300
300
816
816
816
816
816
818
818
818
818
818
814
814
814
819
814
815
815
815
815
815
815
815
801
800
800
800
800
793
793
792
792
792
792
792
792
795
795
795
790
795
790
790
786
786
787
787
787
787
787
878
878
878
878
878
878
878
876
876
876
876
867
867
867
867
867
867
864
864
864
864
864
888
888
888
888
888
888
894
894
894
887
895
895
895
886
363
363
363
363
362
362
352
352
352
352
352
352
352
353
353
353
353
353
370
370
379
370
370
383
383
374
374
382
375
375
375
313
313
313
313
313
313
312
315
312
316
312
309
309
309
309
298
298
298
298
298
299
299
299
299
299
302
302
302
300
300
300
300
300
300
816
816
816
817
817
818
818
818
809
809
809
814
814
814
814
814
814
815
815
815
801
801
801
800
800
800
802
802
802
802
792
792
792
792
790
790
790
790
790
790
790
786
786
786
787
787
787
787
879
878
878
878
879
879
878
878
877
877
877
867
867
867
867
867
871
871
864
864
864
864
881
888
888
888
880
880
887
887
887
887
887
886
886
886
886
358
358
358
358
362
362
352
352
352
352
352
352
352
353
354
353
353
370
370
370
370
370
370
370
374
374
374
375
375
375
375
314
314
314
313
313
315
312
315
316
316
316
316
316
309
316
291
291
298
298
299
299
299
299
302
302
302
302
302
302
300
300
300
300
300
816
816
817
817
817
817
817
817
809
809
809
814
814
814
813
813
815
815
815
815
801
801
801
801
800
800
802
802
802
802
792
792
792
792
790
790
790
790
790
790
786
786
786
786
787
787
787
879
879
878
879
879
879
879
877
877
877
877
867
867
870
870
867
870
871
871
871
871
864
881
881
881
881
880
880
880
887
887
887
887
887
886
886
886
886
358
358
358
358
358
357
357
352
352
352
352
352
352
353
354
354
353
353
370
370
370
370
370
374
374
374
374
375
375
375
375
375
375
314
314
315
315
315
315
315
315
316
316
316
316
316
291
291
291
291
291
290
290
290
290
290
302
302
302
300
300
300
300
292
292
292
816
817
817
817
817
817
809
809
809
809
813
813
813
813
813
813
815
815
801
801
801
803
803
802
802
802
802
802
792
792
792
792
792
790
790
790
790
790
786
786
786
786
787
787
787
787
879
879
879
879
879
879
879
877
877
877
877
877
877
870
870
870
870
871
871
871
871
881
881
881
881
881
880
880
880
880
887
887
887
887
887
886
886
886
358
358
358
358
358
357
357
357
357
352
352
354
354
354
354
371
371
371
371
371
369
370
370
370
374
374
374
374
375
375
375
375
314
314
314
315
315
315
315
315
316
316
316
316
316
316
291
291
291
291
290
290
290
290
290
295
302
295
295
295
295
295
300
292
292
292
817
817
817
817
810
817
817
809
809
809
813
813
813
813
813
813
813
813
801
803
803
803
803
802
802
802
802
802
806
806
789
789
789
791
791
791
791
791
786
786
786
786
787
787
787
787
875
879
879
875
879
879
879
877
877
877
877
877
877
870
870
870
870
870
871
871
871
871
881
881
881
881
880
880
880
883
883
887
887
887
887
886
886
886
358
359
358
358
358
358
357
357
357
354
354
354
354
354
354
371
371
371
371
371
369
370
370
370
374
374
374
374
375
375
375
375
314
314
315
315
315
315
315
315
317
317
317
316
316
291
291
291
291
291
291
290
290
290
290
295
295
295
295
295
295
295
292
292
292
292
817
817
817
810
810
809
809
809
809
813
813
813
812
813
813
813
813
803
803
803
803
803
803
806
802
802
806
802
806
806
789
789
789
791
791
791
791
791
786
786
786
786
784
784
784
784
875
879
875
875
875
875
875
877
877
873
877
873
870
870
870
870
870
870
871
871
871
871
881
881
881
881
881
880
880
883
883
883
887
887
886
886
886
886
358
359
358
358
357
358
357
357
357
354
354
354
354
354
354
371
371
371
371
371
369
369
369
369
374
373
373
374
373
372
372
314
314
314
314
314
314
315
317
317
317
317
317
317
316
316
289
291
291
291
291
290
290
290
290
290
295
295
295
295
295
295
292
292
292
292
811
811
811
811
810
810
809
809
809
809
813
813
812
812
812
812
804
803
803
803
803
805
806
806
806
802
806
806
806
806
789
789
789
791
791
791
791
791
791
786
786
786
784
784
784
784
875
875
875
875
875
875
875
875
873
873
877
873
870
870
868
870
868
871
871
871
869
869
869
881
882
882
880
880
880
883
883
884
884
884
886
886
886
885
359
359
359
359
357
357
357
357
357
354
354
354
355
355
371
371
371
371
371
371
369
369
369
369
374
374
373
373
373
372
372
314
314
314
318
314
314
314
317
317
317
317
317
317
317
289
289
289
289
291
290
290
288
290
294
294
294
294
294
295
295
295
292
292
292
292
811
811
811
810
810
810
810
809
809
809
809
809
809
812
804
804
804
803
803
803
805
805
805
806
806
807
806
806
806
806
789
789
789
788
791
791
791
791
791
784
784
784
784
784
784
784
784
875
875
875
875
872
872
875
873
873
873
873
873
870
868
868
868
869
871
869
869
869
869
881
882
882
882
883
880
880
883
884
884
884
886
886
885
885
359
359
359
359
357
357
356
356
356
356
355
355
355
355
355
371
368
368
368
368
369
369
369
369
374
373
373
373
372
372
372
314
314
318
318
318
318
319
319
317
317
317
317
317
317
289
289
289
289
291
288
288
288
288
288
294
294
294
294
293
293
293
293
292
292
292
811
811
811
810
810
810
808
808
808
808
808
812
812
804
804
812
804
804
804
804
805
805
805
806
806
807
807
807
807
807
789
789
789
788
788
788
788
791
785
785
784
784
784
784
784
784
784
874
874
874
875
872
872
875
872
872
873
873
873
873
868
868
868
869
869
869
869
869
869
882
882
882
882
883
880
880
880
884
885
885
885
885
885
885
359
359
359
356
356
356
356
356
356
356
355
355
355
355
355
368
368
368
368
368
368
369
369
369
373
373
373
373
372
372
372
314
314
318
318
318
318
319
319
319
319
319
319
319
319
319
289
289
289
289
289
288
288
288
288
294
294
294
294
293
293
293
293
293
293
292
811
811
811
811
810
810
808
808
808
808
808
808
812
812
804
812
804
804
804
804
805
805
805
805
806
807
807
807
807
807
789
789
789
788
788
788
788
788
785
785
785
785
785
785
785
785
874
874
874
874
874
872
872
872
872
872
873
873
873
868
868
868
869
869
868
869
869
882
882
882
882
882
883
883
883
884
884
884
884
885
885
885
885
885
359
359
359
359
356
356
356
356
356
356
355
355
355
355
355
368
368
368
368
368
368
369
369
369
373
373
373
373
373
372
372
372
372
372
318
318
318
318
318
319
319
319
319
319
319
289
289
289
289
288
288
288
288
288
294
294
294
294
294
293
293
293
293
293
293
811
811
811
811
810
810
810
810
808
808
808
808
812
812
812
812
812
812
804
804
804
805
805
805
805
807
807
807
807
807
807
789
789
788
788
788
788
788
788
785
785
785
785
785
785
785
874
874
874
874
874
874
872
872
872
872
872
873
873
873
868
868
868
869
868
868
869
869
869
869
882
882
883
883
883
883
884
884
884
884
885
885
885
885
885
359
359
359
359
359
356
356
356
356
356
355
355
355
355
355
368
368
368
368
368
368
369
369
373
373
373
373
373
372
372
372
372
318
318
318
318
318
318
318
319
319
319
319
319
289
289
289
289
288
288
288
288
288
288
288
294
294
294
294
293
293
293
293
293
293
811
811
811
811
810
810
810
810
808
808
808
808
812
812
812
812
804
804
804
805
805
805
805
805
805
805
807
807
807
807
807
789
789
788
788
788
788
788
788
785
785
785
785
785
874
874
874
874
874
874
874
874
872
872
872
872
872
872
873
873
868
868
868
868
868
869
869
882
882
882
882
883
883
883
883
883
884
884
884
884
884
884
885
885
885
