       1       0       1       1       0    -999
       2       1       0       0       1    -999
       5       1       0       0       1    -999
       8       0       1       1       0    -999
       9       0       1       1       0    -999
      32       0       1       1       0    -999
      33       0       1       1       0    -999
      34       1       0       0       1    -999
      35       0       1       1       0    -999
      42       0       1       1       0    -999
      45       1       0       0       1    -999
      53       1       0       0       1    -999
      54       1       0       0       1    -999
      60       0       1       1       0    -999
      61       0       1       1       0    -999
      62       1       0       0       1    -999
      65       1       0       0       1    -999
      66       1       0       0       1    -999
      68       1       0       0       1    -999
      71       0       1       1       0    -999
      72       1       0       0       1    -999
      74       0       1       1       0    -999
      75       1       0       0       1    -999
      77       0       1       1       0    -999
      78       1       0       0       1    -999
      79       1       0       0       1    -999
      86       1       0       0       1    -999
      88       0       1       1       0    -999
     101       1       0       0       1    -999
     107       0       1       1       0    -999
     108       0       1       1       0    -999
     124       0       1       1       0    -999
     125       1       0       0       1    -999
     126       1       0       0       1    -999
     127       0       1       1       0    -999
     129       1       0       0       1    -999
     138       1       0       0       1    -999
     141       0       1       1       0    -999
     151       1       0       0       1    -999
     152       1       0       0       1    -999
     159       0       1       1       0    -999
     161       0       1       1       0    -999
     162       1       0       0       1    -999
     164       1       0       0       1    -999
     165       1       0       0       1    -999
     166       0       1       1       0    -999
     174       1       0       0       1    -999
     181       0       1       1       0    -999
     191       0       1       1       0    -999
     211       1       0       0       1    -999
     245       1       0       0       1    -999
     253       0       1       1       0    -999
     255       1       0       0       1    -999
     439       1       0       0       1    -999
     504       1       0       0       1    -999
     507       0       1       1       0    -999
     510       0       1       1       0    -999
     511       0       1       1       0    -999
     514       1       0       0       1    -999
     515       0       1       1       0    -999
     516       1       0       0       1    -999
     517       1       0       0       1    -999
     518       1       0       0       1    -999
     519       0       1       1       0    -999
     520       1       0       0       1    -999
     522       0       1       1       0    -999
     523       0       1       1       0    -999
     524       1       1       0       0    -999
     525       0       1       1       0    -999
     526       0       1       1       0    -999
     527       0       1       1       0    -999
     528       0       1       1       0    -999
     529       0       1       1       0    -999
     531       1       0       0       1    -999
     532       0       1       1       0    -999
     533       0       1       1       0    -999
     534       0       1       1       0    -999
     537       1       0       0       1    -999
     538       0       1       1       0    -999
     539       1       0       0       1    -999
     540       0       1       1       0    -999
     541       1       0       0       1    -999
     543       0       1       1       0    -999
     544       1       0       0       1    -999
     546       1       0       0       1    -999
     547       1       0       0       1    -999
     548       1       0       0       1    -999
     550       0       1       1       0    -999
     551       1       0       0       1    -999
     552       0       1       1       0    -999
     553       0       0       1       1    -999
     554       0       1       1       0    -999
     555       0       1       1       0    -999
     556       0       1       1       0    -999
     557       0       1       1       0    -999
     559       1       0       0       1    -999
     560       0       1       1       0    -999
     561       1       0       0       1    -999
     562       0       1       1       0    -999
     563       0       1       1       0    -999
     567       0       1       1       0    -999
     568       0       1       1       0    -999
     569       0       1       1       0    -999
     570       1       0       0       1    -999
     572       1       0       0       1    -999
     573       1       0       0       1    -999
     574       0       1       1       0    -999
     579       0       1       1       0    -999
     580       0       1       1       0    -999
     584       0       1       1       0    -999
     586       0       1       1       0    -999
     587       0       1       1       0    -999
     588       0       1       1       0    -999
     591       0       1       1       0    -999
     599       0       1       1       0    -999
     600       0       1       1       0    -999
     603       0       1       1       0    -999
     614       0       1       1       0    -999
     616       0       1       1       0    -999
     619       0       1       1       0    -999
     623       0       1       1       0    -999
     627       0       1       1       0    -999
     628       0       1       1       0    -999
     631       0       1       1       0    -999
     633       0       1       1       0    -999
     635       0       1       1       0    -999
