   0.00000   0.00000
   0.05000   0.00000
   0.10000   0.00000
   0.15000   0.00000
   0.20000   0.00000
   0.25000   0.00000
   0.30000   0.00000
   0.35000   0.00000
   0.40000   0.00000
   0.45000   0.00000
   0.50000   0.00000
   0.55000   0.00000
   0.60000   0.00000
   0.65000   0.00000
   0.70000   0.00000
   0.75000   0.00000
   0.80000   0.00000
   0.85000   0.00000
   0.90000   0.00000
   0.95000   0.00000
   1.00000   0.00000
   1.05000   0.00000
   1.10000   0.00000
   1.15000   0.00000
   1.20000   0.00000
   1.25000   0.00000
   1.30000   0.00000
   1.35000   0.00000
   1.40000   0.00000
   1.45000   0.00000
   1.50000   0.00000
   1.55000   0.00000
   1.60000   0.00000
   1.65000   0.00000
   1.70000   0.00000
   1.75000   0.00000
   1.80000   0.00000
   1.85000   0.00000
   1.90000   0.00000
   1.95000   0.00000
   2.00000   0.00000
   2.05000   0.00000
   2.10000   0.00000
   2.15000   0.00000
   2.20000   0.00000
   2.25000   0.00000
   2.30000   0.00000
   2.35000   0.00000
   2.40000   0.00000
   2.45000   0.00000
   2.50000   0.00000
   2.55000   0.00000
   2.60000   0.00000
   2.65000   0.00000
   2.70000   0.00000
   2.75000   0.00000
   2.80000   0.00000
   2.85000   0.00000
   2.90000   0.00000
   2.95000   0.00000
   3.00000   0.00000
   3.05000   0.00000
   3.10000   0.00000
   3.15000   0.00000
   3.20000   0.00000
   3.25000   0.00000
   3.30000   0.00000
   3.35000   0.00000
   3.40000   0.00000
   3.45000   0.00000
   3.50000   0.00000
   3.55000   0.00000
   3.60000   0.00000
   3.65000   0.00000
   3.70000   0.00000
   3.75000   0.00000
   3.80000   0.00000
   3.85000   0.00000
   3.90000   0.00000
   3.95000   0.00000
   4.00000   0.00000
   4.05000   0.00000
   4.10000   0.00000
   4.15000   0.00000
   4.20000   0.00000
   4.25000   0.00000
   4.30000   0.00000
   4.35000   0.00000
   4.40000   0.00000
   4.45000   0.00000
   4.50000   0.00000
   4.55000   0.00000
   4.60000   0.00000
   4.65000   0.00000
   4.70000   0.00000
   4.75000   0.00000
   4.80000   0.00000
   4.85000   0.00000
   4.90000   0.00000
   4.95000   0.00000
   5.00000   0.00000
   0.00000   0.05000
   0.05000   0.05000
   0.10000   0.05000
   0.15000   0.05000
   0.20000   0.05000
   0.25000   0.05000
   0.30000   0.05000
   0.35000   0.05000
   0.40000   0.05000
   0.45000   0.05000
   0.50000   0.05000
   0.55000   0.05000
   0.60000   0.05000
   0.65000   0.05000
   0.70000   0.05000
   0.75000   0.05000
   0.80000   0.05000
   0.85000   0.05000
   0.90000   0.05000
   0.95000   0.05000
   1.00000   0.05000
   1.05000   0.05000
   1.10000   0.05000
   1.15000   0.05000
   1.20000   0.05000
   1.25000   0.05000
   1.30000   0.05000
   1.35000   0.05000
   1.40000   0.05000
   1.45000   0.05000
   1.50000   0.05000
   1.55000   0.05000
   1.60000   0.05000
   1.65000   0.05000
   1.70000   0.05000
   1.75000   0.05000
   1.80000   0.05000
   1.85000   0.05000
   1.90000   0.05000
   1.95000   0.05000
   2.00000   0.05000
   2.05000   0.05000
   2.10000   0.05000
   2.15000   0.05000
   2.20000   0.05000
   2.25000   0.05000
   2.30000   0.05000
   2.35000   0.05000
   2.40000   0.05000
   2.45000   0.05000
   2.50000   0.05000
   2.55000   0.05000
   2.60000   0.05000
   2.65000   0.05000
   2.70000   0.05000
   2.75000   0.05000
   2.80000   0.05000
   2.85000   0.05000
   2.90000   0.05000
   2.95000   0.05000
   3.00000   0.05000
   3.05000   0.05000
   3.10000   0.05000
   3.15000   0.05000
   3.20000   0.05000
   3.25000   0.05000
   3.30000   0.05000
   3.35000   0.05000
   3.40000   0.05000
   3.45000   0.05000
   3.50000   0.05000
   3.55000   0.05000
   3.60000   0.05000
   3.65000   0.05000
   3.70000   0.05000
   3.75000   0.05000
   3.80000   0.05000
   3.85000   0.05000
   3.90000   0.05000
   3.95000   0.05000
   4.00000   0.05000
   4.05000   0.05000
   4.10000   0.05000
   4.15000   0.05000
   4.20000   0.05000
   4.25000   0.05000
   4.30000   0.05000
   4.35000   0.05000
   4.40000   0.05000
   4.45000   0.05000
   4.50000   0.05000
   4.55000   0.05000
   4.60000   0.05000
   4.65000   0.05000
   4.70000   0.05000
   4.75000   0.05000
   4.80000   0.05000
   4.85000   0.05000
   4.90000   0.05000
   4.95000   0.05000
   5.00000   0.05000
   0.00000   0.10000
   0.05000   0.10000
   0.10000   0.10000
   0.15000   0.10000
   0.20000   0.10000
   0.25000   0.10000
   0.30000   0.10000
   0.35000   0.10000
   0.40000   0.10000
   0.45000   0.10000
   0.50000   0.10000
   0.55000   0.10000
   0.60000   0.10000
   0.65000   0.10000
   0.70000   0.10000
   0.75000   0.10000
   0.80000   0.10000
   0.85000   0.10000
   0.90000   0.10000
   0.95000   0.10000
   1.00000   0.10000
   1.05000   0.10000
   1.10000   0.10000
   1.15000   0.10000
   1.20000   0.10000
   1.25000   0.10000
   1.30000   0.10000
   1.35000   0.10000
   1.40000   0.10000
   1.45000   0.10000
   1.50000   0.10000
   1.55000   0.10000
   1.60000   0.10000
   1.65000   0.10000
   1.70000   0.10000
   1.75000   0.10000
   1.80000   0.10000
   1.85000   0.10000
   1.90000   0.10000
   1.95000   0.10000
   2.00000   0.10000
   2.05000   0.10000
   2.10000   0.10000
   2.15000   0.10000
   2.20000   0.10000
   2.25000   0.10000
   2.30000   0.10000
   2.35000   0.10000
   2.40000   0.10000
   2.45000   0.10000
   2.50000   0.10000
   2.55000   0.10000
   2.60000   0.10000
   2.65000   0.10000
   2.70000   0.10000
   2.75000   0.10000
   2.80000   0.10000
   2.85000   0.10000
   2.90000   0.10000
   2.95000   0.10000
   3.00000   0.10000
   3.05000   0.10000
   3.10000   0.10000
   3.15000   0.10000
   3.20000   0.10000
   3.25000   0.10000
   3.30000   0.10000
   3.35000   0.10000
   3.40000   0.10000
   3.45000   0.10000
   3.50000   0.10000
   3.55000   0.10000
   3.60000   0.10000
   3.65000   0.10000
   3.70000   0.10000
   3.75000   0.10000
   3.80000   0.10000
   3.85000   0.10000
   3.90000   0.10000
   3.95000   0.10000
   4.00000   0.10000
   4.05000   0.10000
   4.10000   0.10000
   4.15000   0.10000
   4.20000   0.10000
   4.25000   0.10000
   4.30000   0.10000
   4.35000   0.10000
   4.40000   0.10000
   4.45000   0.10000
   4.50000   0.10000
   4.55000   0.10000
   4.60000   0.10000
   4.65000   0.10000
   4.70000   0.10000
   4.75000   0.10000
   4.80000   0.10000
   4.85000   0.10000
   4.90000   0.10000
   4.95000   0.10000
   5.00000   0.10000
   0.00000   0.15000
   0.05000   0.15000
   0.10000   0.15000
   0.15000   0.15000
   0.20000   0.15000
   0.25000   0.15000
   0.30000   0.15000
   0.35000   0.15000
   0.40000   0.15000
   0.45000   0.15000
   0.50000   0.15000
   0.55000   0.15000
   0.60000   0.15000
   0.65000   0.15000
   0.70000   0.15000
   0.75000   0.15000
   0.80000   0.15000
   0.85000   0.15000
   0.90000   0.15000
   0.95000   0.15000
   1.00000   0.15000
   1.05000   0.15000
   1.10000   0.15000
   1.15000   0.15000
   1.20000   0.15000
   1.25000   0.15000
   1.30000   0.15000
   1.35000   0.15000
   1.40000   0.15000
   1.45000   0.15000
   1.50000   0.15000
   1.55000   0.15000
   1.60000   0.15000
   1.65000   0.15000
   1.70000   0.15000
   1.75000   0.15000
   1.80000   0.15000
   1.85000   0.15000
   1.90000   0.15000
   1.95000   0.15000
   2.00000   0.15000
   2.05000   0.15000
   2.10000   0.15000
   2.15000   0.15000
   2.20000   0.15000
   2.25000   0.15000
   2.30000   0.15000
   2.35000   0.15000
   2.40000   0.15000
   2.45000   0.15000
   2.50000   0.15000
   2.55000   0.15000
   2.60000   0.15000
   2.65000   0.15000
   2.70000   0.15000
   2.75000   0.15000
   2.80000   0.15000
   2.85000   0.15000
   2.90000   0.15000
   2.95000   0.15000
   3.00000   0.15000
   3.05000   0.15000
   3.10000   0.15000
   3.15000   0.15000
   3.20000   0.15000
   3.25000   0.15000
   3.30000   0.15000
   3.35000   0.15000
   3.40000   0.15000
   3.45000   0.15000
   3.50000   0.15000
   3.55000   0.15000
   3.60000   0.15000
   3.65000   0.15000
   3.70000   0.15000
   3.75000   0.15000
   3.80000   0.15000
   3.85000   0.15000
   3.90000   0.15000
   3.95000   0.15000
   4.00000   0.15000
   4.05000   0.15000
   4.10000   0.15000
   4.15000   0.15000
   4.20000   0.15000
   4.25000   0.15000
   4.30000   0.15000
   4.35000   0.15000
   4.40000   0.15000
   4.45000   0.15000
   4.50000   0.15000
   4.55000   0.15000
   4.60000   0.15000
   4.65000   0.15000
   4.70000   0.15000
   4.75000   0.15000
   4.80000   0.15000
   4.85000   0.15000
   4.90000   0.15000
   4.95000   0.15000
   5.00000   0.15000
   0.00000   0.20000
   0.05000   0.20000
   0.10000   0.20000
   0.15000   0.20000
   0.20000   0.20000
   0.25000   0.20000
   0.30000   0.20000
   0.35000   0.20000
   0.40000   0.20000
   0.45000   0.20000
   0.50000   0.20000
   0.55000   0.20000
   0.60000   0.20000
   0.65000   0.20000
   0.70000   0.20000
   0.75000   0.20000
   0.80000   0.20000
   0.85000   0.20000
   0.90000   0.20000
   0.95000   0.20000
   1.00000   0.20000
   1.05000   0.20000
   1.10000   0.20000
   1.15000   0.20000
   1.20000   0.20000
   1.25000   0.20000
   1.30000   0.20000
   1.35000   0.20000
   1.40000   0.20000
   1.45000   0.20000
   1.50000   0.20000
   1.55000   0.20000
   1.60000   0.20000
   1.65000   0.20000
   1.70000   0.20000
   1.75000   0.20000
   1.80000   0.20000
   1.85000   0.20000
   1.90000   0.20000
   1.95000   0.20000
   2.00000   0.20000
   2.05000   0.20000
   2.10000   0.20000
   2.15000   0.20000
   2.20000   0.20000
   2.25000   0.20000
   2.30000   0.20000
   2.35000   0.20000
   2.40000   0.20000
   2.45000   0.20000
   2.50000   0.20000
   2.55000   0.20000
   2.60000   0.20000
   2.65000   0.20000
   2.70000   0.20000
   2.75000   0.20000
   2.80000   0.20000
   2.85000   0.20000
   2.90000   0.20000
   2.95000   0.20000
   3.00000   0.20000
   3.05000   0.20000
   3.10000   0.20000
   3.15000   0.20000
   3.20000   0.20000
   3.25000   0.20000
   3.30000   0.20000
   3.35000   0.20000
   3.40000   0.20000
   3.45000   0.20000
   3.50000   0.20000
   3.55000   0.20000
   3.60000   0.20000
   3.65000   0.20000
   3.70000   0.20000
   3.75000   0.20000
   3.80000   0.20000
   3.85000   0.20000
   3.90000   0.20000
   3.95000   0.20000
   4.00000   0.20000
   4.05000   0.20000
   4.10000   0.20000
   4.15000   0.20000
   4.20000   0.20000
   4.25000   0.20000
   4.30000   0.20000
   4.35000   0.20000
   4.40000   0.20000
   4.45000   0.20000
   4.50000   0.20000
   4.55000   0.20000
   4.60000   0.20000
   4.65000   0.20000
   4.70000   0.20000
   4.75000   0.20000
   4.80000   0.20000
   4.85000   0.20000
   4.90000   0.20000
   4.95000   0.20000
   5.00000   0.20000
   0.00000   0.25000
   0.05000   0.25000
   0.10000   0.25000
   0.15000   0.25000
   0.20000   0.25000
   0.25000   0.25000
   0.30000   0.25000
   0.35000   0.25000
   0.40000   0.25000
   0.45000   0.25000
   0.50000   0.25000
   0.55000   0.25000
   0.60000   0.25000
   0.65000   0.25000
   0.70000   0.25000
   0.75000   0.25000
   0.80000   0.25000
   0.85000   0.25000
   0.90000   0.25000
   0.95000   0.25000
   1.00000   0.25000
   1.05000   0.25000
   1.10000   0.25000
   1.15000   0.25000
   1.20000   0.25000
   1.25000   0.25000
   1.30000   0.25000
   1.35000   0.25000
   1.40000   0.25000
   1.45000   0.25000
   1.50000   0.25000
   1.55000   0.25000
   1.60000   0.25000
   1.65000   0.25000
   1.70000   0.25000
   1.75000   0.25000
   1.80000   0.25000
   1.85000   0.25000
   1.90000   0.25000
   1.95000   0.25000
   2.00000   0.25000
   2.05000   0.25000
   2.10000   0.25000
   2.15000   0.25000
   2.20000   0.25000
   2.25000   0.25000
   2.30000   0.25000
   2.35000   0.25000
   2.40000   0.25000
   2.45000   0.25000
   2.50000   0.25000
   2.55000   0.25000
   2.60000   0.25000
   2.65000   0.25000
   2.70000   0.25000
   2.75000   0.25000
   2.80000   0.25000
   2.85000   0.25000
   2.90000   0.25000
   2.95000   0.25000
   3.00000   0.25000
   3.05000   0.25000
   3.10000   0.25000
   3.15000   0.25000
   3.20000   0.25000
   3.25000   0.25000
   3.30000   0.25000
   3.35000   0.25000
   3.40000   0.25000
   3.45000   0.25000
   3.50000   0.25000
   3.55000   0.25000
   3.60000   0.25000
   3.65000   0.25000
   3.70000   0.25000
   3.75000   0.25000
   3.80000   0.25000
   3.85000   0.25000
   3.90000   0.25000
   3.95000   0.25000
   4.00000   0.25000
   4.05000   0.25000
   4.10000   0.25000
   4.15000   0.25000
   4.20000   0.25000
   4.25000   0.25000
   4.30000   0.25000
   4.35000   0.25000
   4.40000   0.25000
   4.45000   0.25000
   4.50000   0.25000
   4.55000   0.25000
   4.60000   0.25000
   4.65000   0.25000
   4.70000   0.25000
   4.75000   0.25000
   4.80000   0.25000
   4.85000   0.25000
   4.90000   0.25000
   4.95000   0.25000
   5.00000   0.25000
   0.00000   0.30000
   0.05000   0.30000
   0.10000   0.30000
   0.15000   0.30000
   0.20000   0.30000
   0.25000   0.30000
   0.30000   0.30000
   0.35000   0.30000
   0.40000   0.30000
   0.45000   0.30000
   0.50000   0.30000
   0.55000   0.30000
   0.60000   0.30000
   0.65000   0.30000
   0.70000   0.30000
   0.75000   0.30000
   0.80000   0.30000
   0.85000   0.30000
   0.90000   0.30000
   0.95000   0.30000
   1.00000   0.30000
   1.05000   0.30000
   1.10000   0.30000
   1.15000   0.30000
   1.20000   0.30000
   1.25000   0.30000
   1.30000   0.30000
   1.35000   0.30000
   1.40000   0.30000
   1.45000   0.30000
   1.50000   0.30000
   1.55000   0.30000
   1.60000   0.30000
   1.65000   0.30000
   1.70000   0.30000
   1.75000   0.30000
   1.80000   0.30000
   1.85000   0.30000
   1.90000   0.30000
   1.95000   0.30000
   2.00000   0.30000
   2.05000   0.30000
   2.10000   0.30000
   2.15000   0.30000
   2.20000   0.30000
   2.25000   0.30000
   2.30000   0.30000
   2.35000   0.30000
   2.40000   0.30000
   2.45000   0.30000
   2.50000   0.30000
   2.55000   0.30000
   2.60000   0.30000
   2.65000   0.30000
   2.70000   0.30000
   2.75000   0.30000
   2.80000   0.30000
   2.85000   0.30000
   2.90000   0.30000
   2.95000   0.30000
   3.00000   0.30000
   3.05000   0.30000
   3.10000   0.30000
   3.15000   0.30000
   3.20000   0.30000
   3.25000   0.30000
   3.30000   0.30000
   3.35000   0.30000
   3.40000   0.30000
   3.45000   0.30000
   3.50000   0.30000
   3.55000   0.30000
   3.60000   0.30000
   3.65000   0.30000
   3.70000   0.30000
   3.75000   0.30000
   3.80000   0.30000
   3.85000   0.30000
   3.90000   0.30000
   3.95000   0.30000
   4.00000   0.30000
   4.05000   0.30000
   4.10000   0.30000
   4.15000   0.30000
   4.20000   0.30000
   4.25000   0.30000
   4.30000   0.30000
   4.35000   0.30000
   4.40000   0.30000
   4.45000   0.30000
   4.50000   0.30000
   4.55000   0.30000
   4.60000   0.30000
   4.65000   0.30000
   4.70000   0.30000
   4.75000   0.30000
   4.80000   0.30000
   4.85000   0.30000
   4.90000   0.30000
   4.95000   0.30000
   5.00000   0.30000
   0.00000   0.35000
   0.05000   0.35000
   0.10000   0.35000
   0.15000   0.35000
   0.20000   0.35000
   0.25000   0.35000
   0.30000   0.35000
   0.35000   0.35000
   0.40000   0.35000
   0.45000   0.35000
   0.50000   0.35000
   0.55000   0.35000
   0.60000   0.35000
   0.65000   0.35000
   0.70000   0.35000
   0.75000   0.35000
   0.80000   0.35000
   0.85000   0.35000
   0.90000   0.35000
   0.95000   0.35000
   1.00000   0.35000
   1.05000   0.35000
   1.10000   0.35000
   1.15000   0.35000
   1.20000   0.35000
   1.25000   0.35000
   1.30000   0.35000
   1.35000   0.35000
   1.40000   0.35000
   1.45000   0.35000
   1.50000   0.35000
   1.55000   0.35000
   1.60000   0.35000
   1.65000   0.35000
   1.70000   0.35000
   1.75000   0.35000
   1.80000   0.35000
   1.85000   0.35000
   1.90000   0.35000
   1.95000   0.35000
   2.00000   0.35000
   2.05000   0.35000
   2.10000   0.35000
   2.15000   0.35000
   2.20000   0.35000
   2.25000   0.35000
   2.30000   0.35000
   2.35000   0.35000
   2.40000   0.35000
   2.45000   0.35000
   2.50000   0.35000
   2.55000   0.35000
   2.60000   0.35000
   2.65000   0.35000
   2.70000   0.35000
   2.75000   0.35000
   2.80000   0.35000
   2.85000   0.35000
   2.90000   0.35000
   2.95000   0.35000
   3.00000   0.35000
   3.05000   0.35000
   3.10000   0.35000
   3.15000   0.35000
   3.20000   0.35000
   3.25000   0.35000
   3.30000   0.35000
   3.35000   0.35000
   3.40000   0.35000
   3.45000   0.35000
   3.50000   0.35000
   3.55000   0.35000
   3.60000   0.35000
   3.65000   0.35000
   3.70000   0.35000
   3.75000   0.35000
   3.80000   0.35000
   3.85000   0.35000
   3.90000   0.35000
   3.95000   0.35000
   4.00000   0.35000
   4.05000   0.35000
   4.10000   0.35000
   4.15000   0.35000
   4.20000   0.35000
   4.25000   0.35000
   4.30000   0.35000
   4.35000   0.35000
   4.40000   0.35000
   4.45000   0.35000
   4.50000   0.35000
   4.55000   0.35000
   4.60000   0.35000
   4.65000   0.35000
   4.70000   0.35000
   4.75000   0.35000
   4.80000   0.35000
   4.85000   0.35000
   4.90000   0.35000
   4.95000   0.35000
   5.00000   0.35000
   0.00000   0.40000
   0.05000   0.40000
   0.10000   0.40000
   0.15000   0.40000
   0.20000   0.40000
   0.25000   0.40000
   0.30000   0.40000
   0.35000   0.40000
   0.40000   0.40000
   0.45000   0.40000
   0.50000   0.40000
   0.55000   0.40000
   0.60000   0.40000
   0.65000   0.40000
   0.70000   0.40000
   0.75000   0.40000
   0.80000   0.40000
   0.85000   0.40000
   0.90000   0.40000
   0.95000   0.40000
   1.00000   0.40000
   1.05000   0.40000
   1.10000   0.40000
   1.15000   0.40000
   1.20000   0.40000
   1.25000   0.40000
   1.30000   0.40000
   1.35000   0.40000
   1.40000   0.40000
   1.45000   0.40000
   1.50000   0.40000
   1.55000   0.40000
   1.60000   0.40000
   1.65000   0.40000
   1.70000   0.40000
   1.75000   0.40000
   1.80000   0.40000
   1.85000   0.40000
   1.90000   0.40000
   1.95000   0.40000
   2.00000   0.40000
   2.05000   0.40000
   2.10000   0.40000
   2.15000   0.40000
   2.20000   0.40000
   2.25000   0.40000
   2.30000   0.40000
   2.35000   0.40000
   2.40000   0.40000
   2.45000   0.40000
   2.50000   0.40000
   2.55000   0.40000
   2.60000   0.40000
   2.65000   0.40000
   2.70000   0.40000
   2.75000   0.40000
   2.80000   0.40000
   2.85000   0.40000
   2.90000   0.40000
   2.95000   0.40000
   3.00000   0.40000
   3.05000   0.40000
   3.10000   0.40000
   3.15000   0.40000
   3.20000   0.40000
   3.25000   0.40000
   3.30000   0.40000
   3.35000   0.40000
   3.40000   0.40000
   3.45000   0.40000
   3.50000   0.40000
   3.55000   0.40000
   3.60000   0.40000
   3.65000   0.40000
   3.70000   0.40000
   3.75000   0.40000
   3.80000   0.40000
   3.85000   0.40000
   3.90000   0.40000
   3.95000   0.40000
   4.00000   0.40000
   4.05000   0.40000
   4.10000   0.40000
   4.15000   0.40000
   4.20000   0.40000
   4.25000   0.40000
   4.30000   0.40000
   4.35000   0.40000
   4.40000   0.40000
   4.45000   0.40000
   4.50000   0.40000
   4.55000   0.40000
   4.60000   0.40000
   4.65000   0.40000
   4.70000   0.40000
   4.75000   0.40000
   4.80000   0.40000
   4.85000   0.40000
   4.90000   0.40000
   4.95000   0.40000
   5.00000   0.40000
   0.00000   0.45000
   0.05000   0.45000
   0.10000   0.45000
   0.15000   0.45000
   0.20000   0.45000
   0.25000   0.45000
   0.30000   0.45000
   0.35000   0.45000
   0.40000   0.45000
   0.45000   0.45000
   0.50000   0.45000
   0.55000   0.45000
   0.60000   0.45000
   0.65000   0.45000
   0.70000   0.45000
   0.75000   0.45000
   0.80000   0.45000
   0.85000   0.45000
   0.90000   0.45000
   0.95000   0.45000
   1.00000   0.45000
   1.05000   0.45000
   1.10000   0.45000
   1.15000   0.45000
   1.20000   0.45000
   1.25000   0.45000
   1.30000   0.45000
   1.35000   0.45000
   1.40000   0.45000
   1.45000   0.45000
   1.50000   0.45000
   1.55000   0.45000
   1.60000   0.45000
   1.65000   0.45000
   1.70000   0.45000
   1.75000   0.45000
   1.80000   0.45000
   1.85000   0.45000
   1.90000   0.45000
   1.95000   0.45000
   2.00000   0.45000
   2.05000   0.45000
   2.10000   0.45000
   2.15000   0.45000
   2.20000   0.45000
   2.25000   0.45000
   2.30000   0.45000
   2.35000   0.45000
   2.40000   0.45000
   2.45000   0.45000
   2.50000   0.45000
   2.55000   0.45000
   2.60000   0.45000
   2.65000   0.45000
   2.70000   0.45000
   2.75000   0.45000
   2.80000   0.45000
   2.85000   0.45000
   2.90000   0.45000
   2.95000   0.45000
   3.00000   0.45000
   3.05000   0.45000
   3.10000   0.45000
   3.15000   0.45000
   3.20000   0.45000
   3.25000   0.45000
   3.30000   0.45000
   3.35000   0.45000
   3.40000   0.45000
   3.45000   0.45000
   3.50000   0.45000
   3.55000   0.45000
   3.60000   0.45000
   3.65000   0.45000
   3.70000   0.45000
   3.75000   0.45000
   3.80000   0.45000
   3.85000   0.45000
   3.90000   0.45000
   3.95000   0.45000
   4.00000   0.45000
   4.05000   0.45000
   4.10000   0.45000
   4.15000   0.45000
   4.20000   0.45000
   4.25000   0.45000
   4.30000   0.45000
   4.35000   0.45000
   4.40000   0.45000
   4.45000   0.45000
   4.50000   0.45000
   4.55000   0.45000
   4.60000   0.45000
   4.65000   0.45000
   4.70000   0.45000
   4.75000   0.45000
   4.80000   0.45000
   4.85000   0.45000
   4.90000   0.45000
   4.95000   0.45000
   5.00000   0.45000
   0.00000   0.50000
   0.05000   0.50000
   0.10000   0.50000
   0.15000   0.50000
   0.20000   0.50000
   0.25000   0.50000
   0.30000   0.50000
   0.35000   0.50000
   0.40000   0.50000
   0.45000   0.50000
   0.50000   0.50000
   0.55000   0.50000
   0.60000   0.50000
   0.65000   0.50000
   0.70000   0.50000
   0.75000   0.50000
   0.80000   0.50000
   0.85000   0.50000
   0.90000   0.50000
   0.95000   0.50000
   1.00000   0.50000
   1.05000   0.50000
   1.10000   0.50000
   1.15000   0.50000
   1.20000   0.50000
   1.25000   0.50000
   1.30000   0.50000
   1.35000   0.50000
   1.40000   0.50000
   1.45000   0.50000
   1.50000   0.50000
   1.55000   0.50000
   1.60000   0.50000
   1.65000   0.50000
   1.70000   0.50000
   1.75000   0.50000
   1.80000   0.50000
   1.85000   0.50000
   1.90000   0.50000
   1.95000   0.50000
   2.00000   0.50000
   2.05000   0.50000
   2.10000   0.50000
   2.15000   0.50000
   2.20000   0.50000
   2.25000   0.50000
   2.30000   0.50000
   2.35000   0.50000
   2.40000   0.50000
   2.45000   0.50000
   2.50000   0.50000
   2.55000   0.50000
   2.60000   0.50000
   2.65000   0.50000
   2.70000   0.50000
   2.75000   0.50000
   2.80000   0.50000
   2.85000   0.50000
   2.90000   0.50000
   2.95000   0.50000
   3.00000   0.50000
   3.05000   0.50000
   3.10000   0.50000
   3.15000   0.50000
   3.20000   0.50000
   3.25000   0.50000
   3.30000   0.50000
   3.35000   0.50000
   3.40000   0.50000
   3.45000   0.50000
   3.50000   0.50000
   3.55000   0.50000
   3.60000   0.50000
   3.65000   0.50000
   3.70000   0.50000
   3.75000   0.50000
   3.80000   0.50000
   3.85000   0.50000
   3.90000   0.50000
   3.95000   0.50000
   4.00000   0.50000
   4.05000   0.50000
   4.10000   0.50000
   4.15000   0.50000
   4.20000   0.50000
   4.25000   0.50000
   4.30000   0.50000
   4.35000   0.50000
   4.40000   0.50000
   4.45000   0.50000
   4.50000   0.50000
   4.55000   0.50000
   4.60000   0.50000
   4.65000   0.50000
   4.70000   0.50000
   4.75000   0.50000
   4.80000   0.50000
   4.85000   0.50000
   4.90000   0.50000
   4.95000   0.50000
   5.00000   0.50000
   0.00000   0.55000
   0.05000   0.55000
   0.10000   0.55000
   0.15000   0.55000
   0.20000   0.55000
   0.25000   0.55000
   0.30000   0.55000
   0.35000   0.55000
   0.40000   0.55000
   0.45000   0.55000
   0.50000   0.55000
   0.55000   0.55000
   0.60000   0.55000
   0.65000   0.55000
   0.70000   0.55000
   0.75000   0.55000
   0.80000   0.55000
   0.85000   0.55000
   0.90000   0.55000
   0.95000   0.55000
   1.00000   0.55000
   1.05000   0.55000
   1.10000   0.55000
   1.15000   0.55000
   1.20000   0.55000
   1.25000   0.55000
   1.30000   0.55000
   1.35000   0.55000
   1.40000   0.55000
   1.45000   0.55000
   1.50000   0.55000
   1.55000   0.55000
   1.60000   0.55000
   1.65000   0.55000
   1.70000   0.55000
   1.75000   0.55000
   1.80000   0.55000
   1.85000   0.55000
   1.90000   0.55000
   1.95000   0.55000
   2.00000   0.55000
   2.05000   0.55000
   2.10000   0.55000
   2.15000   0.55000
   2.20000   0.55000
   2.25000   0.55000
   2.30000   0.55000
   2.35000   0.55000
   2.40000   0.55000
   2.45000   0.55000
   2.50000   0.55000
   2.55000   0.55000
   2.60000   0.55000
   2.65000   0.55000
   2.70000   0.55000
   2.75000   0.55000
   2.80000   0.55000
   2.85000   0.55000
   2.90000   0.55000
   2.95000   0.55000
   3.00000   0.55000
   3.05000   0.55000
   3.10000   0.55000
   3.15000   0.55000
   3.20000   0.55000
   3.25000   0.55000
   3.30000   0.55000
   3.35000   0.55000
   3.40000   0.55000
   3.45000   0.55000
   3.50000   0.55000
   3.55000   0.55000
   3.60000   0.55000
   3.65000   0.55000
   3.70000   0.55000
   3.75000   0.55000
   3.80000   0.55000
   3.85000   0.55000
   3.90000   0.55000
   3.95000   0.55000
   4.00000   0.55000
   4.05000   0.55000
   4.10000   0.55000
   4.15000   0.55000
   4.20000   0.55000
   4.25000   0.55000
   4.30000   0.55000
   4.35000   0.55000
   4.40000   0.55000
   4.45000   0.55000
   4.50000   0.55000
   4.55000   0.55000
   4.60000   0.55000
   4.65000   0.55000
   4.70000   0.55000
   4.75000   0.55000
   4.80000   0.55000
   4.85000   0.55000
   4.90000   0.55000
   4.95000   0.55000
   5.00000   0.55000
   0.00000   0.60000
   0.05000   0.60000
   0.10000   0.60000
   0.15000   0.60000
   0.20000   0.60000
   0.25000   0.60000
   0.30000   0.60000
   0.35000   0.60000
   0.40000   0.60000
   0.45000   0.60000
   0.50000   0.60000
   0.55000   0.60000
   0.60000   0.60000
   0.65000   0.60000
   0.70000   0.60000
   0.75000   0.60000
   0.80000   0.60000
   0.85000   0.60000
   0.90000   0.60000
   0.95000   0.60000
   1.00000   0.60000
   1.05000   0.60000
   1.10000   0.60000
   1.15000   0.60000
   1.20000   0.60000
   1.25000   0.60000
   1.30000   0.60000
   1.35000   0.60000
   1.40000   0.60000
   1.45000   0.60000
   1.50000   0.60000
   1.55000   0.60000
   1.60000   0.60000
   1.65000   0.60000
   1.70000   0.60000
   1.75000   0.60000
   1.80000   0.60000
   1.85000   0.60000
   1.90000   0.60000
   1.95000   0.60000
   2.00000   0.60000
   2.05000   0.60000
   2.10000   0.60000
   2.15000   0.60000
   2.20000   0.60000
   2.25000   0.60000
   2.30000   0.60000
   2.35000   0.60000
   2.40000   0.60000
   2.45000   0.60000
   2.50000   0.60000
   2.55000   0.60000
   2.60000   0.60000
   2.65000   0.60000
   2.70000   0.60000
   2.75000   0.60000
   2.80000   0.60000
   2.85000   0.60000
   2.90000   0.60000
   2.95000   0.60000
   3.00000   0.60000
   3.05000   0.60000
   3.10000   0.60000
   3.15000   0.60000
   3.20000   0.60000
   3.25000   0.60000
   3.30000   0.60000
   3.35000   0.60000
   3.40000   0.60000
   3.45000   0.60000
   3.50000   0.60000
   3.55000   0.60000
   3.60000   0.60000
   3.65000   0.60000
   3.70000   0.60000
   3.75000   0.60000
   3.80000   0.60000
   3.85000   0.60000
   3.90000   0.60000
   3.95000   0.60000
   4.00000   0.60000
   4.05000   0.60000
   4.10000   0.60000
   4.15000   0.60000
   4.20000   0.60000
   4.25000   0.60000
   4.30000   0.60000
   4.35000   0.60000
   4.40000   0.60000
   4.45000   0.60000
   4.50000   0.60000
   4.55000   0.60000
   4.60000   0.60000
   4.65000   0.60000
   4.70000   0.60000
   4.75000   0.60000
   4.80000   0.60000
   4.85000   0.60000
   4.90000   0.60000
   4.95000   0.60000
   5.00000   0.60000
   0.00000   0.65000
   0.05000   0.65000
   0.10000   0.65000
   0.15000   0.65000
   0.20000   0.65000
   0.25000   0.65000
   0.30000   0.65000
   0.35000   0.65000
   0.40000   0.65000
   0.45000   0.65000
   0.50000   0.65000
   0.55000   0.65000
   0.60000   0.65000
   0.65000   0.65000
   0.70000   0.65000
   0.75000   0.65000
   0.80000   0.65000
   0.85000   0.65000
   0.90000   0.65000
   0.95000   0.65000
   1.00000   0.65000
   1.05000   0.65000
   1.10000   0.65000
   1.15000   0.65000
   1.20000   0.65000
   1.25000   0.65000
   1.30000   0.65000
   1.35000   0.65000
   1.40000   0.65000
   1.45000   0.65000
   1.50000   0.65000
   1.55000   0.65000
   1.60000   0.65000
   1.65000   0.65000
   1.70000   0.65000
   1.75000   0.65000
   1.80000   0.65000
   1.85000   0.65000
   1.90000   0.65000
   1.95000   0.65000
   2.00000   0.65000
   2.05000   0.65000
   2.10000   0.65000
   2.15000   0.65000
   2.20000   0.65000
   2.25000   0.65000
   2.30000   0.65000
   2.35000   0.65000
   2.40000   0.65000
   2.45000   0.65000
   2.50000   0.65000
   2.55000   0.65000
   2.60000   0.65000
   2.65000   0.65000
   2.70000   0.65000
   2.75000   0.65000
   2.80000   0.65000
   2.85000   0.65000
   2.90000   0.65000
   2.95000   0.65000
   3.00000   0.65000
   3.05000   0.65000
   3.10000   0.65000
   3.15000   0.65000
   3.20000   0.65000
   3.25000   0.65000
   3.30000   0.65000
   3.35000   0.65000
   3.40000   0.65000
   3.45000   0.65000
   3.50000   0.65000
   3.55000   0.65000
   3.60000   0.65000
   3.65000   0.65000
   3.70000   0.65000
   3.75000   0.65000
   3.80000   0.65000
   3.85000   0.65000
   3.90000   0.65000
   3.95000   0.65000
   4.00000   0.65000
   4.05000   0.65000
   4.10000   0.65000
   4.15000   0.65000
   4.20000   0.65000
   4.25000   0.65000
   4.30000   0.65000
   4.35000   0.65000
   4.40000   0.65000
   4.45000   0.65000
   4.50000   0.65000
   4.55000   0.65000
   4.60000   0.65000
   4.65000   0.65000
   4.70000   0.65000
   4.75000   0.65000
   4.80000   0.65000
   4.85000   0.65000
   4.90000   0.65000
   4.95000   0.65000
   5.00000   0.65000
   0.00000   0.70000
   0.05000   0.70000
   0.10000   0.70000
   0.15000   0.70000
   0.20000   0.70000
   0.25000   0.70000
   0.30000   0.70000
   0.35000   0.70000
   0.40000   0.70000
   0.45000   0.70000
   0.50000   0.70000
   0.55000   0.70000
   0.60000   0.70000
   0.65000   0.70000
   0.70000   0.70000
   0.75000   0.70000
   0.80000   0.70000
   0.85000   0.70000
   0.90000   0.70000
   0.95000   0.70000
   1.00000   0.70000
   1.05000   0.70000
   1.10000   0.70000
   1.15000   0.70000
   1.20000   0.70000
   1.25000   0.70000
   1.30000   0.70000
   1.35000   0.70000
   1.40000   0.70000
   1.45000   0.70000
   1.50000   0.70000
   1.55000   0.70000
   1.60000   0.70000
   1.65000   0.70000
   1.70000   0.70000
   1.75000   0.70000
   1.80000   0.70000
   1.85000   0.70000
   1.90000   0.70000
   1.95000   0.70000
   2.00000   0.70000
   2.05000   0.70000
   2.10000   0.70000
   2.15000   0.70000
   2.20000   0.70000
   2.25000   0.70000
   2.30000   0.70000
   2.35000   0.70000
   2.40000   0.70000
   2.45000   0.70000
   2.50000   0.70000
   2.55000   0.70000
   2.60000   0.70000
   2.65000   0.70000
   2.70000   0.70000
   2.75000   0.70000
   2.80000   0.70000
   2.85000   0.70000
   2.90000   0.70000
   2.95000   0.70000
   3.00000   0.70000
   3.05000   0.70000
   3.10000   0.70000
   3.15000   0.70000
   3.20000   0.70000
   3.25000   0.70000
   3.30000   0.70000
   3.35000   0.70000
   3.40000   0.70000
   3.45000   0.70000
   3.50000   0.70000
   3.55000   0.70000
   3.60000   0.70000
   3.65000   0.70000
   3.70000   0.70000
   3.75000   0.70000
   3.80000   0.70000
   3.85000   0.70000
   3.90000   0.70000
   3.95000   0.70000
   4.00000   0.70000
   4.05000   0.70000
   4.10000   0.70000
   4.15000   0.70000
   4.20000   0.70000
   4.25000   0.70000
   4.30000   0.70000
   4.35000   0.70000
   4.40000   0.70000
   4.45000   0.70000
   4.50000   0.70000
   4.55000   0.70000
   4.60000   0.70000
   4.65000   0.70000
   4.70000   0.70000
   4.75000   0.70000
   4.80000   0.70000
   4.85000   0.70000
   4.90000   0.70000
   4.95000   0.70000
   5.00000   0.70000
   0.00000   0.75000
   0.05000   0.75000
   0.10000   0.75000
   0.15000   0.75000
   0.20000   0.75000
   0.25000   0.75000
   0.30000   0.75000
   0.35000   0.75000
   0.40000   0.75000
   0.45000   0.75000
   0.50000   0.75000
   0.55000   0.75000
   0.60000   0.75000
   0.65000   0.75000
   0.70000   0.75000
   0.75000   0.75000
   0.80000   0.75000
   0.85000   0.75000
   0.90000   0.75000
   0.95000   0.75000
   1.00000   0.75000
   1.05000   0.75000
   1.10000   0.75000
   1.15000   0.75000
   1.20000   0.75000
   1.25000   0.75000
   1.30000   0.75000
   1.35000   0.75000
   1.40000   0.75000
   1.45000   0.75000
   1.50000   0.75000
   1.55000   0.75000
   1.60000   0.75000
   1.65000   0.75000
   1.70000   0.75000
   1.75000   0.75000
   1.80000   0.75000
   1.85000   0.75000
   1.90000   0.75000
   1.95000   0.75000
   2.00000   0.75000
   2.05000   0.75000
   2.10000   0.75000
   2.15000   0.75000
   2.20000   0.75000
   2.25000   0.75000
   2.30000   0.75000
   2.35000   0.75000
   2.40000   0.75000
   2.45000   0.75000
   2.50000   0.75000
   2.55000   0.75000
   2.60000   0.75000
   2.65000   0.75000
   2.70000   0.75000
   2.75000   0.75000
   2.80000   0.75000
   2.85000   0.75000
   2.90000   0.75000
   2.95000   0.75000
   3.00000   0.75000
   3.05000   0.75000
   3.10000   0.75000
   3.15000   0.75000
   3.20000   0.75000
   3.25000   0.75000
   3.30000   0.75000
   3.35000   0.75000
   3.40000   0.75000
   3.45000   0.75000
   3.50000   0.75000
   3.55000   0.75000
   3.60000   0.75000
   3.65000   0.75000
   3.70000   0.75000
   3.75000   0.75000
   3.80000   0.75000
   3.85000   0.75000
   3.90000   0.75000
   3.95000   0.75000
   4.00000   0.75000
   4.05000   0.75000
   4.10000   0.75000
   4.15000   0.75000
   4.20000   0.75000
   4.25000   0.75000
   4.30000   0.75000
   4.35000   0.75000
   4.40000   0.75000
   4.45000   0.75000
   4.50000   0.75000
   4.55000   0.75000
   4.60000   0.75000
   4.65000   0.75000
   4.70000   0.75000
   4.75000   0.75000
   4.80000   0.75000
   4.85000   0.75000
   4.90000   0.75000
   4.95000   0.75000
   5.00000   0.75000
   0.00000   0.80000
   0.05000   0.80000
   0.10000   0.80000
   0.15000   0.80000
   0.20000   0.80000
   0.25000   0.80000
   0.30000   0.80000
   0.35000   0.80000
   0.40000   0.80000
   0.45000   0.80000
   0.50000   0.80000
   0.55000   0.80000
   0.60000   0.80000
   0.65000   0.80000
   0.70000   0.80000
   0.75000   0.80000
   0.80000   0.80000
   0.85000   0.80000
   0.90000   0.80000
   0.95000   0.80000
   1.00000   0.80000
   1.05000   0.80000
   1.10000   0.80000
   1.15000   0.80000
   1.20000   0.80000
   1.25000   0.80000
   1.30000   0.80000
   1.35000   0.80000
   1.40000   0.80000
   1.45000   0.80000
   1.50000   0.80000
   1.55000   0.80000
   1.60000   0.80000
   1.65000   0.80000
   1.70000   0.80000
   1.75000   0.80000
   1.80000   0.80000
   1.85000   0.80000
   1.90000   0.80000
   1.95000   0.80000
   2.00000   0.80000
   2.05000   0.80000
   2.10000   0.80000
   2.15000   0.80000
   2.20000   0.80000
   2.25000   0.80000
   2.30000   0.80000
   2.35000   0.80000
   2.40000   0.80000
   2.45000   0.80000
   2.50000   0.80000
   2.55000   0.80000
   2.60000   0.80000
   2.65000   0.80000
   2.70000   0.80000
   2.75000   0.80000
   2.80000   0.80000
   2.85000   0.80000
   2.90000   0.80000
   2.95000   0.80000
   3.00000   0.80000
   3.05000   0.80000
   3.10000   0.80000
   3.15000   0.80000
   3.20000   0.80000
   3.25000   0.80000
   3.30000   0.80000
   3.35000   0.80000
   3.40000   0.80000
   3.45000   0.80000
   3.50000   0.80000
   3.55000   0.80000
   3.60000   0.80000
   3.65000   0.80000
   3.70000   0.80000
   3.75000   0.80000
   3.80000   0.80000
   3.85000   0.80000
   3.90000   0.80000
   3.95000   0.80000
   4.00000   0.80000
   4.05000   0.80000
   4.10000   0.80000
   4.15000   0.80000
   4.20000   0.80000
   4.25000   0.80000
   4.30000   0.80000
   4.35000   0.80000
   4.40000   0.80000
   4.45000   0.80000
   4.50000   0.80000
   4.55000   0.80000
   4.60000   0.80000
   4.65000   0.80000
   4.70000   0.80000
   4.75000   0.80000
   4.80000   0.80000
   4.85000   0.80000
   4.90000   0.80000
   4.95000   0.80000
   5.00000   0.80000
   0.00000   0.85000
   0.05000   0.85000
   0.10000   0.85000
   0.15000   0.85000
   0.20000   0.85000
   0.25000   0.85000
   0.30000   0.85000
   0.35000   0.85000
   0.40000   0.85000
   0.45000   0.85000
   0.50000   0.85000
   0.55000   0.85000
   0.60000   0.85000
   0.65000   0.85000
   0.70000   0.85000
   0.75000   0.85000
   0.80000   0.85000
   0.85000   0.85000
   0.90000   0.85000
   0.95000   0.85000
   1.00000   0.85000
   1.05000   0.85000
   1.10000   0.85000
   1.15000   0.85000
   1.20000   0.85000
   1.25000   0.85000
   1.30000   0.85000
   1.35000   0.85000
   1.40000   0.85000
   1.45000   0.85000
   1.50000   0.85000
   1.55000   0.85000
   1.60000   0.85000
   1.65000   0.85000
   1.70000   0.85000
   1.75000   0.85000
   1.80000   0.85000
   1.85000   0.85000
   1.90000   0.85000
   1.95000   0.85000
   2.00000   0.85000
   2.05000   0.85000
   2.10000   0.85000
   2.15000   0.85000
   2.20000   0.85000
   2.25000   0.85000
   2.30000   0.85000
   2.35000   0.85000
   2.40000   0.85000
   2.45000   0.85000
   2.50000   0.85000
   2.55000   0.85000
   2.60000   0.85000
   2.65000   0.85000
   2.70000   0.85000
   2.75000   0.85000
   2.80000   0.85000
   2.85000   0.85000
   2.90000   0.85000
   2.95000   0.85000
   3.00000   0.85000
   3.05000   0.85000
   3.10000   0.85000
   3.15000   0.85000
   3.20000   0.85000
   3.25000   0.85000
   3.30000   0.85000
   3.35000   0.85000
   3.40000   0.85000
   3.45000   0.85000
   3.50000   0.85000
   3.55000   0.85000
   3.60000   0.85000
   3.65000   0.85000
   3.70000   0.85000
   3.75000   0.85000
   3.80000   0.85000
   3.85000   0.85000
   3.90000   0.85000
   3.95000   0.85000
   4.00000   0.85000
   4.05000   0.85000
   4.10000   0.85000
   4.15000   0.85000
   4.20000   0.85000
   4.25000   0.85000
   4.30000   0.85000
   4.35000   0.85000
   4.40000   0.85000
   4.45000   0.85000
   4.50000   0.85000
   4.55000   0.85000
   4.60000   0.85000
   4.65000   0.85000
   4.70000   0.85000
   4.75000   0.85000
   4.80000   0.85000
   4.85000   0.85000
   4.90000   0.85000
   4.95000   0.85000
   5.00000   0.85000
   0.00000   0.90000
   0.05000   0.90000
   0.10000   0.90000
   0.15000   0.90000
   0.20000   0.90000
   0.25000   0.90000
   0.30000   0.90000
   0.35000   0.90000
   0.40000   0.90000
   0.45000   0.90000
   0.50000   0.90000
   0.55000   0.90000
   0.60000   0.90000
   0.65000   0.90000
   0.70000   0.90000
   0.75000   0.90000
   0.80000   0.90000
   0.85000   0.90000
   0.90000   0.90000
   0.95000   0.90000
   1.00000   0.90000
   1.05000   0.90000
   1.10000   0.90000
   1.15000   0.90000
   1.20000   0.90000
   1.25000   0.90000
   1.30000   0.90000
   1.35000   0.90000
   1.40000   0.90000
   1.45000   0.90000
   1.50000   0.90000
   1.55000   0.90000
   1.60000   0.90000
   1.65000   0.90000
   1.70000   0.90000
   1.75000   0.90000
   1.80000   0.90000
   1.85000   0.90000
   1.90000   0.90000
   1.95000   0.90000
   2.00000   0.90000
   2.05000   0.90000
   2.10000   0.90000
   2.15000   0.90000
   2.20000   0.90000
   2.25000   0.90000
   2.30000   0.90000
   2.35000   0.90000
   2.40000   0.90000
   2.45000   0.90000
   2.50000   0.90000
   2.55000   0.90000
   2.60000   0.90000
   2.65000   0.90000
   2.70000   0.90000
   2.75000   0.90000
   2.80000   0.90000
   2.85000   0.90000
   2.90000   0.90000
   2.95000   0.90000
   3.00000   0.90000
   3.05000   0.90000
   3.10000   0.90000
   3.15000   0.90000
   3.20000   0.90000
   3.25000   0.90000
   3.30000   0.90000
   3.35000   0.90000
   3.40000   0.90000
   3.45000   0.90000
   3.50000   0.90000
   3.55000   0.90000
   3.60000   0.90000
   3.65000   0.90000
   3.70000   0.90000
   3.75000   0.90000
   3.80000   0.90000
   3.85000   0.90000
   3.90000   0.90000
   3.95000   0.90000
   4.00000   0.90000
   4.05000   0.90000
   4.10000   0.90000
   4.15000   0.90000
   4.20000   0.90000
   4.25000   0.90000
   4.30000   0.90000
   4.35000   0.90000
   4.40000   0.90000
   4.45000   0.90000
   4.50000   0.90000
   4.55000   0.90000
   4.60000   0.90000
   4.65000   0.90000
   4.70000   0.90000
   4.75000   0.90000
   4.80000   0.90000
   4.85000   0.90000
   4.90000   0.90000
   4.95000   0.90000
   5.00000   0.90000
   0.00000   0.95000
   0.05000   0.95000
   0.10000   0.95000
   0.15000   0.95000
   0.20000   0.95000
   0.25000   0.95000
   0.30000   0.95000
   0.35000   0.95000
   0.40000   0.95000
   0.45000   0.95000
   0.50000   0.95000
   0.55000   0.95000
   0.60000   0.95000
   0.65000   0.95000
   0.70000   0.95000
   0.75000   0.95000
   0.80000   0.95000
   0.85000   0.95000
   0.90000   0.95000
   0.95000   0.95000
   1.00000   0.95000
   1.05000   0.95000
   1.10000   0.95000
   1.15000   0.95000
   1.20000   0.95000
   1.25000   0.95000
   1.30000   0.95000
   1.35000   0.95000
   1.40000   0.95000
   1.45000   0.95000
   1.50000   0.95000
   1.55000   0.95000
   1.60000   0.95000
   1.65000   0.95000
   1.70000   0.95000
   1.75000   0.95000
   1.80000   0.95000
   1.85000   0.95000
   1.90000   0.95000
   1.95000   0.95000
   2.00000   0.95000
   2.05000   0.95000
   2.10000   0.95000
   2.15000   0.95000
   2.20000   0.95000
   2.25000   0.95000
   2.30000   0.95000
   2.35000   0.95000
   2.40000   0.95000
   2.45000   0.95000
   2.50000   0.95000
   2.55000   0.95000
   2.60000   0.95000
   2.65000   0.95000
   2.70000   0.95000
   2.75000   0.95000
   2.80000   0.95000
   2.85000   0.95000
   2.90000   0.95000
   2.95000   0.95000
   3.00000   0.95000
   3.05000   0.95000
   3.10000   0.95000
   3.15000   0.95000
   3.20000   0.95000
   3.25000   0.95000
   3.30000   0.95000
   3.35000   0.95000
   3.40000   0.95000
   3.45000   0.95000
   3.50000   0.95000
   3.55000   0.95000
   3.60000   0.95000
   3.65000   0.95000
   3.70000   0.95000
   3.75000   0.95000
   3.80000   0.95000
   3.85000   0.95000
   3.90000   0.95000
   3.95000   0.95000
   4.00000   0.95000
   4.05000   0.95000
   4.10000   0.95000
   4.15000   0.95000
   4.20000   0.95000
   4.25000   0.95000
   4.30000   0.95000
   4.35000   0.95000
   4.40000   0.95000
   4.45000   0.95000
   4.50000   0.95000
   4.55000   0.95000
   4.60000   0.95000
   4.65000   0.95000
   4.70000   0.95000
   4.75000   0.95000
   4.80000   0.95000
   4.85000   0.95000
   4.90000   0.95000
   4.95000   0.95000
   5.00000   0.95000
   0.00000   1.00000
   0.05000   1.00000
   0.10000   1.00000
   0.15000   1.00000
   0.20000   1.00000
   0.25000   1.00000
   0.30000   1.00000
   0.35000   1.00000
   0.40000   1.00000
   0.45000   1.00000
   0.50000   1.00000
   0.55000   1.00000
   0.60000   1.00000
   0.65000   1.00000
   0.70000   1.00000
   0.75000   1.00000
   0.80000   1.00000
   0.85000   1.00000
   0.90000   1.00000
   0.95000   1.00000
   1.00000   1.00000
   1.05000   1.00000
   1.10000   1.00000
   1.15000   1.00000
   1.20000   1.00000
   1.25000   1.00000
   1.30000   1.00000
   1.35000   1.00000
   1.40000   1.00000
   1.45000   1.00000
   1.50000   1.00000
   1.55000   1.00000
   1.60000   1.00000
   1.65000   1.00000
   1.70000   1.00000
   1.75000   1.00000
   1.80000   1.00000
   1.85000   1.00000
   1.90000   1.00000
   1.95000   1.00000
   2.00000   1.00000
   2.05000   1.00000
   2.10000   1.00000
   2.15000   1.00000
   2.20000   1.00000
   2.25000   1.00000
   2.30000   1.00000
   2.35000   1.00000
   2.40000   1.00000
   2.45000   1.00000
   2.50000   1.00000
   2.55000   1.00000
   2.60000   1.00000
   2.65000   1.00000
   2.70000   1.00000
   2.75000   1.00000
   2.80000   1.00000
   2.85000   1.00000
   2.90000   1.00000
   2.95000   1.00000
   3.00000   1.00000
   3.05000   1.00000
   3.10000   1.00000
   3.15000   1.00000
   3.20000   1.00000
   3.25000   1.00000
   3.30000   1.00000
   3.35000   1.00000
   3.40000   1.00000
   3.45000   1.00000
   3.50000   1.00000
   3.55000   1.00000
   3.60000   1.00000
   3.65000   1.00000
   3.70000   1.00000
   3.75000   1.00000
   3.80000   1.00000
   3.85000   1.00000
   3.90000   1.00000
   3.95000   1.00000
   4.00000   1.00000
   4.05000   1.00000
   4.10000   1.00000
   4.15000   1.00000
   4.20000   1.00000
   4.25000   1.00000
   4.30000   1.00000
   4.35000   1.00000
   4.40000   1.00000
   4.45000   1.00000
   4.50000   1.00000
   4.55000   1.00000
   4.60000   1.00000
   4.65000   1.00000
   4.70000   1.00000
   4.75000   1.00000
   4.80000   1.00000
   4.85000   1.00000
   4.90000   1.00000
   4.95000   1.00000
   5.00000   1.00000
   0.00000   1.05000
   0.05000   1.05000
   0.10000   1.05000
   0.15000   1.05000
   0.20000   1.05000
   0.25000   1.05000
   0.30000   1.05000
   0.35000   1.05000
   0.40000   1.05000
   0.45000   1.05000
   0.50000   1.05000
   0.55000   1.05000
   0.60000   1.05000
   0.65000   1.05000
   0.70000   1.05000
   0.75000   1.05000
   0.80000   1.05000
   0.85000   1.05000
   0.90000   1.05000
   0.95000   1.05000
   1.00000   1.05000
   1.05000   1.05000
   1.10000   1.05000
   1.15000   1.05000
   1.20000   1.05000
   1.25000   1.05000
   1.30000   1.05000
   1.35000   1.05000
   1.40000   1.05000
   1.45000   1.05000
   1.50000   1.05000
   1.55000   1.05000
   1.60000   1.05000
   1.65000   1.05000
   1.70000   1.05000
   1.75000   1.05000
   1.80000   1.05000
   1.85000   1.05000
   1.90000   1.05000
   1.95000   1.05000
   2.00000   1.05000
   2.05000   1.05000
   2.10000   1.05000
   2.15000   1.05000
   2.20000   1.05000
   2.25000   1.05000
   2.30000   1.05000
   2.35000   1.05000
   2.40000   1.05000
   2.45000   1.05000
   2.50000   1.05000
   2.55000   1.05000
   2.60000   1.05000
   2.65000   1.05000
   2.70000   1.05000
   2.75000   1.05000
   2.80000   1.05000
   2.85000   1.05000
   2.90000   1.05000
   2.95000   1.05000
   3.00000   1.05000
   3.05000   1.05000
   3.10000   1.05000
   3.15000   1.05000
   3.20000   1.05000
   3.25000   1.05000
   3.30000   1.05000
   3.35000   1.05000
   3.40000   1.05000
   3.45000   1.05000
   3.50000   1.05000
   3.55000   1.05000
   3.60000   1.05000
   3.65000   1.05000
   3.70000   1.05000
   3.75000   1.05000
   3.80000   1.05000
   3.85000   1.05000
   3.90000   1.05000
   3.95000   1.05000
   4.00000   1.05000
   4.05000   1.05000
   4.10000   1.05000
   4.15000   1.05000
   4.20000   1.05000
   4.25000   1.05000
   4.30000   1.05000
   4.35000   1.05000
   4.40000   1.05000
   4.45000   1.05000
   4.50000   1.05000
   4.55000   1.05000
   4.60000   1.05000
   4.65000   1.05000
   4.70000   1.05000
   4.75000   1.05000
   4.80000   1.05000
   4.85000   1.05000
   4.90000   1.05000
   4.95000   1.05000
   5.00000   1.05000
