   0.00000   0.00000
   0.03300   0.00000
   0.06600   0.00000
   0.09900   0.00000
   0.13200   0.00000
   0.16500   0.00000
   0.19800   0.00000
   0.23100   0.00000
   0.26400   0.00000
   0.29700   0.00000
   0.33000   0.00000
   0.00000   0.03300
   0.03300   0.03300
   0.06600   0.03300
   0.09900   0.03300
   0.13200   0.03300
   0.16500   0.03300
   0.19800   0.03300
   0.23100   0.03300
   0.26400   0.03300
   0.29700   0.03300
   0.33000   0.03300
   0.00000   0.06600
   0.03300   0.06600
   0.06600   0.06600
   0.09900   0.06600
   0.13200   0.06600
   0.16500   0.06600
   0.19800   0.06600
   0.23100   0.06600
   0.26400   0.06600
   0.29700   0.06600
   0.33000   0.06600
   0.00000   0.09900
   0.03300   0.09900
   0.06600   0.09900
   0.09900   0.09900
   0.13200   0.09900
   0.16500   0.09900
   0.19800   0.09900
   0.23100   0.09900
   0.26400   0.09900
   0.29700   0.09900
   0.33000   0.09900
   0.00000   0.13200
   0.03300   0.13200
   0.06600   0.13200
   0.09900   0.13200
   0.13200   0.13200
   0.16500   0.13200
   0.19800   0.13200
   0.23100   0.13200
   0.26400   0.13200
   0.29700   0.13200
   0.33000   0.13200
   0.00000   0.16500
   0.03300   0.16500
   0.06600   0.16500
   0.09900   0.16500
   0.13200   0.16500
   0.16500   0.16500
   0.19800   0.16500
   0.23100   0.16500
   0.26400   0.16500
   0.29700   0.16500
   0.33000   0.16500
   0.00000   0.19800
   0.03300   0.19800
   0.06600   0.19800
   0.09900   0.19800
   0.13200   0.19800
   0.16500   0.19800
   0.19800   0.19800
   0.23100   0.19800
   0.26400   0.19800
   0.29700   0.19800
   0.33000   0.19800
   0.00000   0.23100
   0.03300   0.23100
   0.06600   0.23100
   0.09900   0.23100
   0.13200   0.23100
   0.16500   0.23100
   0.19800   0.23100
   0.23100   0.23100
   0.26400   0.23100
   0.29700   0.23100
   0.33000   0.23100
   0.00000   0.26400
   0.03300   0.26400
   0.06600   0.26400
   0.09900   0.26400
   0.13200   0.26400
   0.16500   0.26400
   0.19800   0.26400
   0.23100   0.26400
   0.26400   0.26400
   0.29700   0.26400
   0.33000   0.26400
   0.00000   0.29700
   0.03300   0.29700
   0.06600   0.29700
   0.09900   0.29700
   0.13200   0.29700
   0.16500   0.29700
   0.19800   0.29700
   0.23100   0.29700
   0.26400   0.29700
   0.29700   0.29700
   0.33000   0.29700
   0.00000   0.33000
   0.03300   0.33000
   0.06600   0.33000
   0.09900   0.33000
   0.13200   0.33000
   0.16500   0.33000
   0.19800   0.33000
   0.23100   0.33000
   0.26400   0.33000
   0.29700   0.33000
   0.33000   0.33000
