     102      39      93
     148      18      48
     143      92       6
      91      37       5
     104      50      19
      65       5      36
     105      66      51
     119      65      90
     167      68     121
     121      88      69
     165      70     118
     230      82     134
     124     101      72
     176     174     162
     125      74     120
     145      97      12
     147      41      95
      76      10      40
      75      31      62
      94      76      40
     115      61      29
     114      60      28
     130     114      79
     132     113      80
     137     112      81
     236     235     224
     216     166     173
     289     260     285
     106      85      52
     118      86      71
      70       1      32
     227      85     131
     187     149     155
     122      65     119
      91       5      65
     143      37      91
     144      38      92
     117      94      63
      94      40      17
      95      41      10
      96      42      11
     146      43      97
      74      14      44
      73      15      45
      72      16      46
      93      39       7
     102      48       9
     149      49     103
     105      20      64
      66      21      51
     131      85     106
      84      23      53
     136     109      83
     109      24      83
      82      25      56
      81      26      57
     194     180     185
     223      78     130
     207     181     201
     157      76      94
     117      31      75
      64      20      50
      89      35       3
      90      36       4
      67       4      35
      88      34       2
     106      21      66
     119      90      67
      68       3      34
      69       2      33
     171     168     127
      87      33       1
     200     189     171
      86      32       8
     166      69     123
      71       8      47
     101      47      16
     100      46      15
     266     253     249
      99      45      14
     164      73     125
      98      44      13
     135     115      78
     116      62      30
      77      30      61
     126      95      76
      95      10      76
      78      29      60
     206     183     180
      79      28      59
     249     175     215
     113      59      27
      80      27      58
     112      58      26
     224      79     132
     111      57      25
     268     241     239
     110      56      55
     229      81     140
      83      24      54
     108      54      23
     107      53      22
     136     134     109
      85      22      52
     131     106      66
      86      70      32
      86       8      71
      87      69      33
      87       1      70
      88      68      34
      88       2      69
      89      67      35
      89       3      68
      90      65      36
      90       4      67
     122      91      65
      92      38       6
     200     160     189
     144      93       7
     245     179     208
     102       9      39
      94      17      63
     305     206     246
     151     147      95
     147      96      11
     152     145      96
     145      42      96
     184     146     154
      97      43      12
      98      74      44
     146      98      13
      99      73      45
      99      14      74
     100      72      46
     100      15      73
     101      71      47
     101      16      72
     178     155     156
     148     103      18
     139     129      64
     103      49      18
     104      64      50
     149     104      19
     105      51      20
     139      64     104
     106      52      21
     208     179     197
     107      84      53
     107      22      85
     108      83      54
     108      23      84
     134     110     109
     109      55      24
     110      82      56
     110      55     109
     111      81      57
     111      25      82
     112      80      58
     112      26      81
     113      79      59
     113      27      80
     114      78      60
     114      28      79
     115      77      61
     115      29      78
     116      75      62
     116      30      77
     117      63      31
     290     116     141
     118      70      86
     124      71     101
     129     105      64
     127      67      89
     125      99      74
     120      74      98
     121      68      88
     123      69      87
     150     144      92
     182      92     143
     123      87      70
     165     123      70
     163      71     124
     128      72     100
     125      73      99
     161     125     120
     133      94     117
     290     117      75
     168      67     127
     127      89      68
     162      72     128
     128     100      73
     225      66     129
     129      66     105
     130      78     114
     132      79     113
     351     196     202
     138     107      85
     137      80     112
     284     244     267
     222      77     135
     210     207     201
     134      82     110
     142      83     108
     135      77     115
     209     194     205
     228      84     138
     219     218     136
     226      80     137
     140      81     111
     138      84     107
     269     251     237
     156     103     148
     196     156     186
     140     111      82
     239     230     134
     290     258     133
     141     116      77
     142     136      83
     142     108      84
     143       6      37
     153      91     122
     144       7      38
     182     143     153
     145      12      42
     183      96     147
     146      13      43
     154     146      97
     147      11      41
     151      95     126
     148      48     102
     186     148     102
     149      19      49
     155     149     103
     159      93     144
     159     144     150
     183     169     152
     183     147     151
     181     158     169
     158     145     152
     153     143      91
     179     122     160
     188     154     181
     158     154      97
     191     155     178
     156     155     103
     193     159     170
     283     212     264
     157     126      76
     190      94     133
     158      97     145
     169     158     152
     199     159     193
     245     150     182
     160     122     119
     189     119     168
     174     124     162
     188     184     154
     162     124      72
     176     128     164
     174     163     124
     163     118      71
     164     128      73
     177     125     161
     173     123     165
     175     118     163
     172     171     167
     166     121      69
     167     127      68
     172     167     121
     168     119      67
     171     127     167
     180     151     126
     185     126     157
     202     199     193
     170     159     150
     172     121     166
     200     197     160
     173     166     123
     242     172     216
     175     165     118
     257     173     217
     176     162     128
     278     256     176
     175     173     165
     215     163     174
     177     176     164
     192     176     177
     177     164     125
     192     177     161
     191     139     187
     191     187     155
     179     153     122
     197     179     160
     190     185     157
     185     180     126
     188     120     184
     181     154     158
     182     150      92
     182     153     179
     183     152      96
     183     151     180
     184     120      98
     184      98     146
     205     185     195
     315     259     262
     186     156     148
     199      93     159
     187     139     104
     187     104     149
     261     214     243
     188     161     120
     189     160     119
     189     168     171
     190     157      94
     195     190     133
     220     129     139
     220     139     191
     198     161     188
     281     210     280
     324     202     204
     204     193     170
     195     185     190
     258     247     133
     258     141     233
     233     141     222
     196     178     156
     202     186     199
     251     142     228
     265     219     251
     198     192     161
     201     181     169
     199     186     102
     199     102      93
     287     172     242
     287     267     200
     305     183     206
     214     206     194
     202     196     186
     245     213     170
     260     248     191
     203     178     196
     204     202     193
     304     212     283
     211     209     205
     205     194     185
     206     180     194
     214     194     209
     207     198     188
     207     188     181
     245     208     213
     212     208     197
     262     259     211
     278     274     256
     221     198     210
     210     198     207
     211     205     195
     235     130     224
     338     327     300
     244     197     200
     213     204     170
     213     208     212
     246     206     214
     243     214     209
     215     175     163
     256     174     176
     297     284     267
     216     172     166
     236     224     132
     217     173     175
     218     134     136
     219     136     142
     237     138     227
     234     131     225
     232     225     129
     260     191     178
     221     192     198
     261     246     214
     222     141      77
     238     222     135
     223     135      78
     235     223     130
     224     130      79
     236     132     226
     225     131      66
     232     129     220
     226     132      80
     240     137     229
     227     138      85
     234     225     232
     228     142      84
     237     227     234
     229     137      81
     241     230     239
     230     140      82
     239     134     218
     231     215     174
     250     192     221
     248     220     191
     255     232     220
     238     135     223
     286     247     258
     361     273     342
     234     227     131
     366     349     341
     259     243     209
     240     226     137
     300     268     272
     269     265     251
     237     228     138
     238     233     222
     238     223     235
     241     140     230
     254     218     252
     391     226     240
     241     240     229
     241     229     140
     254     239     218
     330     242     276
     257     216     173
     330     297     267
     259     209     211
     309     274     282
     244     212     197
     245     170     150
     245     182     179
     280     201     246
     305     246     201
     247     211     195
     247     195     133
     255     220     248
     339     296     320
     249     217     175
     249     215     231
     281     221     210
     266     249     231
     251     219     142
     251     228     237
     252     218     219
     273     265     269
     298     253     271
     253     217     249
     361     265     273
     268     239     254
     270     232     255
     285     260     203
     256     231     174
     278     176     192
     257     242     216
     257     217     253
     290     133     117
     286     258     233
     262     211     247
     325     300     272
     260     178     203
     277     275     255
     279     261     243
     301     261     279
     286     262     247
     328     295     238
     263     250     221
     320     284     297
     291     279     243
     264     212     244
     265     252     219
     288     237     234
     274     266     231
     282     274     250
     267     244     200
     276     242     257
     327     268     300
     272     268     254
     317     275     313
     317     313     299
     270     234     232
     277     255     248
     271     253     266
     312     302     307
     361     254     252
     377     313     340
     299     269     288
     317     299     288
     274     231     256
     282     250     263
     275     270     255
     383     377     340
     330     287     242
     298     257     253
     294     289     285
     292     277     289
     278     192     250
     278     250     274
     301     281     280
     291     243     259
     280     210     201
     280     246     261
     323     281     301
     281     263     221
     302     282     263
     310     282     302
     336     324     304
     304     213     212
     334     302     312
     284     264     244
     294     292     289
     322     304     283
     295     233     238
     295     293     286
     287     200     171
     287     171     172
     288     269     237
     288     234     270
     289     277     248
     289     248     260
     290      75     116
     290     141     258
     315     308     259
     311     303     296
     292     275     277
     354     343     311
     293     262     286
     357     328     235
     318     285     306
     303     264     296
     295     286     233
     328     316     295
     296     264     284
     346     331     326
     329     276     298
     347     329     321
     298     276     257
     321     298     271
     313     275     292
     299     273     269
     391     327     338
     342     273     314
     301     280     261
     307     302     263
     310     309     282
     307     263     281
     369     343     354
     303     283     264
     351     324     306
     304     204     213
     305     201     169
     305     169     183
     306     285     203
     351     306     203
     319     301     279
     367     352     350
     308     291     259
     341     337     315
     309     271     266
     309     266     274
     334     321     310
     310     271     309
     350     332     348
     356     318     336
     332     323     319
     332     307     323
     372     371     353
     314     299     313
     360     345     359
     314     273     299
     315     262     293
     341     293     316
     316     293     295
     384     374     355
     317     288     270
     317     270     275
     336     318     306
     318     294     285
     331     291     326
     331     279     291
     329     320     297
     320     296     284
     321     271     310
     334     310     302
     322     283     303
     343     303     311
     323     307     281
     323     301     319
     324     204     304
     336     304     322
     387     373     378
     359     342     314
     326     291     308
     337     326     308
     327     240     241
     327     241     268
     328     238     235
     357     333     328
     329     297     276
     329     298     321
     330     276     297
     330     267     287
     348     331     346
     331     319     279
     332     312     307
     348     319     331
     344     338     300
     333     316     328
     373     348     346
     352     312     350
     358     294     335
     335     294     318
     356     336     322
     336     306     324
     337     308     315
     341     315     293
     391     374     236
     344     300     325
     339     311     296
     347     339     320
     340     313     292
     358     340     292
     366     316     333
     368     366     333
     361     345     272
     389     385     388
     343     322     303
     354     311     353
     362     325     360
     375     355     344
     345     325     272
     361     272     254
     370     326     337
     380     372     365
     347     320     329
     364     321     334
     380     364     352
     348     332     319
     370     363     326
     349     337     341
     365     347     364
     350     312     332
     351     203     196
     351     202     324
     380     367     372
     352     334     312
     394     389     392
     353     311     339
     376     358     369
     369     356     343
     384     357     374
     355     338     344
     356     335     318
     356     322     343
     357     235     236
     374     357     236
     358     292     294
     369     358     335
     359     345     342
     377     359     314
     381     378     363
     360     325     345
     361     252     265
     361     342     345
     395     382     379
     362     344     325
     363     346     326
     382     381     349
     364     347     321
     364     334     352
     365     353     339
     365     339     347
     366     341     316
     384     368     333
     373     350     348
     373     367     350
     375     368     355
     368     349     366
     369     335     356
     396     371     393
     370     337     349
     382     349     368
     389     379     386
     371     354     353
     372     353     365
     390     367     387
     378     346     363
     378     373     346
     391     236     226
     374     338     355
     375     344     362
     382     362     379
     376     340     358
     396     393     369
     377     314     313
     383     340     376
     394     379     389
     388     383     376
     379     362     360
     386     359     385
     380     365     364
     380     352     367
     381     363     370
     381     370     349
     382     368     375
     382     375     362
     385     377     383
     393     388     376
     384     355     368
     384     333     357
     392     390     387
     385     359     377
     386     379     360
     386     360     359
     394     387     378
     387     367     373
     388     385     383
     393     390     392
     394     392     387
     389     386     385
     390     371     372
     390     372     367
     391     240     327
     391     338     374
     392     389     388
     393     392     388
     393     376     369
     393     371     390
     395     378     381
     395     394     378
     395     381     382
     395     379     394
     396     369     354
     396     354     371
     498     435     489
     544     414     444
     539     488     402
     487     433     401
     500     446     415
     461     401     432
     501     462     447
     515     461     486
     563     464     517
     517     484     465
     561     466     514
     626     478     530
     520     497     468
     572     570     558
     521     470     516
     541     493     408
     543     437     491
     472     406     436
     471     427     458
     490     472     436
     511     457     425
     510     456     424
     526     510     475
     528     509     476
     533     508     477
     632     631     620
     612     562     569
     685     656     681
     502     481     448
     514     482     467
     466     397     428
     623     481     527
     583     545     551
     518     461     515
     487     401     461
     539     433     487
     540     434     488
     513     490     459
     490     436     413
     491     437     406
     492     438     407
     542     439     493
     470     410     440
     469     411     441
     468     412     442
     489     435     403
     498     444     405
     545     445     499
     501     416     460
     462     417     447
     527     481     502
     480     419     449
     532     505     479
     505     420     479
     478     421     452
     477     422     453
     590     576     581
     619     474     526
     603     577     597
     553     472     490
     513     427     471
     460     416     446
     485     431     399
     486     432     400
     463     400     431
     484     430     398
     502     417     462
     515     486     463
     464     399     430
     465     398     429
     567     564     523
     483     429     397
     596     585     567
     482     428     404
     562     465     519
     467     404     443
     497     443     412
     496     442     411
     662     649     645
     495     441     410
     560     469     521
     494     440     409
     531     511     474
     512     458     426
     473     426     457
     522     491     472
     491     406     472
     474     425     456
     602     579     576
     475     424     455
     645     571     611
     509     455     423
     476     423     454
     508     454     422
     620     475     528
     507     453     421
     664     637     635
     506     452     451
     625     477     536
     479     420     450
     504     450     419
     503     449     418
     532     530     505
     481     418     448
     527     502     462
     482     466     428
     482     404     467
     483     465     429
     483     397     466
     484     464     430
     484     398     465
     485     463     431
     485     399     464
     486     461     432
     486     400     463
     518     487     461
     488     434     402
     596     556     585
     540     489     403
     641     575     604
     498     405     435
     490     413     459
     701     602     642
     547     543     491
     543     492     407
     548     541     492
     541     438     492
     580     542     550
     493     439     408
     494     470     440
     542     494     409
     495     469     441
     495     410     470
     496     468     442
     496     411     469
     497     467     443
     497     412     468
     574     551     552
     544     499     414
     535     525     460
     499     445     414
     500     460     446
     545     500     415
     501     447     416
     535     460     500
     502     448     417
     604     575     593
     503     480     449
     503     418     481
     504     479     450
     504     419     480
     530     506     505
     505     451     420
     506     478     452
     506     451     505
     507     477     453
     507     421     478
     508     476     454
     508     422     477
     509     475     455
     509     423     476
     510     474     456
     510     424     475
     511     473     457
     511     425     474
     512     471     458
     512     426     473
     513     459     427
     686     512     537
     514     466     482
     520     467     497
     525     501     460
     523     463     485
     521     495     470
     516     470     494
     517     464     484
     519     465     483
     546     540     488
     578     488     539
     519     483     466
     561     519     466
     559     467     520
     524     468     496
     521     469     495
     557     521     516
     529     490     513
     686     513     471
     564     463     523
     523     485     464
     558     468     524
     524     496     469
     621     462     525
     525     462     501
     526     474     510
     528     475     509
     747     592     598
     534     503     481
     533     476     508
     680     640     663
     618     473     531
     606     603     597
     530     478     506
     538     479     504
     531     473     511
     605     590     601
     624     480     534
     615     614     532
     622     476     533
     536     477     507
     534     480     503
     665     647     633
     552     499     544
     592     552     582
     536     507     478
     635     626     530
     686     654     529
     537     512     473
     538     532     479
     538     504     480
     539     402     433
     549     487     518
     540     403     434
     578     539     549
     541     408     438
     579     492     543
     542     409     439
     550     542     493
     543     407     437
     547     491     522
     544     444     498
     582     544     498
     545     415     445
     551     545     499
     555     489     540
     555     540     546
     579     565     548
     579     543     547
     577     554     565
     554     541     548
     549     539     487
     575     518     556
     584     550     577
     554     550     493
     587     551     574
     552     551     499
     589     555     566
     679     608     660
     553     522     472
     586     490     529
     554     493     541
     565     554     548
     595     555     589
     641     546     578
     556     518     515
     585     515     564
     570     520     558
     584     580     550
     558     520     468
     572     524     560
     570     559     520
     559     514     467
     560     524     469
     573     521     557
     569     519     561
     571     514     559
     568     567     563
     562     517     465
     563     523     464
     568     563     517
     564     515     463
     567     523     563
     576     547     522
     581     522     553
     598     595     589
     566     555     546
     568     517     562
     596     593     556
     569     562     519
     638     568     612
     571     561     514
     653     569     613
     572     558     524
     674     652     572
     571     569     561
     611     559     570
     573     572     560
     588     572     573
     573     560     521
     588     573     557
     587     535     583
     587     583     551
     575     549     518
     593     575     556
     586     581     553
     581     576     522
     584     516     580
     577     550     554
     578     546     488
     578     549     575
     579     548     492
     579     547     576
     580     516     494
     580     494     542
     601     581     591
     711     655     658
     582     552     544
     595     489     555
     583     535     500
     583     500     545
     657     610     639
     584     557     516
     585     556     515
     585     564     567
     586     553     490
     591     586     529
     616     525     535
     616     535     587
     594     557     584
     677     606     676
     720     598     600
     600     589     566
     591     581     586
     654     643     529
     654     537     629
     629     537     618
     592     574     552
     598     582     595
     647     538     624
     661     615     647
     594     588     557
     597     577     565
     595     582     498
     595     498     489
     683     568     638
     683     663     596
     701     579     602
     610     602     590
     598     592     582
     641     609     566
     656     644     587
     599     574     592
     600     598     589
     700     608     679
     607     605     601
     601     590     581
     602     576     590
     610     590     605
     603     594     584
     603     584     577
     641     604     609
     608     604     593
     658     655     607
     674     670     652
     617     594     606
     606     594     603
     607     601     591
     631     526     620
     734     723     696
     640     593     596
     609     600     566
     609     604     608
     642     602     610
     639     610     605
     611     571     559
     652     570     572
     693     680     663
     612     568     562
     632     620     528
     613     569     571
     614     530     532
     615     532     538
     633     534     623
     630     527     621
     628     621     525
     656     587     574
     617     588     594
     657     642     610
     618     537     473
     634     618     531
     619     531     474
     631     619     526
     620     526     475
     632     528     622
     621     527     462
     628     525     616
     622     528     476
     636     533     625
     623     534     481
     630     621     628
     624     538     480
     633     623     630
     625     533     477
     637     626     635
     626     536     478
     635     530     614
     627     611     570
     646     588     617
     644     616     587
     651     628     616
     634     531     619
     682     643     654
     757     669     738
     630     623     527
     762     745     737
     655     639     605
     636     622     533
     696     664     668
     665     661     647
     633     624     534
     634     629     618
     634     619     631
     637     536     626
     650     614     648
     787     622     636
     637     636     625
     637     625     536
     650     635     614
     726     638     672
     653     612     569
     726     693     663
     655     605     607
     705     670     678
     640     608     593
     641     566     546
     641     578     575
     676     597     642
     701     642     597
     643     607     591
     643     591     529
     651     616     644
     735     692     716
     645     613     571
     645     611     627
     677     617     606
     662     645     627
     647     615     538
     647     624     633
     648     614     615
     669     661     665
     694     649     667
     649     613     645
     757     661     669
     664     635     650
     666     628     651
     681     656     599
     652     627     570
     674     572     588
     653     638     612
     653     613     649
     686     529     513
     682     654     629
     658     607     643
     721     696     668
     656     574     599
     673     671     651
     675     657     639
     697     657     675
     682     658     643
     724     691     634
     659     646     617
     716     680     693
     687     675     639
     660     608     640
     661     648     615
     684     633     630
     670     662     627
     678     670     646
     663     640     596
     672     638     653
     723     664     696
     668     664     650
     713     671     709
     713     709     695
     666     630     628
     673     651     644
     667     649     662
     708     698     703
     757     650     648
     773     709     736
     695     665     684
     713     695     684
     670     627     652
     678     646     659
     671     666     651
     779     773     736
     726     683     638
     694     653     649
     690     685     681
     688     673     685
     674     588     646
     674     646     670
     697     677     676
     687     639     655
     676     606     597
     676     642     657
     719     677     697
     677     659     617
     698     678     659
     706     678     698
     732     720     700
     700     609     608
     730     698     708
     680     660     640
     690     688     685
     718     700     679
     691     629     634
     691     689     682
     683     596     567
     683     567     568
     684     665     633
     684     630     666
     685     673     644
     685     644     656
     686     471     512
     686     537     654
     711     704     655
     707     699     692
     688     671     673
     750     739     707
     689     658     682
     753     724     631
     714     681     702
     699     660     692
     691     682     629
     724     712     691
     692     660     680
     742     727     722
     725     672     694
     743     725     717
     694     672     653
     717     694     667
     709     671     688
     695     669     665
     787     723     734
     738     669     710
     697     676     657
     703     698     659
     706     705     678
     703     659     677
     765     739     750
     699     679     660
     747     720     702
     700     600     609
     701     597     565
     701     565     579
     702     681     599
     747     702     599
     715     697     675
     763     748     746
     704     687     655
     737     733     711
     705     667     662
     705     662     670
     730     717     706
     706     667     705
     746     728     744
     752     714     732
     728     719     715
     728     703     719
     768     767     749
     710     695     709
     756     741     755
     710     669     695
     711     658     689
     737     689     712
     712     689     691
     780     770     751
     713     684     666
     713     666     671
     732     714     702
     714     690     681
     727     687     722
     727     675     687
     725     716     693
     716     692     680
     717     667     706
     730     706     698
     718     679     699
     739     699     707
     719     703     677
     719     697     715
     720     600     700
     732     700     718
     783     769     774
     755     738     710
     722     687     704
     733     722     704
     723     636     637
     723     637     664
     724     634     631
     753     729     724
     725     693     672
     725     694     717
     726     672     693
     726     663     683
     744     727     742
     727     715     675
     728     708     703
     744     715     727
     740     734     696
     729     712     724
     769     744     742
     748     708     746
     754     690     731
     731     690     714
     752     732     718
     732     702     720
     733     704     711
     737     711     689
     787     770     632
     740     696     721
     735     707     692
     743     735     716
     736     709     688
     754     736     688
     762     712     729
     764     762     729
     757     741     668
     785     781     784
     739     718     699
     750     707     749
     758     721     756
     771     751     740
     741     721     668
     757     668     650
     766     722     733
     776     768     761
     743     716     725
     760     717     730
     776     760     748
     744     728     715
     766     759     722
     745     733     737
     761     743     760
     746     708     728
     747     599     592
     747     598     720
     776     763     768
     748     730     708
     790     785     788
     749     707     735
     772     754     765
     765     752     739
     780     753     770
     751     734     740
     752     731     714
     752     718     739
     753     631     632
     770     753     632
     754     688     690
     765     754     731
     755     741     738
     773     755     710
     777     774     759
     756     721     741
     757     648     661
     757     738     741
     791     778     775
     758     740     721
     759     742     722
     778     777     745
     760     743     717
     760     730     748
     761     749     735
     761     735     743
     762     737     712
     780     764     729
     769     746     744
     769     763     746
     771     764     751
     764     745     762
     765     731     752
     792     767     789
     766     733     745
     778     745     764
     785     775     782
     767     750     749
     768     749     761
     786     763     783
     774     742     759
     774     769     742
     787     632     622
     770     734     751
     771     740     758
     778     758     775
     772     736     754
     792     789     765
     773     710     709
     779     736     772
     790     775     785
     784     779     772
     775     758     756
     782     755     781
     776     761     760
     776     748     763
     777     759     766
     777     766     745
     778     764     771
     778     771     758
     781     773     779
     789     784     772
     780     751     764
     780     729     753
     788     786     783
     781     755     773
     782     775     756
     782     756     755
     790     783     774
     783     763     769
     784     781     779
     789     786     788
     790     788     783
     785     782     781
     786     767     768
     786     768     763
     787     636     723
     787     734     770
     788     785     784
     789     788     784
     789     772     765
     789     767     786
     791     774     777
     791     790     774
     791     777     778
     791     775     790
     792     765     750
     792     750     767
