     102      39      93       1
     148      18      48       1
     143      92       6       1
      91      37       5       1
     104      50      19       1
      65       5      36       1
     105      66      51       1
     119      65      90       1
     167      68     121       1
     121      88      69       1
     165      70     118       1
     230      82     134       1
     124     101      72       1
     176     174     162       1
     125      74     120       1
     145      97      12       1
     147      41      95       1
      76      10      40       1
      75      31      62       1
      94      76      40       1
     115      61      29       1
     114      60      28       1
     130     114      79       1
     132     113      80       1
     137     112      81       1
     236     235     224       1
     216     166     173       1
     289     260     285       1
     106      85      52       1
     118      86      71       1
      70       1      32       1
     227      85     131       1
     187     149     155       1
     122      65     119       1
      91       5      65       1
     143      37      91       1
     144      38      92       1
     117      94      63       1
      94      40      17       1
      95      41      10       1
      96      42      11       1
     146      43      97       1
      74      14      44       1
      73      15      45       1
      72      16      46       1
      93      39       7       1
     102      48       9       1
     149      49     103       1
     105      20      64       1
      66      21      51       1
     131      85     106       1
      84      23      53       1
     136     109      83       1
     109      24      83       1
      82      25      56       1
      81      26      57       1
     194     180     185       1
     223      78     130       1
     207     181     201       1
     157      76      94       1
     117      31      75       1
      64      20      50       1
      89      35       3       1
      90      36       4       1
      67       4      35       1
      88      34       2       1
     106      21      66       1
     119      90      67       1
      68       3      34       1
      69       2      33       1
     171     168     127       1
      87      33       1       1
     200     189     171       1
      86      32       8       1
     166      69     123       1
      71       8      47       1
     101      47      16       1
     100      46      15       1
     266     253     249       1
      99      45      14       1
     164      73     125       1
      98      44      13       1
     135     115      78       1
     116      62      30       1
      77      30      61       1
     126      95      76       1
      95      10      76       1
      78      29      60       1
     206     183     180       1
      79      28      59       1
     249     175     215       1
     113      59      27       1
      80      27      58       1
     112      58      26       1
     224      79     132       1
     111      57      25       1
     268     241     239       1
     110      56      55       1
     229      81     140       1
      83      24      54       1
     108      54      23       1
     107      53      22       1
     136     134     109       1
      85      22      52       1
     131     106      66       1
      86      70      32       1
      86       8      71       1
      87      69      33       1
      87       1      70       1
      88      68      34       1
      88       2      69       1
      89      67      35       1
      89       3      68       1
      90      65      36       1
      90       4      67       1
     122      91      65       1
      92      38       6       1
     200     160     189       1
     144      93       7       1
     245     179     208       1
     102       9      39       1
      94      17      63       1
     305     206     246       1
     151     147      95       1
     147      96      11       1
     152     145      96       1
     145      42      96       1
     184     146     154       1
      97      43      12       1
      98      74      44       1
     146      98      13       1
      99      73      45       1
      99      14      74       1
     100      72      46       1
     100      15      73       1
     101      71      47       1
     101      16      72       1
     178     155     156       1
     148     103      18       1
     139     129      64       1
     103      49      18       1
     104      64      50       1
     149     104      19       1
     105      51      20       1
     139      64     104       1
     106      52      21       1
     208     179     197       1
     107      84      53       1
     107      22      85       1
     108      83      54       1
     108      23      84       1
     134     110     109       1
     109      55      24       1
     110      82      56       1
     110      55     109       1
     111      81      57       1
     111      25      82       1
     112      80      58       1
     112      26      81       1
     113      79      59       1
     113      27      80       1
     114      78      60       1
     114      28      79       1
     115      77      61       1
     115      29      78       1
     116      75      62       1
     116      30      77       1
     117      63      31       1
     290     116     141       1
     118      70      86       1
     124      71     101       1
     129     105      64       1
     127      67      89       1
     125      99      74       1
     120      74      98       1
     121      68      88       1
     123      69      87       1
     150     144      92       1
     182      92     143       1
     123      87      70       1
     165     123      70       1
     163      71     124       1
     128      72     100       1
     125      73      99       1
     161     125     120       1
     133      94     117       1
     290     117      75       1
     168      67     127       1
     127      89      68       1
     162      72     128       1
     128     100      73       1
     225      66     129       1
     129      66     105       1
     130      78     114       1
     132      79     113       1
     351     196     202       1
     138     107      85       1
     137      80     112       1
     284     244     267       1
     222      77     135       1
     210     207     201       1
     134      82     110       1
     142      83     108       1
     135      77     115       1
     209     194     205       1
     228      84     138       1
     219     218     136       1
     226      80     137       1
     140      81     111       1
     138      84     107       1
     269     251     237       1
     156     103     148       1
     196     156     186       1
     140     111      82       1
     239     230     134       1
     290     258     133       1
     141     116      77       1
     142     136      83       1
     142     108      84       1
     143       6      37       1
     153      91     122       1
     144       7      38       1
     182     143     153       1
     145      12      42       1
     183      96     147       1
     146      13      43       1
     154     146      97       1
     147      11      41       1
     151      95     126       1
     148      48     102       1
     186     148     102       1
     149      19      49       1
     155     149     103       1
     159      93     144       1
     159     144     150       1
     183     169     152       1
     183     147     151       1
     181     158     169       1
     158     145     152       1
     153     143      91       1
     179     122     160       1
     188     154     181       1
     158     154      97       1
     191     155     178       1
     156     155     103       1
     193     159     170       1
     283     212     264       1
     157     126      76       1
     190      94     133       1
     158      97     145       1
     169     158     152       1
     199     159     193       1
     245     150     182       1
     160     122     119       1
     189     119     168       1
     174     124     162       1
     188     184     154       1
     162     124      72       1
     176     128     164       1
     174     163     124       1
     163     118      71       1
     164     128      73       1
     177     125     161       1
     173     123     165       1
     175     118     163       1
     172     171     167       1
     166     121      69       1
     167     127      68       1
     172     167     121       1
     168     119      67       1
     171     127     167       1
     180     151     126       1
     185     126     157       1
     202     199     193       1
     170     159     150       1
     172     121     166       1
     200     197     160       1
     173     166     123       1
     242     172     216       1
     175     165     118       1
     257     173     217       1
     176     162     128       1
     278     256     176       1
     175     173     165       1
     215     163     174       1
     177     176     164       1
     192     176     177       1
     177     164     125       1
     192     177     161       1
     191     139     187       1
     191     187     155       1
     179     153     122       1
     197     179     160       1
     190     185     157       1
     185     180     126       1
     188     120     184       1
     181     154     158       1
     182     150      92       1
     182     153     179       1
     183     152      96       1
     183     151     180       1
     184     120      98       1
     184      98     146       1
     205     185     195       1
     315     259     262       1
     186     156     148       1
     199      93     159       1
     187     139     104       1
     187     104     149       1
     261     214     243       1
     188     161     120       1
     189     160     119       1
     189     168     171       1
     190     157      94       1
     195     190     133       1
     220     129     139       1
     220     139     191       1
     198     161     188       1
     281     210     280       1
     324     202     204       1
     204     193     170       1
     195     185     190       1
     258     247     133       1
     258     141     233       1
     233     141     222       1
     196     178     156       1
     202     186     199       1
     251     142     228       1
     265     219     251       1
     198     192     161       1
     201     181     169       1
     199     186     102       1
     199     102      93       1
     287     172     242       1
     287     267     200       1
     305     183     206       1
     214     206     194       1
     202     196     186       1
     245     213     170       1
     260     248     191       1
     203     178     196       1
     204     202     193       1
     304     212     283       1
     211     209     205       1
     205     194     185       1
     206     180     194       1
     214     194     209       1
     207     198     188       1
     207     188     181       1
     245     208     213       1
     212     208     197       1
     262     259     211       1
     278     274     256       1
     221     198     210       1
     210     198     207       1
     211     205     195       1
     235     130     224       1
     338     327     300       1
     244     197     200       1
     213     204     170       1
     213     208     212       1
     246     206     214       1
     243     214     209       1
     215     175     163       1
     256     174     176       1
     297     284     267       1
     216     172     166       1
     236     224     132       1
     217     173     175       1
     218     134     136       1
     219     136     142       1
     237     138     227       1
     234     131     225       1
     232     225     129       1
     260     191     178       1
     221     192     198       1
     261     246     214       1
     222     141      77       1
     238     222     135       1
     223     135      78       1
     235     223     130       1
     224     130      79       1
     236     132     226       1
     225     131      66       1
     232     129     220       1
     226     132      80       1
     240     137     229       1
     227     138      85       1
     234     225     232       1
     228     142      84       1
     237     227     234       1
     229     137      81       1
     241     230     239       1
     230     140      82       1
     239     134     218       1
     231     215     174       1
     250     192     221       1
     248     220     191       1
     255     232     220       1
     238     135     223       1
     286     247     258       1
     361     273     342       1
     234     227     131       1
     366     349     341       1
     259     243     209       1
     240     226     137       1
     300     268     272       1
     269     265     251       1
     237     228     138       1
     238     233     222       1
     238     223     235       1
     241     140     230       1
     254     218     252       1
     391     226     240       1
     241     240     229       1
     241     229     140       1
     254     239     218       1
     330     242     276       1
     257     216     173       1
     330     297     267       1
     259     209     211       1
     309     274     282       1
     244     212     197       1
     245     170     150       1
     245     182     179       1
     280     201     246       1
     305     246     201       1
     247     211     195       1
     247     195     133       1
     255     220     248       1
     339     296     320       1
     249     217     175       1
     249     215     231       1
     281     221     210       1
     266     249     231       1
     251     219     142       1
     251     228     237       1
     252     218     219       1
     273     265     269       1
     298     253     271       1
     253     217     249       1
     361     265     273       1
     268     239     254       1
     270     232     255       1
     285     260     203       1
     256     231     174       1
     278     176     192       1
     257     242     216       1
     257     217     253       1
     290     133     117       1
     286     258     233       1
     262     211     247       1
     325     300     272       1
     260     178     203       1
     277     275     255       1
     279     261     243       1
     301     261     279       1
     286     262     247       1
     328     295     238       1
     263     250     221       1
     320     284     297       1
     291     279     243       1
     264     212     244       1
     265     252     219       1
     288     237     234       1
     274     266     231       1
     282     274     250       1
     267     244     200       1
     276     242     257       1
     327     268     300       1
     272     268     254       1
     317     275     313       1
     317     313     299       1
     270     234     232       1
     277     255     248       1
     271     253     266       1
     312     302     307       1
     361     254     252       1
     377     313     340       1
     299     269     288       1
     317     299     288       1
     274     231     256       1
     282     250     263       1
     275     270     255       1
     383     377     340       1
     330     287     242       1
     298     257     253       1
     294     289     285       1
     292     277     289       1
     278     192     250       1
     278     250     274       1
     301     281     280       1
     291     243     259       1
     280     210     201       1
     280     246     261       1
     323     281     301       1
     281     263     221       1
     302     282     263       1
     310     282     302       1
     336     324     304       1
     304     213     212       1
     334     302     312       1
     284     264     244       1
     294     292     289       1
     322     304     283       1
     295     233     238       1
     295     293     286       1
     287     200     171       1
     287     171     172       1
     288     269     237       1
     288     234     270       1
     289     277     248       1
     289     248     260       1
     290      75     116       1
     290     141     258       1
     315     308     259       1
     311     303     296       1
     292     275     277       1
     354     343     311       1
     293     262     286       1
     357     328     235       1
     318     285     306       1
     303     264     296       1
     295     286     233       1
     328     316     295       1
     296     264     284       1
     346     331     326       1
     329     276     298       1
     347     329     321       1
     298     276     257       1
     321     298     271       1
     313     275     292       1
     299     273     269       1
     391     327     338       1
     342     273     314       1
     301     280     261       1
     307     302     263       1
     310     309     282       1
     307     263     281       1
     369     343     354       1
     303     283     264       1
     351     324     306       1
     304     204     213       1
     305     201     169       1
     305     169     183       1
     306     285     203       1
     351     306     203       1
     319     301     279       1
     367     352     350       1
     308     291     259       1
     341     337     315       1
     309     271     266       1
     309     266     274       1
     334     321     310       1
     310     271     309       1
     350     332     348       1
     356     318     336       1
     332     323     319       1
     332     307     323       1
     372     371     353       1
     314     299     313       1
     360     345     359       1
     314     273     299       1
     315     262     293       1
     341     293     316       1
     316     293     295       1
     384     374     355       1
     317     288     270       1
     317     270     275       1
     336     318     306       1
     318     294     285       1
     331     291     326       1
     331     279     291       1
     329     320     297       1
     320     296     284       1
     321     271     310       1
     334     310     302       1
     322     283     303       1
     343     303     311       1
     323     307     281       1
     323     301     319       1
     324     204     304       1
     336     304     322       1
     387     373     378       1
     359     342     314       1
     326     291     308       1
     337     326     308       1
     327     240     241       1
     327     241     268       1
     328     238     235       1
     357     333     328       1
     329     297     276       1
     329     298     321       1
     330     276     297       1
     330     267     287       1
     348     331     346       1
     331     319     279       1
     332     312     307       1
     348     319     331       1
     344     338     300       1
     333     316     328       1
     373     348     346       1
     352     312     350       1
     358     294     335       1
     335     294     318       1
     356     336     322       1
     336     306     324       1
     337     308     315       1
     341     315     293       1
     391     374     236       1
     344     300     325       1
     339     311     296       1
     347     339     320       1
     340     313     292       1
     358     340     292       1
     366     316     333       1
     368     366     333       1
     361     345     272       1
     389     385     388       1
     343     322     303       1
     354     311     353       1
     362     325     360       1
     375     355     344       1
     345     325     272       1
     361     272     254       1
     370     326     337       1
     380     372     365       1
     347     320     329       1
     364     321     334       1
     380     364     352       1
     348     332     319       1
     370     363     326       1
     349     337     341       1
     365     347     364       1
     350     312     332       1
     351     203     196       1
     351     202     324       1
     380     367     372       1
     352     334     312       1
     394     389     392       1
     353     311     339       1
     376     358     369       1
     369     356     343       1
     384     357     374       1
     355     338     344       1
     356     335     318       1
     356     322     343       1
     357     235     236       1
     374     357     236       1
     358     292     294       1
     369     358     335       1
     359     345     342       1
     377     359     314       1
     381     378     363       1
     360     325     345       1
     361     252     265       1
     361     342     345       1
     395     382     379       1
     362     344     325       1
     363     346     326       1
     382     381     349       1
     364     347     321       1
     364     334     352       1
     365     353     339       1
     365     339     347       1
     366     341     316       1
     384     368     333       1
     373     350     348       1
     373     367     350       1
     375     368     355       1
     368     349     366       1
     369     335     356       1
     396     371     393       1
     370     337     349       1
     382     349     368       1
     389     379     386       1
     371     354     353       1
     372     353     365       1
     390     367     387       1
     378     346     363       1
     378     373     346       1
     391     236     226       1
     374     338     355       1
     375     344     362       1
     382     362     379       1
     376     340     358       1
     396     393     369       1
     377     314     313       1
     383     340     376       1
     394     379     389       1
     388     383     376       1
     379     362     360       1
     386     359     385       1
     380     365     364       1
     380     352     367       1
     381     363     370       1
     381     370     349       1
     382     368     375       1
     382     375     362       1
     385     377     383       1
     393     388     376       1
     384     355     368       1
     384     333     357       1
     392     390     387       1
     385     359     377       1
     386     379     360       1
     386     360     359       1
     394     387     378       1
     387     367     373       1
     388     385     383       1
     393     390     392       1
     394     392     387       1
     389     386     385       1
     390     371     372       1
     390     372     367       1
     391     240     327       1
     391     338     374       1
     392     389     388       1
     393     392     388       1
     393     376     369       1
     393     371     390       1
     395     378     381       1
     395     394     378       1
     395     381     382       1
     395     379     394       1
     396     369     354       1
     396     354     371       1
     498     435     489       1
     544     414     444       1
     539     488     402       1
     487     433     401       1
     500     446     415       1
     461     401     432       1
     501     462     447       1
     515     461     486       1
     563     464     517       1
     517     484     465       1
     561     466     514       1
     626     478     530       1
     520     497     468       1
     572     570     558       1
     521     470     516       1
     541     493     408       1
     543     437     491       1
     472     406     436       1
     471     427     458       1
     490     472     436       1
     511     457     425       1
     510     456     424       1
     526     510     475       1
     528     509     476       1
     533     508     477       1
     632     631     620       1
     612     562     569       1
     685     656     681       1
     502     481     448       1
     514     482     467       1
     466     397     428       1
     623     481     527       1
     583     545     551       1
     518     461     515       1
     487     401     461       1
     539     433     487       1
     540     434     488       1
     513     490     459       1
     490     436     413       1
     491     437     406       1
     492     438     407       1
     542     439     493       1
     470     410     440       1
     469     411     441       1
     468     412     442       1
     489     435     403       1
     498     444     405       1
     545     445     499       1
     501     416     460       1
     462     417     447       1
     527     481     502       1
     480     419     449       1
     532     505     479       1
     505     420     479       1
     478     421     452       1
     477     422     453       1
     590     576     581       1
     619     474     526       1
     603     577     597       1
     553     472     490       1
     513     427     471       1
     460     416     446       1
     485     431     399       1
     486     432     400       1
     463     400     431       1
     484     430     398       1
     502     417     462       1
     515     486     463       1
     464     399     430       1
     465     398     429       1
     567     564     523       1
     483     429     397       1
     596     585     567       1
     482     428     404       1
     562     465     519       1
     467     404     443       1
     497     443     412       1
     496     442     411       1
     662     649     645       1
     495     441     410       1
     560     469     521       1
     494     440     409       1
     531     511     474       1
     512     458     426       1
     473     426     457       1
     522     491     472       1
     491     406     472       1
     474     425     456       1
     602     579     576       1
     475     424     455       1
     645     571     611       1
     509     455     423       1
     476     423     454       1
     508     454     422       1
     620     475     528       1
     507     453     421       1
     664     637     635       1
     506     452     451       1
     625     477     536       1
     479     420     450       1
     504     450     419       1
     503     449     418       1
     532     530     505       1
     481     418     448       1
     527     502     462       1
     482     466     428       1
     482     404     467       1
     483     465     429       1
     483     397     466       1
     484     464     430       1
     484     398     465       1
     485     463     431       1
     485     399     464       1
     486     461     432       1
     486     400     463       1
     518     487     461       1
     488     434     402       1
     596     556     585       1
     540     489     403       1
     641     575     604       1
     498     405     435       1
     490     413     459       1
     701     602     642       1
     547     543     491       1
     543     492     407       1
     548     541     492       1
     541     438     492       1
     580     542     550       1
     493     439     408       1
     494     470     440       1
     542     494     409       1
     495     469     441       1
     495     410     470       1
     496     468     442       1
     496     411     469       1
     497     467     443       1
     497     412     468       1
     574     551     552       1
     544     499     414       1
     535     525     460       1
     499     445     414       1
     500     460     446       1
     545     500     415       1
     501     447     416       1
     535     460     500       1
     502     448     417       1
     604     575     593       1
     503     480     449       1
     503     418     481       1
     504     479     450       1
     504     419     480       1
     530     506     505       1
     505     451     420       1
     506     478     452       1
     506     451     505       1
     507     477     453       1
     507     421     478       1
     508     476     454       1
     508     422     477       1
     509     475     455       1
     509     423     476       1
     510     474     456       1
     510     424     475       1
     511     473     457       1
     511     425     474       1
     512     471     458       1
     512     426     473       1
     513     459     427       1
     686     512     537       1
     514     466     482       1
     520     467     497       1
     525     501     460       1
     523     463     485       1
     521     495     470       1
     516     470     494       1
     517     464     484       1
     519     465     483       1
     546     540     488       1
     578     488     539       1
     519     483     466       1
     561     519     466       1
     559     467     520       1
     524     468     496       1
     521     469     495       1
     557     521     516       1
     529     490     513       1
     686     513     471       1
     564     463     523       1
     523     485     464       1
     558     468     524       1
     524     496     469       1
     621     462     525       1
     525     462     501       1
     526     474     510       1
     528     475     509       1
     747     592     598       1
     534     503     481       1
     533     476     508       1
     680     640     663       1
     618     473     531       1
     606     603     597       1
     530     478     506       1
     538     479     504       1
     531     473     511       1
     605     590     601       1
     624     480     534       1
     615     614     532       1
     622     476     533       1
     536     477     507       1
     534     480     503       1
     665     647     633       1
     552     499     544       1
     592     552     582       1
     536     507     478       1
     635     626     530       1
     686     654     529       1
     537     512     473       1
     538     532     479       1
     538     504     480       1
     539     402     433       1
     549     487     518       1
     540     403     434       1
     578     539     549       1
     541     408     438       1
     579     492     543       1
     542     409     439       1
     550     542     493       1
     543     407     437       1
     547     491     522       1
     544     444     498       1
     582     544     498       1
     545     415     445       1
     551     545     499       1
     555     489     540       1
     555     540     546       1
     579     565     548       1
     579     543     547       1
     577     554     565       1
     554     541     548       1
     549     539     487       1
     575     518     556       1
     584     550     577       1
     554     550     493       1
     587     551     574       1
     552     551     499       1
     589     555     566       1
     679     608     660       1
     553     522     472       1
     586     490     529       1
     554     493     541       1
     565     554     548       1
     595     555     589       1
     641     546     578       1
     556     518     515       1
     585     515     564       1
     570     520     558       1
     584     580     550       1
     558     520     468       1
     572     524     560       1
     570     559     520       1
     559     514     467       1
     560     524     469       1
     573     521     557       1
     569     519     561       1
     571     514     559       1
     568     567     563       1
     562     517     465       1
     563     523     464       1
     568     563     517       1
     564     515     463       1
     567     523     563       1
     576     547     522       1
     581     522     553       1
     598     595     589       1
     566     555     546       1
     568     517     562       1
     596     593     556       1
     569     562     519       1
     638     568     612       1
     571     561     514       1
     653     569     613       1
     572     558     524       1
     674     652     572       1
     571     569     561       1
     611     559     570       1
     573     572     560       1
     588     572     573       1
     573     560     521       1
     588     573     557       1
     587     535     583       1
     587     583     551       1
     575     549     518       1
     593     575     556       1
     586     581     553       1
     581     576     522       1
     584     516     580       1
     577     550     554       1
     578     546     488       1
     578     549     575       1
     579     548     492       1
     579     547     576       1
     580     516     494       1
     580     494     542       1
     601     581     591       1
     711     655     658       1
     582     552     544       1
     595     489     555       1
     583     535     500       1
     583     500     545       1
     657     610     639       1
     584     557     516       1
     585     556     515       1
     585     564     567       1
     586     553     490       1
     591     586     529       1
     616     525     535       1
     616     535     587       1
     594     557     584       1
     677     606     676       1
     720     598     600       1
     600     589     566       1
     591     581     586       1
     654     643     529       1
     654     537     629       1
     629     537     618       1
     592     574     552       1
     598     582     595       1
     647     538     624       1
     661     615     647       1
     594     588     557       1
     597     577     565       1
     595     582     498       1
     595     498     489       1
     683     568     638       1
     683     663     596       1
     701     579     602       1
     610     602     590       1
     598     592     582       1
     641     609     566       1
     656     644     587       1
     599     574     592       1
     600     598     589       1
     700     608     679       1
     607     605     601       1
     601     590     581       1
     602     576     590       1
     610     590     605       1
     603     594     584       1
     603     584     577       1
     641     604     609       1
     608     604     593       1
     658     655     607       1
     674     670     652       1
     617     594     606       1
     606     594     603       1
     607     601     591       1
     631     526     620       1
     734     723     696       1
     640     593     596       1
     609     600     566       1
     609     604     608       1
     642     602     610       1
     639     610     605       1
     611     571     559       1
     652     570     572       1
     693     680     663       1
     612     568     562       1
     632     620     528       1
     613     569     571       1
     614     530     532       1
     615     532     538       1
     633     534     623       1
     630     527     621       1
     628     621     525       1
     656     587     574       1
     617     588     594       1
     657     642     610       1
     618     537     473       1
     634     618     531       1
     619     531     474       1
     631     619     526       1
     620     526     475       1
     632     528     622       1
     621     527     462       1
     628     525     616       1
     622     528     476       1
     636     533     625       1
     623     534     481       1
     630     621     628       1
     624     538     480       1
     633     623     630       1
     625     533     477       1
     637     626     635       1
     626     536     478       1
     635     530     614       1
     627     611     570       1
     646     588     617       1
     644     616     587       1
     651     628     616       1
     634     531     619       1
     682     643     654       1
     757     669     738       1
     630     623     527       1
     762     745     737       1
     655     639     605       1
     636     622     533       1
     696     664     668       1
     665     661     647       1
     633     624     534       1
     634     629     618       1
     634     619     631       1
     637     536     626       1
     650     614     648       1
     787     622     636       1
     637     636     625       1
     637     625     536       1
     650     635     614       1
     726     638     672       1
     653     612     569       1
     726     693     663       1
     655     605     607       1
     705     670     678       1
     640     608     593       1
     641     566     546       1
     641     578     575       1
     676     597     642       1
     701     642     597       1
     643     607     591       1
     643     591     529       1
     651     616     644       1
     735     692     716       1
     645     613     571       1
     645     611     627       1
     677     617     606       1
     662     645     627       1
     647     615     538       1
     647     624     633       1
     648     614     615       1
     669     661     665       1
     694     649     667       1
     649     613     645       1
     757     661     669       1
     664     635     650       1
     666     628     651       1
     681     656     599       1
     652     627     570       1
     674     572     588       1
     653     638     612       1
     653     613     649       1
     686     529     513       1
     682     654     629       1
     658     607     643       1
     721     696     668       1
     656     574     599       1
     673     671     651       1
     675     657     639       1
     697     657     675       1
     682     658     643       1
     724     691     634       1
     659     646     617       1
     716     680     693       1
     687     675     639       1
     660     608     640       1
     661     648     615       1
     684     633     630       1
     670     662     627       1
     678     670     646       1
     663     640     596       1
     672     638     653       1
     723     664     696       1
     668     664     650       1
     713     671     709       1
     713     709     695       1
     666     630     628       1
     673     651     644       1
     667     649     662       1
     708     698     703       1
     757     650     648       1
     773     709     736       1
     695     665     684       1
     713     695     684       1
     670     627     652       1
     678     646     659       1
     671     666     651       1
     779     773     736       1
     726     683     638       1
     694     653     649       1
     690     685     681       1
     688     673     685       1
     674     588     646       1
     674     646     670       1
     697     677     676       1
     687     639     655       1
     676     606     597       1
     676     642     657       1
     719     677     697       1
     677     659     617       1
     698     678     659       1
     706     678     698       1
     732     720     700       1
     700     609     608       1
     730     698     708       1
     680     660     640       1
     690     688     685       1
     718     700     679       1
     691     629     634       1
     691     689     682       1
     683     596     567       1
     683     567     568       1
     684     665     633       1
     684     630     666       1
     685     673     644       1
     685     644     656       1
     686     471     512       1
     686     537     654       1
     711     704     655       1
     707     699     692       1
     688     671     673       1
     750     739     707       1
     689     658     682       1
     753     724     631       1
     714     681     702       1
     699     660     692       1
     691     682     629       1
     724     712     691       1
     692     660     680       1
     742     727     722       1
     725     672     694       1
     743     725     717       1
     694     672     653       1
     717     694     667       1
     709     671     688       1
     695     669     665       1
     787     723     734       1
     738     669     710       1
     697     676     657       1
     703     698     659       1
     706     705     678       1
     703     659     677       1
     765     739     750       1
     699     679     660       1
     747     720     702       1
     700     600     609       1
     701     597     565       1
     701     565     579       1
     702     681     599       1
     747     702     599       1
     715     697     675       1
     763     748     746       1
     704     687     655       1
     737     733     711       1
     705     667     662       1
     705     662     670       1
     730     717     706       1
     706     667     705       1
     746     728     744       1
     752     714     732       1
     728     719     715       1
     728     703     719       1
     768     767     749       1
     710     695     709       1
     756     741     755       1
     710     669     695       1
     711     658     689       1
     737     689     712       1
     712     689     691       1
     780     770     751       1
     713     684     666       1
     713     666     671       1
     732     714     702       1
     714     690     681       1
     727     687     722       1
     727     675     687       1
     725     716     693       1
     716     692     680       1
     717     667     706       1
     730     706     698       1
     718     679     699       1
     739     699     707       1
     719     703     677       1
     719     697     715       1
     720     600     700       1
     732     700     718       1
     783     769     774       1
     755     738     710       1
     722     687     704       1
     733     722     704       1
     723     636     637       1
     723     637     664       1
     724     634     631       1
     753     729     724       1
     725     693     672       1
     725     694     717       1
     726     672     693       1
     726     663     683       1
     744     727     742       1
     727     715     675       1
     728     708     703       1
     744     715     727       1
     740     734     696       1
     729     712     724       1
     769     744     742       1
     748     708     746       1
     754     690     731       1
     731     690     714       1
     752     732     718       1
     732     702     720       1
     733     704     711       1
     737     711     689       1
     787     770     632       1
     740     696     721       1
     735     707     692       1
     743     735     716       1
     736     709     688       1
     754     736     688       1
     762     712     729       1
     764     762     729       1
     757     741     668       1
     785     781     784       1
     739     718     699       1
     750     707     749       1
     758     721     756       1
     771     751     740       1
     741     721     668       1
     757     668     650       1
     766     722     733       1
     776     768     761       1
     743     716     725       1
     760     717     730       1
     776     760     748       1
     744     728     715       1
     766     759     722       1
     745     733     737       1
     761     743     760       1
     746     708     728       1
     747     599     592       1
     747     598     720       1
     776     763     768       1
     748     730     708       1
     790     785     788       1
     749     707     735       1
     772     754     765       1
     765     752     739       1
     780     753     770       1
     751     734     740       1
     752     731     714       1
     752     718     739       1
     753     631     632       1
     770     753     632       1
     754     688     690       1
     765     754     731       1
     755     741     738       1
     773     755     710       1
     777     774     759       1
     756     721     741       1
     757     648     661       1
     757     738     741       1
     791     778     775       1
     758     740     721       1
     759     742     722       1
     778     777     745       1
     760     743     717       1
     760     730     748       1
     761     749     735       1
     761     735     743       1
     762     737     712       1
     780     764     729       1
     769     746     744       1
     769     763     746       1
     771     764     751       1
     764     745     762       1
     765     731     752       1
     792     767     789       1
     766     733     745       1
     778     745     764       1
     785     775     782       1
     767     750     749       1
     768     749     761       1
     786     763     783       1
     774     742     759       1
     774     769     742       1
     787     632     622       1
     770     734     751       1
     771     740     758       1
     778     758     775       1
     772     736     754       1
     792     789     765       1
     773     710     709       1
     779     736     772       1
     790     775     785       1
     784     779     772       1
     775     758     756       1
     782     755     781       1
     776     761     760       1
     776     748     763       1
     777     759     766       1
     777     766     745       1
     778     764     771       1
     778     771     758       1
     781     773     779       1
     789     784     772       1
     780     751     764       1
     780     729     753       1
     788     786     783       1
     781     755     773       1
     782     775     756       1
     782     756     755       1
     790     783     774       1
     783     763     769       1
     784     781     779       1
     789     786     788       1
     790     788     783       1
     785     782     781       1
     786     767     768       1
     786     768     763       1
     787     636     723       1
     787     734     770       1
     788     785     784       1
     789     788     784       1
     789     772     765       1
     789     767     786       1
     791     774     777       1
     791     790     774       1
     791     777     778       1
     791     775     790       1
     792     765     750       1
     792     750     767       1
