  6.5096073200  1.0975451500
  6.5380601900  1.1913417600
  6.5842652300  1.2777850600
  6.6464467000  1.3535534100
  6.7222147000  1.4157347700
  6.8086581200  1.4619398100
  6.9024548500  1.4903926800
  6.5000000000  1.0000000000
  7.0000000000  1.5000000000
  6.9024548500  0.5096073750
  6.8086581200  0.5380602480
  6.7222147000  0.5842651720
  6.6464467000  0.6464465860
  6.5842652300  0.7222148780
  6.5380601900  0.8086583020
  6.5096073200  0.9024548530
  7.0000000000  0.5000000000
  7.1006493600  1.4897649300
  7.1971778900  1.4594788600
  7.2856340400  1.4103816700
  7.3623962400  1.3444834900
  7.4243221300  1.2644820200
  7.4688758900  1.1736526500
  7.4942340900  1.0757138700
  7.4942340900  0.9242861270
  7.4688758900  0.8263473510
  7.4243221300  0.7355179790
  7.3623962400  0.6555165650
  7.2856340400  0.5896182660
  7.1971778900  0.5405210850
  7.1006493600  0.5102350120
  6.5024075500  1.0490086100
  6.5215296700  1.1451423200
  6.5590395900  1.2356983400
  6.6134948700  1.3171966100
  6.6828031500  1.3865052500
  6.7643017800  1.4409606500
  6.8548574400  1.4784702100
  6.9509916300  1.4975923300
  6.9509916300  0.5024076100
  6.8548574400  0.5215298530
  6.7643017800  0.5590393540
  6.6828031500  0.6134947540
  6.6134948700  0.6828033330
  6.5590395900  0.7643016580
  6.5215296700  0.8548576830
  6.5024075500  0.9509914520
  7.0505843200  1.4974346200
  7.1496815700  1.4770696200
  7.2426509900  1.4371733700
  7.3256864500  1.3793790300
  7.3953876500  1.3060530400
  7.4489021300  1.2201970800
  7.4840383500  1.1253262800
  7.4993581800  1.0253245800
  7.4993581800  0.9746754170
  7.4840383500  0.8746737240
  7.4489021300  0.7798029180
  7.3953876500  0.6939470170
  7.3256864500  0.6206209660
  7.2426509900  0.5628266930
  7.1496815700  0.5229303840
  7.0505843200  0.5025653240
  7.2440204600  1.3847997200
  6.7251801500  1.3646596700
  7.3091225600  1.3254768800
  6.6663332000  1.3025504400
  6.6133151100  1.2324311700
  6.5765867200  1.1521499200
  6.5537896200  1.0667663800
  6.5505862200  0.9785378580
  6.5623989100  0.8903880720
  6.5928058600  0.8074297310
  6.6309194600  0.7310233710
  7.1164970400  0.5487682220
  6.9391498600  0.5493126510
  7.1974530200  0.5987430210
  7.2761101700  0.6452084780
  7.3418693500  0.7080582380
  7.3923378000  0.7838742730
  7.4291610700  0.8659632210
  7.4465284300  0.9547241330
  7.4447808300  1.0941537600
  7.4124445900  1.1769205300
  7.3689775500  1.2568221100
  6.5372238200  1.0233312800
  6.5505771600  1.1127915400
  6.5813837100  1.1986467800
  6.6278142900  1.2761757400
  6.6889076200  1.3436400900
  6.7644596100  1.3906539700
  6.8456120500  1.4279727900
  6.9409666100  1.4508948300
  7.0042390800  0.5495206710
  6.8904728900  0.5575066210
  6.8048682200  0.5903192760
  6.7280435600  0.6344078180
  6.6601815200  0.6948589680
  6.6024208100  0.7616406080
  6.5636334400  0.8438845870
  6.5416607900  0.9321123360
  7.0013742400  1.4595035300
  7.1132564500  1.4399713300
  7.2025113100  1.4085044900
  7.2827940000  1.3659757400
  7.3507347100  1.3011325600
  7.4041671800  1.2243357900
  7.4410820000  1.1379580500
  7.4527244600  1.0436147500
  7.4622488000  1.0005348900
  7.4528389000  0.9070683720
  7.4249644300  0.8184810280
  7.3797297500  0.7367092370
  7.3191742900  0.6654034850
  7.2449727100  0.6083689330
  7.1520566900  0.5695160030
  7.0721864700  0.5508371590
  6.5802044900  1.0236839100
  6.7222485500  1.3106348500
  6.6773076100  0.7406467200
  6.6217675200  1.1834030200
  6.7672209700  1.3420316000
  6.5925607700  1.1023434400
  6.5842032400  0.9372525220
  6.6437745100  0.7836969490
  6.9230847400  0.5925291180
  6.6613841100  1.2523826400
  6.6032066300  0.8582043050
  7.2500834500  1.3294161600
  7.2912163700  0.6974702480
  7.3192472500  1.2726113800
  7.3427515000  0.7631974220
  7.0519809700  0.6059113140
  7.4124145500  1.0042175100
  7.2245793300  0.6457862850
  7.4038386300  1.0620728700
  7.3865218200  0.8397793170
  7.3667364100  1.2045617100
  7.2026753400  1.3594945700
  7.4116535200  0.9154484870
  7.1477923400  0.6181172130
  7.3946604700  1.1198511100
  6.8031544700  1.4117008400
  6.8912019700  1.4410851000
  6.7646279300  0.6090582010
  6.6918344500  0.6629743580
  6.8474807700  0.5732243060
  7.0623374000  1.4499108800
  7.1600737600  1.4267538800
  6.8789000500  1.3931835900
  6.8818283100  0.5986797210
  6.7986745800  0.6321157810
  6.7977881400  1.3703968500
  6.7320737800  0.6841151120
  7.1283860200  1.3917505700
  7.0795884100  1.4013760100
  6.9659004200  0.5848084090
  6.7674965900  0.6562680010
  6.9248571400  1.4047207800
  6.7716112100  1.2915176200
  6.6972460700  0.7875664230
  6.6087245900  0.8996924760
  6.6054420500  0.9814831610
  6.6333341600  0.8299673800
  6.6009340300  1.0613335400
  6.6308713000  1.1367083800
  6.6556019800  1.2130658600
  6.6981172600  1.2710355500
  6.8083534200  0.6752195360
  6.9106478700  1.3596127000
  6.7043933900  1.2275021100
  6.6773858100  1.1731623400
  6.6452655800  1.0842798900
  6.6377606400  0.9367703200
  6.6339764600  1.0271214200
  6.6561532000  0.8753992920
  6.6685719500  0.8239549400
  7.0964460400  1.3533635100
  6.8153739000  1.3285089700
  6.9055252100  0.6363459230
  6.7723116900  0.7065383790
  6.8343625100  1.3795688200
  6.8471698800  0.6349081400
  6.6983127600  0.7044143080
  6.9608469000  0.6306208370
  7.0266795200  1.4069095800
  7.1690630900  1.3855919800
  6.7291402800  0.7383751270
  6.7331161500  1.2670131900
  6.9996256800  0.6031905410
  7.1507430100  1.3413029900
  6.7129435500  0.8425853850
  6.9499464000  1.3722454300
  6.9359459900  0.6773799060
  7.0117683400  0.6452144380
  7.0471339200  1.3602834900
  6.8176403000  1.2723147900
  6.7470541000  0.7918153410
  6.9729356800  1.4086223800
  6.7681026500  1.2353206900
  6.8163094500  0.7320574520
  6.9931306800  1.3577573300
  7.0622706400  1.3163650000
  6.9453549400  1.3288596900
  6.9787316300  0.6725004320
  6.8864054700  0.6822628380
  6.7723240900  0.7517806290
  6.8534193000  1.3034749000
  6.9682641000  0.7133678790
  6.7965879400  0.7887209060
  7.0157914200  0.6934531330
  6.8729853600  1.2580171800
  6.8972492200  1.3107825500
  6.9174375500  0.7227925660
  6.6478877100  0.9826191660
  6.6758918800  1.1244158700
  6.6774239500  1.0476579700
  7.3624892200  1.0307922400
  7.3550744100  1.0795379900
  7.1969790500  1.3079774400
  6.7708683000  0.8384187220
  7.1832342100  0.6441807150
  7.2491831800  0.6835108400
  7.3044290500  0.7393534780
  7.2791242600  1.2875146900
  7.3436341300  0.8166557550
  7.3311119100  1.2299362400
  7.3665676100  1.1618913400
  7.3868751500  0.8835758570
  7.3985676800  0.9560887810
  6.6819238700  0.9605542420
  7.2372388800  1.2733948200
  7.1487054800  0.6669906970
  7.2820887600  1.2354117600
  7.2525177000  0.7346814270
  7.2905144700  0.7901639340
  7.3193330800  1.1821517900
  7.2009768500  0.6916356680
  7.3616123200  0.9806171060
  7.3482985500  0.8704380990
  7.3619704200  0.9243773220
  6.7191095400  1.1387398200
  6.9512825000  0.7610206010
  6.8258237800  1.2204407500
  6.8649921400  1.3458552400
  6.8682007800  0.7297101020
  7.0585756300  0.6654378770
  7.1527576400  1.2841347500
  6.6804299400  1.0061522700
  6.7466383000  0.8863840100
  7.3383989300  1.1275100700
  7.3239865300  1.0498642900
  6.7178502100  1.0324426900
  7.3193664600  1.0085434900
  7.1916208300  1.2560839700
  6.6805195800  0.9195413590
  6.7075057000  1.0857040900
  7.1033673300  0.6393205520
  7.0114417100  0.7491217260
  7.1082177200  1.3032809500
  6.8985214200  0.7703033690
  7.0613784800  0.7172878980
  6.7980957000  0.8837018610
  6.8734240500  1.2016977100
  7.3068518600  1.0877002500
  6.7202472700  0.9840831160
  6.7872028400  1.1836866100
  7.3163600000  0.9576030970
  7.2864117600  1.1351883400
  7.2284936900  1.2225542100
  6.7595548600  1.0068178200
  7.2740349800  0.9886198040
  7.2572855900  1.0945375000
  6.7233862900  0.9333477020
  7.1840734500  1.2087600200
  6.7575063700  1.1109565500
  7.1555194900  1.2404314300
  6.7039279900  0.8914515380
  6.9313488000  0.8086944820
  6.8477687800  0.7792176600
  6.8302969900  0.8362755180
  6.7735700600  0.9275544880
  6.9101915400  1.2250185000
  6.8341779700  1.1699825500
  7.0718793900  1.2687401800
  7.1055107100  0.6908423900
  6.7360100700  1.1850912600
  7.2612843500  1.1828914900
  7.1170702000  1.2529854800
  7.1073136300  0.5887450580
  6.9854965200  0.7997148630
  7.1326766000  1.1980742200
  7.1080036200  0.7413724660
  7.0807142300  1.2199889400
  7.1517472300  0.7180234790
  6.8793392200  1.1522396800
  6.7969689400  1.1378824700
  6.7589154200  1.0586801800
  7.2350597400  1.1409182500
  7.2704272300  0.9368272420
  6.8822174100  0.8177591560
  6.8210010500  0.9291181560
  6.9171485900  1.1820591700
  6.9361896500  1.2698705200
  6.8452878000  0.6908316020
  7.0280799900  1.2828847200
  6.8478531800  0.8886089320
  7.0317602200  0.7937010530
  6.7542991600  0.9646702410
  6.7931542400  0.9716245530
  6.9247336400  1.1341568200
  6.8686227800  0.9323778750
  7.1805062300  1.1524872800
  7.2079048200  1.0998349200
  7.0655832300  0.7674714920
  7.1490330700  0.7683882710
  7.2178835900  1.1815222500
  7.0360608100  1.2360787400
  6.9142608600  0.8532655840
  6.8411235800  1.1203699100
  6.8096513700  1.0269918400
  6.9529266400  1.2154419400
  6.8735961900  0.8580016490
  6.9859800300  1.3022993800
  7.2284369500  0.9659720060
  7.0218720400  0.8404302600
  7.3107519100  0.9044647220
  7.1954464900  0.7504215840
  6.8020196000  1.0874433500
  6.7593593600  1.1512713400
  6.9649252900  0.8471481800
  6.8942318000  0.8930872080
  7.1840138400  0.8000743990
  6.8410177200  0.9757475260
  7.0446844100  1.1942396200
  6.9900202800  1.2513043900
  7.0679607400  0.8159245850
  7.2636737800  0.8857793810
  6.8868918400  1.1028106200
  7.1250276600  1.1383460800
  7.1075882900  0.7921658160
  7.2314319600  1.0612599800
  6.9648714100  1.1654404400
  7.2252240200  0.9157660600
  7.2305073700  1.0176005400
  6.9962554000  0.8877532480
  6.8500967000  1.0686143600
  6.9432549500  0.8913745880
  7.1106767700  0.8463104960
  6.9183177900  0.9350230100
  7.0233187700  1.3239179800
  6.8906016300  0.9768565300
  6.9327235200  1.0864987400
  6.9707970600  1.1173809800
  7.2185072900  0.8685843350
  7.0020327600  1.2009241600
  7.2314481700  0.7900593880
  7.0810198800  1.1679933100
  7.1847472200  1.0505359200
  7.1842069600  0.9946452980
  7.2776379600  1.0440179100
  7.1822400100  0.9413719770
  7.0408010500  0.8813024760
  6.8657426800  1.0195624800
  6.8971147500  1.0549948200
  7.1441941300  0.8113569020
  6.9472417800  0.9868943100
  7.1705379500  0.8507528900
  7.0217442500  1.1427525300
  7.0646066700  0.8551656600
  6.9781208000  1.0756568900
  6.9426250500  1.0414238000
  6.9754829400  0.9350464340
  7.2530345900  0.8358128070
  7.1868825000  0.8962387440
  7.0768003500  1.1149925000
  7.1577220000  1.0992202800
  7.0384154300  0.9269635680
  7.1311793300  0.9709452990
  6.9086651800  1.0159463900
  7.0807657200  0.8915961380
  7.1363530200  0.9046188590
  7.1153435700  1.0957201700
  7.2115082700  0.8290567990
  7.1321611400  1.0592392700
  7.1470527600  1.0195043100
  7.0129389800  0.9805947540
  7.0847301500  1.0663185100
  7.1029896700  1.0200864100
  6.9936718900  1.0317288600
  7.3016514800  0.8505524400
  7.0495328900  1.0259044200
  7.0293126100  1.0800185200
  7.0712075200  0.9766017790
  7.0915842100  0.9341451530
  6.9999938000  1.1039521700
  5.4996073200  1.0975451500
  5.5280601900  1.1913417600
  5.5742652300  1.2777850600
  5.6364467000  1.3535534100
  5.7122147000  1.4157347700
  5.7986581200  1.4619398100
  5.8924548500  1.4903926800
  5.4900000000  1.0000000000
  5.9900000000  1.5000000000
  5.8924548500  0.5096073750
  5.7986581200  0.5380602480
  5.7122147000  0.5842651720
  5.6364467000  0.6464465860
  5.5742652300  0.7222148780
  5.5280601900  0.8086583020
  5.4996073200  0.9024548530
  5.9900000000  0.5000000000
  6.0906493600  1.4897649300
  6.1871778900  1.4594788600
  6.2756340400  1.4103816700
  6.3523962400  1.3444834900
  6.4143221300  1.2644820200
  6.4588758900  1.1736526500
  6.4842340900  1.0757138700
  6.4842340900  0.9242861270
  6.4588758900  0.8263473510
  6.4143221300  0.7355179790
  6.3523962400  0.6555165650
  6.2756340400  0.5896182660
  6.1871778900  0.5405210850
  6.0906493600  0.5102350120
  5.4924075500  1.0490086100
  5.5115296700  1.1451423200
  5.5490395900  1.2356983400
  5.6034948700  1.3171966100
  5.6728031500  1.3865052500
  5.7543017800  1.4409606500
  5.8448574400  1.4784702100
  5.9409916300  1.4975923300
  5.9409916300  0.5024076100
  5.8448574400  0.5215298530
  5.7543017800  0.5590393540
  5.6728031500  0.6134947540
  5.6034948700  0.6828033330
  5.5490395900  0.7643016580
  5.5115296700  0.8548576830
  5.4924075500  0.9509914520
  6.0405843200  1.4974346200
  6.1396815700  1.4770696200
  6.2326509900  1.4371733700
  6.3156864500  1.3793790300
  6.3853876500  1.3060530400
  6.4389021300  1.2201970800
  6.4740383500  1.1253262800
  6.4893581800  1.0253245800
  6.4893581800  0.9746754170
  6.4740383500  0.8746737240
  6.4389021300  0.7798029180
  6.3853876500  0.6939470170
  6.3156864500  0.6206209660
  6.2326509900  0.5628266930
  6.1396815700  0.5229303840
  6.0405843200  0.5025653240
  6.2340204600  1.3847997200
  5.7151801500  1.3646596700
  6.2991225600  1.3254768800
  5.6563332000  1.3025504400
  5.6033151100  1.2324311700
  5.5665867200  1.1521499200
  5.5437896200  1.0667663800
  5.5405862200  0.9785378580
  5.5523989100  0.8903880720
  5.5828058600  0.8074297310
  5.6209194600  0.7310233710
  6.1064970400  0.5487682220
  5.9291498600  0.5493126510
  6.1874530200  0.5987430210
  6.2661101700  0.6452084780
  6.3318693500  0.7080582380
  6.3823378000  0.7838742730
  6.4191610700  0.8659632210
  6.4365284300  0.9547241330
  6.4347808300  1.0941537600
  6.4024445900  1.1769205300
  6.3589775500  1.2568221100
  5.5272238200  1.0233312800
  5.5405771600  1.1127915400
  5.5713837100  1.1986467800
  5.6178142900  1.2761757400
  5.6789076200  1.3436400900
  5.7544596100  1.3906539700
  5.8356120500  1.4279727900
  5.9309666100  1.4508948300
  5.9942390800  0.5495206710
  5.8804728900  0.5575066210
  5.7948682200  0.5903192760
  5.7180435600  0.6344078180
  5.6501815200  0.6948589680
  5.5924208100  0.7616406080
  5.5536334400  0.8438845870
  5.5316607900  0.9321123360
  5.9913742400  1.4595035300
  6.1032564500  1.4399713300
  6.1925113100  1.4085044900
  6.2727940000  1.3659757400
  6.3407347100  1.3011325600
  6.3941671800  1.2243357900
  6.4310820000  1.1379580500
  6.4427244600  1.0436147500
  6.4522488000  1.0005348900
  6.4428389000  0.9070683720
  6.4149644300  0.8184810280
  6.3697297500  0.7367092370
  6.3091742900  0.6654034850
  6.2349727100  0.6083689330
  6.1420566900  0.5695160030
  6.0621864700  0.5508371590
  5.5702044900  1.0236839100
  5.7122485500  1.3106348500
  5.6673076100  0.7406467200
  5.6117675200  1.1834030200
  5.7572209700  1.3420316000
  5.5825607700  1.1023434400
  5.5742032400  0.9372525220
  5.6337745100  0.7836969490
  5.9130847400  0.5925291180
  5.6513841100  1.2523826400
  5.5932066300  0.8582043050
  6.2400834500  1.3294161600
  6.2812163700  0.6974702480
  6.3092472500  1.2726113800
  6.3327515000  0.7631974220
  6.0419809700  0.6059113140
  6.4024145500  1.0042175100
  6.2145793300  0.6457862850
  6.3938386300  1.0620728700
  6.3765218200  0.8397793170
  6.3567364100  1.2045617100
  6.1926753400  1.3594945700
  6.4016535200  0.9154484870
  6.1377923400  0.6181172130
  6.3846604700  1.1198511100
  5.7931544700  1.4117008400
  5.8812019700  1.4410851000
  5.7546279300  0.6090582010
  5.6818344500  0.6629743580
  5.8374807700  0.5732243060
  6.0523374000  1.4499108800
  6.1500737600  1.4267538800
  5.8689000500  1.3931835900
  5.8718283100  0.5986797210
  5.7886745800  0.6321157810
  5.7877881400  1.3703968500
  5.7220737800  0.6841151120
  6.1183860200  1.3917505700
  6.0695884100  1.4013760100
  5.9559004200  0.5848084090
  5.7574965900  0.6562680010
  5.9148571400  1.4047207800
  5.7616112100  1.2915176200
  5.6872460700  0.7875664230
  5.5987245900  0.8996924760
  5.5954420500  0.9814831610
  5.6233341600  0.8299673800
  5.5909340300  1.0613335400
  5.6208713000  1.1367083800
  5.6456019800  1.2130658600
  5.6881172600  1.2710355500
  5.7983534200  0.6752195360
  5.9006478700  1.3596127000
  5.6943933900  1.2275021100
  5.6673858100  1.1731623400
  5.6352655800  1.0842798900
  5.6277606400  0.9367703200
  5.6239764600  1.0271214200
  5.6461532000  0.8753992920
  5.6585719500  0.8239549400
  6.0864460400  1.3533635100
  5.8053739000  1.3285089700
  5.8955252100  0.6363459230
  5.7623116900  0.7065383790
  5.8243625100  1.3795688200
  5.8371698800  0.6349081400
  5.6883127600  0.7044143080
  5.9508469000  0.6306208370
  6.0166795200  1.4069095800
  6.1590630900  1.3855919800
  5.7191402800  0.7383751270
  5.7231161500  1.2670131900
  5.9896256800  0.6031905410
  6.1407430100  1.3413029900
  5.7029435500  0.8425853850
  5.9399464000  1.3722454300
  5.9259459900  0.6773799060
  6.0017683400  0.6452144380
  6.0371339200  1.3602834900
  5.8076403000  1.2723147900
  5.7370541000  0.7918153410
  5.9629356800  1.4086223800
  5.7581026500  1.2353206900
  5.8063094500  0.7320574520
  5.9831306800  1.3577573300
  6.0522706400  1.3163650000
  5.9353549400  1.3288596900
  5.9687316300  0.6725004320
  5.8764054700  0.6822628380
  5.7623240900  0.7517806290
  5.8434193000  1.3034749000
  5.9582641000  0.7133678790
  5.7865879400  0.7887209060
  6.0057914200  0.6934531330
  5.8629853600  1.2580171800
  5.8872492200  1.3107825500
  5.9074375500  0.7227925660
  5.6378877100  0.9826191660
  5.6658918800  1.1244158700
  5.6674239500  1.0476579700
  6.3524892200  1.0307922400
  6.3450744100  1.0795379900
  6.1869790500  1.3079774400
  5.7608683000  0.8384187220
  6.1732342100  0.6441807150
  6.2391831800  0.6835108400
  6.2944290500  0.7393534780
  6.2691242600  1.2875146900
  6.3336341300  0.8166557550
  6.3211119100  1.2299362400
  6.3565676100  1.1618913400
  6.3768751500  0.8835758570
  6.3885676800  0.9560887810
  5.6719238700  0.9605542420
  6.2272388800  1.2733948200
  6.1387054800  0.6669906970
  6.2720887600  1.2354117600
  6.2425177000  0.7346814270
  6.2805144700  0.7901639340
  6.3093330800  1.1821517900
  6.1909768500  0.6916356680
  6.3516123200  0.9806171060
  6.3382985500  0.8704380990
  6.3519704200  0.9243773220
  5.7091095400  1.1387398200
  5.9412825000  0.7610206010
  5.8158237800  1.2204407500
  5.8549921400  1.3458552400
  5.8582007800  0.7297101020
  6.0485756300  0.6654378770
  6.1427576400  1.2841347500
  5.6704299400  1.0061522700
  5.7366383000  0.8863840100
  6.3283989300  1.1275100700
  6.3139865300  1.0498642900
  5.7078502100  1.0324426900
  6.3093664600  1.0085434900
  6.1816208300  1.2560839700
  5.6705195800  0.9195413590
  5.6975057000  1.0857040900
  6.0933673300  0.6393205520
  6.0014417100  0.7491217260
  6.0982177200  1.3032809500
  5.8885214200  0.7703033690
  6.0513784800  0.7172878980
  5.7880957000  0.8837018610
  5.8634240500  1.2016977100
  6.2968518600  1.0877002500
  5.7102472700  0.9840831160
  5.7772028400  1.1836866100
  6.3063600000  0.9576030970
  6.2764117600  1.1351883400
  6.2184936900  1.2225542100
  5.7495548600  1.0068178200
  6.2640349800  0.9886198040
  6.2472855900  1.0945375000
  5.7133862900  0.9333477020
  6.1740734500  1.2087600200
  5.7475063700  1.1109565500
  6.1455194900  1.2404314300
  5.6939279900  0.8914515380
  5.9213488000  0.8086944820
  5.8377687800  0.7792176600
  5.8202969900  0.8362755180
  5.7635700600  0.9275544880
  5.9001915400  1.2250185000
  5.8241779700  1.1699825500
  6.0618793900  1.2687401800
  6.0955107100  0.6908423900
  5.7260100700  1.1850912600
  6.2512843500  1.1828914900
  6.1070702000  1.2529854800
  6.0973136300  0.5887450580
  5.9754965200  0.7997148630
  6.1226766000  1.1980742200
  6.0980036200  0.7413724660
  6.0707142300  1.2199889400
  6.1417472300  0.7180234790
  5.8693392200  1.1522396800
  5.7869689400  1.1378824700
  5.7489154200  1.0586801800
  6.2250597400  1.1409182500
  6.2604272300  0.9368272420
  5.8722174100  0.8177591560
  5.8110010500  0.9291181560
  5.9071485900  1.1820591700
  5.9261896500  1.2698705200
  5.8352878000  0.6908316020
  6.0180799900  1.2828847200
  5.8378531800  0.8886089320
  6.0217602200  0.7937010530
  5.7442991600  0.9646702410
  5.7831542400  0.9716245530
  5.9147336400  1.1341568200
  5.8586227800  0.9323778750
  6.1705062300  1.1524872800
  6.1979048200  1.0998349200
  6.0555832300  0.7674714920
  6.1390330700  0.7683882710
  6.2078835900  1.1815222500
  6.0260608100  1.2360787400
  5.9042608600  0.8532655840
  5.8311235800  1.1203699100
  5.7996513700  1.0269918400
  5.9429266400  1.2154419400
  5.8635961900  0.8580016490
  5.9759800300  1.3022993800
  6.2184369500  0.9659720060
  6.0118720400  0.8404302600
  6.3007519100  0.9044647220
  6.1854464900  0.7504215840
  5.7920196000  1.0874433500
  5.7493593600  1.1512713400
  5.9549252900  0.8471481800
  5.8842318000  0.8930872080
  6.1740138400  0.8000743990
  5.8310177200  0.9757475260
  6.0346844100  1.1942396200
  5.9800202800  1.2513043900
  6.0579607400  0.8159245850
  6.2536737800  0.8857793810
  5.8768918400  1.1028106200
  6.1150276600  1.1383460800
  6.0975882900  0.7921658160
  6.2214319600  1.0612599800
  5.9548714100  1.1654404400
  6.2152240200  0.9157660600
  6.2205073700  1.0176005400
  5.9862554000  0.8877532480
  5.8400967000  1.0686143600
  5.9332549500  0.8913745880
  6.1006767700  0.8463104960
  5.9083177900  0.9350230100
  6.0133187700  1.3239179800
  5.8806016300  0.9768565300
  5.9227235200  1.0864987400
  5.9607970600  1.1173809800
  6.2085072900  0.8685843350
  5.9920327600  1.2009241600
  6.2214481700  0.7900593880
  6.0710198800  1.1679933100
  6.1747472200  1.0505359200
  6.1742069600  0.9946452980
  6.2676379600  1.0440179100
  6.1722400100  0.9413719770
  6.0308010500  0.8813024760
  5.8557426800  1.0195624800
  5.8871147500  1.0549948200
  6.1341941300  0.8113569020
  5.9372417800  0.9868943100
  6.1605379500  0.8507528900
  6.0117442500  1.1427525300
  6.0546066700  0.8551656600
  5.9681208000  1.0756568900
  5.9326250500  1.0414238000
  5.9654829400  0.9350464340
  6.2430345900  0.8358128070
  6.1768825000  0.8962387440
  6.0668003500  1.1149925000
  6.1477220000  1.0992202800
  6.0284154300  0.9269635680
  6.1211793300  0.9709452990
  5.8986651800  1.0159463900
  6.0707657200  0.8915961380
  6.1263530200  0.9046188590
  6.1053435700  1.0957201700
  6.2015082700  0.8290567990
  6.1221611400  1.0592392700
  6.1370527600  1.0195043100
  6.0029389800  0.9805947540
  6.0747301500  1.0663185100
  6.0929896700  1.0200864100
  5.9836718900  1.0317288600
  6.2916514800  0.8505524400
  6.0395328900  1.0259044200
  6.0193126100  1.0800185200
  6.0612075200  0.9766017790
  6.0815842100  0.9341451530
  5.9899938000  1.1039521700
