       2       0       1       1   10111
       5       0       1       1   10111
      19       0       1       1   10111
      21       0       1       1   10111
      22       0       1       1   10111
      47       0       1       1   10111
      50       0       1       1   10111
      52       0       1       1   10111
      55       0       1       1   10111
      56       0       1       1   10111
      62       0       1       1   10111
      84       0       1       1   10111
      85       0       1       1   10111
      88       0       1       1   10111
      90       0       1       1   10111
      92       0       1       1   10111
      93       0       1       1   10111
      94       0       1       1   10111
      96       0       1       1   10111
      98       0       1       1   10111
     100       0       1       1   10111
     101       0       1       1   10111
     102       0       1       1   10111
     104       0       1       1   10111
     122       0       1       1   10111
     141       0       1       1   10111
     144       0       1       1   10111
     146       0       1       1   10111
     153       0       1       1   10111
     168       0       1       1   10111
     232       0       1       1   10111
      18       0       1       1   10000
      39       0       1       1   10000
      40       0       1       1   10000
      41       0       1       1   10000
      43       0       1       1   10000
      44       0       1       1   10000
      45       0       1       1   10000
      76       0       1       1   10000
      77       0       1       1   10000
      78       0       1       1   10000
      80       0       1       1   10000
      82       0       1       1   10000
     129       0       1       1   10000
     224       0       1       1   10000
     226       0       1       1   10000
     228       0       1       1   10000
       4       0       1       1   10000
       6       0       1       1   10000
      31       0       1       1   10000
      46       0       1       1   10000
      63       0       1       1   10000
      64       0       1       1   10000
      65       0       1       1   10000
      66       0       1       1   10000
      69       0       1       1   10000
      70       0       1       1   10000
      72       0       1       1   10000
      74       0       1       1   10000
     117       0       1       1   10000
     121       0       1       1   10000
     220       0       1       1   10000
     222       0       1       1   10000
     731       0       1       1   10000
     733       0       1       1   10000
     758       0       1       1   10000
     773       0       1       1   10000
     790       0       1       1   10000
     791       0       1       1   10000
     792       0       1       1   10000
     793       0       1       1   10000
     796       0       1       1   10000
     797       0       1       1   10000
     799       0       1       1   10000
     801       0       1       1   10000
     844       0       1       1   10000
     848       0       1       1   10000
     947       0       1       1   10000
     949       0       1       1   10000
     731       0       1       1   10000
     733       0       1       1   10000
     758       0       1       1   10000
     773       0       1       1   10000
     790       0       1       1   10000
     791       0       1       1   10000
     792       0       1       1   10000
     793       0       1       1   10000
     796       0       1       1   10000
     797       0       1       1   10000
     799       0       1       1   10000
     801       0       1       1   10000
     844       0       1       1   10000
     848       0       1       1   10000
     947       0       1       1   10000
     949       0       1       1   10000
     731       0       1       1   10000
     733       0       1       1   10000
     758       0       1       1   10000
     773       0       1       1   10000
     790       0       1       1   10000
     791       0       1       1   10000
     792       0       1       1   10000
     793       0       1       1   10000
     796       0       1       1   10000
     797       0       1       1   10000
     799       0       1       1   10000
     801       0       1       1   10000
     844       0       1       1   10000
     848       0       1       1   10000
     947       0       1       1   10000
     949       0       1       1   10000
