599
599
599
599
599
597
597
597
597
597
597
597
593
593
593
592
592
592
607
607
607
607
607
606
606
606
606
600
600
600
600
601
601
601
601
601
576
576
576
576
576
576
576
577
577
583
583
583
583
582
582
582
582
590
590
590
590
590
590
590
591
586
591
591
591
586
586
587
587
587
587
587
630
630
630
631
631
631
631
626
626
626
626
627
627
627
627
634
634
634
634
634
634
634
634
635
635
635
636
636
636
636
636
637
637
637
637
637
637
611
611
611
612
612
611
611
611
611
612
612
612
615
615
616
616
616
616
616
616
617
617
617
617
623
623
623
623
623
622
622
622
622
574
573
573
573
573
573
572
572
572
572
568
568
568
568
568
563
563
563
563
563
562
562
562
562
562
562
562
564
564
564
564
564
567
567
567
567
557
557
557
557
556
556
556
556
556
553
553
553
553
552
552
552
552
547
547
547
547
547
546
546
546
546
546
546
546
549
549
549
549
549
549
549
535
535
535
535
534
534
534
528
528
528
529
529
529
529
529
529
529
543
543
543
543
543
543
542
542
542
537
537
537
537
536
536
536
536
525
525
524
524
524
524
521
521
521
521
521
521
521
521
521
520
520
520
520
520
517
517
516
516
516
516
516
512
512
512
513
513
513
644
644
644
644
644
644
645
645
642
642
642
642
643
643
643
643
643
643
643
643
643
643
643
648
648
648
648
648
655
655
655
655
655
655
655
660
660
661
661
661
661
661
661
661
661
661
657
657
657
659
659
659
659
659
669
669
669
669
668
668
668
668
668
664
664
667
667
667
664
667
667
680
680
680
680
680
681
681
681
681
681
685
685
685
685
685
684
684
684
684
672
672
672
673
673
673
673
679
679
679
679
679
678
678
678
678
678
703
703
702
702
702
702
702
702
702
697
697
697
697
696
696
696
696
696
696
696
689
689
689
688
693
693
693
693
693
693
692
692
692
692
692
736
736
737
737
737
737
737
737
741
741
741
741
740
740
740
740
740
750
750
750
750
751
751
751
751
751
745
745
745
745
745
744
744
744
744
752
752
752
752
752
753
753
753
753
753
756
756
756
756
756
756
756
762
762
762
762
762
763
763
763
763
763
765
765
765
765
764
764
764
764
764
764
715
715
715
715
714
714
718
718
718
718
718
719
719
719
719
719
719
704
704
705
705
705
705
708
708
708
711
711
711
711
710
710
710
710
710
710
726
726
727
727
727
727
721
721
721
722
722
722
722
722
722
732
732
732
733
733
733
733
733
728
728
728
728
729
729
729
729
1018
1018
1018
1018
1018
1019
1019
1019
1019
1022
1022
1022
1022
1022
1023
1023
1023
1023
1015
1015
1015
1015
1014
1014
1014
1014
1011
1011
1011
1010
1010
1010
1010
1010
998
998
998
998
998
998
998
999
999
999
999
994
994
994
994
994
994
994
994
994
1002
1002
1002
1002
1003
1003
1003
1003
1003
1007
1007
1007
1004
1004
1004
1004
1004
967
967
967
967
967
967
967
966
966
966
966
962
962
960
960
960
968
968
968
968
968
968
969
969
969
969
969
969
973
973
973
973
973
985
985
985
985
985
985
984
984
984
984
984
984
988
988
988
988
989
989
989
989
989
989
983
983
983
982
982
982
982
982
982
978
978
978
978
979
979
979
979
979
979
923
923
922
922
922
922
924
924
924
924
925
925
925
925
925
916
916
916
916
917
917
917
915
915
915
915
915
915
914
914
914
914
914
904
904
904
904
904
904
905
905
905
905
910
910
910
911
911
911
900
900
900
900
901
901
901
901
901
896
896
896
896
896
896
896
897
897
897
897
933
933
933
932
932
932
932
928
928
928
928
928
928
929
929
937
937
937
937
937
937
936
936
936
936
943
943
943
942
942
942
942
942
950
950
950
951
951
951
951
951
946
946
946
946
946
946
946
947
947
947
947
956
956
956
956
957
957
957
957
955
955
955
955
955
955
955
833
833
833
833
833
832
832
832
832
832
832
839
839
839
837
837
837
846
846
846
846
846
846
846
847
847
847
847
840
840
840
841
841
841
841
841
853
853
853
853
853
855
855
855
855
849
849
849
848
848
848
848
848
859
859
859
859
859
859
859
859
859
859
861
861
861
860
860
860
860
860
860
873
873
873
873
873
873
878
878
878
878
878
878
879
879
879
879
879
869
869
869
868
868
868
867
867
867
867
867
867
867
864
864
864
864
864
864
885
885
885
885
885
885
882
882
882
882
882
883
883
883
883
883
893
893
893
893
893
892
892
892
892
890
890
890
890
890
890
891
891
831
831
831
831
831
831
830
830
830
830
830
830
828
828
828
829
829
829
829
822
822
822
822
822
822
823
823
823
816
816
816
816
816
817
817
817
813
813
813
813
809
809
809
809
809
809
809
808
808
808
808
808
808
804
804
804
805
805
805
805
805
805
803
803
803
802
802
802
802
802
802
802
780
780
780
780
780
781
781
781
781
781
777
777
777
776
776
772
772
772
772
773
773
773
773
773
773
773
768
768
768
768
768
769
769
769
769
769
792
792
792
793
793
793
793
796
796
796
796
796
798
798
798
784
784
784
784
785
785
785
785
785
785
789
789
789
789
788
788
788
788
100
100
100
100
100
101
101
101
101
101
98
98
98
98
99
99
99
99
99
105
105
105
105
105
104
104
104
104
108
108
108
109
109
109
109
118
118
118
118
119
119
119
119
114
114
114
114
114
115
115
115
115
115
115
121
121
121
122
122
122
124
124
124
124
124
124
125
125
125
125
125
125
92
92
92
93
93
93
93
93
93
89
89
89
89
89
89
88
88
88
88
83
82
82
82
82
86
86
86
86
86
87
87
87
87
87
74
74
74
74
74
74
74
78
78
78
78
78
79
79
79
79
79
79
68
68
68
68
68
69
69
65
65
65
65
64
64
64
64
64
37
37
37
37
37
37
36
36
36
39
39
39
39
38
38
38
38
38
46
46
46
46
47
47
47
47
47
47
43
43
43
43
43
43
42
42
42
42
42
58
58
58
58
61
61
61
61
61
61
61
61
51
51
51
51
51
50
50
50
50
50
50
50
53
53
53
53
53
53
52
52
52
52
4
4
4
4
5
5
3
3
3
3
2
2
2
2
2
2
9
9
9
9
9
8
8
8
8
8
14
14
15
15
15
15
15
29
29
29
29
28
28
28
28
28
26
26
26
26
27
27
27
27
27
27
17
17
17
17
17
17
16
16
20
20
20
20
21
21
21
21
21
133
133
133
133
133
133
132
132
132
132
131
131
131
131
130
130
130
130
130
136
136
137
137
137
137
137
137
137
137
143
143
143
143
143
143
146
146
146
146
146
147
147
147
147
149
149
149
148
148
148
148
148
154
154
154
154
154
155
155
155
155
155
156
156
156
157
157
157
157
157
157
161
161
161
161
161
161
160
160
160
160
160
160
160
167
167
167
167
175
175
175
175
174
174
174
168
168
168
169
169
169
169
169
169
177
177
177
177
177
177
177
177
177
180
180
180
180
180
183
183
183
182
182
182
182
188
188
188
188
188
184
184
184
184
184
184
184
184
185
185
185
246
246
246
246
246
247
247
247
247
241
241
241
241
240
240
240
240
248
248
248
248
249
249
249
249
249
249
249
254
254
254
254
254
254
254
254
239
239
239
239
238
238
238
238
232
232
232
233
233
233
233
233
233
231
231
230
230
230
230
230
225
225
225
225
225
225
224
224
224
224
224
224
200
200
200
200
207
207
207
207
207
207
207
207
207
204
204
197
197
197
197
197
196
196
196
196
196
194
194
194
194
194
194
194
220
220
220
220
221
221
221
221
221
221
221
217
217
217
216
216
216
212
212
212
212
212
213
213
213
213
211
211
211
211
211
211
211
210
210
210
210
210
210
266
266
266
266
266
266
266
268
268
268
268
268
262
262
262
262
262
262
262
262
263
263
263
263
258
258
258
258
258
287
287
287
259
259
287
287
286
286
286
286
286
286
281
281
281
280
280
280
280
280
280
272
272
272
272
272
272
276
276
276
276
276
276
277
277
277
319
319
319
319
319
319
319
318
318
318
318
312
312
312
313
313
313
313
306
306
306
306
306
306
307
307
307
307
310
310
310
310
310
311
311
289
289
289
289
289
289
289
288
288
288
288
288
294
294
294
294
294
294
301
301
301
301
300
300
302
302
302
302
297
297
297
297
297
297
297
297
297
379
379
379
379
379
378
378
378
380
380
380
380
381
381
381
381
381
381
375
375
375
375
374
374
374
374
368
368
368
368
368
368
368
368
357
357
357
357
357
356
356
356
356
355
355
355
355
354
354
354
354
354
354
354
364
364
364
365
365
365
365
362
362
362
362
362
362
363
323
323
323
323
323
323
321
321
321
324
324
325
325
325
325
325
324
324
324
324
333
333
333
333
333
333
332
332
332
332
329
329
329
328
328
328
328
341
341
341
341
340
340
340
340
340
338
338
338
338
338
339
339
339
349
349
349
349
349
349
348
348
348
346
346
346
346
346
346
346
347
347
347
347
445
445
445
445
445
445
440
440
440
440
440
440
441
441
441
441
434
434
434
434
434
435
435
435
435
438
438
438
438
438
439
439
439
439
417
417
417
417
417
416
416
416
422
422
422
422
422
423
423
423
423
423
428
428
428
428
429
429
429
429
424
424
424
424
425
425
425
425
394
394
394
394
394
395
395
395
395
396
396
396
396
396
397
397
397
397
397
385
385
385
385
385
385
385
384
390
390
391
391
391
391
391
400
400
400
400
401
401
401
401
401
401
401
407
407
407
407
407
406
406
406
406
408
408
408
408
409
409
413
413
413
413
413
413
413
412
412
412
412
455
455
455
455
454
454
454
454
454
454
454
454
448
449
449
449
449
449
456
456
457
457
457
457
457
457
457
461
461
461
461
460
460
460
470
470
470
470
471
471
471
471
471
471
471
471
464
464
464
465
465
465
465
475
475
475
475
474
474
474
474
474
474
478
478
478
478
479
479
479
479
497
497
497
497
496
496
496
496
496
502
502
502
502
503
503
503
503
505
505
505
505
505
504
504
504
504
504
509
509
509
508
508
508
508
508
481
481
481
480
480
480
480
480
487
487
487
487
487
487
486
486
486
486
486
486
486
494
494
494
494
489
489
489
490
490
490
490
490
490
490
599
599
599
599
599
597
597
597
597
597
597
597
593
593
593
592
592
607
607
607
607
607
607
606
606
606
600
600
600
600
600
601
601
601
601
601
576
576
576
576
576
576
576
577
577
583
583
583
583
582
582
582
582
590
590
590
590
590
590
591
591
586
591
591
591
586
586
587
587
587
587
587
630
630
630
631
631
631
631
626
626
626
626
627
627
627
627
634
634
634
634
634
634
634
634
635
635
635
636
636
636
636
636
637
637
637
637
637
611
611
611
611
612
612
611
611
611
612
612
612
612
615
615
616
616
616
616
616
616
617
617
617
623
623
623
623
623
622
622
622
622
622
574
573
573
573
573
573
572
572
572
572
568
568
568
568
568
563
563
563
563
563
562
562
562
562
562
562
562
564
564
564
564
564
567
567
567
567
557
557
557
557
556
556
556
556
556
553
553
553
553
552
552
552
552
547
547
547
547
546
546
546
546
546
546
546
548
549
549
549
549
549
549
535
535
535
535
534
534
534
534
528
528
528
529
529
529
529
529
529
529
543
543
543
543
543
543
542
542
537
537
537
537
537
536
536
536
536
525
525
524
524
524
524
521
521
521
521
521
521
521
520
520
520
520
520
520
520
517
517
516
516
516
516
516
512
512
512
513
513
513
644
644
644
644
644
644
645
645
642
642
642
642
643
643
643
643
643
643
643
643
643
643
648
648
648
648
648
648
655
655
655
655
655
655
655
660
660
661
661
661
661
661
661
661
661
661
657
657
657
659
659
659
659
669
669
669
669
669
668
668
668
668
668
664
664
667
667
664
664
667
680
680
680
680
680
680
681
681
681
681
681
685
685
685
685
685
684
684
684
684
672
672
672
673
673
673
679
679
679
679
679
678
678
678
678
678
703
703
703
702
702
702
702
702
702
702
697
697
697
696
696
696
696
696
696
696
689
689
689
688
688
693
693
693
693
693
693
692
692
692
692
692
736
736
737
737
737
737
737
737
741
741
741
741
740
740
740
740
740
750
750
750
751
751
751
751
751
751
745
745
745
745
744
744
744
744
752
752
752
752
752
753
753
753
753
753
756
756
756
756
756
756
756
756
762
762
762
762
762
763
763
763
763
763
765
765
765
764
764
764
764
764
764
715
715
715
715
715
714
714
718
718
718
718
718
719
719
719
719
719
704
704
704
705
705
705
705
708
708
708
711
711
711
711
710
710
710
710
710
726
726
727
727
727
727
727
721
721
721
722
722
722
722
722
722
732
732
732
733
733
733
733
733
728
728
728
728
729
729
729
729
1018
1018
1018
1018
1018
1019
1019
1019
1019
1022
1022
1022
1022
1022
1023
1023
1023
1023
1015
1015
1015
1015
1014
1014
1014
1014
1011
1011
1011
1010
1010
1010
1010
1010
998
998
998
998
998
998
998
999
999
999
999
994
994
994
994
994
994
994
994
994
1002
1002
1002
1002
1003
1003
1003
1003
1003
1007
1007
1007
1004
1004
1004
1004
1004
967
967
967
967
967
967
967
966
966
966
966
962
962
960
960
960
968
968
968
968
968
968
969
969
969
969
969
969
973
973
973
973
973
985
985
985
985
985
984
984
984
984
984
984
984
988
988
988
988
989
989
989
989
989
983
983
983
983
982
982
982
982
982
982
978
978
978
978
979
979
979
979
979
979
923
923
922
922
922
922
924
924
924
925
925
925
925
925
925
916
916
916
917
917
917
917
915
915
915
915
915
914
914
914
914
914
904
904
904
904
904
904
904
905
905
905
905
910
910
911
911
911
911
900
900
900
900
901
901
901
901
901
896
896
896
896
896
896
897
897
897
897
933
933
933
932
932
932
932
928
928
928
928
928
928
929
929
929
937
937
937
937
937
936
936
936
936
943
943
943
943
942
942
942
942
950
950
950
950
951
951
951
951
951
946
946
946
946
946
946
946
947
947
947
956
956
956
956
957
957
957
957
957
955
955
955
955
955
955
955
833
833
833
833
833
832
832
832
832
832
832
839
839
839
837
837
837
846
846
846
846
846
846
846
847
847
847
847
840
840
840
841
841
841
841
841
853
853
853
853
853
855
855
855
855
849
849
849
848
848
848
848
848
859
859
859
859
859
859
859
859
859
859
861
861
861
860
860
860
860
860
860
873
873
873
873
873
873
878
878
878
878
878
878
879
879
879
879
879
869
869
869
868
868
868
867
867
867
867
867
867
867
864
864
864
864
864
864
885
885
885
885
885
882
882
882
882
882
882
883
883
883
883
883
893
893
893
893
893
892
892
892
890
890
890
890
890
890
891
891
891
831
831
831
831
831
830
830
830
830
830
830
830
828
828
828
829
829
829
829
822
822
822
822
822
822
823
823
823
816
816
816
816
816
817
817
817
813
813
813
813
809
809
809
809
809
809
809
808
808
808
808
808
808
804
804
804
805
805
805
805
805
805
803
803
803
802
802
802
802
802
802
780
780
780
780
780
781
781
781
781
781
777
777
777
777
776
776
772
772
772
772
773
773
773
773
773
773
773
768
768
768
768
768
769
769
769
769
769
792
792
792
793
793
793
793
796
796
796
796
798
798
798
798
784
784
784
784
785
785
785
785
785
785
789
789
789
788
788
788
788
788
100
100
100
100
100
101
101
101
101
101
98
98
98
98
99
99
99
99
99
105
105
105
105
105
104
104
104
104
108
108
108
109
109
109
109
118
118
118
118
119
119
119
119
114
114
114
114
114
115
115
115
115
115
115
121
121
121
122
122
122
124
124
124
124
124
124
125
125
125
125
125
92
92
92
92
93
93
93
93
93
89
89
89
89
89
89
89
88
88
88
88
83
82
82
82
86
86
86
86
86
86
87
87
87
87
87
74
74
74
74
74
74
74
78
78
78
78
78
79
79
79
79
79
79
68
68
68
68
69
69
69
65
65
65
65
64
64
64
64
64
37
37
37
37
37
36
36
36
36
39
39
39
39
38
38
38
38
38
46
46
46
46
47
47
47
47
47
43
43
43
43
43
43
43
42
42
42
42
42
58
58
58
58
61
61
61
61
61
61
61
61
51
51
51
51
51
50
50
50
50
50
50
50
53
53
53
53
53
53
52
52
52
52
4
4
4
5
5
5
3
3
3
3
2
2
2
2
2
9
9
9
9
9
9
8
8
8
8
8
14
14
15
15
15
15
15
29
29
29
28
28
28
28
28
26
26
26
26
26
27
27
27
27
27
17
17
17
17
17
17
16
16
16
20
20
20
20
21
21
21
21
21
133
133
133
133
133
133
132
132
132
132
131
131
131
130
130
130
130
130
130
136
136
137
137
137
137
137
137
137
143
143
143
143
143
143
143
146
146
146
146
146
147
147
147
147
149
149
149
148
148
148
148
148
154
154
154
154
154
155
155
155
155
155
156
156
156
157
157
157
157
157
157
161
161
161
161
161
161
160
160
160
160
160
160
166
167
167
167
167
175
175
175
175
174
174
174
168
168
168
169
169
169
169
169
169
177
177
177
177
177
177
177
177
177
180
180
180
180
183
183
183
183
182
182
182
182
188
188
188
188
188
184
184
184
184
184
184
184
184
185
185
185
246
246
246
246
246
247
247
247
247
241
241
241
241
240
240
240
240
248
248
248
248
249
249
249
249
249
249
249
254
254
254
254
254
254
254
239
239
239
239
238
238
238
238
238
232
232
232
233
233
233
233
233
233
231
231
230
230
230
230
230
225
225
225
225
225
224
224
224
224
224
224
200
200
200
200
200
207
207
207
207
207
207
207
207
204
204
204
197
197
197
197
197
196
196
196
196
194
194
194
194
194
194
194
194
220
220
220
220
221
221
221
221
221
221
217
217
217
217
216
216
216
212
212
212
212
213
213
213
213
213
211
211
211
211
211
211
210
210
210
210
210
210
265
266
266
266
266
266
266
269
268
268
268
268
268
262
262
262
262
262
262
262
262
263
263
263
263
258
258
258
258
258
287
287
259
259
259
287
287
286
286
286
286
286
286
281
281
281
280
280
280
280
280
272
272
272
272
272
272
272
276
276
276
276
276
276
277
277
277
319
319
319
319
319
319
318
318
318
318
318
312
312
313
313
313
313
313
306
306
306
306
306
306
307
307
307
307
310
310
310
310
311
311
289
289
289
289
289
289
289
289
288
288
288
288
288
294
294
294
294
294
301
301
301
301
300
300
302
302
302
302
302
297
297
297
297
297
297
297
297
297
379
379
379
379
379
378
378
378
380
380
380
381
381
381
381
381
381
375
375
375
375
375
374
374
374
374
368
368
368
368
368
368
368
368
357
357
357
357
357
356
356
356
356
355
355
355
355
354
354
354
354
354
354
364
364
364
365
365
365
365
365
362
362
362
362
362
363
363
323
323
323
323
323
323
321
321
321
324
324
325
325
325
325
325
324
324
324
333
333
333
333
333
333
333
332
332
332
332
329
329
328
328
328
328
328
341
341
341
341
340
340
340
340
340
338
338
338
338
338
339
339
339
349
349
349
349
349
349
348
348
348
346
346
346
346
346
346
346
347
347
347
347
445
445
445
445
445
445
440
440
440
440
440
441
441
441
441
441
434
434
434
434
434
435
435
435
435
438
438
438
438
438
439
439
439
439
417
417
417
417
417
416
416
416
422
422
422
422
422
423
423
423
423
423
428
428
428
428
429
429
429
429
424
424
424
424
425
425
425
425
394
394
394
394
394
395
395
395
395
396
396
396
396
396
397
397
397
397
397
385
385
385
385
385
385
384
384
390
390
391
391
391
391
391
400
400
400
400
401
401
401
401
401
401
401
407
407
407
407
407
406
406
406
406
408
408
408
408
409
409
413
413
413
413
413
413
412
412
412
412
455
455
455
455
455
454
454
454
454
454
454
454
454
448
449
449
449
449
449
456
456
457
457
457
457
457
457
457
461
461
461
461
460
460
460
470
470
470
470
471
471
471
471
471
471
471
471
464
464
464
465
465
465
465
475
475
475
475
474
474
474
474
474
478
478
478
478
478
479
479
479
479
497
497
497
497
496
496
496
496
496
502
502
502
502
503
503
503
503
505
505
505
505
505
504
504
504
504
504
509
509
509
508
508
508
508
508
481
481
481
480
480
480
480
480
487
487
487
487
487
487
486
486
486
486
486
486
486
494
494
494
494
489
489
489
490
490
490
490
490
490
490
599
599
599
599
599
597
597
597
597
597
597
593
593
593
593
592
592
607
607
607
607
607
606
606
606
606
600
600
600
600
600
601
601
601
601
601
576
576
576
576
576
576
576
577
577
583
583
583
583
582
582
582
582
590
590
590
590
590
590
591
591
586
586
586
591
586
586
586
587
586
586
587
630
630
630
631
631
631
631
626
626
626
626
627
627
627
627
627
634
634
634
634
634
634
635
635
635
635
635
636
636
636
636
637
637
637
637
610
610
611
611
611
611
612
612
611
611
612
612
612
612
615
615
616
616
616
616
616
616
617
617
617
623
623
623
623
622
622
622
622
622
574
574
573
573
573
573
573
572
572
572
572
568
568
568
568
568
568
568
563
563
562
562
562
562
562
562
562
562
564
564
564
564
567
567
567
567
557
557
557
557
557
556
556
556
556
556
553
553
553
553
552
552
552
552
547
547
547
547
546
546
546
546
546
546
546
548
548
549
549
549
549
535
535
535
535
534
534
534
534
534
528
528
531
529
529
528
529
529
529
529
543
543
543
543
543
542
542
542
537
537
537
537
537
536
536
536
536
525
525
525
525
524
524
524
521
521
521
521
521
521
520
520
520
520
520
520
517
517
517
516
516
516
516
516
512
512
512
513
513
513
644
644
644
644
644
645
645
645
642
642
642
642
642
642
643
643
643
651
651
651
651
651
648
648
648
648
648
648
648
648
648
655
655
655
660
660
660
660
660
661
661
661
661
661
661
657
657
657
657
659
659
659
669
669
669
669
669
668
668
668
668
668
664
664
664
667
664
664
667
667
680
680
680
680
680
681
681
681
681
681
681
681
685
685
685
685
684
684
684
672
672
672
672
673
673
673
679
679
679
679
679
678
678
678
678
703
703
703
703
703
702
702
702
702
702
702
697
697
697
696
696
696
696
696
696
689
689
688
688
688
688
688
693
693
693
693
693
692
692
692
692
692
736
736
737
737
737
737
737
737
741
741
741
741
740
740
740
740
750
750
750
750
751
751
751
751
751
751
745
745
745
744
744
744
744
752
752
752
752
752
753
753
753
753
753
756
756
756
756
756
756
756
756
762
762
762
762
762
762
763
763
763
763
763
765
764
764
764
764
764
764
764
764
715
715
715
715
714
714
714
718
718
718
718
718
718
718
719
719
719
704
704
704
705
705
705
705
708
708
708
708
711
711
711
710
710
726
726
726
726
726
727
727
727
727
727
721
721
721
722
722
722
722
722
722
722
732
732
732
733
733
733
733
728
728
728
728
729
729
729
729
729
1018
1018
1018
1018
1019
1019
1019
1019
1022
1022
1022
1022
1022
1023
1023
1023
1023
1015
1015
1015
1015
1015
1014
1014
1014
1014
1014
1011
1010
1010
1010
1010
1010
998
998
998
998
998
998
998
999
999
999
999
999
994
994
994
994
994
995
995
1002
1002
1002
1002
1002
1003
1003
1003
1003
1003
1007
1007
1007
1004
1004
1004
1004
1004
967
967
967
967
967
967
966
966
966
966
962
962
962
960
960
960
960
968
968
968
968
970
970
969
969
969
969
969
973
973
973
973
973
985
985
985
985
985
984
984
984
984
984
984
984
988
988
988
988
989
989
989
989
983
983
983
983
983
983
983
982
982
982
978
978
978
978
978
979
979
979
979
979
923
923
923
923
922
922
922
924
924
924
925
925
925
925
925
916
916
916
916
917
917
917
917
917
915
915
915
915
914
914
914
914
914
904
904
904
904
904
904
904
905
905
905
910
910
910
911
911
911
911
911
900
900
900
900
901
901
901
901
901
896
896
896
896
897
897
897
933
933
933
933
932
932
932
932
932
928
928
928
928
928
929
929
929
929
929
929
937
937
936
936
936
936
936
943
943
943
943
943
942
942
942
950
950
950
950
951
951
951
951
951
951
946
951
946
946
946
946
947
947
947
956
956
956
956
957
957
957
957
954
955
955
955
955
955
955
955
833
833
833
833
833
833
833
832
832
832
839
839
839
839
839
837
837
837
846
846
846
846
846
846
847
847
847
847
840
840
840
841
841
841
841
841
841
853
853
853
853
855
855
855
855
849
849
849
849
848
848
848
848
859
859
859
859
858
858
858
858
861
861
861
861
861
860
860
860
860
860
873
873
873
873
873
873
873
872
872
872
878
878
878
879
879
879
879
879
869
869
869
868
868
866
867
867
867
867
867
867
867
864
864
864
864
864
885
884
884
884
884
884
884
882
882
882
882
882
882
883
883
883
883
883
893
893
893
893
892
892
892
890
890
890
890
890
890
891
891
891
831
831
831
831
831
830
830
830
830
830
830
830
828
828
828
828
829
829
829
822
822
822
822
822
822
822
823
823
816
816
816
816
816
817
817
817
813
813
813
813
813
812
812
809
809
809
809
809
808
808
808
808
808
808
804
804
804
805
805
805
805
805
805
803
803
802
802
802
802
802
780
780
780
780
780
781
781
781
781
781
781
777
777
777
777
776
776
772
772
772
772
772
773
773
773
773
773
768
768
768
768
768
768
769
769
769
769
792
792
792
792
793
793
793
793
793
796
796
798
798
798
798
798
784
784
784
784
784
784
785
785
785
785
785
789
789
788
788
788
788
788
100
100
100
100
101
101
101
101
101
101
98
98
98
99
99
99
99
99
105
105
105
105
105
104
104
104
104
108
108
108
108
108
109
109
109
109
118
118
118
118
119
119
119
119
114
114
114
114
114
114
115
115
115
115
121
121
121
122
122
122
122
124
124
124
124
124
125
125
125
125
125
92
92
92
92
92
93
93
93
93
89
89
89
89
89
89
88
88
88
88
88
83
83
82
82
86
86
86
86
86
86
86
86
87
87
87
87
87
74
74
74
74
74
74
78
78
78
78
79
79
79
79
79
79
79
68
68
69
69
69
69
69
65
65
65
64
64
64
64
64
64
37
37
37
37
36
36
36
36
39
39
39
39
38
38
38
38
38
46
46
46
46
47
47
47
47
47
43
43
43
43
43
43
43
42
42
42
42
42
58
58
58
58
59
59
61
61
61
61
61
61
61
61
51
51
51
50
50
50
50
50
50
53
53
53
53
53
53
52
52
52
52
52
4
4
5
5
5
5
5
3
3
3
3
2
2
2
9
9
9
9
9
9
9
9
8
8
8
8
14
14
14
14
15
15
15
29
29
29
28
28
28
28
28
26
26
26
26
26
27
27
27
27
17
17
17
17
17
17
16
16
16
20
20
20
20
20
20
21
21
21
21
133
133
133
133
133
132
132
132
132
131
131
131
131
130
130
130
130
130
130
136
136
137
137
137
137
137
137
143
143
143
143
143
143
143
146
146
146
146
146
146
146
146
147
147
149
149
149
148
148
148
148
148
148
154
154
154
154
155
155
155
155
155
156
156
156
156
157
157
157
157
157
161
161
161
161
161
160
160
160
160
160
166
166
166
166
167
167
167
175
175
175
175
174
174
174
168
168
168
169
169
169
169
169
169
177
177
177
177
177
176
177
180
180
180
180
183
183
183
183
183
183
182
182
182
182
188
188
188
188
188
184
184
184
184
184
184
184
185
185
185
185
246
246
246
246
246
247
247
247
247
241
241
241
241
240
240
240
240
248
248
248
248
248
249
249
249
249
249
249
254
254
254
254
254
254
239
239
239
239
238
238
238
238
238
238
232
232
232
233
233
233
233
233
233
231
231
231
230
230
230
230
225
225
225
224
224
224
224
224
224
200
200
200
200
200
200
200
206
207
207
207
207
207
207
207
204
204
204
197
197
197
197
197
196
196
195
195
195
194
194
194
194
194
194
194
220
220
220
220
221
221
221
221
221
217
217
217
217
217
216
216
216
216
212
212
212
213
213
213
213
213
211
211
211
211
211
210
210
210
210
210
265
265
265
265
265
266
266
266
269
269
269
269
269
269
268
268
268
262
262
262
262
262
262
263
263
263
263
258
258
258
258
259
287
259
259
259
259
287
287
286
286
286
286
286
286
281
281
281
280
280
280
280
272
272
272
272
272
272
272
272
276
276
276
276
276
276
277
277
277
277
319
319
319
318
318
318
318
318
318
312
312
313
313
313
313
313
313
306
306
306
306
306
306
307
307
307
307
310
310
310
311
311
311
289
289
289
289
289
289
289
288
288
288
288
288
288
294
294
294
294
294
301
301
301
301
300
300
302
302
302
302
302
302
296
296
297
297
296
296
297
297
379
379
379
379
379
378
378
378
378
380
381
381
381
381
381
381
375
375
375
375
374
374
374
374
374
374
369
368
368
368
368
368
368
357
357
357
357
357
356
356
356
356
356
355
355
355
354
354
354
354
354
354
364
364
364
365
365
365
365
365
365
362
362
362
363
363
363
363
363
363
323
323
323
323
321
321
321
324
324
325
325
325
325
325
324
324
326
333
333
333
333
333
333
333
332
332
332
332
329
329
328
328
328
328
328
341
341
341
341
340
340
340
340
340
340
338
338
338
338
339
339
339
339
349
349
349
349
348
348
348
348
346
346
346
346
346
346
346
347
347
347
347
445
445
445
445
445
440
440
440
440
440
440
441
441
441
441
441
434
434
434
434
434
435
435
435
438
438
438
438
438
439
439
439
439
417
417
417
417
417
417
416
416
416
416
422
422
422
422
423
423
423
423
423
428
428
428
428
429
429
429
429
424
424
424
424
425
425
425
425
425
394
394
394
394
395
395
395
395
396
396
396
396
396
397
397
397
397
397
385
385
385
385
384
384
384
390
390
390
391
391
391
391
391
391
400
400
400
400
401
401
401
401
401
401
401
407
407
407
407
406
406
406
408
408
408
408
409
409
409
409
409
413
413
412
412
412
412
412
412
455
455
455
455
455
454
454
454
454
454
454
454
454
448
449
449
449
449
449
456
456
456
456
457
457
457
457
457
461
461
461
461
460
460
460
460
460
470
470
471
471
471
471
471
471
471
464
464
464
464
465
465
465
465
475
475
475
475
475
474
474
474
474
478
478
478
478
478
479
479
479
479
497
497
497
497
496
496
496
496
502
502
502
502
502
503
503
503
503
503
505
505
505
505
504
504
504
504
509
509
509
509
509
508
508
508
508
481
481
481
481
481
480
480
480
487
487
484
487
487
487
487
486
486
486
486
486
494
494
494
494
489
489
489
489
490
490
490
490
490
490
491
598
598
599
599
599
599
599
593
597
597
593
593
593
592
592
592
592
592
607
607
607
607
606
606
606
606
600
600
600
600
600
600
602
601
601
601
576
576
576
577
577
577
577
577
577
583
583
583
583
582
582
582
582
590
590
590
590
590
591
591
591
591
586
586
591
586
586
586
586
586
630
630
630
630
631
631
631
631
631
626
626
626
626
627
627
627
627
627
627
634
634
633
635
635
635
635
635
635
635
637
636
636
636
637
637
637
610
610
610
611
611
611
610
610
613
613
612
612
612
615
615
615
615
616
616
618
616
616
616
617
617
617
617
617
623
623
622
622
622
622
574
574
574
573
573
573
573
573
572
572
572
572
568
568
568
568
569
569
569
563
563
562
562
563
560
560
560
564
564
564
564
567
567
567
567
567
567
557
557
557
557
557
557
556
556
556
553
553
553
553
553
552
552
552
552
547
547
547
547
547
547
546
546
546
548
548
548
548
549
549
549
549
535
535
535
534
534
534
534
534
528
528
531
531
528
528
528
529
529
529
529
543
543
543
543
542
542
542
542
542
537
537
537
537
536
536
536
536
525
525
525
525
524
524
524
524
524
521
521
520
520
521
520
517
517
517
517
517
517
517
516
516
516
516
512
512
512
512
513
513
513
513
644
644
644
645
645
645
645
642
642
642
642
642
642
640
640
651
651
651
651
651
651
648
649
648
648
648
655
655
654
654
654
655
655
660
660
660
660
660
663
663
663
663
663
657
657
657
657
657
659
659
669
669
669
669
668
668
668
668
668
671
664
664
664
664
664
664
667
667
667
680
680
680
680
681
681
681
681
681
681
681
685
685
685
685
684
684
684
684
672
672
672
672
673
673
673
673
673
679
679
678
678
678
678
678
678
703
703
703
703
702
702
702
702
697
697
697
697
697
697
696
696
689
689
696
689
688
688
688
688
688
693
693
693
693
693
692
692
692
692
692
692
736
736
736
737
737
737
737
741
741
741
741
741
740
740
740
740
750
750
750
750
750
750
751
751
751
751
745
745
745
745
744
744
744
752
752
752
752
752
753
753
753
753
753
756
757
757
757
757
757
757
757
757
762
762
762
762
762
763
763
763
763
765
765
765
765
764
764
764
764
715
715
715
715
715
714
714
714
714
714
718
718
718
719
719
719
719
719
719
704
704
704
704
705
705
705
705
708
708
708
708
711
711
710
710
726
726
726
726
727
727
727
727
727
721
721
721
721
722
721
721
722
722
722
732
732
732
732
732
733
733
733
728
728
728
728
729
729
729
729
1018
1018
1018
1018
1019
1019
1019
1019
1019
1022
1022
1022
1022
1023
1023
1023
1023
1023
1023
1023
1015
1015
1015
1014
1014
1014
1014
1014
1011
1011
1010
1010
1010
1010
1010
1010
998
998
996
996
996
999
999
999
999
999
995
995
994
995
995
995
992
1002
1002
1002
1002
1002
1003
1003
1003
1003
1003
1007
1007
1007
1007
1004
1004
1004
1004
967
967
967
967
966
966
966
966
966
962
962
962
962
960
960
960
960
968
968
968
968
970
970
969
969
969
969
969
973
973
973
973
973
973
973
985
985
985
986
984
984
984
984
987
988
988
988
988
988
989
989
989
989
983
983
983
983
983
983
983
982
982
978
978
978
978
978
978
979
979
979
923
923
923
922
922
922
922
922
922
924
924
924
924
925
925
925
916
916
916
916
919
916
916
917
917
917
915
915
915
915
915
914
914
914
914
914
914
904
904
904
904
905
905
905
910
910
910
910
910
911
911
911
900
900
900
900
900
901
901
901
901
896
896
896
896
896
897
897
897
933
933
933
933
933
932
932
932
932
928
928
928
928
929
929
929
929
929
929
937
937
937
937
936
936
936
936
943
943
942
942
942
942
942
942
942
950
950
950
951
950
950
951
951
951
951
951
946
946
946
946
947
947
947
947
956
956
956
957
957
957
954
954
954
954
954
954
954
955
833
833
833
833
834
834
834
832
832
832
832
839
839
839
839
839
837
837
846
846
846
846
844
847
847
847
847
847
847
840
840
840
840
840
841
841
841
841
853
853
853
853
855
855
855
855
849
849
849
849
848
848
848
848
858
858
858
858
858
858
858
861
861
861
861
861
861
860
860
860
860
863
873
873
873
873
873
872
872
872
872
872
872
878
878
879
879
879
879
879
869
869
869
869
869
866
866
866
866
867
867
867
864
864
864
864
864
885
885
885
885
884
884
884
884
882
882
882
882
882
883
883
883
883
883
883
893
893
893
893
893
893
892
892
890
890
890
890
889
891
891
891
891
891
891
831
831
831
830
830
830
830
828
828
828
828
828
828
829
829
829
822
822
822
823
823
822
823
823
823
823
816
816
816
816
816
817
817
817
813
813
813
812
812
812
809
809
809
809
809
808
808
808
808
808
804
804
804
804
807
805
805
805
805
803
803
803
802
802
802
802
801
780
780
780
780
780
781
781
781
781
781
781
781
777
777
776
776
776
772
772
772
772
772
772
773
773
773
774
768
768
768
768
768
768
769
769
769
792
792
792
792
792
792
793
793
793
796
796
796
796
798
798
798
784
784
784
784
784
784
784
785
785
785
785
785
789
789
789
788
788
788
788
100
100
100
101
101
101
101
101
101
101
98
98
98
99
99
99
99
99
105
105
105
105
104
104
104
104
108
108
108
108
108
108
109
109
109
109
118
118
118
118
119
119
119
119
114
114
114
114
114
112
115
115
115
115
121
121
121
122
122
122
122
124
124
124
124
124
124
125
125
125
125
125
92
92
92
92
93
93
93
93
93
89
89
89
89
89
88
88
88
88
83
83
83
82
82
82
82
82
86
86
86
86
87
87
87
87
87
74
74
74
74
75
75
75
78
78
78
78
78
79
79
79
68
68
68
68
69
69
69
69
69
69
65
65
65
64
64
64
64
64
64
37
37
37
37
36
36
36
36
39
39
39
39
38
38
38
38
38
46
46
46
46
47
47
47
47
47
47
41
43
43
43
40
40
42
42
42
42
42
58
58
58
58
59
59
59
60
60
60
60
60
60
60
51
51
51
50
50
50
50
53
53
53
53
53
53
52
52
52
52
52
52
4
4
4
5
5
5
5
5
5
3
3
3
3
2
2
2
9
9
9
9
9
8
8
8
8
8
14
14
14
14
15
15
15
15
15
29
29
28
28
28
28
28
28
26
26
26
26
26
27
27
27
17
17
17
17
17
17
16
16
20
20
20
20
20
20
21
21
21
21
21
21
21
133
133
133
132
132
132
132
131
131
131
131
131
130
130
130
130
136
136
136
136
136
137
140
140
140
140
143
143
143
142
142
142
142
142
146
145
146
146
147
147
147
149
149
149
149
149
149
149
148
148
150
154
154
154
154
155
155
155
155
156
156
156
156
156
157
157
157
157
157
161
161
161
161
161
160
160
160
160
166
166
166
166
167
167
167
167
175
175
175
175
174
174
174
174
168
168
169
168
168
169
169
169
169
176
176
179
176
176
176
180
180
180
180
180
183
183
183
183
183
182
182
182
182
182
182
182
190
189
189
189
184
185
185
185
185
185
185
185
185
246
246
246
246
247
247
247
247
247
241
241
241
241
240
240
240
240
240
248
248
248
248
248
248
249
249
249
253
253
253
253
254
254
254
239
239
239
239
238
238
238
238
238
238
232
232
232
233
233
233
233
233
231
231
231
231
230
230
230
230
225
225
225
225
225
225
224
224
226
226
226
200
200
200
200
206
206
206
206
206
206
206
204
204
204
204
204
204
197
197
197
197
197
196
195
195
195
195
194
194
195
193
193
193
220
220
220
220
221
221
221
221
221
217
217
217
217
217
216
216
216
216
212
212
212
213
213
213
213
213
213
211
211
211
211
210
208
208
210
210
265
265
265
265
265
266
266
266
269
269
269
269
269
269
269
268
268
268
268
262
262
263
263
263
263
263
263
263
258
258
258
259
259
259
259
259
287
287
287
287
286
286
286
286
281
281
281
281
280
280
280
280
280
272
272
273
274
272
274
274
276
276
276
276
276
276
277
277
277
277
319
319
319
319
318
318
318
318
318
312
312
312
312
315
315
313
313
313
306
306
306
306
306
305
307
307
307
307
310
310
311
311
311
311
311
311
289
289
288
288
288
288
288
294
294
294
294
294
294
294
301
301
301
301
301
301
300
300
300
302
302
302
302
296
296
296
297
296
296
297
379
379
379
379
379
378
378
378
378
378
381
381
381
380
381
381
381
375
375
375
375
374
374
374
374
374
374
369
369
368
369
368
357
357
357
357
357
357
358
358
356
356
356
356
356
355
355
354
354
354
354
354
364
364
364
364
365
365
365
365
365
365
362
362
362
362
363
363
363
363
363
323
323
323
323
323
321
321
324
325
325
325
325
325
324
324
326
326
335
333
333
333
333
332
332
332
332
332
332
329
329
329
329
328
328
328
341
341
341
341
340
340
340
340
340
340
338
338
338
338
339
339
339
350
350
349
349
349
348
348
348
348
344
346
346
346
344
347
347
347
347
347
347
445
445
445
444
444
444
440
440
440
440
440
440
441
441
441
441
434
434
434
434
434
435
435
435
438
438
438
438
438
439
439
439
439
417
417
417
417
417
417
416
416
416
422
422
422
422
422
423
423
423
423
423
428
428
428
428
429
429
429
429
424
424
424
424
425
425
425
425
425
394
394
394
395
395
395
395
395
396
396
396
396
396
397
397
397
397
385
385
385
385
384
384
384
384
390
390
390
390
390
391
391
391
391
400
400
400
400
401
401
401
403
403
407
407
407
407
407
406
406
406
406
408
408
408
408
409
409
409
409
413
413
413
413
412
412
412
412
412
455
455
455
455
455
455
455
452
452
450
448
448
448
448
449
449
449
449
449
456
456
456
456
456
456
457
457
457
461
461
461
461
460
460
460
460
470
470
470
470
470
471
468
468
464
464
464
464
464
464
465
465
465
465
475
475
475
475
475
474
474
474
474
478
478
478
478
478
479
479
479
497
497
497
497
497
497
496
496
496
502
500
500
502
502
502
503
503
503
503
505
505
505
505
505
504
504
509
509
509
509
509
509
508
508
508
508
481
481
481
481
481
480
480
480
487
487
484
484
484
484
484
486
486
486
486
486
494
494
494
494
489
489
489
489
489
489
490
490
491
491
491
598
598
599
599
599
593
593
593
593
593
593
593
592
592
592
592
592
592
607
607
607
607
606
606
606
606
606
600
605
600
600
602
602
601
601
601
578
577
577
577
577
577
577
577
577
577
577
583
583
583
582
582
582
582
589
589
589
589
589
591
591
591
586
586
586
587
587
587
587
587
630
630
630
630
631
631
631
631
629
626
626
626
626
626
626
627
627
627
624
624
633
633
633
635
635
635
635
635
639
637
637
636
636
637
637
637
610
610
610
611
610
610
610
610
613
613
612
612
612
615
615
615
615
615
616
618
618
618
617
617
617
617
617
623
623
623
622
622
622
622
622
574
574
573
573
575
575
573
571
571
572
572
572
568
568
568
569
569
569
563
563
563
563
563
560
560
560
564
564
564
564
564
564
567
567
567
557
557
557
557
557
556
556
556
556
553
553
553
553
553
552
552
552
552
547
547
545
547
547
547
544
544
548
548
548
548
548
548
549
549
549
535
535
535
535
535
535
534
534
534
531
531
531
531
528
528
528
530
540
540
543
543
543
542
542
542
542
542
542
542
537
537
537
537
536
536
536
536
525
525
525
525
524
524
524
524
523
523
523
523
520
520
520
517
517
517
518
518
518
517
517
517
516
516
512
512
512
512
512
513
513
513
644
644
645
645
645
645
645
645
645
645
642
642
640
640
640
651
651
651
651
651
651
649
649
650
650
655
655
654
654
654
654
654
660
660
660
660
660
660
663
663
663
663
663
663
657
657
657
657
659
659
659
658
658
669
668
669
669
671
671
671
671
664
664
665
665
667
667
667
667
680
680
680
680
683
683
682
682
682
682
685
685
685
685
686
684
684
684
684
672
672
672
672
672
673
673
673
679
679
679
678
678
676
678
678
703
703
703
703
703
703
703
701
701
697
697
697
697
697
697
696
689
689
689
689
689
689
688
688
688
691
693
691
693
694
694
692
692
692
695
695
736
736
736
736
736
737
737
741
741
741
741
741
741
740
740
740
740
742
750
750
750
750
750
751
751
751
745
745
745
745
744
744
747
744
744
752
752
752
752
753
753
753
753
753
756
757
757
757
757
757
757
757
757
757
762
762
762
761
761
761
763
763
765
765
765
765
767
767
767
767
715
715
713
713
715
714
714
714
714
714
717
717
719
719
719
719
716
716
704
704
704
704
704
705
705
705
705
708
708
708
711
711
711
710
710
710
726
726
726
727
727
727
725
725
721
721
721
721
722
721
721
721
723
732
732
732
732
732
732
733
733
733
728
728
728
729
729
729
729
731
731
1018
1018
1018
1019
1019
1019
1019
1019
1019
1022
1022
1021
1021
1023
1023
1023
1023
1023
1015
1015
1015
1015
1014
1014
1014
1011
1011
1011
1011
1010
1010
1010
1008
1009
1009
998
996
996
996
996
996
999
999
999
999
995
995
995
995
995
992
992
992
992
1002
1002
1002
1003
1003
1003
1003
1007
1007
1007
1007
1007
1007
1004
1004
1004
1004
965
965
965
966
966
966
966
966
962
962
962
962
962
960
960
961
961
968
968
968
968
970
970
971
971
969
969
973
973
972
972
972
972
985
985
985
986
986
986
986
986
987
987
988
988
988
988
988
989
989
989
989
981
981
983
983
983
980
982
982
982
982
978
978
978
978
979
979
979
923
923
923
923
922
922
922
922
922
924
924
924
924
924
924
924
925
925
925
916
919
919
916
916
917
917
915
915
915
915
912
913
914
913
914
914
906
907
907
907
907
905
905
905
905
905
910
910
910
910
911
911
900
900
900
900
900
900
901
901
901
901
896
896
898
898
899
899
899
897
897
897
933
933
933
932
932
932
932
932
932
932
928
929
929
929
929
937
937
937
937
937
936
936
936
936
943
943
943
943
943
940
942
942
942
942
950
949
950
950
950
948
951
948
948
948
946
945
945
945
947
947
947
956
956
956
956
956
957
957
959
959
954
954
954
954
954
954
955
955
833
833
833
834
834
834
834
832
832
838
839
839
839
839
839
837
837
837
844
844
844
844
847
847
847
847
847
847
840
840
840
840
840
841
842
841
841
853
853
853
853
855
855
855
849
849
849
849
850
848
848
848
848
851
851
858
858
858
857
861
861
861
861
861
861
861
860
860
860
863
863
863
875
875
875
872
872
872
872
872
872
872
878
878
878
877
877
879
879
869
869
869
869
869
869
866
866
868
868
866
866
864
865
865
865
865
865
885
885
885
884
884
884
884
882
882
881
881
881
881
883
883
881
883
893
893
895
895
895
893
892
892
892
890
889
889
889
889
889
891
891
891
891
891
831
831
831
831
831
825
825
825
828
828
828
829
829
829
829
829
822
820
820
823
823
823
823
823
823
816
816
816
816
817
817
817
817
813
813
813
812
812
812
812
812
812
811
811
811
811
808
811
811
804
804
804
804
804
807
805
805
806
806
806
803
803
802
802
801
801
801
801
801
780
780
780
782
783
783
781
777
777
777
777
777
776
776
776
772
772
772
772
772
775
773
774
774
774
774
768
768
770
770
769
769
769
769
792
792
792
792
792
792
793
796
796
796
796
796
796
798
798
798
799
784
784
787
787
784
786
785
785
789
789
789
789
788
788
788
788
788
100
100
100
100
103
101
103
103
103
103
98
98
98
98
99
99
99
99
106
105
105
105
105
105
104
104
104
108
108
108
108
108
110
110
109
109
109
118
118
118
118
119
119
119
119
114
114
114
113
112
112
112
115
115
115
121
121
121
122
122
122
123
124
123
126
126
126
125
125
127
127
125
92
92
92
92
92
93
93
93
93
90
90
91
91
91
88
88
88
88
83
83
83
83
83
82
82
82
82
85
84
84
84
84
84
87
87
87
73
73
73
73
75
75
75
75
78
78
78
78
79
79
68
68
68
68
68
69
69
69
69
69
69
65
65
65
65
67
64
66
66
37
37
37
37
36
36
36
36
36
39
39
39
39
39
38
38
38
33
46
46
46
46
46
45
47
47
44
41
41
41
41
43
40
40
40
42
42
42
58
58
58
58
59
59
59
59
60
60
60
60
60
60
60
51
51
51
51
51
49
49
49
49
49
54
54
54
55
55
52
52
52
52
4
4
4
5
5
5
5
5
3
3
3
3
3
2
2
2
2
11
11
11
8
8
8
8
8
10
14
14
14
14
15
15
15
15
15
29
29
28
29
29
31
28
28
31
26
26
26
27
27
27
27
27
27
19
19
19
19
16
16
16
20
20
23
23
23
23
21
23
23
21
21
133
133
133
134
132
132
132
132
131
131
131
131
130
130
130
136
136
136
139
139
136
136
137
140
140
140
140
140
141
143
142
142
142
142
142
146
145
145
147
147
147
147
147
147
149
149
149
148
148
148
150
150
154
154
154
154
155
155
155
156
156
156
156
156
156
156
157
157
159
161
161
162
162
162
162
160
162
160
166
166
166
166
166
167
167
167
175
175
175
175
175
174
174
174
174
174
168
168
168
168
169
170
170
176
176
176
179
179
176
176
180
180
180
180
181
183
183
183
183
182
182
182
188
188
188
188
182
190
189
189
189
189
185
185
185
185
185
245
245
245
245
245
245
247
247
247
247
247
247
241
241
241
241
241
241
240
240
240
248
248
248
248
248
250
250
249
253
253
253
253
255
255
255
255
239
239
239
239
238
238
238
232
232
232
232
232
232
233
235
235
235
231
231
231
231
231
230
230
230
230
230
225
225
225
225
224
224
226
226
226
226
201
200
200
200
201
206
206
206
206
206
206
204
204
204
204
204
204
199
199
197
197
197
196
196
196
196
195
195
195
195
193
193
193
220
220
220
220
220
220
221
222
222
217
217
217
217
217
216
216
216
216
212
212
212
212
213
213
213
213
215
209
211
211
209
208
208
208
210
210
265
265
265
265
266
266
266
266
266
269
269
269
269
268
268
268
268
268
261
261
261
260
263
263
263
263
263
258
258
258
258
259
259
259
259
259
287
287
287
285
285
286
286
281
281
281
281
281
281
280
280
280
280
283
273
273
274
274
274
274
274
274
274
278
278
277
277
277
277
277
277
319
319
319
318
318
318
318
312
312
312
312
312
315
315
313
313
313
305
306
307
307
305
305
305
307
307
307
310
310
310
311
311
311
309
309
309
291
291
288
288
288
290
290
294
295
295
295
295
295
295
301
301
301
301
300
300
300
300
302
302
302
296
296
296
296
296
298
298
298
379
379
379
379
378
378
378
378
378
378
380
380
380
380
382
382
375
375
375
375
374
374
374
372
372
374
369
369
369
369
369
369
369
369
370
357
357
357
358
358
356
356
356
356
355
355
355
355
355
352
352
352
364
364
364
364
364
364
366
365
365
365
362
362
362
362
363
363
363
363
363
363
323
323
323
320
321
321
321
321
325
325
325
325
324
326
326
326
335
335
335
335
335
332
332
332
332
330
332
329
329
329
328
328
328
341
341
341
341
341
341
341
340
340
337
337
337
338
339
339
339
339
339
350
350
349
349
349
349
348
348
348
344
344
344
344
344
347
347
347
347
347
347
445
445
444
444
444
444
444
444
440
442
441
441
441
441
441
434
434
434
432
434
432
435
435
435
435
438
438
438
438
437
437
439
439
439
439
417
417
416
416
416
416
416
422
422
422
422
422
423
423
423
428
428
428
428
428
429
429
429
429
429
424
424
424
424
425
425
425
425
425
394
395
395
395
395
395
393
395
396
396
396
396
398
398
397
397
397
385
385
384
384
384
384
384
384
384
390
390
390
390
391
391
391
391
400
400
400
400
400
400
403
403
403
407
407
407
407
406
406
406
406
406
406
408
408
408
409
409
409
409
413
413
413
413
412
412
412
412
412
455
455
453
453
453
452
452
452
452
450
448
448
448
448
449
449
449
449
456
456
456
456
456
456
456
457
457
461
461
461
461
460
460
462
462
470
470
470
470
470
468
468
468
468
468
464
464
464
464
465
465
465
465
465
473
473
475
475
475
475
475
475
474
474
478
478
478
478
479
479
479
497
497
497
497
497
496
496
498
496
496
496
500
502
502
502
503
503
503
507
505
505
506
506
505
504
504
509
511
511
511
509
509
508
508
508
481
481
481
481
481
480
480
480
480
487
487
484
484
484
484
484
493
493
493
493
492
494
494
494
494
494
489
489
489
489
489
490
490
491
491
491
598
598
598
598
599
596
596
593
593
593
595
595
595
592
592
592
592
592
592
604
604
604
604
606
606
606
600
605
605
605
603
603
602
601
601
601
578
578
578
578
579
579
577
577
580
580
580
583
583
583
582
582
582
581
589
589
589
589
591
591
591
591
585
585
585
584
584
587
587
587
587
630
630
630
630
631
631
629
629
629
629
626
626
625
627
627
624
624
624
633
633
633
633
632
635
632
639
639
639
639
636
636
636
636
638
610
610
610
610
610
610
610
610
610
613
613
612
613
615
615
615
615
615
618
618
618
618
618
619
617
617
617
617
623
623
623
623
620
622
620
574
574
574
573
575
575
575
575
575
571
572
572
572
569
569
569
569
569
569
569
563
563
563
560
560
560
560
560
565
565
565
565
566
567
567
558
558
558
558
558
558
559
556
556
553
553
554
554
554
554
552
552
552
555
555
545
545
545
544
544
544
544
548
548
548
548
548
548
548
551
551
551
535
535
535
532
533
534
534
534
531
531
531
531
528
528
530
530
540
540
540
541
541
541
542
542
542
542
538
537
537
539
539
539
536
536
536
536
525
525
525
525
525
526
526
526
523
523
523
523
523
523
523
517
517
517
518
518
518
519
519
516
516
516
512
512
512
512
512
513
513
513
644
644
645
645
645
646
646
646
646
646
640
640
640
640
641
651
650
650
650
650
651
649
649
650
650
650
655
654
654
654
654
654
654
660
660
660
660
663
663
663
663
663
663
657
657
657
657
659
659
659
659
658
658
669
669
669
671
671
671
671
671
665
665
665
665
667
667
667
667
680
680
683
683
683
683
682
682
682
682
682
685
685
686
686
684
684
684
672
672
674
674
674
673
673
673
675
679
679
679
679
676
676
677
677
677
703
703
700
700
700
701
701
701
701
697
698
698
698
697
699
689
689
689
689
689
689
688
688
688
691
691
691
691
694
694
694
694
695
695
695
736
736
736
736
736
736
739
741
739
739
739
739
743
743
740
740
742
742
742
750
750
749
749
749
748
748
748
745
745
744
744
744
747
747
747
747
755
755
755
755
755
755
755
758
758
758
758
758
757
757
757
757
757
760
760
760
760
761
761
761
763
766
765
765
765
765
767
767
767
767
715
715
713
713
715
714
714
714
714
714
717
717
717
717
716
716
716
716
704
704
704
704
704
705
705
705
705
708
708
711
711
711
710
710
710
710
726
726
726
726
726
725
725
725
725
720
720
720
720
721
721
723
723
723
732
732
732
732
733
733
733
733
728
728
728
729
729
729
731
731
731
731
1018
1018
1018
1016
1016
1016
1019
1016
1022
1021
1021
1021
1020
1020
1020
1020
1020
1015
1015
1015
1014
1014
1013
1013
1011
1011
1011
1011
1008
1008
1008
1008
1009
1009
1009
996
996
996
996
996
997
999
999
995
995
995
995
995
995
992
992
992
992
1001
1001
1001
1001
1000
1000
1006
1006
1006
1007
1007
1007
1005
1005
1004
965
965
965
965
965
965
964
966
966
962
962
962
962
962
962
960
960
961
961
970
970
970
970
970
970
971
971
974
972
972
972
972
972
972
972
975
985
985
986
986
986
986
987
987
991
988
988
991
991
989
990
990
990
981
981
981
981
981
980
980
980
982
982
976
976
977
977
977
977
977
979
923
923
923
923
923
922
922
921
921
924
924
924
927
926
926
925
925
926
926
919
919
919
917
917
917
917
917
917
912
912
912
913
913
913
913
913
906
906
907
907
905
905
905
905
905
908
908
910
910
910
911
911
911
911
903
900
903
903
901
902
902
902
898
898
898
898
899
899
897
897
897
897
934
933
933
933
935
935
931
931
931
931
928
928
929
929
930
937
937
939
939
939
939
936
936
936
943
943
943
943
940
940
940
942
949
949
949
949
949
950
950
948
948
948
948
945
945
945
945
945
947
947
947
947
947
958
956
956
956
957
959
959
959
959
954
954
954
954
955
952
952
952
952
834
834
834
834
834
838
838
838
838
838
839
839
837
837
837
836
844
844
844
844
844
844
845
845
843
843
840
840
840
840
842
842
841
853
853
852
852
855
855
855
855
849
849
849
850
850
850
848
848
851
851
851
858
858
858
857
857
857
856
856
862
862
862
862
863
863
863
863
875
875
875
875
872
872
872
872
872
872
878
878
878
876
877
877
877
879
869
869
869
869
870
870
868
868
868
868
868
866
866
865
865
865
865
865
885
885
885
885
884
884
886
886
886
881
881
881
881
881
881
881
881
881
893
895
895
892
892
892
892
892
890
889
889
889
889
889
891
891
891
891
827
826
826
826
826
826
825
825
825
828
828
828
828
829
829
829
821
821
820
820
820
823
823
823
823
818
818
818
819
819
817
817
817
813
813
813
813
812
812
812
812
812
812
811
811
811
811
811
811
811
804
804
804
804
807
807
807
806
806
806
806
803
803
803
803
801
801
801
801
801
780
782
782
782
782
783
777
777
777
777
777
776
776
776
776
776
776
776
775
775
775
773
774
774
774
770
770
770
770
770
769
769
769
771
792
792
793
793
793
793
793
796
796
796
797
797
797
798
798
798
799
799
787
787
787
787
786
786
789
789
789
789
789
789
789
790
788
100
100
790
100
103
103
103
103
103
103
103
103
98
98
98
98
97
97
97
106
106
106
106
107
104
104
104
104
108
108
111
111
111
110
110
109
109
109
118
118
118
118
119
119
119
119
113
113
113
113
112
112
112
112
115
121
121
121
121
122
122
122
123
123
123
126
126
126
126
127
127
127
94
92
92
92
95
95
95
95
90
90
90
90
91
91
91
91
88
88
88
83
83
83
83
83
82
82
82
82
85
84
84
84
84
84
72
72
87
73
73
73
73
73
75
75
75
75
78
77
77
77
76
76
68
68
68
71
71
71
71
69
70
69
65
65
65
65
67
66
66
66
66
37
35
35
36
36
36
36
34
39
39
39
32
32
38
33
33
33
33
45
45
46
45
45
45
44
44
44
41
41
41
40
40
40
57
42
57
57
58
58
58
59
59
59
59
59
60
60
63
63
62
60
60
60
60
60
51
51
49
49
49
54
54
54
54
54
55
55
55
55
52
4
4
4
4
4
5
5
6
6
3
3
3
1
2
2
0
0
2
11
11
11
11
11
11
10
10
10
14
14
14
14
14
13
15
13
29
29
29
29
29
29
31
31
31
31
31
26
26
25
25
25
25
25
25
19
19
19
19
16
16
16
16
16
16
23
23
23
23
23
23
23
23
135
133
134
134
134
132
132
132
131
131
128
128
128
129
129
139
139
136
136
139
136
136
137
138
138
140
140
140
141
141
141
142
142
142
144
146
145
145
145
147
147
147
149
149
149
149
149
148
148
148
150
152
154
154
152
152
155
155
153
153
156
156
158
158
158
159
159
159
159
159
162
162
162
162
162
162
162
164
166
166
166
166
166
167
167
167
175
175
175
173
174
174
174
174
174
168
168
168
168
171
171
170
170
170
176
176
179
179
176
176
176
180
178
181
181
181
181
181
181
191
182
191
191
188
188
188
190
190
189
189
189
189
186
186
186
187
185
245
245
245
245
245
246
246
244
247
244
244
242
241
243
243
243
241
240
240
240
240
251
251
250
250
250
250
250
252
253
253
253
253
255
255
255
255
239
239
237
239
239
236
236
232
232
232
232
232
232
235
235
235
235
231
231
231
231
231
230
229
229
229
229
227
227
227
227
227
224
224
226
226
201
201
201
201
201
201
201
206
206
206
206
206
206
206
204
204
204
199
199
199
197
198
198
196
196
196
196
195
195
195
195
193
193
193
220
220
223
223
223
223
223
222
222
222
217
217
218
216
216
216
216
212
212
212
212
212
214
214
215
215
215
209
209
209
209
208
208
208
208
208
265
265
265
265
267
267
267
267
267
269
269
269
269
268
271
268
271
271
271
261
260
260
260
260
260
260
258
258
258
257
256
256
259
259
259
259
287
287
284
285
285
285
285
282
281
281
281
281
281
283
283
283
283
283
273
273
274
274
274
274
274
274
274
278
278
278
277
277
277
277
317
317
319
319
316
316
316
316
312
312
312
314
314
315
315
313
313
305
305
305
307
307
305
305
304
304
307
308
308
308
310
311
311
311
309
309
291
291
291
291
290
290
290
290
290
295
295
295
295
295
295
295
301
301
300
300
300
300
300
300
302
302
296
296
296
296
296
298
298
298
377
377
377
378
378
376
376
376
378
380
380
380
380
380
382
382
382
375
375
375
373
373
373
372
372
372
369
369
369
369
369
369
369
369
370
370
370
358
358
358
356
356
359
355
355
355
355
353
353
352
352
352
364
364
364
364
367
366
366
366
366
362
362
360
360
360
360
363
363
361
361
361
322
322
320
320
320
321
321
321
324
324
324
327
326
326
326
326
335
335
335
335
335
334
332
334
330
330
330
329
329
329
328
328
328
328
343
343
341
342
342
342
342
342
342
337
337
338
338
338
339
339
339
350
350
350
350
349
348
348
348
348
344
344
344
344
344
344
345
345
447
447
445
445
444
444
444
444
444
444
444
442
442
441
443
443
443
443
443
432
432
432
432
432
435
435
435
436
436
436
436
436
437
437
439
418
418
439
439
439
416
416
416
416
416
420
420
420
420
420
421
423
421
428
428
431
431
431
431
429
429
429
424
424
424
424
425
426
426
426
426
394
394
394
392
392
393
393
393
395
395
399
399
399
398
398
398
397
397
387
387
387
384
384
384
384
384
390
390
390
390
390
390
390
388
388
400
400
403
403
403
403
403
403
403
404
404
407
404
404
405
406
406
406
408
408
408
408
409
409
409
409
410
410
413
414
414
414
414
415
415
455
453
453
453
453
452
452
452
452
450
450
448
448
448
448
448
448
448
458
458
458
456
456
456
459
459
459
461
461
461
460
460
460
460
462
470
470
470
469
469
468
468
468
468
468
464
464
464
464
465
465
465
466
473
473
473
473
473
473
473
472
474
474
476
478
476
477
479
479
479
479
479
499
497
499
499
496
498
498
498
496
500
500
500
502
502
503
503
507
507
507
505
505
506
504
504
504
504
511
511
511
509
509
510
508
508
481
481
481
482
480
480
480
480
483
487
487
484
484
484
484
484
493
493
493
493
492
492
494
494
495
495
489
489
488
489
488
488
488
490
491
491
598
598
598
598
599
596
596
596
595
595
595
595
595
594
594
594
594
594
594
604
604
604
604
606
605
605
605
605
605
603
603
602
602
602
602
578
578
578
578
579
579
579
579
579
580
580
580
580
583
583
582
581
581
581
581
589
589
588
588
588
588
585
585
585
585
585
584
587
587
587
628
630
628
628
630
631
628
628
629
629
625
625
625
625
625
624
624
624
624
633
633
633
633
632
632
632
639
639
639
639
639
638
636
638
638
608
608
608
608
608
610
609
609
609
609
613
613
613
615
615
615
615
614
618
618
618
618
618
619
619
619
619
619
621
623
621
620
620
620
620
620
574
574
574
575
575
575
575
575
571
571
572
572
570
569
569
569
569
569
569
563
561
561
561
560
560
560
560
565
565
565
565
566
566
566
566
558
558
558
558
558
559
559
559
559
559
554
554
554
554
552
555
555
555
555
545
545
545
545
544
544
544
548
548
548
548
550
550
551
551
551
551
551
532
532
532
533
533
534
531
531
531
531
531
528
530
530
530
540
540
540
540
541
541
541
541
541
538
538
538
538
539
539
539
539
539
539
539
525
527
527
527
525
526
526
526
526
523
522
522
523
523
523
520
517
518
518
518
519
519
519
514
514
514
514
514
514
512
515
515
513
513
513
513
645
645
647
646
646
646
646
646
640
640
640
641
641
641
650
650
650
650
651
651
649
650
650
650
653
653
654
654
654
654
654
652
652
652
652
662
662
663
663
663
663
657
656
656
656
656
659
659
659
658
658
658
670
670
671
671
671
671
671
665
671
671
665
666
666
666
667
667
683
683
683
683
683
682
682
682
682
687
687
687
686
686
684
684
672
672
672
674
674
674
673
675
675
675
675
675
676
676
676
676
677
677
677
677
700
700
700
700
701
701
701
701
698
698
698
698
699
699
699
690
690
690
689
688
688
688
688
688
691
691
694
694
694
694
694
695
695
695
736
736
736
736
738
738
739
739
739
739
739
743
743
743
743
742
742
742
742
749
749
749
749
748
748
748
746
745
745
746
744
744
747
747
747
747
747
755
755
755
755
755
754
758
758
758
758
758
757
759
759
757
759
760
760
760
760
761
761
761
761
766
766
765
765
765
766
767
767
767
713
713
713
713
713
712
712
714
714
717
717
717
717
717
716
716
716
716
716
707
704
704
706
706
706
706
706
708
708
711
711
711
711
710
710
726
726
726
724
724
725
725
725
725
725
725
720
720
720
720
723
723
723
734
734
734
734
734
735
735
735
735
728
728
730
730
730
730
731
731
731
731
1017
1017
1017
1016
1016
1016
1016
1016
1016
1021
1021
1021
1020
1020
1020
1020
1020
1015
1012
1012
1014
1013
1013
1013
1013
1011
1011
1011
1008
1008
1008
1009
1009
1009
1009
1009
996
996
996
997
997
997
997
993
995
995
995
993
995
995
992
992
992
1001
1001
1001
1001
1000
1000
1000
1006
1006
1006
1007
1007
1005
1005
1005
1005
965
965
965
965
965
964
964
964
963
963
962
963
962
960
960
960
960
961
961
961
970
970
970
971
971
971
974
972
972
972
972
972
972
975
975
975
975
986
986
986
986
987
987
991
991
991
991
991
990
990
990
990
990
981
981
981
981
980
980
980
982
976
976
976
976
977
977
977
977
977
920
920
923
923
923
921
921
921
921
927
927
927
927
926
926
926
926
926
926
926
919
919
917
919
918
918
918
918
912
912
912
913
913
913
913
913
906
906
906
906
906
907
907
908
908
908
908
908
908
910
909
911
911
903
903
903
903
902
902
902
902
902
898
898
898
898
899
899
897
897
897
934
934
934
933
933
935
935
931
931
931
931
931
931
931
930
930
930
930
939
939
939
939
938
938
938
938
943
940
940
940
940
940
940
949
949
949
949
949
950
950
949
948
948
948
945
945
945
945
945
945
947
947
958
958
958
958
956
957
957
959
959
959
959
954
954
954
953
953
952
952
952
952
834
834
834
834
834
838
838
838
838
838
839
837
837
837
836
836
836
836
836
844
844
845
845
845
845
843
840
842
842
842
842
842
842
852
852
852
852
854
854
855
854
849
849
849
850
850
850
850
850
851
851
851
858
858
858
857
857
856
856
856
862
862
862
862
863
863
863
863
863
875
875
875
874
874
874
872
872
876
878
876
876
876
876
877
877
877
877
871
871
871
870
870
868
868
868
868
866
866
866
864
865
865
865
887
887
885
887
887
884
884
886
886
886
886
881
881
881
881
881
881
881
895
895
895
892
892
892
894
892
892
889
889
889
889
889
888
827
827
827
827
827
826
826
826
826
825
825
825
825
828
824
824
824
829
829
824
821
821
821
820
820
820
820
820
818
818
818
818
819
819
819
819
819
817
817
814
814
814
814
812
812
812
815
811
811
811
811
811
811
811
804
804
807
807
807
807
807
806
806
806
806
803
803
803
803
801
801
801
801
801
782
782
782
782
783
783
783
777
779
779
776
776
776
776
776
778
778
778
775
775
775
775
774
774
774
770
770
770
770
770
771
771
771
771
794
794
794
793
793
795
795
795
795
795
797
797
797
797
798
798
799
799
799
787
787
787
786
786
786
789
786
786
791
791
791
790
790
790
790
790
790
103
103
103
103
103
103
103
103
96
96
96
98
97
97
97
106
106
106
106
107
107
104
107
107
107
111
111
111
111
110
110
110
110
116
116
116
116
116
116
117
117
117
113
113
113
113
112
112
112
112
112
120
120
121
121
122
122
123
123
123
123
126
126
126
126
127
127
127
94
94
94
94
95
95
95
95
95
90
90
90
90
91
91
91
91
81
81
81
83
83
83
83
80
80
82
85
85
85
85
84
84
84
72
72
72
73
73
73
73
73
75
75
75
75
77
77
77
77
76
76
76
76
76
71
71
71
71
70
70
65
70
70
65
67
67
67
66
66
66
35
35
35
35
35
35
34
34
34
34
32
32
32
32
33
33
33
33
33
45
45
45
45
44
44
44
44
41
41
41
40
40
40
57
57
57
57
57
57
59
59
59
59
59
59
63
63
63
62
62
62
62
60
60
60
51
49
49
49
49
49
54
54
54
54
55
55
55
55
55
7
4
4
4
4
6
6
6
6
1
1
1
1
1
0
0
0
0
0
11
11
11
11
10
10
10
10
14
14
14
13
13
13
13
13
13
29
30
30
29
31
31
31
31
31
31
31
31
25
25
25
25
25
25
19
19
19
16
16
16
16
16
22
22
23
23
23
23
23
23
23
135
135
135
134
134
134
134
132
131
131
128
128
128
129
129
129
139
139
139
139
139
136
136
138
138
138
138
140
141
141
141
141
142
142
142
144
144
144
145
145
145
147
147
151
151
151
151
151
150
150
150
150
152
152
152
152
152
153
153
153
153
158
158
158
158
158
159
159
159
159
159
163
162
162
162
162
162
162
164
164
166
166
166
166
167
167
167
173
173
173
173
173
174
172
172
172
168
168
168
171
171
171
170
170
170
176
179
179
179
176
176
178
178
178
178
181
180
181
181
181
191
191
191
191
191
188
190
190
189
189
189
189
186
186
186
186
187
187
187
245
245
245
245
246
244
244
244
244
244
242
242
242
243
243
243
243
243
251
251
251
251
250
250
250
250
250
252
253
253
253
252
255
255
255
255
255
237
237
237
237
236
236
236
236
236
236
234
235
235
235
235
235
235
235
231
231
228
229
229
229
229
227
227
227
227
227
227
227
226
226
201
201
201
201
201
201
201
201
206
206
206
202
202
205
205
205
205
205
199
199
199
198
198
198
198
198
196
196
195
195
195
195
193
193
193
193
223
223
223
223
223
222
222
222
222
218
218
218
218
216
216
219
219
219
214
214
214
214
214
215
215
215
215
209
209
209
209
208
208
208
208
208
265
265
264
267
267
267
267
267
267
270
270
270
271
271
271
271
271
261
261
260
260
260
260
260
260
257
257
257
257
256
256
256
256
256
284
287
284
284
284
285
285
285
282
282
282
283
283
283
283
283
283
283
283
273
273
274
274
274
274
274
274
274
278
278
278
279
279
279
279
317
317
317
317
316
316
316
316
312
312
314
314
314
315
315
315
315
305
305
305
304
305
305
305
304
304
304
308
308
308
311
311
311
311
309
309
291
291
291
291
290
290
290
290
290
293
295
295
295
295
295
295
292
292
300
300
303
300
300
303
303
303
299
299
296
296
296
298
298
377
377
377
377
377
376
376
376
376
376
380
380
380
380
380
382
382
382
382
382
373
373
373
372
372
372
372
372
369
369
369
369
371
371
370
370
370
370
358
358
358
359
359
359
359
355
355
353
353
353
353
352
352
364
367
367
367
367
366
366
366
366
360
360
360
360
360
360
361
361
361
361
322
322
322
322
320
320
321
321
321
324
324
327
327
327
326
326
326
335
335
335
335
334
334
334
334
334
330
330
330
330
330
331
331
343
343
343
343
343
342
342
342
342
342
342
342
337
337
338
338
336
336
339
339
350
350
350
350
348
348
348
351
351
344
344
344
344
344
345
345
447
447
447
447
446
444
444
444
444
444
444
442
442
442
443
443
443
443
443
432
432
432
432
432
435
435
433
436
436
436
436
436
437
437
437
418
418
418
418
418
419
419
416
419
420
420
420
420
420
421
421
421
421
428
431
431
431
431
431
430
430
430
427
427
427
427
427
426
426
426
426
426
392
392
392
392
393
393
393
393
399
399
399
399
398
398
398
398
398
387
387
387
387
384
384
386
386
390
386
389
389
389
389
388
388
388
388
403
403
403
403
403
403
403
404
404
404
404
404
404
405
405
405
405
411
411
408
411
411
409
409
410
410
410
410
414
414
414
414
415
415
415
415
453
453
453
452
452
452
452
450
450
451
451
451
448
448
448
448
448
458
458
458
458
459
459
459
459
459
463
463
463
460
460
460
462
462
470
462
469
469
468
468
468
468
468
467
467
467
466
466
466
466
466
473
473
473
473
473
473
472
472
476
476
476
476
476
477
477
477
477
477
499
499
499
499
499
499
498
498
498
500
500
500
500
502
501
501
503
507
507
507
507
506
506
506
504
504
511
511
511
511
509
510
510
510
508
510
482
482
482
482
483
483
483
483
483
483
484
484
484
485
485
493
493
493
493
492
492
492
492
495
495
495
488
488
488
488
488
488
491
491
491
598
598
598
596
596
596
596
596
595
595
595
595
595
594
594
594
594
594
594
594
604
604
604
605
605
605
605
605
603
603
603
602
602
602
602
578
578
578
578
578
579
579
579
579
580
580
580
580
580
581
581
581
581
581
589
589
589
588
588
588
588
585
585
585
585
585
584
584
584
584
628
628
628
628
628
628
628
629
629
629
625
625
625
625
625
624
624
624
624
633
633
633
632
632
632
632
632
639
639
639
639
638
638
638
638
638
608
608
608
608
608
608
609
609
609
609
613
613
613
613
614
614
614
614
618
618
618
618
618
619
619
619
619
621
621
621
620
620
620
620
620
620
620
574
574
575
575
575
575
571
571
571
571
570
570
570
569
569
569
569
561
561
561
561
561
560
560
560
565
565
565
566
566
566
566
566
566
558
558
558
558
559
559
559
559
559
554
554
554
554
555
555
555
555
555
545
545
545
545
544
544
544
550
550
550
550
550
550
551
551
551
551
532
532
532
532
532
533
533
533
531
531
531
528
528
530
530
530
530
540
540
540
540
541
541
541
541
538
538
538
538
539
539
539
539
539
539
539
539
527
527
527
527
526
526
526
522
522
522
522
522
523
523
523
518
518
518
519
519
519
519
514
514
514
514
514
514
515
515
515
515
513
515
647
647
647
647
647
647
646
646
646
640
640
640
641
641
641
650
650
650
650
651
650
649
649
649
653
653
653
653
654
654
654
654
652
652
652
652
662
662
662
662
663
663
663
656
656
656
656
656
658
658
658
658
670
670
670
670
671
671
671
671
671
671
665
665
666
666
666
666
666
666
683
683
683
683
682
682
682
682
687
687
687
687
686
686
686
686
686
674
674
674
674
675
675
675
675
675
675
676
676
676
676
677
677
677
677
700
700
700
700
701
701
701
701
698
698
698
698
699
699
699
699
690
690
690
691
691
691
691
691
691
691
694
694
694
694
694
694
695
695
738
738
738
738
738
738
739
739
739
739
743
743
743
743
743
742
742
742
742
749
749
749
748
748
748
748
746
746
746
746
746
746
746
747
747
747
747
755
755
755
754
754
754
754
758
758
758
758
759
759
759
759
759
759
760
760
760
761
761
761
766
766
766
766
765
766
766
766
767
767
713
713
713
713
713
712
712
712
712
712
717
717
717
717
717
717
717
707
707
707
707
707
706
706
706
706
706
706
708
711
709
709
709
709
709
709
724
724
724
724
725
725
725
725
725
725
720
720
720
720
723
723
723
734
734
734
734
734
735
735
735
735
735
730
730
730
730
730
731
731
731
731
1017
1017
1017
1017
1016
1016
1016
1016
1021
1021
1021
1021
1020
1020
1020
1012
1012
1012
1012
1012
1012
1012
1013
1013
1013
1008
1008
1008
1008
1008
1009
1009
1009
1009
1009
996
996
996
996
997
997
997
997
993
993
993
993
995
992
995
992
992
1001
1001
1001
1001
1001
1000
1000
1000
1000
1006
1006
1006
1006
1005
1005
1005
1005
1005
965
965
965
965
964
964
963
963
963
963
963
963
961
960
960
961
961
961
970
970
971
971
971
971
974
974
972
972
972
972
972
975
975
975
975
975
975
986
986
986
987
987
987
987
991
991
991
990
990
990
990
990
981
981
981
981
980
980
980
980
976
976
976
976
977
977
977
977
977
920
920
920
920
923
921
921
921
921
921
927
927
927
927
926
926
926
926
926
919
919
919
919
918
918
918
918
918
912
912
912
912
912
913
913
913
906
907
907
907
907
907
907
908
908
908
908
909
910
910
909
909
909
903
903
903
903
902
902
902
902
902
902
898
898
898
899
899
899
899
934
934
934
934
934
934
934
935
935
935
931
931
931
931
931
930
930
930
930
930
939
939
939
938
938
938
938
938
940
940
940
940
940
940
949
949
949
949
949
949
949
949
948
948
948
948
945
945
944
944
944
944
958
958
958
958
958
957
957
957
959
959
959
959
954
953
953
953
953
952
952
952
952
952
952
834
834
834
838
838
838
838
838
838
837
837
836
836
836
836
836
836
845
845
845
845
845
843
843
843
842
842
842
842
842
842
842
852
852
852
854
854
854
854
854
854
850
850
850
850
850
850
851
851
851
858
858
857
857
857
856
856
856
862
862
862
862
862
863
863
863
875
875
875
874
874
874
874
874
874
876
876
876
876
876
876
877
877
877
871
871
871
871
870
870
868
868
868
870
870
866
866
866
864
865
865
887
887
887
887
887
884
884
886
886
886
880
880
880
881
881
881
881
895
895
895
895
894
894
894
894
894
894
889
889
889
889
888
888
888
827
827
827
827
826
826
826
826
825
825
825
825
824
824
824
824
824
824
824
824
821
821
820
820
820
820
820
818
818
818
818
818
819
819
819
819
817
814
814
814
814
814
814
812
815
815
815
811
811
811
810
810
811
810
810
807
807
807
807
807
806
806
806
806
803
803
803
801
801
801
801
801
801
782
782
782
783
783
783
783
779
779
779
779
779
779
778
778
778
778
775
775
775
775
775
774
774
774
770
770
770
770
770
771
771
771
771
794
794
794
794
794
795
795
795
795
795
797
797
797
797
798
799
799
799
799
787
787
787
786
786
786
786
786
791
791
791
791
790
790
790
790
790
790
102
103
103
103
102
102
96
96
96
96
96
97
97
97
97
97
106
106
106
107
107
107
107
107
107
111
111
111
111
110
110
110
110
116
116
116
116
116
117
117
117
117
117
113
113
113
113
112
112
112
112
120
120
120
121
121
121
123
123
123
123
126
126
126
126
127
127
127
127
94
94
94
94
95
95
95
95
90
90
90
90
91
91
91
91
81
81
81
83
83
83
80
80
80
80
80
85
85
85
85
85
84
72
72
72
72
73
73
73
73
75
75
75
77
77
77
77
77
76
76
76
76
76
71
71
71
71
70
70
70
70
70
70
67
67
67
66
66
66
35
35
35
35
35
35
34
34
34
34
34
32
32
32
32
33
33
33
33
33
45
45
45
44
44
44
44
41
41
41
40
40
40
57
57
57
57
57
56
56
56
56
59
59
63
63
63
63
62
62
62
62
62
62
48
48
48
48
48
49
48
48
54
54
54
54
55
55
55
7
7
7
7
7
7
6
6
6
6
6
1
1
1
1
1
0
0
0
0
11
11
11
10
10
10
10
12
12
12
13
14
13
13
13
13
30
30
30
30
30
30
31
31
31
31
31
31
24
25
25
25
25
25
19
19
19
19
18
18
18
18
22
22
22
22
22
23
23
23
135
135
135
135
135
135
134
134
134
128
128
128
128
129
129
129
129
129
139
139
139
139
139
136
138
138
138
138
140
140
141
141
141
141
142
142
144
144
144
144
145
145
145
145
145
151
151
151
151
151
150
150
150
150
150
152
152
152
152
153
153
153
153
158
158
158
158
158
159
159
159
159
163
163
162
162
162
162
162
164
164
164
164
164
165
165
165
165
165
165
173
173
173
173
173
172
172
172
172
172
171
171
171
171
170
170
170
170
170
179
179
179
178
178
178
178
178
181
181
181
181
181
181
181
191
191
190
190
190
190
189
189
189
186
186
186
186
187
187
187
187
187
245
245
246
246
244
244
244
244
242
242
242
242
242
243
243
243
243
251
251
251
251
251
250
250
250
250
252
253
252
253
252
252
255
255
255
255
237
237
237
236
236
236
236
236
236
234
234
234
235
235
235
234
234
234
228
228
228
228
229
229
229
227
227
227
227
227
227
227
226
226
201
201
201
201
201
201
201
202
202
202
202
202
202
205
205
205
205
205
199
199
199
198
198
198
198
198
196
196
192
195
195
195
193
193
193
193
193
223
223
222
222
222
222
222
222
218
218
218
218
218
219
219
219
219
219
214
214
214
214
215
215
215
209
209
209
209
209
208
208
208
208
264
265
264
264
264
267
267
267
267
270
270
270
270
271
271
271
271
271
261
261
260
260
260
260
260
260
260
257
257
257
257
257
256
256
256
284
284
284
284
284
285
285
285
282
282
282
283
283
283
283
283
283
283
273
273
273
275
275
275
275
275
275
278
278
278
278
279
279
279
279
317
317
317
317
317
316
316
316
312
312
314
314
314
315
315
315
305
305
305
304
304
304
305
304
304
304
304
308
308
308
308
311
309
309
309
309
291
291
291
291
290
290
290
290
290
293
295
295
295
292
292
292
292
292
300
303
303
303
303
303
303
303
303
299
299
298
298
298
298
377
377
377
377
377
377
376
376
376
376
376
383
383
383
380
383
383
382
382
382
373
373
373
372
372
372
372
372
372
371
371
371
371
370
370
370
370
370
370
358
358
359
359
359
359
359
353
353
353
353
352
352
352
367
367
367
367
367
367
366
366
366
360
360
360
360
360
361
361
361
361
361
322
322
322
322
320
320
320
320
320
320
327
327
327
327
327
326
326
326
335
335
335
334
334
334
334
334
330
330
330
330
331
331
331
343
343
343
343
343
343
343
342
337
337
337
342
337
337
336
336
336
336
336
350
350
350
350
350
351
351
351
351
351
351
345
344
344
345
345
345
447
447
447
447
446
446
446
446
446
444
442
442
442
442
443
443
443
443
443
432
432
432
432
433
433
433
433
436
436
436
436
436
436
437
437
437
418
418
418
418
419
419
419
419
420
420
420
420
420
421
421
421
421
421
431
431
431
431
430
430
430
430
430
427
427
427
427
427
426
426
426
426
392
392
392
392
393
393
393
393
399
399
399
399
398
398
398
398
398
387
387
387
387
387
386
386
386
386
386
389
389
389
389
389
388
388
388
388
403
403
403
403
403
402
402
404
404
404
404
405
405
405
405
405
411
411
411
411
411
411
410
410
410
410
410
414
414
414
414
415
415
415
415
415
453
453
453
452
452
452
452
450
451
451
451
451
451
451
448
458
458
458
458
458
459
459
459
459
463
463
463
463
463
463
462
462
462
462
462
469
469
468
468
468
468
467
467
467
467
466
466
466
466
473
473
473
473
472
472
472
472
472
476
476
476
476
476
477
477
477
477
477
499
499
499
499
499
498
498
498
500
500
500
500
500
501
501
501
501
501
507
507
507
507
506
506
506
506
511
511
511
511
510
510
510
510
510
482
482
482
482
482
483
483
483
483
483
485
485
485
485
485
493
493
493
493
493
492
492
492
492
495
495
495
488
488
488
488
488
488
491
491
491
598
598
598
596
596
596
596
596
596
596
595
595
595
595
594
594
594
594
604
604
604
604
604
605
605
605
605
603
603
603
603
603
602
602
602
602
578
578
578
579
579
579
579
579
580
580
580
580
581
581
581
581
581
581
589
589
589
588
588
588
588
585
585
585
585
585
585
584
584
584
584
584
628
628
628
628
629
629
629
629
625
625
625
625
625
624
624
624
624
633
633
633
632
632
632
632
632
639
639
639
639
638
638
638
638
638
608
608
608
608
608
608
609
609
609
609
613
613
613
613
614
614
614
614
614
618
618
619
619
619
619
619
619
619
621
621
620
620
620
620
620
620
620
574
574
575
575
571
571
571
571
571
571
570
570
570
570
570
570
561
561
561
561
561
561
560
560
565
565
565
565
566
566
566
566
566
558
558
558
558
559
559
559
559
559
554
554
554
554
554
555
555
555
555
555
545
545
545
545
544
544
544
544
550
550
550
550
550
551
551
551
532
532
532
532
532
533
533
533
533
533
533
533
528
530
530
530
530
530
540
540
540
540
541
541
541
541
538
538
538
538
538
539
539
527
527
527
527
527
527
527
527
526
526
526
522
522
522
522
522
522
523
523
518
518
518
518
519
519
519
519
519
514
514
514
514
514
515
515
515
515
515
515
647
647
647
647
647
647
646
646
646
640
640
640
641
641
641
641
641
641
650
649
649
649
649
649
649
653
653
653
653
654
654
652
652
652
652
652
652
662
662
662
662
662
656
656
656
656
656
656
658
658
658
658
670
670
670
670
671
670
671
665
665
665
665
665
666
666
666
666
666
666
683
683
683
683
682
682
682
682
687
687
687
687
686
686
686
686
686
674
674
674
674
675
675
675
675
675
676
676
676
676
676
677
677
677
677
700
700
700
700
701
701
701
701
698
698
698
698
698
699
699
699
690
690
690
690
691
691
691
691
691
691
691
694
694
694
695
695
695
695
738
738
738
738
738
738
739
739
739
739
743
743
743
743
742
742
742
742
742
749
749
749
749
748
748
748
748
746
746
746
746
746
746
747
747
747
747
755
755
755
754
754
754
754
754
758
758
758
759
759
759
759
759
760
760
760
760
760
761
761
761
766
766
766
766
766
766
766
767
767
767
713
713
713
713
712
712
712
712
712
712
717
717
717
716
716
717
707
707
707
707
707
707
707
706
706
706
708
709
709
709
709
709
709
709
709
724
724
724
724
725
725
725
725
720
720
720
720
720
720
723
723
723
734
734
734
734
734
735
735
735
735
735
730
730
730
730
730
731
731
731
731
1017
1017
1017
1017
1016
1016
1016
1016
1021
1021
1021
1021
1020
1020
1020
1012
1012
1012
1012
1012
1012
1012
1012
1013
1013
1013
1008
1008
1013
1008
1009
1009
1009
1009
1009
996
996
996
997
997
997
997
997
993
993
993
993
993
995
992
992
992
1001
1001
1001
1001
1001
1000
1000
1000
1000
1006
1006
1006
1006
1006
1005
1005
1005
1005
1005
965
964
964
964
964
963
963
963
963
963
963
961
961
961
961
961
970
970
970
971
971
971
971
974
974
974
974
972
974
974
975
975
975
975
975
986
986
986
987
987
987
987
987
991
991
991
990
990
990
990
981
981
981
981
981
980
980
980
980
976
976
976
976
977
977
977
977
920
920
920
920
920
920
921
921
921
921
921
927
927
927
927
926
926
926
926
919
919
919
919
919
918
918
918
918
918
912
912
912
912
913
913
913
913
906
907
906
906
907
907
907
908
908
908
908
909
909
909
909
909
909
903
903
903
903
903
902
902
902
902
898
898
898
898
899
899
899
899
899
934
934
934
934
934
935
935
935
935
931
931
931
931
930
930
930
930
930
939
939
939
939
938
938
938
938
938
940
940
940
941
941
941
941
949
949
949
949
948
948
948
948
948
945
945
945
944
944
944
944
944
958
958
958
958
958
958
958
959
959
959
959
953
953
953
953
953
953
952
952
952
952
835
835
835
834
834
838
838
838
838
838
837
837
836
836
836
836
844
844
844
845
845
845
845
845
843
843
843
843
842
842
842
842
842
842
852
852
852
854
854
852
854
854
854
854
850
850
850
850
851
851
851
851
857
857
857
857
857
856
856
856
856
856
856
862
862
862
863
863
875
875
875
874
874
874
874
874
874
876
876
876
876
876
877
877
877
877
871
871
871
871
870
870
870
868
870
870
870
866
866
866
864
865
865
865
887
887
887
887
887
887
886
886
886
880
880
880
880
880
880
880
895
895
895
895
894
894
894
894
894
889
889
889
889
888
888
888
888
888
888
888
827
826
826
826
826
826
825
825
825
824
824
824
824
824
824
829
821
821
821
821
820
820
820
820
820
820
818
818
818
819
819
819
819
814
814
814
814
814
814
815
815
815
815
815
815
815
810
810
810
810
810
810
810
810
807
807
807
806
806
806
800
800
800
800
800
800
800
801
801
782
782
782
782
783
783
783
783
779
779
779
779
779
779
778
778
778
778
778
775
775
775
775
774
774
774
774
774
770
770
771
771
771
771
771
794
794
794
794
795
795
795
795
795
795
797
797
797
797
799
799
799
799
799
787
787
787
786
786
786
786
791
791
791
791
791
791
790
790
790
790
790
102
102
102
102
102
102
102
96
96
96
96
97
97
97
97
97
106
106
106
107
107
107
107
107
111
111
111
111
111
111
110
110
110
116
116
116
116
116
117
117
117
117
117
113
113
113
113
112
112
112
120
120
120
120
120
120
120
123
123
123
123
123
126
126
126
127
127
127
94
94
94
94
94
95
95
95
90
90
90
90
90
91
91
91
81
81
81
81
81
81
81
80
80
80
80
80
85
85
85
85
85
84
72
72
72
72
72
72
75
75
75
75
75
77
77
77
77
77
76
76
76
76
71
71
71
71
71
70
70
70
70
67
67
67
67
67
66
66
66
66
66
35
35
35
34
34
34
34
34
34
32
32
32
32
33
33
33
33
33
45
45
45
44
44
44
44
41
41
41
40
40
40
40
40
57
56
56
56
56
56
56
59
56
63
63
63
63
62
62
62
62
62
48
48
48
48
48
48
48
48
48
54
54
54
54
55
55
55
7
7
7
7
7
7
6
6
6
6
1
1
1
1
1
0
0
0
0
0
11
11
11
10
10
12
12
12
12
12
12
12
12
13
13
13
13
30
30
30
30
30
30
31
24
24
24
24
24
24
24
25
25
19
19
19
19
19
18
18
18
18
22
18
18
22
22
22
22
135
135
135
135
135
135
135
134
134
134
128
128
128
128
129
129
129
129
129
129
139
139
139
138
138
138
138
138
138
140
140
140
141
141
141
142
144
144
144
144
144
145
145
145
145
145
151
151
151
151
151
151
150
150
150
150
152
152
152
152
153
153
153
153
153
158
158
158
158
159
159
159
163
163
163
163
162
163
163
164
164
164
164
164
164
165
165
165
165
165
165
173
173
173
173
173
172
172
172
172
172
171
171
171
171
170
170
170
170
170
170
179
179
179
178
178
178
178
178
181
181
181
181
191
191
191
191
190
190
190
190
190
189
186
186
186
186
186
187
187
187
187
187
245
245
245
244
244
244
244
244
242
242
242
242
242
242
243
243
243
251
251
251
251
251
250
250
252
252
252
252
252
252
252
252
252
255
255
237
237
237
237
236
236
237
236
236
234
234
234
234
235
235
234
234
234
228
228
228
228
228
228
229
229
229
227
227
227
227
227
226
226
226
226
203
203
203
203
203
203
202
202
202
202
202
202
205
205
205
205
205
199
199
199
199
198
198
198
198
198
192
192
192
192
192
192
192
193
193
193
223
223
223
223
223
222
222
222
218
218
218
218
218
219
219
219
219
219
214
214
214
214
214
215
215
209
209
209
209
208
208
264
264
264
264
264
264
264
264
267
267
267
270
270
270
270
270
270
271
271
271
271
261
261
261
261
261
260
260
260
260
257
257
257
257
256
256
256
256
284
284
284
284
284
285
285
285
285
282
282
282
283
283
283
282
282
273
273
273
273
275
275
275
275
275
275
278
278
278
278
279
279
279
279
279
317
317
317
317
317
316
316
316
314
314
314
314
314
315
314
315
315
315
315
304
304
305
305
304
304
308
308
308
308
308
308
309
309
309
309
291
291
291
290
290
290
290
290
293
293
293
293
293
293
292
292
292
292
292
303
303
303
303
303
299
299
303
299
299
299
299
298
298
298
377
377
377
377
376
376
376
376
376
376
383
383
383
383
383
383
382
382
382
373
373
373
373
373
372
372
372
372
371
371
371
370
370
370
370
370
370
358
358
358
359
359
359
359
359
359
353
353
353
353
352
352
352
352
367
367
367
367
366
366
366
366
366
366
360
360
361
360
361
361
361
322
322
322
322
320
320
320
320
320
320
327
327
327
327
327
326
326
326
335
335
335
334
334
334
334
334
330
330
330
330
331
331
331
331
331
343
343
343
343
342
342
337
337
337
337
337
337
336
336
336
336
336
336
350
350
350
351
351
351
351
351
351
351
345
344
345
345
345
345
447
447
447
447
447
446
446
446
446
446
442
442
442
442
442
443
443
443
443
432
432
432
433
433
433
433
433
436
436
436
436
436
437
437
437
437
418
418
418
418
419
419
419
419
419
420
420
420
420
421
421
421
421
421
431
431
431
431
430
430
430
430
430
427
427
427
427
427
426
426
426
426
392
392
392
392
393
393
393
393
399
399
399
399
399
399
398
398
398
387
387
387
387
386
386
386
386
386
389
389
389
389
389
389
388
388
388
388
402
402
402
402
402
402
402
404
404
404
404
405
405
405
405
405
411
411
411
411
411
410
410
410
410
410
414
414
414
414
415
415
415
415
415
453
453
453
453
452
452
452
450
450
450
451
451
451
451
451
451
451
458
458
458
458
459
459
459
459
463
463
463
463
463
462
462
462
462
462
462
469
469
469
469
469
468
467
467
467
467
467
466
466
466
466
466
473
473
473
472
472
472
472
476
476
476
476
476
476
476
477
477
477
499
499
499
498
498
498
498
498
498
500
500
500
501
501
501
501
501
501
507
507
507
507
506
506
506
506
511
511
511
511
510
510
510
510
482
482
482
482
482
483
483
483
483
483
485
485
485
485
485
493
493
493
493
493
492
492
492
492
492
495
495
495
495
495
488
488
488
491
491
491
491
598
598
598
596
596
596
596
596
596
596
595
595
595
595
594
594
594
594
604
604
604
604
605
605
605
605
603
603
603
603
603
603
602
602
602
602
602
578
578
579
579
579
579
579
580
580
580
580
580
581
581
581
581
589
589
589
589
588
588
588
588
588
588
585
585
585
584
584
584
584
584
584
628
628
628
628
629
629
629
629
629
629
625
625
625
625
624
624
624
624
633
633
633
632
632
632
632
632
639
639
639
638
638
638
638
638
608
608
608
609
609
609
609
609
609
609
613
613
613
613
614
614
614
614
614
614
618
619
619
619
619
619
619
621
621
621
621
621
621
621
621
620
620
574
574
575
575
571
571
571
571
571
571
570
570
570
570
570
570
570
561
561
561
561
561
560
560
560
565
565
565
565
566
566
566
566
566
558
558
558
559
559
559
559
554
554
554
554
554
555
555
555
555
545
545
545
545
545
544
544
544
544
550
550
550
550
550
551
551
551
551
532
532
532
532
532
533
533
533
533
533
533
531
531
530
530
530
530
530
540
540
540
540
541
541
541
541
538
538
538
538
538
539
539
539
527
527
527
527
527
527
526
526
526
526
522
522
522
522
522
522
523
523
518
518
518
518
518
519
519
519
519
514
514
514
514
514
515
515
515
515
515
515
647
647
647
647
647
647
646
646
646
646
640
640
640
641
641
641
641
641
650
649
649
649
649
649
649
653
653
653
653
653
653
653
652
652
652
652
652
652
662
662
662
662
662
656
656
656
656
656
658
658
658
658
670
670
670
670
670
670
670
665
665
665
665
665
666
666
666
666
666
666
683
683
683
683
682
682
687
687
687
687
687
687
686
686
686
686
686
674
674
674
674
674
675
675
675
675
676
676
676
676
677
677
677
677
677
700
700
700
700
701
701
701
698
698
698
698
698
699
699
699
699
699
690
690
690
690
690
690
691
694
691
691
691
695
694
695
695
695
695
738
738
738
738
738
738
739
739
743
743
743
743
743
743
742
742
742
749
749
749
749
749
748
748
748
748
748
748
746
746
746
746
746
747
747
747
755
755
755
755
754
754
754
754
754
758
758
758
758
759
759
759
759
760
760
760
760
760
761
761
761
761
766
761
766
766
767
767
767
767
767
713
713
713
713
712
712
712
712
712
717
717
716
716
716
716
716
716
707
707
707
707
707
707
706
706
706
706
706
709
709
709
709
709
709
724
724
724
724
724
724
724
724
725
725
720
720
720
723
723
723
723
723
734
734
734
734
735
735
735
735
735
735
730
730
730
730
730
731
731
731
731
1017
1017
1017
1017
1017
1017
1016
1016
1016
1021
1021
1021
1021
1020
1020
1020
1020
1020
1020
1012
1012
1012
1013
1013
1013
1013
1013
1013
1008
1008
1008
1008
1009
1009
996
997
997
997
997
997
993
993
993
993
993
993
993
993
992
992
992
1001
1001
1001
1001
1000
1000
1000
1000
1000
1006
1006
1006
1006
1006
1005
1005
1005
1005
1005
965
965
964
964
964
964
964
964
964
964
963
963
963
961
961
961
961
970
970
970
971
971
971
971
974
974
974
974
974
974
974
974
975
975
975
975
975
986
986
987
987
987
987
991
991
991
991
991
991
990
990
990
981
981
981
980
980
980
980
980
976
976
976
976
977
977
977
920
920
920
920
920
920
920
921
921
921
921
927
927
927
927
927
927
926
926
926
919
919
919
918
918
918
918
918
918
912
912
912
912
913
913
913
906
906
906
906
906
906
907
908
908
908
908
908
908
909
909
909
909
909
909
909
903
903
903
903
902
902
902
898
898
898
898
899
899
899
899
899
899
934
934
934
934
935
935
935
935
935
935
931
931
930
930
930
930
930
939
939
939
939
939
938
939
938
938
938
938
940
940
941
941
941
941
941
941
941
941
948
948
949
949
945
945
945
944
944
944
944
944
944
944
944
944
958
958
958
959
959
959
959
953
953
953
953
953
953
953
952
952
952
835
835
835
835
835
835
835
838
835
835
835
835
835
836
836
836
836
836
844
844
844
845
845
845
845
843
843
843
843
843
843
843
842
842
852
852
852
854
854
854
852
854
854
854
850
850
850
850
851
851
851
851
857
857
857
857
857
857
856
856
856
856
856
862
862
862
862
863
863
875
875
875
875
874
874
874
874
876
876
876
876
876
877
877
877
877
877
871
871
871
871
871
871
870
870
870
870
870
866
866
866
864
865
865
865
887
887
887
887
886
887
886
886
886
886
880
880
880
880
880
880
895
895
895
895
895
894
894
894
894
894
894
888
888
888
888
888
888
888
888
827
827
827
827
827
826
826
826
825
825
825
824
824
824
824
824
824
821
821
821
821
821
821
821
820
820
818
818
818
818
819
819
819
819
819
814
814
814
814
814
814
815
815
815
815
815
815
810
810
810
810
810
810
810
807
807
807
806
806
806
800
800
800
800
800
800
800
800
800
782
782
782
782
782
783
783
783
783
779
779
779
779
779
778
778
778
778
778
778
775
775
775
775
775
774
774
770
770
770
771
771
771
771
771
771
794
794
794
794
794
795
795
795
795
797
797
797
797
797
799
799
799
799
799
787
787
787
786
786
786
786
786
791
791
791
791
791
791
790
790
102
102
102
102
102
102
102
102
96
96
96
96
96
97
97
97
97
106
106
106
106
106
106
106
107
107
107
111
111
111
111
110
110
110
110
110
116
116
116
116
117
117
117
117
117
113
113
113
113
113
112
120
120
120
120
120
120
120
123
123
123
123
126
126
126
127
127
127
127
127
94
94
94
94
94
95
95
95
95
95
90
90
91
91
91
91
81
81
81
81
81
81
80
80
80
80
80
80
85
85
85
85
84
84
72
72
72
72
72
73
73
75
75
75
75
77
77
77
77
76
76
76
76
76
71
71
71
71
70
70
70
70
67
67
67
67
67
67
67
66
66
66
66
35
35
35
34
34
34
34
34
32
32
32
32
32
33
33
33
45
45
45
45
44
44
44
44
41
41
41
41
40
40
57
57
40
57
57
56
56
56
56
56
56
56
63
63
63
63
63
63
62
62
62
62
48
48
48
48
48
48
48
54
54
54
54
54
55
55
55
7
7
7
7
7
7
6
6
6
6
1
1
1
1
1
0
0
0
0
0
11
11
11
10
10
10
10
10
12
12
12
12
12
12
13
13
13
30
30
30
30
30
30
31
24
24
24
24
24
24
24
25
25
25
19
19
19
18
18
18
18
18
18
18
18
22
22
22
22
22
135
135
135
135
135
134
134
134
134
134
128
128
128
129
128
129
129
129
129
129
139
139
138
138
138
138
138
140
140
140
140
141
141
141
141
141
144
144
144
144
144
145
145
145
151
151
151
151
150
150
150
151
151
152
150
152
152
152
153
153
153
153
153
158
158
158
158
159
159
159
159
163
163
163
163
163
163
163
163
164
164
164
164
164
165
165
165
165
165
165
165
173
173
173
173
172
172
172
172
172
171
171
171
171
170
170
170
170
170
179
179
179
179
178
178
178
178
178
178
181
191
191
191
181
191
190
190
190
190
190
190
189
189
186
186
186
186
187
186
187
187
187
187
245
245
244
244
244
244
242
242
242
242
242
242
243
243
243
243
243
251
251
251
251
251
250
252
252
252
252
252
252
252
252
252
255
237
237
237
237
237
237
237
237
236
236
234
234
234
234
235
235
234
228
228
228
228
228
228
228
228
229
229
229
229
229
229
226
226
226
226
203
226
203
203
203
203
203
203
202
202
202
202
202
205
205
205
205
205
205
199
199
199
199
199
198
198
198
192
192
192
192
192
192
192
192
192
192
193
223
223
223
223
222
222
222
218
218
218
218
218
218
219
219
219
219
219
214
214
214
214
215
215
215
215
215
209
209
209
208
264
264
264
264
264
264
264
264
267
267
267
270
270
270
270
270
270
271
271
271
261
261
261
261
261
261
257
257
257
257
257
257
256
257
256
256
256
284
284
284
284
284
284
285
285
285
285
282
282
282
282
282
282
282
273
273
273
273
273
275
275
275
275
275
275
278
278
278
278
279
279
279
279
279
317
317
317
317
316
316
316
316
316
314
314
314
315
315
314
315
315
305
305
305
304
305
304
304
304
304
308
308
308
308
309
309
309
309
309
291
291
291
291
290
293
293
293
293
293
293
293
293
293
292
292
292
292
292
292
303
303
303
299
299
299
299
299
299
299
298
298
298
298
298
298
377
377
377
376
376
376
376
383
383
383
383
383
383
383
382
382
382
373
373
373
373
373
372
372
372
371
371
371
371
371
371
370
370
370
358
358
358
358
358
359
359
359
359
359
353
353
353
353
352
352
352
352
367
367
367
367
367
367
366
366
366
360
360
360
361
360
361
361
361
322
322
322
322
322
322
320
320
320
320
327
327
327
327
327
326
326
326
335
335
334
334
334
334
334
334
330
330
330
331
331
331
331
331
331
331
331
343
343
342
342
342
342
342
337
337
337
336
336
336
336
336
336
336
350
350
351
351
351
351
351
351
351
345
345
345
345
345
447
447
447
447
447
446
446
446
446
446
446
442
442
442
442
442
443
443
443
432
432
432
433
433
433
433
433
433
433
433
436
437
437
437
437
437
418
418
418
418
418
419
419
419
419
419
419
420
420
420
421
421
421
431
431
431
431
431
430
430
430
430
430
430
427
427
427
427
427
426
426
426
392
392
392
392
392
393
393
393
393
393
399
399
399
399
398
398
398
387
387
387
387
387
386
386
386
386
389
389
389
389
389
388
388
388
388
388
402
402
402
402
402
402
402
402
402
402
404
404
404
405
405
405
405
405
411
411
411
411
410
410
410
410
410
414
414
414
414
415
415
415
415
453
453
453
453
453
452
452
450
450
450
450
450
450
451
451
451
451
458
458
458
458
459
459
459
459
459
463
463
463
463
463
462
462
462
462
462
469
469
469
469
469
469
468
467
467
467
467
467
466
466
466
466
466
466
473
472
472
472
472
472
476
476
476
476
477
476
477
477
477
477
499
499
499
498
498
498
498
498
498
500
500
501
501
501
501
501
501
507
507
507
507
507
506
506
506
506
506
511
511
511
510
510
510
510
510
482
482
482
482
483
483
483
483
485
485
485
485
485
485
493
493
493
493
493
492
492
492
492
495
495
495
495
495
495
488
488
488
488
491
491
491
598
598
598
598
596
596
596
595
595
595
595
595
595
594
594
594
594
594
604
604
604
604
604
605
605
605
603
603
603
603
603
603
603
602
602
602
578
578
578
578
579
579
579
579
580
580
580
580
580
581
581
581
581
589
589
589
589
588
588
588
588
588
588
585
585
584
584
584
584
584
584
584
628
628
628
628
628
629
629
629
629
625
625
625
625
625
624
624
624
633
633
633
633
632
632
632
632
639
639
639
638
638
638
638
638
608
608
608
608
608
609
609
609
609
609
609
609
613
613
613
614
614
614
614
614
614
618
618
618
619
619
621
621
621
621
621
621
621
621
621
621
620
574
574
574
575
575
575
575
575
571
571
571
570
570
570
570
570
570
570
561
561
561
561
561
561
560
560
565
565
565
565
565
566
566
566
566
558
558
558
559
559
559
559
559
554
554
554
555
555
555
555
555
545
545
545
544
544
544
544
550
550
550
550
550
550
551
551
551
551
551
532
532
532
532
532
533
533
533
533
533
531
531
531
531
530
530
530
530
540
540
540
541
541
541
541
541
538
538
538
538
538
538
539
539
527
527
527
526
526
526
526
526
526
526
522
522
522
522
522
522
523
523
523
518
518
518
518
519
519
519
519
519
519
514
514
514
515
515
515
515
515
515
647
647
647
647
647
646
646
646
646
646
640
640
640
641
641
641
641
641
650
650
649
649
649
649
649
653
653
653
653
653
653
653
653
652
652
652
652
662
662
662
662
662
662
656
656
656
656
658
658
658
658
658
670
670
670
670
670
670
670
670
665
665
665
665
665
666
666
666
666
666
683
683
683
683
682
682
687
687
687
687
687
687
686
686
686
686
674
674
674
674
674
674
675
675
675
675
676
676
676
676
676
677
677
677
677
700
700
700
700
701
701
701
698
698
698
699
699
699
699
699
699
699
690
690
690
690
690
690
691
691
694
694
694
694
695
695
695
695
695
738
738
738
738
739
739
739
739
739
743
743
743
743
742
742
742
742
742
749
749
749
749
749
749
748
748
748
748
746
746
746
746
746
747
747
747
747
755
755
755
754
754
754
754
754
758
758
758
759
759
759
759
759
760
760
760
760
760
761
761
761
761
761
766
766
766
766
767
767
767
767
713
713
713
713
712
712
712
712
712
712
712
716
716
716
716
716
707
707
707
707
707
707
706
706
706
706
706
706
706
709
709
709
709
709
709
724
724
724
724
724
724
724
725
725
720
720
720
723
723
723
723
723
734
734
734
734
734
734
735
735
735
735
735
730
730
730
730
730
731
731
1017
1017
1017
1017
1017
1017
1017
1016
1016
1016
1021
1021
1021
1021
1020
1020
1020
1020
1020
1012
1012
1012
1012
1012
1013
1013
1013
1013
1013
1008
1008
1008
1008
1009
1009
997
997
997
997
997
997
993
993
993
993
993
993
993
993
992
992
992
992
1001
1001
1000
1000
1000
1000
1000
1000
1006
1006
1006
1006
1006
1005
1005
1005
1005
1005
965
965
965
964
964
964
964
964
964
963
963
963
963
961
961
961
961
961
970
971
971
971
971
971
971
974
974
974
974
974
974
974
975
975
975
975
975
986
986
986
987
987
987
987
991
991
991
991
991
990
990
990
990
981
981
980
980
980
980
976
976
976
976
976
976
977
977
977
920
920
920
920
920
920
921
921
921
921
927
927
927
927
927
927
926
926
926
919
919
919
919
918
918
918
918
912
912
912
912
912
913
913
906
906
906
906
906
907
907
907
907
907
907
908
908
908
909
909
909
909
909
909
909
903
903
903
903
903
902
902
902
902
898
898
898
898
899
899
899
934
934
934
934
935
935
935
935
935
935
935
931
931
931
930
930
930
930
930
939
939
939
939
939
938
938
938
938
938
938
940
940
940
941
941
941
941
941
941
941
948
948
948
948
945
945
945
944
944
944
944
944
944
944
944
958
958
958
958
959
959
959
953
953
953
953
953
953
953
952
952
952
952
835
835
835
835
835
835
838
838
835
835
835
835
835
836
836
836
844
844
844
844
845
845
845
845
843
843
843
843
843
843
843
852
852
852
852
852
852
852
852
852
854
854
854
854
850
850
851
851
851
851
851
851
857
857
857
857
857
856
856
856
856
856
862
862
862
862
863
863
863
875
875
875
874
874
874
874
874
874
876
876
876
876
877
877
877
871
871
871
871
871
871
871
870
870
870
870
870
870
866
866
864
865
865
865
887
887
887
887
886
886
886
886
886
886
880
880
880
880
880
880
895
895
895
895
895
894
894
894
894
894
894
894
888
888
888
888
888
827
827
827
827
827
827
827
826
826
826
825
825
825
825
825
825
824
824
824
821
821
821
821
821
821
821
818
818
818
818
818
818
819
819
819
819
819
814
814
814
814
814
815
815
815
815
815
815
815
810
810
810
810
810
807
807
807
806
806
806
806
800
800
800
800
800
800
800
800
800
800
801
782
782
782
783
783
783
783
783
779
779
779
779
779
778
778
778
778
778
778
775
775
775
775
774
774
774
774
770
770
770
771
771
771
771
794
794
794
794
794
794
795
795
795
795
797
797
797
797
797
799
799
799
799
787
787
787
787
787
786
786
786
791
791
791
791
791
791
790
790
790
790
102
102
102
102
102
102
96
96
96
96
96
96
96
97
97
97
97
97
106
106
106
106
107
107
107
107
111
111
111
111
110
110
110
110
116
116
116
116
117
117
117
117
117
117
113
113
113
113
112
112
112
112
120
120
120
120
120
120
123
123
123
126
126
126
127
127
127
127
94
94
94
94
94
94
95
95
95
95
95
90
90
90
91
91
81
81
81
81
81
81
80
80
80
80
80
80
85
85
85
85
84
84
84
84
72
72
72
73
73
73
73
73
73
75
75
77
77
77
77
76
76
76
71
71
71
71
71
70
70
70
70
70
70
67
67
67
67
66
66
66
66
35
35
35
35
35
34
34
34
34
32
32
32
32
32
32
33
45
45
45
45
45
44
44
44
44
41
41
41
40
40
57
57
57
57
57
57
56
56
56
56
56
56
56
63
63
63
63
63
63
62
62
62
62
62
48
48
48
48
48
48
54
54
54
54
55
55
55
55
55
7
7
7
7
7
7
6
6
6
6
6
1
1
1
1
0
0
0
0
11
11
10
10
10
10
10
12
12
12
12
12
12
12
13
13
13
13
13
30
30
30
30
30
31
31
24
24
24
24
24
25
25
25
25
19
19
19
18
18
18
18
18
18
22
22
22
22
22
22
22
135
135
135
135
134
134
134
134
134
134
128
128
128
128
128
128
128
129
129
139
139
139
139
138
138
138
138
140
140
140
141
141
141
141
144
144
144
144
144
144
145
145
145
151
151
151
151
151
150
150
150
150
150
152
152
152
152
152
153
153
153
153
153
158
158
158
158
159
159
159
163
163
163
163
163
163
163
163
164
164
164
164
164
164
165
165
165
165
165
173
173
173
173
172
172
172
172
172
172
171
171
171
171
171
170
179
179
179
179
179
179
179
178
178
178
178
178
178
181
181
191
191
191
191
191
191
191
190
190
190
190
189
189
189
189
186
186
186
187
187
187
187
245
245
245
245
244
244
244
244
242
242
242
243
243
243
243
243
251
251
251
251
250
250
250
250
250
250
252
252
252
255
255
255
255
255
237
237
237
237
237
237
236
236
236
236
236
234
234
234
234
234
234
234
228
228
228
228
228
228
228
229
229
229
229
229
227
226
226
203
203
203
203
203
203
203
203
203
202
202
202
202
202
202
205
205
205
205
199
199
199
199
199
199
198
198
198
198
198
192
192
192
192
192
192
192
193
193
193
223
223
223
223
222
222
222
222
218
218
218
219
219
219
219
219
219
214
214
214
214
215
215
215
215
215
209
209
209
208
208
208
264
264
264
264
264
264
267
267
267
270
270
270
270
270
270
271
271
271
271
261
261
261
261
261
261
257
257
257
257
257
256
256
256
256
256
256
256
284
284
284
284
285
285
285
285
282
282
282
282
282
282
273
273
273
273
273
275
275
275
275
275
275
278
278
278
278
279
279
279
279
279
279
317
317
317
317
316
316
316
316
316
314
314
314
314
314
314
315
315
305
305
305
304
304
304
304
304
304
308
308
308
308
308
309
309
309
309
291
291
291
291
290
290
293
293
293
293
293
293
293
293
292
292
292
292
292
292
292
303
303
303
299
299
299
299
299
299
299
299
298
298
298
298
377
377
377
377
377
376
376
376
376
383
383
383
383
383
383
382
382
373
373
373
373
373
373
372
372
371
371
371
371
371
371
371
371
371
371
358
358
358
358
359
359
359
353
353
353
353
353
353
352
352
352
352
352
352
367
367
367
367
366
366
366
366
360
361
361
360
361
361
361
322
322
322
322
322
322
320
320
320
320
327
327
327
327
327
327
326
326
326
335
335
335
334
334
334
330
330
330
330
330
331
331
331
331
331
331
331
343
343
343
343
343
342
342
342
337
337
337
337
336
336
336
336
336
350
350
350
351
351
351
351
351
345
345
345
345
345
345
345
447
447
447
447
446
446
446
446
446
446
446
442
442
442
442
442
443
443
432
432
432
433
433
433
433
433
433
433
436
436
436
437
437
437
437
437
418
418
418
418
419
419
419
419
419
419
420
420
420
421
421
421
421
421
421
431
431
430
430
430
430
430
430
427
427
427
427
427
426
426
426
426
426
392
392
392
392
392
393
393
393
393
399
399
399
398
398
398
387
387
387
387
386
386
386
386
386
386
386
389
389
389
389
388
388
388
388
388
388
402
402
402
402
402
402
402
402
404
404
404
405
405
405
405
411
411
411
411
411
411
410
410
410
410
414
414
414
414
414
415
415
415
415
415
453
453
453
453
452
450
450
450
450
450
450
451
451
451
451
458
458
458
458
459
459
459
459
459
463
463
463
463
463
462
462
462
469
469
469
469
469
469
469
469
468
467
467
467
467
467
467
467
466
466
466
472
472
472
472
472
472
472
472
476
476
476
477
477
477
477
477
477
499
499
499
499
498
498
498
500
500
500
500
500
501
501
501
501
501
501
507
507
507
506
506
506
506
506
506
511
511
511
510
510
510
510
510
482
482
482
482
482
482
483
483
483
483
485
485
485
485
485
485
485
485
493
492
492
492
492
495
495
495
495
495
488
488
488
488
488
491
491
491
