659 1
     116      48      97
     105      96     104
     198     106      95
     199      67     170
     310     304     281
     109     108      17
     241     109     219
     195     111      92
     194     112      91
     209     192     153
     114     113      13
     364     300     235
     200      97      49
     227     199     170
     119      68      20
     119      20     117
     191     120      88
     121      38      86
     295     124     225
     123     121      86
     188     124      85
     125     122      10
     187     126      84
     233     152     224
     184      81      34
     162       6     133
     130       7     129
     183     131      80
     182     132      79
     161       5     134
     180      30     135
     181     135      78
     180     136      77
     137     134       4
     138     137      57
     159      56       2
     231     215     175
     141     140       1
     357     266     286
     143     141      55
     144     143      24
     216     206     158
     371     238     265
     172      69      21
     156      51     101
     176     149      73
     159       2     140
     248     130     247
     186     152      83
     193     153      90
     168     155      65
     314     241     219
     368     264     284
     205     157     102
     174     158      71
     159     150      56
     288     253     178
     291     181     132
     251     133     161
     130       8       7
     346     260     233
     377     317     332
     189     166      12
     167     154      64
     302     111     263
     197     169      94
     227     211     199
     368     318     308
     172      21     118
     229     146     217
     319     286     215
     258     231     149
     176      27     139
     160      28      75
     178     160      75
     179      29     136
     290     232     180
     181      31     132
     182      32     131
     183      33     128
     151      34      82
     224     152     186
     186      36     126
     187      37     124
     188      38     121
     189      62     165
     190      39     120
     234     210     114
     235     192     209
     193      42     112
     194      43     111
     195      44     110
     236     196     208
     197      46     106
     105      47      96
     170      67      18
     116     104      48
     119     118      68
     378     320     242
     147     146      22
     369     239     349
     205      53     145
     239     206     216
     170      18     107
     104      96      48
     240     107     207
     198      47     105
     108     107      66
     106      46      95
     107      18      66
     108      66      17
     109      17      16
     219     109     155
     155      16      65
     168      65      15
     110      44      93
     196      93      45
     168      15     154
     111      43      92
     167      14     113
     112      42      91
     113      14      13
     114      13      63
     166      63      12
     191      40     115
     115      40      89
     192      89      41
     171      49      98
     242     117     211
     117      20      19
     199      19      67
     202      50     148
     118      21      68
     283     171     237
     201     171      98
     189      12      62
     120      39      88
     123      86      87
     165      11     122
     122      11      10
     125      10      61
     190     123      87
     375     311     364
     124      37      85
     245     122     212
     164      61       9
     164       9     127
     126      36      84
     327     261     273
     127       9      60
     163      60       8
     323     293     272
     128      33      81
     129       7      59
     162      59       6
     323     248     247
     163       8     130
     131      32      80
     339     338     250
     292     131     249
     132      31      79
     133       6      58
     161      58       5
     134       5       4
     137       4      57
     135      30      78
     251     223     133
     252     137     221
     136      29      77
     138      57       3
     269     150     268
     150       3      56
     254     160     253
     139      27      74
     177      74      28
     140       2       1
     141       1      55
     143      55      24
     174      25     142
     142      25      72
     175      72      26
     144      24      70
     255     230     143
     173      70      23
     173      23     146
     145      53     103
     206     103      54
     146      23      22
     147      22      69
     257     256     203
     257     156     220
     148      50     100
     203     100      51
     149      26      73
     344     267     214
     259     177     254
     150     138       3
     185      82      35
     370     213     346
     152      35      83
     327     326     224
     153      41      90
     262     226     154
     154      15      64
     167      64      14
     366     303     236
     155     109      16
     204     101      52
     329     264     315
     157      52     102
     373     313     329
     158      54      71
     266     216     158
     267     140     214
     268     159     267
     178      75      76
     358     269     268
     161     133      58
     331     290     222
     271     162     223
     162     129      59
     163     127      60
     272     184     218
     164     125      61
     273     127     213
     297     275     189
     165      62      11
     377     332     297
     166     114      63
     276     113     210
     333     301     278
     333     226     262
     279     168     226
     169      45      94
     280     208     169
     240     227     170
     367     243     335
     335     283     320
     201      98      99
     172     147      69
     284     118     228
     285     255     144
     173     144      70
     174      71      25
     286     142     215
     175     142      72
     175      26     149
     176      73      27
     336     287     259
     177     139      74
     177      28     160
     179     178      76
     289     136     232
     179      76      29
     337     288     289
     180      77      30
     290     135     222
     181      78      31
     338     291     250
     182      79      32
     339     223     338
     183      80      33
     324     293     323
     184     128      81
     184      34     151
     185     151      82
     185      35     152
     186      83      36
     322     294     246
     187      84      37
     353     295     225
     188      85      38
     340     296     317
     297     165     245
     298     274     123
     190      87      39
     299     120     244
     191      88      40
     300     115     235
     192     115      89
     192      41     153
     193      90      42
     341     301     333
     194      91      43
     342     333     278
     195      92      44
     303     110     236
     196     110      93
     196      45     169
     197      94      46
     350     310     207
     198      95      47
     343     310     281
     306     116     243
     199     117      19
     200     116      97
     200      49     171
     202     201      99
     308     148     256
     202      99      50
     362     228     320
     203     148     100
     203      51     156
     204     156     101
     204      52     157
     205     102      53
     371     321     313
     206     145     103
     206      54     158
     207     107     108
     241     108     109
     208     196     169
     280     169     197
     277     153     193
     276     262     167
     210     113     114
     234     114     166
     334     282     306
     211     117     199
     212     122     125
     261     125     164
     213     127     163
     248     163     130
     214     140     141
     230     141     143
     215     142     175
     231     175     149
     266     158     174
     285     173     229
     217     146     147
     264     147     172
     218     184     151
     260     151     185
     279     155     168
     372     279     328
     220     156     204
     238     204     157
     221     137     138
     269     138     150
     270     134     252
     222     135     181
     354     251     331
     223     162     133
     294     186     126
     273     261     164
     225     124     188
     296     188     121
     226     168     154
     262     154     167
     240     170     107
     351     240     343
     228     118     119
     242     119     117
     309     145     239
     229     173     146
     230     214     141
     255     143     144
     258     149     176
     344     325     267
     345     270     252
     232     136     180
     370     346     326
     233     185     152
     275     166     189
     375     347     311
     235     115     192
     348     276     210
     236     110     196
     352     280     350
     237     171     201
     307     201     202
     238     220     204
     265     157     205
     239     145     206
     349     216     312
     350     304     310
     351     343     305
     352     350     207
     241     207     108
     242     228     119
     367     211     334
     243     116     200
     283     243     200
     244     120     191
     300     244     191
     245     165     122
     353     340     245
     246     126     187
     295     246     187
     247     130     129
     271     129     162
     360     248     323
     248     213     163
     249     131     183
     293     183     128
     250     132     182
     292     250     182
     270     161     134
     354     338     223
     252     134     137
     355     337     221
     253     160     178
     288     178     179
     356     336     268
     254     177     160
     285     144     173
     312     216     266
     284     264     172
     256     148     203
     257     203     156
     373     329     220
     287     176     139
     356     287     336
     259     139     177
     358     268     336
     260     218     151
     260     185     233
     261     212     125
     273     164     127
     276     167     113
     361     276     348
     263     111     195
     303     263     195
     264     217     147
     284     172     118
     265     238     157
     309     265     205
     286     266     174
     357     319     230
     267     159     140
     344     214     319
     358     336     259
     268     150     159
     330     254     253
     269     221     138
     359     345     232
     270     251     161
     271     247     129
     374     339     292
     272     128     184
     360     218     316
     346     213     316
     370     327     273
     274     121     123
     298     123     190
     275     234     166
     297     189     165
     375     364     210
     361     277     341
     277     209     153
     301     193     112
     278     112     194
     302     278     194
     279     219     155
     376     279     226
     304     197     106
     352     241     314
     281     106     198
     305     198     105
     282     105     104
     306     282     104
     283     200     171
     320     283     237
     362     307     318
     368     284     318
     321     265     309
     369     285     321
     286     174     142
     344     231     325
     287     258     176
     287     139     259
     289     288     179
     345     289     232
     289     179     136
     345     337     289
     290     180     135
     354     291     338
     291     222     181
     291     132     250
     292     182     131
     374     324     339
     293     249     183
     293     128     272
     294     224     186
     294     126     246
     295     187     124
     353     225     340
     296     225     188
     296     121     274
     377     340     317
     332     317     274
     299     298     190
     363     347     275
     299     190     120
     347     244     311
     300     191     115
     364     348     210
     301     277     193
     301     112     278
     302     194     111
     365     263     328
     303     195     110
     366     328     303
     304     280     197
     304     106     281
     305     281     198
     305     105     282
     306     104     116
     378     367     335
     307     237     201
     308     307     202
     308     202     148
     368     256     315
     309     205     145
     379     369     349
     343     281     305
     310     240     207
     347     234     275
     311     244     300
     312     230     255
     379     312     255
     313     229     217
     329     315     257
     372     366     314
     314     236     208
     315     256     257
     329     257     220
     380     213     248
     316     218     260
     317     296     274
     332     274     298
     318     284     228
     318     307     308
     319     214     230
     357     230     312
     362     320     237
     320     228     242
     321     285     229
     321     229     313
     381     246     295
     322     212     261
     360     323     272
     324     323     247
     324     249     293
     324     247     271
     325     231     258
     356     258     287
     326     233     224
     327     224     294
     327     294     322
     327     322     261
     376     365     279
     328     263     303
     329     313     217
     329     217     264
     355     288     337
     330     221     269
     331     251     270
     359     270     345
     363     298     299
     332     275     297
     342     278     302
     341     333     262
     334     211     227
     351     227     240
     378     335     320
     335     243     283
     358     259     254
     356     268     267
     337     252     221
     355     221     330
     339     250     292
     354     223     251
     339     324     271
     339     271     223
     353     245     212
     340     225     296
     341     262     276
     341     277     301
     365     342     302
     376     333     342
     351     305     282
     343     240     310
     344     319     215
     344     215     231
     345     252     337
     359     232     290
     346     316     260
     346     233     326
     363     275     332
     347     299     244
     348     235     209
     361     348     209
     379     349     312
     349     239     216
     352     207     241
     350     280     304
     351     282     334
     351     334     227
     352     314     208
     352     208     280
     353     212     322
     381     353     322
     354     331     222
     354     222     291
     355     330     253
     355     253     288
     356     267     325
     356     325     258
     357     312     266
     357     286     319
     358     254     330
     358     330     269
     359     290     331
     359     331     270
     360     272     218
     380     360     316
     361     209     277
     361     341     276
     362     237     307
     362     318     228
     363     332     298
     363     299     347
     364     311     300
     364     235     348
     365     302     263
     365     328     279
     366     236     314
     372     314     219
     367     334     306
     367     306     243
     368     308     256
     368     315     264
     369     321     309
     369     309     239
     370     326     327
     370     273     213
     373     371     313
     371     265     321
     372     219     279
     372     328     366
     373     220     238
     373     238     371
     374     292     249
     374     249     324
     375     210     234
     375     234     347
     376     226     333
     376     342     365
     377     297     245
     377     245     340
     378     242     211
     378     211     367
     379     255     285
     379     285     369
     380     316     213
     380     248     360
     381     322     246
     381     295     353
