     116      48      97       1
     105      96     104       1
     198     106      95       1
     199      67     170       1
     310     304     281       1
     109     108      17       1
     241     109     219       1
     195     111      92       1
     194     112      91       1
     209     192     153       1
     114     113      13       1
     364     300     235       1
     200      97      49       1
     227     199     170       1
     119      68      20       1
     119      20     117       1
     191     120      88       1
     121      38      86       1
     295     124     225       1
     123     121      86       1
     188     124      85       1
     125     122      10       1
     187     126      84       1
     233     152     224       1
     184      81      34       1
     162       6     133       1
     130       7     129       1
     183     131      80       1
     182     132      79       1
     161       5     134       1
     180      30     135       1
     181     135      78       1
     180     136      77       1
     137     134       4       1
     138     137      57       1
     159      56       2       1
     231     215     175       1
     141     140       1       1
     357     266     286       1
     143     141      55       1
     144     143      24       1
     216     206     158       1
     371     238     265       1
     172      69      21       1
     156      51     101       1
     176     149      73       1
     159       2     140       1
     248     130     247       1
     186     152      83       1
     193     153      90       1
     168     155      65       1
     314     241     219       1
     368     264     284       1
     205     157     102       1
     174     158      71       1
     159     150      56       1
     288     253     178       1
     291     181     132       1
     251     133     161       1
     130       8       7       1
     346     260     233       1
     377     317     332       1
     189     166      12       1
     167     154      64       1
     302     111     263       1
     197     169      94       1
     227     211     199       1
     368     318     308       1
     172      21     118       1
     229     146     217       1
     319     286     215       1
     258     231     149       1
     176      27     139       1
     160      28      75       1
     178     160      75       1
     179      29     136       1
     290     232     180       1
     181      31     132       1
     182      32     131       1
     183      33     128       1
     151      34      82       1
     224     152     186       1
     186      36     126       1
     187      37     124       1
     188      38     121       1
     189      62     165       1
     190      39     120       1
     234     210     114       1
     235     192     209       1
     193      42     112       1
     194      43     111       1
     195      44     110       1
     236     196     208       1
     197      46     106       1
     105      47      96       1
     170      67      18       1
     116     104      48       1
     119     118      68       1
     378     320     242       1
     147     146      22       1
     369     239     349       1
     205      53     145       1
     239     206     216       1
     170      18     107       1
     104      96      48       1
     240     107     207       1
     198      47     105       1
     108     107      66       1
     106      46      95       1
     107      18      66       1
     108      66      17       1
     109      17      16       1
     219     109     155       1
     155      16      65       1
     168      65      15       1
     110      44      93       1
     196      93      45       1
     168      15     154       1
     111      43      92       1
     167      14     113       1
     112      42      91       1
     113      14      13       1
     114      13      63       1
     166      63      12       1
     191      40     115       1
     115      40      89       1
     192      89      41       1
     171      49      98       1
     242     117     211       1
     117      20      19       1
     199      19      67       1
     202      50     148       1
     118      21      68       1
     283     171     237       1
     201     171      98       1
     189      12      62       1
     120      39      88       1
     123      86      87       1
     165      11     122       1
     122      11      10       1
     125      10      61       1
     190     123      87       1
     375     311     364       1
     124      37      85       1
     245     122     212       1
     164      61       9       1
     164       9     127       1
     126      36      84       1
     327     261     273       1
     127       9      60       1
     163      60       8       1
     323     293     272       1
     128      33      81       1
     129       7      59       1
     162      59       6       1
     323     248     247       1
     163       8     130       1
     131      32      80       1
     339     338     250       1
     292     131     249       1
     132      31      79       1
     133       6      58       1
     161      58       5       1
     134       5       4       1
     137       4      57       1
     135      30      78       1
     251     223     133       1
     252     137     221       1
     136      29      77       1
     138      57       3       1
     269     150     268       1
     150       3      56       1
     254     160     253       1
     139      27      74       1
     177      74      28       1
     140       2       1       1
     141       1      55       1
     143      55      24       1
     174      25     142       1
     142      25      72       1
     175      72      26       1
     144      24      70       1
     255     230     143       1
     173      70      23       1
     173      23     146       1
     145      53     103       1
     206     103      54       1
     146      23      22       1
     147      22      69       1
     257     256     203       1
     257     156     220       1
     148      50     100       1
     203     100      51       1
     149      26      73       1
     344     267     214       1
     259     177     254       1
     150     138       3       1
     185      82      35       1
     370     213     346       1
     152      35      83       1
     327     326     224       1
     153      41      90       1
     262     226     154       1
     154      15      64       1
     167      64      14       1
     366     303     236       1
     155     109      16       1
     204     101      52       1
     329     264     315       1
     157      52     102       1
     373     313     329       1
     158      54      71       1
     266     216     158       1
     267     140     214       1
     268     159     267       1
     178      75      76       1
     358     269     268       1
     161     133      58       1
     331     290     222       1
     271     162     223       1
     162     129      59       1
     163     127      60       1
     272     184     218       1
     164     125      61       1
     273     127     213       1
     297     275     189       1
     165      62      11       1
     377     332     297       1
     166     114      63       1
     276     113     210       1
     333     301     278       1
     333     226     262       1
     279     168     226       1
     169      45      94       1
     280     208     169       1
     240     227     170       1
     367     243     335       1
     335     283     320       1
     201      98      99       1
     172     147      69       1
     284     118     228       1
     285     255     144       1
     173     144      70       1
     174      71      25       1
     286     142     215       1
     175     142      72       1
     175      26     149       1
     176      73      27       1
     336     287     259       1
     177     139      74       1
     177      28     160       1
     179     178      76       1
     289     136     232       1
     179      76      29       1
     337     288     289       1
     180      77      30       1
     290     135     222       1
     181      78      31       1
     338     291     250       1
     182      79      32       1
     339     223     338       1
     183      80      33       1
     324     293     323       1
     184     128      81       1
     184      34     151       1
     185     151      82       1
     185      35     152       1
     186      83      36       1
     322     294     246       1
     187      84      37       1
     353     295     225       1
     188      85      38       1
     340     296     317       1
     297     165     245       1
     298     274     123       1
     190      87      39       1
     299     120     244       1
     191      88      40       1
     300     115     235       1
     192     115      89       1
     192      41     153       1
     193      90      42       1
     341     301     333       1
     194      91      43       1
     342     333     278       1
     195      92      44       1
     303     110     236       1
     196     110      93       1
     196      45     169       1
     197      94      46       1
     350     310     207       1
     198      95      47       1
     343     310     281       1
     306     116     243       1
     199     117      19       1
     200     116      97       1
     200      49     171       1
     202     201      99       1
     308     148     256       1
     202      99      50       1
     362     228     320       1
     203     148     100       1
     203      51     156       1
     204     156     101       1
     204      52     157       1
     205     102      53       1
     371     321     313       1
     206     145     103       1
     206      54     158       1
     207     107     108       1
     241     108     109       1
     208     196     169       1
     280     169     197       1
     277     153     193       1
     276     262     167       1
     210     113     114       1
     234     114     166       1
     334     282     306       1
     211     117     199       1
     212     122     125       1
     261     125     164       1
     213     127     163       1
     248     163     130       1
     214     140     141       1
     230     141     143       1
     215     142     175       1
     231     175     149       1
     266     158     174       1
     285     173     229       1
     217     146     147       1
     264     147     172       1
     218     184     151       1
     260     151     185       1
     279     155     168       1
     372     279     328       1
     220     156     204       1
     238     204     157       1
     221     137     138       1
     269     138     150       1
     270     134     252       1
     222     135     181       1
     354     251     331       1
     223     162     133       1
     294     186     126       1
     273     261     164       1
     225     124     188       1
     296     188     121       1
     226     168     154       1
     262     154     167       1
     240     170     107       1
     351     240     343       1
     228     118     119       1
     242     119     117       1
     309     145     239       1
     229     173     146       1
     230     214     141       1
     255     143     144       1
     258     149     176       1
     344     325     267       1
     345     270     252       1
     232     136     180       1
     370     346     326       1
     233     185     152       1
     275     166     189       1
     375     347     311       1
     235     115     192       1
     348     276     210       1
     236     110     196       1
     352     280     350       1
     237     171     201       1
     307     201     202       1
     238     220     204       1
     265     157     205       1
     239     145     206       1
     349     216     312       1
     350     304     310       1
     351     343     305       1
     352     350     207       1
     241     207     108       1
     242     228     119       1
     367     211     334       1
     243     116     200       1
     283     243     200       1
     244     120     191       1
     300     244     191       1
     245     165     122       1
     353     340     245       1
     246     126     187       1
     295     246     187       1
     247     130     129       1
     271     129     162       1
     360     248     323       1
     248     213     163       1
     249     131     183       1
     293     183     128       1
     250     132     182       1
     292     250     182       1
     270     161     134       1
     354     338     223       1
     252     134     137       1
     355     337     221       1
     253     160     178       1
     288     178     179       1
     356     336     268       1
     254     177     160       1
     285     144     173       1
     312     216     266       1
     284     264     172       1
     256     148     203       1
     257     203     156       1
     373     329     220       1
     287     176     139       1
     356     287     336       1
     259     139     177       1
     358     268     336       1
     260     218     151       1
     260     185     233       1
     261     212     125       1
     273     164     127       1
     276     167     113       1
     361     276     348       1
     263     111     195       1
     303     263     195       1
     264     217     147       1
     284     172     118       1
     265     238     157       1
     309     265     205       1
     286     266     174       1
     357     319     230       1
     267     159     140       1
     344     214     319       1
     358     336     259       1
     268     150     159       1
     330     254     253       1
     269     221     138       1
     359     345     232       1
     270     251     161       1
     271     247     129       1
     374     339     292       1
     272     128     184       1
     360     218     316       1
     346     213     316       1
     370     327     273       1
     274     121     123       1
     298     123     190       1
     275     234     166       1
     297     189     165       1
     375     364     210       1
     361     277     341       1
     277     209     153       1
     301     193     112       1
     278     112     194       1
     302     278     194       1
     279     219     155       1
     376     279     226       1
     304     197     106       1
     352     241     314       1
     281     106     198       1
     305     198     105       1
     282     105     104       1
     306     282     104       1
     283     200     171       1
     320     283     237       1
     362     307     318       1
     368     284     318       1
     321     265     309       1
     369     285     321       1
     286     174     142       1
     344     231     325       1
     287     258     176       1
     287     139     259       1
     289     288     179       1
     345     289     232       1
     289     179     136       1
     345     337     289       1
     290     180     135       1
     354     291     338       1
     291     222     181       1
     291     132     250       1
     292     182     131       1
     374     324     339       1
     293     249     183       1
     293     128     272       1
     294     224     186       1
     294     126     246       1
     295     187     124       1
     353     225     340       1
     296     225     188       1
     296     121     274       1
     377     340     317       1
     332     317     274       1
     299     298     190       1
     363     347     275       1
     299     190     120       1
     347     244     311       1
     300     191     115       1
     364     348     210       1
     301     277     193       1
     301     112     278       1
     302     194     111       1
     365     263     328       1
     303     195     110       1
     366     328     303       1
     304     280     197       1
     304     106     281       1
     305     281     198       1
     305     105     282       1
     306     104     116       1
     378     367     335       1
     307     237     201       1
     308     307     202       1
     308     202     148       1
     368     256     315       1
     309     205     145       1
     379     369     349       1
     343     281     305       1
     310     240     207       1
     347     234     275       1
     311     244     300       1
     312     230     255       1
     379     312     255       1
     313     229     217       1
     329     315     257       1
     372     366     314       1
     314     236     208       1
     315     256     257       1
     329     257     220       1
     380     213     248       1
     316     218     260       1
     317     296     274       1
     332     274     298       1
     318     284     228       1
     318     307     308       1
     319     214     230       1
     357     230     312       1
     362     320     237       1
     320     228     242       1
     321     285     229       1
     321     229     313       1
     381     246     295       1
     322     212     261       1
     360     323     272       1
     324     323     247       1
     324     249     293       1
     324     247     271       1
     325     231     258       1
     356     258     287       1
     326     233     224       1
     327     224     294       1
     327     294     322       1
     327     322     261       1
     376     365     279       1
     328     263     303       1
     329     313     217       1
     329     217     264       1
     355     288     337       1
     330     221     269       1
     331     251     270       1
     359     270     345       1
     363     298     299       1
     332     275     297       1
     342     278     302       1
     341     333     262       1
     334     211     227       1
     351     227     240       1
     378     335     320       1
     335     243     283       1
     358     259     254       1
     356     268     267       1
     337     252     221       1
     355     221     330       1
     339     250     292       1
     354     223     251       1
     339     324     271       1
     339     271     223       1
     353     245     212       1
     340     225     296       1
     341     262     276       1
     341     277     301       1
     365     342     302       1
     376     333     342       1
     351     305     282       1
     343     240     310       1
     344     319     215       1
     344     215     231       1
     345     252     337       1
     359     232     290       1
     346     316     260       1
     346     233     326       1
     363     275     332       1
     347     299     244       1
     348     235     209       1
     361     348     209       1
     379     349     312       1
     349     239     216       1
     352     207     241       1
     350     280     304       1
     351     282     334       1
     351     334     227       1
     352     314     208       1
     352     208     280       1
     353     212     322       1
     381     353     322       1
     354     331     222       1
     354     222     291       1
     355     330     253       1
     355     253     288       1
     356     267     325       1
     356     325     258       1
     357     312     266       1
     357     286     319       1
     358     254     330       1
     358     330     269       1
     359     290     331       1
     359     331     270       1
     360     272     218       1
     380     360     316       1
     361     209     277       1
     361     341     276       1
     362     237     307       1
     362     318     228       1
     363     332     298       1
     363     299     347       1
     364     311     300       1
     364     235     348       1
     365     302     263       1
     365     328     279       1
     366     236     314       1
     372     314     219       1
     367     334     306       1
     367     306     243       1
     368     308     256       1
     368     315     264       1
     369     321     309       1
     369     309     239       1
     370     326     327       1
     370     273     213       1
     373     371     313       1
     371     265     321       1
     372     219     279       1
     372     328     366       1
     373     220     238       1
     373     238     371       1
     374     292     249       1
     374     249     324       1
     375     210     234       1
     375     234     347       1
     376     226     333       1
     376     342     365       1
     377     297     245       1
     377     245     340       1
     378     242     211       1
     378     211     367       1
     379     255     285       1
     379     285     369       1
     380     316     213       1
     380     248     360       1
     381     322     246       1
     381     295     353       1
