  0.0951056480  0.0309017003
  0.0891006514  0.0453990512
  0.0707106814  0.0707106814
  0.0453990512  0.0891006514
  0.0309017003  0.0951056480
  0.0000000000  0.1000000010
 -0.0309017003  0.0951056480
 -0.0453990512  0.0891006514
 -0.0707106814  0.0707106814
 -0.0891006514  0.0453990512
 -0.0951056480  0.0309017003
 -0.1000000010  0.0000000000
 -0.0951056480 -0.0309017003
 -0.0891006514 -0.0453990512
 -0.0707106814 -0.0707106814
 -0.0453990512 -0.0891006514
 -0.0309017003 -0.0951056480
  0.0000000000 -0.1000000010
  0.0309017003 -0.0951056480
  0.0453990512 -0.0891006514
  0.0707106814 -0.0707106814
  0.0891006514 -0.0453990512
  0.0951056480 -0.0309017003
  0.1000000010  0.0000000000
  0.1960344910  0.0396292284
  0.1842952370  0.0776869580
  0.1652477530  0.1126640140
  0.1396473650  0.1431733670
  0.0912421346  0.1779743580
  0.0541680939  0.1925248500
  0.0149460183  0.1994407620
 -0.0248687416  0.1984478380
 -0.0636973307  0.1895854620
 -0.1000000010  0.1732050780
 -0.1323371680  0.1499562410
 -0.1594264950  0.1207608800
 -0.1801937670  0.0867767483
 -0.1938154550  0.0493514799
 -0.1997513770 -0.0099691767
 -0.1938154550 -0.0493514799
 -0.1801937670 -0.0867767483
 -0.1594264950 -0.1207608800
 -0.1323371680 -0.1499562410
 -0.1000000010 -0.1732050780
 -0.0636973307 -0.1895854620
 -0.0248687416 -0.1984478380
  0.0149460183 -0.1994407620
  0.0541680939 -0.1925248500
  0.0912421346 -0.1779743580
  0.1396473650 -0.1431733670
  0.1652477530 -0.1126640140
  0.1842952370 -0.0776869580
  0.1960344910 -0.0396292284
  0.2000000030  0.0000000000
  0.0987688377  0.0156434458
  0.0809016973  0.0587785244
  0.0587785244  0.0809016973
  0.0156434458  0.0987688377
 -0.0156434458  0.0987688377
 -0.0587785244  0.0809016973
 -0.0809016973  0.0587785244
 -0.0987688377  0.0156434458
 -0.0987688377 -0.0156434458
 -0.0809016973 -0.0587785244
 -0.0587785244 -0.0809016973
 -0.0156434458 -0.0987688377
  0.0156434458 -0.0987688377
  0.0587785244 -0.0809016973
  0.0809016973 -0.0587785244
  0.0987688377 -0.0156434458
  0.1990061550  0.0199135691
  0.1911145600  0.0589510351
  0.1756443080  0.0956507921
  0.1532088820  0.1285575180
  0.1246979610  0.1563663040
  0.1085092500  0.1680051830
  0.0730682015  0.1861747500
  0.0347296372  0.1969615520
 -0.0049861385  0.1999378350
 -0.0445041880  0.1949855830
 -0.0822574198  0.1823011640
 -0.1167487350  0.1623875950
 -0.1466103790  0.1360345480
 -0.1706581710  0.1042870430
 -0.1879385260  0.0684040263
 -0.1977661700  0.0298084524
 -0.1997513770  0.0099691767
 -0.1977661700 -0.0298084524
 -0.1879385260 -0.0684040263
 -0.1706581710 -0.1042870430
 -0.1466103790 -0.1360345480
 -0.1167487350 -0.1623875950
 -0.0822574198 -0.1823011640
 -0.0445041880 -0.1949855830
 -0.0049861385 -0.1999378350
  0.0347296372 -0.1969615520
  0.0730682015 -0.1861747500
  0.1085092500 -0.1680051830
  0.1246979610 -0.1563663040
  0.1532088820 -0.1285575180
  0.1756443080 -0.0956507921
  0.1911145600 -0.0589510351
  0.1990061550 -0.0199135691
  0.0404688455 -0.1768372060
  0.0225013569 -0.1801486760
 -0.0135959974 -0.1813894210
 -0.0088846376 -0.1145004780
 -0.0267913118 -0.1110040990
 -0.0433339626 -0.1046590810
 -0.0832152888 -0.1615123750
 -0.1134293900 -0.1422995630
 -0.1390405890 -0.1169473380
 -0.1054958630 -0.0440654382
 -0.1103969660 -0.0265831612
 -0.1736875770 -0.0534685776
  0.0579932891 -0.1719655390
  0.0435521305 -0.1046455730
  0.0739258081 -0.0869442970
  0.0594339073 -0.0970556065
 -0.1803964530 -0.0181129817
 -0.1778911500  0.0358829200
 -0.1044529970  0.0432243049
 -0.1803815220  0.0181099810
 -0.1673194920  0.0704447106
 -0.0962540880  0.0590731278
 -0.1502339090  0.1017129270
 -0.0739397779  0.0865117013
 -0.0659893155  0.1689036940
 -0.0261945035  0.1101710720
 -0.0432900824  0.1051668380
 -0.0313395187  0.1790596400
  0.0043558450  0.1814173910
  0.0094374195  0.1134719770
  0.0436527766  0.1050622760
  0.0403173901  0.1767605540
  0.0743112937  0.1649866700
  0.0594079308  0.0970724300
  0.0738384500  0.0869327486
  0.1446497440  0.1095412370
  0.1055471380  0.0433026068
  0.1107873250  0.0262252577
  0.1756885800  0.0447208621
  0.1131177100  0.0087330844
  0.1127840500 -0.0089602098
  0.1794901640 -0.0269642510
  0.1038868730 -0.0431681536
  0.0965479910 -0.0595737919
  0.1331745980 -0.1234829870
  0.1634491680  0.0787560046
  0.0867593288  0.0745125860
 -0.0986971557  0.1527683880
 -0.1269288510  0.1302252560
 -0.1597860310 -0.0869281515
 -0.0861195847 -0.0737964511
 -0.0592870526 -0.0969147310
  0.1552025080 -0.0944960937
  0.1710465700 -0.0622541122
  0.1811037660  0.0090193599
  0.0978800878  0.0599311031
  0.1199763940  0.1360180230
  0.0270469766  0.1108620540
 -0.0085419584  0.1135079940
 -0.0597034469  0.0976177081
 -0.0860262960  0.0733948052
 -0.1099870060  0.0263232887
 -0.1130030680 -0.0089482823
 -0.0971385017 -0.0601499751
 -0.0738321021 -0.0865619108
 -0.0492227599 -0.1746292860
  0.0093775326 -0.1140851680
  0.0907655060 -0.1571396440
  0.0865932554 -0.0744829029
  0.1098136980 -0.0264329873
  0.1792375150  0.0269473065
  0.1703555730  0.0620644912
  0.1548426150  0.0946305618
  0.1329660710  0.1233316730
  0.1057729800  0.1470974090
  0.0904496238  0.1566982870
  0.0576022081  0.1717702600
  0.0224259794  0.1799342780
 -0.0137438746  0.1812003400
 -0.0486080460  0.1748195890
 -0.0828251764  0.1615775530
 -0.1134433450  0.1423000840
 -0.1390838030  0.1164622310
 -0.1597969680  0.0865358263
 -0.1733763370  0.0533888787
 -0.1130028670  0.0087961424
 -0.1811733390  0.0000162193
 -0.1779533480 -0.0359682068
 -0.1675554070 -0.0705410540
 -0.1500718300 -0.1023300360
 -0.1268461940 -0.1304209530
 -0.0988298953 -0.1527027790
 -0.0666164607 -0.1686711910
 -0.0315356776 -0.1789895890
  0.0044399342 -0.1817585080
  0.0269885492 -0.1106597330
  0.0747212321 -0.1654416620
  0.1060161960 -0.1473935990
  0.1201693190 -0.1361244170
  0.1448615790 -0.1094747260
  0.1641751680 -0.0787454844
  0.1759835330 -0.0449178815
  0.1812877510 -0.0090284515
 -0.0215703323 -0.1316402850
 -0.0528107025 -0.1548630300
 -0.1489095990 -0.0713722035
 -0.1253648550 -0.0402651578
  0.0414181985 -0.1242484000
 -0.1143831310  0.0590865724
 -0.0784370676  0.1073120830
  0.1241018330  0.0392632522
  0.1563862710  0.0484115891
  0.1645041700 -0.0003619963
  0.1140939300 -0.0581199042
 -0.0827135071  0.1425481740
 -0.0577347279 -0.1146823840
  0.1460716280 -0.0780185983
  0.0773554295  0.1071741280
  0.0281013157  0.1613202990
  0.0008618771  0.1323166490
 -0.1203803050  0.1124216090
 -0.1543481650  0.0563068055
 -0.0910428464 -0.0908701569
  0.0215501413 -0.1286591290
  0.0770827681 -0.1074079420
  0.1212049500 -0.0402129479
  0.1303193120  0.0195688419
  0.1512914600  0.0642911270
  0.0594936721  0.1527253840
 -0.1095722390  0.1244956110
 -0.1269906460 -0.0203205422
 -0.1550738510 -0.0558976419
 -0.0690654144 -0.1494642650
  0.0889562443 -0.1382583980
  0.1538893880 -0.0645689443
  0.1642142980 -0.0162565410
  0.0012495865 -0.1337883030
 -0.0408743918 -0.1230091380
  0.0583517328 -0.1149626900
  0.0607596450 -0.1534988880
 -0.1626221540 -0.0249259844
 -0.1241396670  0.0400491841
 -0.1418828520  0.0847524032
 -0.0392746367  0.1231571810
 -0.0592657290  0.1173837710
 -0.0353360698  0.1617111270
 -0.0051586810  0.1647309060
  0.0213762335  0.1285396960
  0.0591309741  0.1158075710
  0.1022335290  0.1283732800
  0.1145126820  0.1171843260
  0.1283758430 -0.0006387670
  0.1265143750 -0.1052446070
  0.1367737650 -0.0917661488
  0.1446151290  0.0789641663
  0.1262958350  0.1053913010
 -0.0967700034  0.1341814100
 -0.1036790830  0.0757336915
 -0.1040085930 -0.0775071606
 -0.0967744440 -0.1343452930
  0.1065933560 -0.0782037079
  0.1578233390 -0.0495482460
  0.1633086350  0.0159283187
  0.1191784660  0.0595150515
  0.1073989790  0.0791065693
  0.0918950588  0.0929583609
  0.0415704399  0.1257580520
 -0.0203185920  0.1283002500
 -0.0674225241  0.1494065230
 -0.0913501009  0.0903781652
 -0.1624400760  0.0248310696
 -0.1312271950 -0.0001088625
 -0.1178347540 -0.0618514195
 -0.1408709290 -0.0856065378
 -0.1201673000 -0.1130819400
 -0.0777868927 -0.1075520520
 -0.0364699550 -0.1606110040
 -0.0043448782 -0.1653668430
  0.0283376090 -0.1614901270
  0.0749356374 -0.1468019780
  0.0917846188 -0.0928950310
  0.1286735980 -0.0206155516
  0.1609060760  0.0322253592
  0.1363019200  0.0927634165
  0.0890369564  0.1375400420
  0.0743927956  0.1454110740
  0.0443714224  0.1580662580
  0.0113765327  0.1640005260
 -0.0210812874  0.1647074520
 -0.0507586487  0.1556897160
 -0.1309992970  0.0980327800
 -0.1492371260  0.0718623176
 -0.1598442350  0.0405159816
 -0.1267384890  0.0201205406
 -0.1636452820  0.0084373131
 -0.1637459700 -0.0084645553
 -0.1603159610 -0.0405193157
 -0.1304083620 -0.0994112417
 -0.1095072180 -0.1247832550
 -0.0835493505 -0.1431745740
 -0.0204921346 -0.1641060410
  0.0117437392 -0.1645618230
  0.0451442264 -0.1578713950
  0.1024435610 -0.1288115230
  0.1148023980 -0.1173324810
  0.1609860060 -0.0328424685
 -0.0113308765 -0.1493039880
 -0.1498711410 -0.0307515487
  0.1466937070  0.0056780442
  0.1313532740 -0.0549763814
 -0.0571690984 -0.1345854250
  0.1213132370 -0.0895923600
 -0.0822426677  0.1256209460
 -0.1493629660  0.0306827500
  0.0971773416 -0.1113339140
  0.1429833920  0.0355468318
  0.0722763687 -0.1282343570
  0.1416812840 -0.0390242971
 -0.1247395130  0.0780020654
 -0.0533299372  0.1367565690
 -0.0342753530  0.1438796370
  0.1359607430  0.0664503202
 -0.1060873570  0.1107459590
 -0.1104424450  0.0956223011
 -0.0821767375 -0.1267977510
  0.1280564960 -0.0736637041
  0.0971554667  0.1111155080
  0.0332097299  0.1437511590
 -0.1457024070  0.0162232295
 -0.1099056300 -0.0968859568
  0.0337978341 -0.1433031110
  0.0628666356 -0.1396059390
  0.1212181820  0.0908011794
  0.0744451806  0.1269913760
  0.0017587768  0.1509856130
 -0.0149244545  0.1484096350
 -0.1432450560  0.0428301170
 -0.1227317600 -0.0821560994
 -0.1058677660 -0.1113656980
  0.0027842382 -0.1519916800
  0.1383170340  0.0522463620
  0.0594177023  0.1348719600
 -0.0948284641  0.1177329720
 -0.1459405570 -0.0163482670
 -0.1373532270 -0.0572281703
  0.1525893960 -0.0080640027
 -0.0257689934 -0.1495376830
  0.0165771917 -0.1472990360
 -0.0391105786 -0.1423744260
 -0.1353477980  0.0602110177
  0.0161140785  0.1468189950
  0.0880453140  0.1222388670
  0.1274455640  0.0779334530
  0.1488422300  0.0217894800
  0.1097460310  0.0994262099
  0.0476125926  0.1430345620
 -0.0694827512  0.1320091190
 -0.1335400490 -0.0716428831
  0.0875872597 -0.1228092240
 -0.1500522790 -0.0000522285
 -0.1442741600 -0.0424160212
 -0.0946064666 -0.1182098170
 -0.0721866637 -0.1354383230
  0.0501024798 -0.1412349940
  0.1096975510 -0.0991003513
  0.1480460910 -0.0209164862
 -0.0962290838  0.1043582930
  0.1449887160 -0.0546173416
 -0.0694108233 -0.1238111850
  0.1408718970 -0.0651689917
 -0.0264042914  0.1546769590
 -0.1384882780 -0.0300203077
 -0.0958419219 -0.1049767360
 -0.1378377080  0.0299811643
  0.0570030846 -0.1296572830
  0.1408757270 -0.0089113526
 -0.0723570511  0.1205814780
 -0.1378018260  0.0737069547
