      15       0       1       1     999
      36       0       1       1     999
      44       0       1       1     999
      60       0       1       1     999
      96       0       1       1     999
     110       0       1       1     999
     111       0       1       1     999
     112       0       1       1     999
     114       0       1       1     999
     115       0       1       1     999
     122       0       1       1     999
     123       0       1       1     999
     124       0       1       1     999
     130       0       1       1     999
     131       0       1       1     999
     133       0       1       1     999
     136       0       1       1     999
     140       0       1       1     999
     141       0       1       1     999
     146       0       1       1     999
     150       0       1       1     999
     151       0       1       1     999
     154       0       1       1     999
     155       0       1       1     999
     162       0       1       1     999
     163       0       1       1     999
     164       0       1       1     999
     165       0       1       1     999
     170       0       1       1     999
     172       0       1       1     999
     176       0       1       1     999
     177       0       1       1     999
     178       0       1       1     999
     182       0       1       1     999
     184       0       1       1     999
     188       0       1       1     999
     189       0       1       1     999
     204       0       1       1     999
     205       0       1       1     999
     227       0       1       1     999
       1       0       1       1    -999
      13       0       1       1    -999
      18       0       1       1    -999
      25       0       1       1    -999
      45       0       1       1    -999
      74       0       1       1    -999
      81       0       1       1    -999
      95       0       1       1    -999
     105       0       1       1    -999
     109       0       1       1    -999
     116       0       1       1    -999
     117       0       1       1    -999
     119       0       1       1    -999
     121       0       1       1    -999
     126       0       1       1    -999
     127       0       1       1    -999
     128       0       1       1    -999
     137       0       1       1    -999
     138       0       1       1    -999
     144       0       1       1    -999
     148       0       1       1    -999
     153       0       1       1    -999
     158       0       1       1    -999
     161       0       1       1    -999
     166       0       1       1    -999
     169       0       1       1    -999
     174       0       1       1    -999
     175       0       1       1    -999
     180       0       1       1    -999
     181       0       1       1    -999
     186       0       1       1    -999
     187       0       1       1    -999
     192       0       1       1    -999
     193       0       1       1    -999
     194       0       1       1    -999
     198       0       1       1    -999
     200       0       1       1    -999
     202       0       1       1    -999
     208       0       1       1    -999
     210       0       1       1    -999
     212       0       1       1    -999
     216       0       1       1    -999
     234       0       1       1    -999
     239       0       1       1    -999
     244       0       1       1    -999
     248       0       1       1    -999
     254       0       1       1    -999
     256       0       1       1    -999
     258       0       1       1    -999
     260       0       1       1    -999
     262       0       1       1    -999
     268       0       1       1    -999
     270       0       1       1    -999
     272       0       1       1    -999
     276       0       1       1    -999
     278       0       1       1    -999
     282       0       1       1    -999
     284       0       1       1    -999
     286       0       1       1    -999
     290       0       1       1    -999
     292       0       1       1    -999
     300       0       1       1    -999
     306       0       1       1    -999
