 1
  
 999111
        2383
  
     26
     34
     35
     36
     37
     38
     39
     40
     41
     42
     43
     44
     45
     46
     47
     48
     49
     50
    196
    197
    198
    199
    200
    201
    202
    203
    204
    205
    206
    207
    208
    209
    210
    211
    212
    213
    214
    215
    216
    217
    218
    219
    220
    221
    222
    223
    224
    225
    226
    227
    228
    229
    230
    231
    232
    233
    234
    235
    236
    237
    238
    239
    240
    241
    242
    540
    541
    542
    543
    544
    545
    546
    547
    548
    549
    550
    551
    552
    553
    554
    555
    556
    557
    558
    559
    560
    561
    562
    563
    564
    565
    566
    567
    568
    569
    570
    571
    572
    573
    574
    575
    576
    577
    578
    579
    580
    581
    582
    583
    584
    585
    586
    587
    588
    589
    590
    591
    592
    593
    594
    595
    596
    597
    598
    599
    600
    601
    602
    603
    604
    605
    606
    607
    608
    609
    610
    611
    612
    613
    614
    615
    616
    617
    618
    619
    620
    621
    622
    623
    624
    625
    626
    627
    628
    629
    630
    631
    632
    633
    634
    635
    636
    637
    638
    639
    640
    641
    642
    643
    644
    645
    646
    647
    648
    649
    650
    651
    652
    653
    654
    655
    656
    657
    658
    659
    660
    661
    662
    663
    664
    665
    666
    667
    668
    669
    670
    671
    672
    673
    674
    675
    676
    677
    678
    679
    680
    681
    682
    683
    684
    685
    686
    687
    688
    689
    690
    691
    692
    693
    694
    695
    696
    697
    698
    699
    700
    701
    702
    703
    704
    705
    706
    707
    708
    709
    710
    711
    712
    713
    714
    715
    716
    717
    718
    719
    720
    721
    722
    723
    724
    725
    726
    727
    728
    729
    730
    731
    732
    733
    734
    735
    736
    737
    738
    739
    740
    741
    742
    743
    744
    745
    746
    747
    748
    749
    750
    751
    752
    753
    754
    755
    756
    757
    758
    759
    760
    761
    762
    763
    764
    765
    766
    767
    768
    769
    770
    771
    772
    773
    774
    775
    776
    777
    778
    779
    780
    781
    782
    783
    784
    785
    786
    787
    788
    789
    790
    791
    792
    793
    794
    795
    796
    797
    798
    799
    800
    801
    802
    803
    804
    805
    806
    807
    808
    809
    810
    811
    812
    813
    814
    815
    816
    817
    818
    819
    820
    821
    822
    823
    824
    825
    826
    827
    828
    829
    830
    831
    832
    833
    834
    835
    836
    837
    838
    839
    840
    841
    842
    843
    844
    845
    846
    847
    848
    849
    850
    851
    852
    853
    854
    855
    856
    857
    858
    859
    860
    861
    862
    863
    864
    865
    866
    867
    868
    869
    870
    871
    872
    873
    874
    875
    876
    877
    878
    879
    880
    881
    882
    883
    884
    885
    886
    887
    888
    889
    890
    891
    892
    893
    894
    895
    896
    897
    898
    899
    900
    901
    902
    903
    904
    905
    906
    907
    908
    909
    910
    911
    912
    913
    914
    915
    916
    917
    918
    919
    920
    921
    922
    923
    924
    925
    926
    927
    928
    929
    930
    931
    932
    933
    934
    935
    936
    937
    938
    939
    940
    941
    942
    943
    944
    945
    946
    947
    948
    949
    950
    951
    952
    953
    954
    955
    956
    957
    958
    959
    960
    961
    962
    963
    964
    965
    966
    967
    968
    969
    970
    971
    972
    973
    974
    975
    976
    977
    978
    979
    980
    981
    982
    983
    984
    985
    986
    987
    988
    989
    990
    991
    992
    993
    994
    995
    996
    997
    998
    999
   1000
   1001
   1002
   1003
   1004
   1005
   1006
   1007
   1008
   1009
   1010
   1011
   1012
   1013
   1014
   1015
   1016
   1017
   1018
   1019
   1020
   1021
   1022
   1023
   1024
   1025
   1026
   1027
   1028
   1029
   1030
   1031
   1032
   1033
   1034
   1035
   1036
   1037
   1038
   1039
   1040
   1041
   1042
   1043
   1044
   1045
   1046
   1047
   1048
   1049
   1050
   1051
   1052
   1053
   1054
   1055
   1056
   1057
   1058
   1059
   1060
   1061
   1062
   1063
   1064
   1065
   1066
   1067
   1068
   1069
   1070
   1071
   1072
   1073
   1074
   1075
   1076
   1077
   1078
   1079
   1080
   1081
   1082
   1083
   1084
   1085
   1086
   1087
   1088
   1089
   1090
   1091
   1092
   1093
   1094
   1095
   1096
   1097
   1122
   1130
   1131
   1132
   1133
   1134
   1135
   1136
   1137
   1138
   1139
   1140
   1141
   1142
   1143
   1144
   1145
   1284
   1285
   1286
   1287
   1288
   1289
   1290
   1291
   1292
   1293
   1294
   1295
   1296
   1297
   1298
   1299
   1300
   1301
   1302
   1303
   1304
   1305
   1306
   1307
   1308
   1309
   1310
   1311
   1312
   1313
   1314
   1315
   1316
   1317
   1318
   1319
   1320
   1321
   1322
   1323
   1324
   1325
   1326
   1327
   1611
   1612
   1613
   1614
   1615
   1616
   1617
   1618
   1619
   1620
   1621
   1622
   1623
   1624
   1625
   1626
   1627
   1628
   1629
   1630
   1631
   1632
   1633
   1634
   1635
   1636
   1637
   1638
   1639
   1640
   1641
   1642
   1643
   1644
   1645
   1646
   1647
   1648
   1649
   1650
   1651
   1652
   1653
   1654
   1655
   1656
   1657
   1658
   1659
   1660
   1661
   1662
   1663
   1664
   1665
   1666
   1667
   1668
   1669
   1670
   1671
   1672
   1673
   1674
   1675
   1676
   1677
   1678
   1679
   1680
   1681
   1682
   1683
   1684
   1685
   1686
   1687
   1688
   1689
   1690
   1691
   1692
   1693
   1694
   1695
   1696
   1697
   1698
   1699
   1700
   1701
   1702
   1703
   1704
   1705
   1706
   1707
   1708
   1709
   1710
   1711
   1712
   1713
   1714
   1715
   1716
   1717
   1718
   1719
   1720
   1721
   1722
   1723
   1724
   1725
   1726
   1727
   1728
   1729
   1730
   1731
   1732
   1733
   1734
   1735
   1736
   1737
   1738
   1739
   1740
   1741
   1742
   1743
   1744
   1745
   1746
   1747
   1748
   1749
   1750
   1751
   1752
   1753
   1754
   1755
   1756
   1757
   1758
   1759
   1760
   1761
   1762
   1763
   1764
   1765
   1766
   1767
   1768
   1769
   1770
   1771
   1772
   1773
   1774
   1775
   1776
   1777
   1778
   1779
   1780
   1781
   1782
   1783
   1784
   1785
   1786
   1787
   1788
   1789
   1790
   1791
   1792
   1793
   1794
   1795
   1796
   1797
   1798
   1799
   1800
   1801
   1802
   1803
   1804
   1805
   1806
   1807
   1808
   1809
   1810
   1811
   1812
   1813
   1814
   1815
   1816
   1817
   1818
   1819
   1820
   1821
   1822
   1823
   1824
   1825
   1826
   1827
   1828
   1829
   1830
   1831
   1832
   1833
   1834
   1835
   1836
   1837
   1838
   1839
   1840
   1841
   1842
   1843
   1844
   1845
   1846
   1847
   1848
   1849
   1850
   1851
   1852
   1853
   1854
   1855
   1856
   1857
   1858
   1859
   1860
   1861
   1862
   1863
   1864
   1865
   1866
   1867
   1868
   1869
   1870
   1871
   1872
   1873
   1874
   1875
   1876
   1877
   1878
   1879
   1880
   1881
   1882
   1883
   1884
   1885
   1886
   1887
   1888
   1889
   1890
   1891
   1892
   1893
   1894
   1895
   1896
   1897
   1898
   1899
   1900
   1901
   1902
   1903
   1904
   1905
   1906
   1907
   1908
   1909
   1910
   1911
   1912
   1913
   1914
   1915
   1916
   1917
   1918
   1919
   1920
   1921
   1922
   1923
   1924
   1925
   1926
   1927
   1928
   1929
   1930
   1931
   1932
   1933
   1934
   1935
   1936
   1937
   1938
   1939
   1940
   1941
   1942
   1943
   1944
   1945
   1946
   1947
   1948
   1949
   1950
   1951
   1952
   1953
   1954
   1955
   1956
   1957
   1958
   1959
   1960
   1961
   1962
   1963
   1964
   1965
   1966
   1967
   1968
   1969
   1970
   1971
   1972
   1973
   1974
   1975
   1976
   1977
   1978
   1979
   1980
   1981
   1982
   1983
   1984
   1985
   1986
   1987
   1988
   1989
   1990
   1991
   1992
   1993
   1994
   1995
   1996
   1997
   1998
   1999
   2000
   2001
   2002
   2003
   2004
   2005
   2006
   2007
   2008
   2009
   2010
   2011
   2012
   2013
   2014
   2015
   2016
   2017
   2018
   2019
   2020
   2021
   2022
   2023
   2024
   2025
   2026
   2027
   2028
   2029
   2030
   2031
   2032
   2033
   2034
   2035
   2036
   2037
   2038
   2039
   2040
   2041
   2042
   2043
   2044
   2045
   2046
   2047
   2048
   2049
   2050
   2051
   2052
   2053
   2054
   2055
   2056
   2057
   2058
   2059
   2060
   2061
   2062
   2063
   2064
   2065
   2066
   2067
   2068
   2069
   2070
   2071
   2072
   2073
   2074
   2075
   2076
   2077
   2078
   2079
   2080
   2081
   2082
   2083
   2084
   2085
   2086
   2087
   2088
   2089
   2090
   2091
   2092
   2093
   2094
   2095
   2096
   2097
   2098
   2099
   2100
   2101
   2102
   2103
   2104
   2105
   2106
   2107
   2108
   2109
   2110
   2111
   2112
   2113
   2114
   2115
   2116
   2117
   2118
   2119
   2120
   2121
   2122
   2123
   2124
   2125
   2126
   2127
   2128
   2129
   2130
   2131
   2132
   2133
   2134
   2135
   2136
   2137
   2138
   2139
   2140
   2141
   2142
   2143
   2144
   2145
   2170
   2178
   2179
   2180
   2181
   2182
   2183
   2184
   2185
   2186
   2187
   2188
   2189
   2190
   2191
   2192
   2193
   2332
   2333
   2334
   2335
   2336
   2337
   2338
   2339
   2340
   2341
   2342
   2343
   2344
   2345
   2346
   2347
   2348
   2349
   2350
   2351
   2352
   2353
   2354
   2355
   2356
   2357
   2358
   2359
   2360
   2361
   2362
   2363
   2364
   2365
   2366
   2367
   2368
   2369
   2370
   2371
   2372
   2373
   2374
   2375
   2660
   2661
   2662
   2663
   2664
   2665
   2666
   2667
   2668
   2669
   2670
   2671
   2672
   2673
   2674
   2675
   2676
   2677
   2678
   2679
   2680
   2681
   2682
   2683
   2684
   2685
   2686
   2687
   2688
   2689
   2690
   2691
   2692
   2693
   2694
   2695
   2696
   2697
   2698
   2699
   2700
   2701
   2702
   2703
   2704
   2705
   2706
   2707
   2708
   2709
   2710
   2711
   2712
   2713
   2714
   2715
   2716
   2717
   2718
   2719
   2720
   2721
   2722
   2723
   2724
   2725
   2726
   2727
   2728
   2729
   2730
   2731
   2732
   2733
   2734
   2735
   2736
   2737
   2738
   2739
   2740
   2741
   2742
   2743
   2744
   2745
   2746
   2747
   2748
   2749
   2750
   2751
   2752
   2753
   2754
   2755
   2756
   2757
   2758
   2759
   2760
   2761
   2762
   2763
   2764
   2765
   2766
   2767
   2768
   2769
   2770
   2771
   2772
   2773
   2774
   2775
   2776
   2777
   2778
   2779
   2780
   2781
   2782
   2783
   2784
   2785
   2786
   2787
   2788
   2789
   2790
   2791
   2792
   2793
   2794
   2795
   2796
   2797
   2798
   2799
   2800
   2801
   2802
   2803
   2804
   2805
   2806
   2807
   2808
   2809
   2810
   2811
   2812
   2813
   2814
   2815
   2816
   2817
   2818
   2819
   2820
   2821
   2822
   2823
   2824
   2825
   2826
   2827
   2828
   2829
   2830
   2831
   2832
   2833
   2834
   2835
   2836
   2837
   2838
   2839
   2840
   2841
   2842
   2843
   2844
   2845
   2846
   2847
   2848
   2849
   2850
   2851
   2852
   2853
   2854
   2855
   2856
   2857
   2858
   2859
   2860
   2861
   2862
   2863
   2864
   2865
   2866
   2867
   2868
   2869
   2870
   2871
   2872
   2873
   2874
   2875
   2876
   2877
   2878
   2879
   2880
   2881
   2882
   2883
   2884
   2885
   2886
   2887
   2888
   2889
   2890
   2891
   2892
   2893
   2894
   2895
   2896
   2897
   2898
   2899
   2900
   2901
   2902
   2903
   2904
   2905
   2906
   2907
   2908
   2909
   2910
   2911
   2912
   2913
   2914
   2915
   2916
   2917
   2918
   2919
   2920
   2921
   2922
   2923
   2924
   2925
   2926
   2927
   2928
   2929
   2930
   2931
   2932
   2933
   2934
   2935
   2936
   2937
   2938
   2939
   2940
   2941
   2942
   2943
   2944
   2945
   2946
   2947
   2948
   2949
   2950
   2951
   2952
   2953
   2954
   2955
   2956
   2957
   2958
   2959
   2960
   2961
   2962
   2963
   2964
   2965
   2966
   2967
   2968
   2969
   2970
   2971
   2972
   2973
   2974
   2975
   2976
   2977
   2978
   2979
   2980
   2981
   2982
   2983
   2984
   2985
   2986
   2987
   2988
   2989
   2990
   2991
   2992
   2993
   2994
   2995
   2996
   2997
   2998
   2999
   3000
   3001
   3002
   3003
   3004
   3005
   3006
   3007
   3008
   3009
   3010
   3011
   3012
   3013
   3014
   3015
   3016
   3017
   3018
   3019
   3020
   3021
   3022
   3023
   3024
   3025
   3026
   3027
   3028
   3029
   3030
   3031
   3032
   3033
   3034
   3035
   3036
   3037
   3038
   3039
   3040
   3041
   3042
   3043
   3044
   3045
   3046
   3047
   3048
   3049
   3050
   3051
   3052
   3053
   3054
   3055
   3056
   3057
   3058
   3059
   3060
   3061
   3062
   3063
   3064
   3065
   3066
   3067
   3068
   3069
   3070
   3071
   3072
   3073
   3074
   3075
   3076
   3077
   3078
   3079
   3080
   3081
   3082
   3083
   3084
   3085
   3086
   3087
   3088
   3089
   3090
   3091
   3092
   3093
   3094
   3095
   3096
   3097
   3098
   3099
   3100
   3101
   3102
   3103
   3104
   3105
   3106
   3107
   3108
   3109
   3110
   3111
   3112
   3113
   3114
   3115
   3116
   3117
   3118
   3119
   3120
   3121
   3122
   3123
   3124
   3125
   3126
   3127
   3128
   3129
   3130
   3131
   3132
   3133
   3134
   3135
   3136
   3137
   3138
   3139
   3140
   3141
   3142
   3143
   3144
   3145
   3146
   3147
   3148
   3149
   3150
   3151
   3152
   3153
   3154
   3155
   3156
   3157
   3158
   3159
   3160
   3161
   3162
   3163
   3164
   3165
   3166
   3167
   3168
   3169
   3170
   3171
   3172
   3173
   3174
   3175
   3176
   3177
   3178
   3179
   3180
   3181
   3182
   3183
   3184
   3185
   3186
   3187
   3188
   3189
   3190
   3191
   3192
   3193
   3194
   3195
   3219
   3220
   3221
   3222
   3223
   3224
   3225
   3226
   3227
   3228
   3229
   3230
   3231
   3232
   3233
   3234
   3373
   3374
   3375
   3376
   3377
   3378
   3379
   3380
   3381
   3382
   3383
   3384
   3385
   3386
   3387
   3388
   3389
   3390
   3391
   3392
   3393
   3394
   3395
   3396
   3397
   3398
   3399
   3400
   3401
   3402
   3403
   3404
   3405
   3406
   3407
   3408
   3409
   3410
   3411
   3412
   3413
   3685
   3686
   3687
   3688
   3689
   3690
   3691
   3692
   3693
   3694
   3695
   3696
   3697
   3698
   3699
   3700
   3701
   3702
   3703
   3704
   3705
   3706
   3707
   3708
   3709
   3710
   3711
   3712
   3713
   3714
   3715
   3716
   3717
   3718
   3719
   3720
   3721
   3722
   3723
   3724
   3725
   3726
   3727
   3728
   3729
   3730
   3731
   3732
   3733
   3734
   3735
   3736
   3737
   3738
   3739
   3740
   3741
   3742
   3743
   3744
   3745
   3746
   3747
   3748
   3749
   3750
   3751
   3752
   3753
   3754
   3755
   3756
   3757
   3758
   3759
   3760
   3761
   3762
   3763
   3764
   3765
   3766
   3767
   3768
   3769
   3770
   3771
   3772
   3773
   3774
   3775
   3776
   3777
   3778
   3779
   3780
   3781
   3782
   3783
   3784
   3785
   3786
   3787
   3788
   3789
   3790
   3791
   3792
   3793
   3794
   3795
   3796
   3797
   3798
   3799
   3800
   3801
   3802
   3803
   3804
   3805
   3806
   3807
   3808
   3809
   3810
   3811
   3812
   3813
   3814
   3815
   3816
   3817
   3818
   3819
   3820
   3821
   3822
   3823
   3824
   3825
   3826
   3827
   3828
   3829
   3830
   3831
   3832
   3833
   3834
   3835
   3836
   3837
   3838
   3839
   3840
   3841
   3842
   3843
   3844
   3845
   3846
   3847
   3848
   3849
   3850
   3851
   3852
   3853
   3854
   3855
   3856
   3857
   3858
   3859
   3860
   3861
   3862
   3863
   3864
   3865
   3866
   3867
   3868
   3869
   3870
   3871
   3872
   3873
   3874
   3875
   3876
   3877
   3878
   3879
   3880
   3881
   3882
   3883
   3884
   3885
   3886
   3887
   3888
   3889
   3890
   3891
   3892
   3893
   3894
   3895
   3896
   3897
   3898
   3899
   3900
   3901
   3902
   3903
   3904
   3905
   3906
   3907
   3908
   3909
   3910
   3911
   3912
   3913
   3914
   3915
   3916
   3917
   3918
   3919
   3920
   3921
   3922
   3923
   3924
   3925
   3926
   3927
   3928
   3929
   3930
   3931
   3932
   3933
   3934
   3935
   3936
   3937
   3938
   3939
   3940
   3941
   3942
   3943
   3944
   3945
   3946
   3947
   3948
   3949
   3950
   3951
   3952
   3953
   3954
   3955
   3956
   3957
   3958
   3959
   3960
   3961
   3962
   3963
   3964
   3965
   3966
   3967
   3968
   3969
   3970
   3971
   3972
   3973
   3974
   3975
   3976
   3977
   3978
   3979
   3980
   3981
   3982
   3983
   3984
   3985
   3986
   3987
   3988
   3989
   3990
   3991
   3992
   3993
   3994
   3995
   3996
   3997
   3998
   3999
   4000
   4001
   4002
   4003
   4004
   4005
   4006
   4007
   4008
   4009
   4010
   4011
   4012
   4013
   4014
   4015
   4016
   4017
   4018
   4019
   4020
   4021
   4022
   4023
   4024
   4025
   4026
   4027
   4028
   4029
   4030
   4031
   4032
   4033
   4034
   4035
   4036
   4037
   4038
   4039
   4040
   4041
   4042
   4043
   4044
   4045
   4046
   4047
   4048
   4049
   4050
   4051
   4052
   4053
   4054
   4055
   4056
   4057
   4058
   4059
   4060
   4061
   4062
   4063
   4064
   4065
   4066
   4067
   4068
   4069
   4070
   4071
   4072
   4073
   4074
   4075
   4076
   4077
   4078
   4079
   4080
   4081
   4082
   4083
   4084
   4085
   4086
   4087
   4088
   4089
   4090
   4091
   4092
   4093
   4094
   4095
   4096
   4097
   4098
   4099
   4100
   4101
   4102
   4103
   4104
   4105
   4106
   4107
   4108
   4109
   4110
   4111
   4112
   4113
   4114
   4115
   4116
   4117
   4118
   4119
   4120
   4121
   4122
   4123
   4124
   4125
   4126
   4127
   4128
   4129
   4130
   4131
   4132
   4133
   4134
   4135
   4136
   4137
   4138
   4139
   4140
   4141
   4142
   4143
   4144
   4145
   4146
   4147
   4148
   4149
   4150
   4151
   4152
   4153
   4154
   4155
   4156
   4157
   4158
   4159
   4160
   4161
   4162
   4163
   4164
   4165
   4166
   4167
   4168
   4169
   4170
   4171
   4172
   4173
   4174
   4175
   4176
   4177
   4178
   4179
   4180
   4181
   4182
   4183
   4184
   4185
   4186
   4187
   4188
   4189
   4190
   4191
   4192
   4193
   4194
      0
