       1
     180
     184
     243
     244
     246
     248
     253
     254
     255
     256
     261
     263
     264
     265
     269
     273
     278
     279
     282
     284
     286
     289
     290
     291
     293
     297
     298
     302
     303
     305
     312
     313
     318
     320
     321
     322
     326
     330
     335
     336
     339
     341
     343
     346
     347
     348
     350
     354
     359
     360
     362
     369
     370
     375
     377
     380
     381
     384
     386
     388
     389
     392
     395
     396
     398
     400
     402
     404
     406
     407
     408
     409
     411
     413
     471
     473
     474
     576
     577
     579
     690
     692
     786
     821
     822
     859
     893
     925
     926
     927
    1018
    1043
    1044
    1069
    1117
    1118
    1119
    1134
    1146
    1158
    1172
    1182
    1185
    1203
    1205
    1216
    1219
    1223
    1224
    1245
    1248
    1251
    1253
    1272
    1275
    1278
    1279
    1323
    1346
    1421
    1422
    1484
    1502
    1503
    1530
    1538
    1539
    1546
    1554
    1557
    1558
    1561
    1562
    1840
    1854
    1879
    1880
    1890
    1894
    1902
    1903
    1904
    1936
    2859
    2861
    2874
    5182
    8276
    8755
    8759
    9321
   10326
   10327
   10433
   10536
   10562
   10916
   10917
   10918
   10919
   10971
   10972
   10991
   11176
   11177
   11434
   11438
   11610
   11723
   11724
   11729
   11860
   11867
   11881
   11893
   12808
   12809
   12810
   12811
   12812
   12813
   12815
   12816
   12818
   12819
   12820
   12821
   12822
   12823
   12824
   12825
   12826
   12827
   12828
   12831
   12834
   12836
   12837
   12839
   12841
   12844
   12846
   12848
   12851
   12853
   12855
   12859
   12863
   12866
   12869
   12871
   12873
   12876
   12878
   12879
   12881
   12883
   12886
   12888
   12889
   12890
   12893
   12895
   12897
   12901
   12905
   12908
   12911
   12913
   12915
   12918
   12920
   12921
   12923
   12928
   12984
   12985
   12986
   12987
   12989
   12990
   12991
   12992
   12994
   12995
   12997
   12998
   13000
   13002
   13004
   13007
   13011
   13012
   13015
   13018
   13020
   13022
   13024
   13026
   13028
   13033
   13034
   13039
   13041
   13043
   13045
   13046
   13050
   13053
   13058
   13059
   13060
   13063
   13065
   13067
   13070
   13074
   13077
   13082
   13084
   13086
   13088
   13090
   13091
   13096
   13098
   13432
   13433
   13434
   13436
   13437
   13440
   13441
   13442
   13444
   13446
   13448
   13449
   13451
   13452
   13453
   13454
   13455
   13457
   13458
   13460
   13461
   13464
   13465
   13466
   13467
   13469
   13470
   13473
   13474
   13475
   13477
   13479
   13481
   13482
   13484
   13488
   13489
   13499
   13527
   13528
   13530
   13533
   13534
   13535
   13549
   13583
   13588
   13592
   13593
   13597
   13598
   13600
   13602
   13614
   13616
   13619
   13620
   13622
   13624
   13625
   13627
   13628
   13629
   13631
   13632
   13633
   13634
   13636
   13638
   13639
   13640
   13641
   13642
   13643
   13644
   13645
   13646
   13648
   13650
   13651
   13653
   13654
   13655
   13657
   13658
   13710
   13712
   13714
   13716
   13721
   13722
   13724
   13726
   13727
   13728
   13729
   13730
   13732
   13733
   13734
   13735
   13738
   13740
   13741
   13742
   13743
   13744
   13745
   13746
   13747
   13748
   13750
   13752
   13753
   13754
   13755
   13756
   13757
   13758
   13813
   13815
   13816
   13817
   13818
   13821
   13823
   13824
   13826
   13829
   13830
   13832
   13833
   13834
   13835
   13836
   13838
   13839
   13841
   13842
   13845
   13846
   13847
   13857
   13863
   13867
   13870
   13872
   13873
   13875
   13876
   13878
   13880
   13881
   13882
   13884
   13893
   13895
   13897
   13898
   13899
   13900
   13901
   13902
   13903
   13904
   13905
   13907
   13909
   13910
   13912
   13913
   13914
   13916
   13918
   13921
   13923
   13925
   13926
   13927
   13928
   13929
   13930
   13931
   13932
   13933
   13935
   13937
   13938
   13939
   13940
   13941
   13943
   13944
     123
     126
     415
     416
     525
     526
     527
     528
     581
     594
     643
     734
     743
     744
     745
     748
     823
     824
     860
     957
     958
     962
    1019
    1045
    1087
    1097
    1098
    1099
    1100
    1102
    1103
    1121
    1147
    1160
    1176
    1179
    1189
    1190
    1202
    2842
    2855
    5727
    5955
    5956
    7112
    9073
   12929
   12930
   12932
   12933
   12934
   12935
   12936
   12937
   12938
   12940
   12941
   12943
   12944
   12945
   12947
   12954
   12956
   12958
   12961
   12964
   12968
   12970
   12975
   12977
   12982
   13431
   13493
   13501
   13503
   13505
   13508
   13510
   13511
   13513
   13514
   13517
   13518
   13520
   13522
   13524
   13578
   13580
   13582
   13604
   13605
   13662
   13666
   13668
   13671
   13673
   13675
   13676
   13680
   13681
   13682
   13683
   13684
   13685
   13686
   13687
   13690
   13692
   13693
   13695
   13697
   13698
   13700
   13701
   13703
   13704
   13705
   13706
   40016
   40017
   40018
   40019
   40020
   40021
   40022
   40026
   40028
   40030
   40035
   40039
   40042
   40043
   40047
   40048
   40050
   40057
   40058
   40064
   40068
   40073
   40075
   40082
   40083
   40084
   40094
   40095
   40103
   40104
   40113
   40116
   40118
   40125
   40132
   40133
   40147
   40148
   40149
   40150
   40157
   40159
   40162
   40163
   40176
   40177
   40178
   40180
   40188
   40190
   40195
   40197
   40198
   40199
   40208
   40212
   40222
   40224
   40227
   40235
   40236
   40237
   40240
   40241
   40242
   40243
   40246
   40247
   40249
   40251
   40253
   40254
   40255
   40256
   40257
   40259
   40263
   40264
   40265
   40266
   40267
   40268
   40270
   40271
   40272
   40277
   40279
   40280
   40281
   40283
   40285
   40287
   40288
   40289
   40291
   40292
   40293
   40295
   40296
   40298
   40299
   40302
   40303
   40304
   40306
   40316
   40321
   40325
   40328
   40330
   40331
   40332
   40333
   40334
   40346
   40349
   40356
   40357
   40363
   40374
   40445
   40446
   40447
   40448
   40449
   40451
   40452
   40453
   40454
   40455
   40456
   40457
   40458
   40459
   40460
   40461
   40462
   40463
   40464
   40465
   40466
   40467
   40468
   40469
   40470
   40471
   40472
   40473
   40475
   40476
   40477
   40478
   40479
   40480
   40481
   40482
   40483
   40484
   40485
   40486
   40487
   40488
   40489
   40490
   40491
   40492
   40493
   40494
   40495
   40496
   40497
   40498
   40499
   40500
   40501
   40502
   40503
   40504
   40505
   40506
   40507
   40508
   40509
   40510
   40511
   40512
   40513
   40514
   40515
   40516
   40517
   40518
   40519
   40520
   40521
   40522
   40523
   40524
   40536
   40542
   40544
   40553
   40557
   40560
   40561
   40591
   40607
   40622
   40629
   40633
