 -0.5000000000  0.0000001000
 -0.4989989996  0.0000001000
 -0.4979979992  0.0000001000
 -0.4969969988  0.0000001000
 -0.4959959984  0.0000001000
 -0.4949949980  0.0000001000
 -0.4939939976  0.0000001000
 -0.4929929972  0.0000001000
 -0.4919919968  0.0000001000
 -0.4909909964  0.0000001000
 -0.4899899960  0.0000001000
 -0.4889889956  0.0000001000
 -0.4879879951  0.0000001000
 -0.4869869947  0.0000001000
 -0.4859859943  0.0000001000
 -0.4849849939  0.0000001000
 -0.4839839935  0.0000001000
 -0.4829829931  0.0000001000
 -0.4819819927  0.0000001000
 -0.4809809923  0.0000001000
 -0.4799799919  0.0000001000
 -0.4789789915  0.0000001000
 -0.4779779911  0.0000001000
 -0.4769769907  0.0000001000
 -0.4759759903  0.0000001000
 -0.4749749899  0.0000001000
 -0.4739739895  0.0000001000
 -0.4729729891  0.0000001000
 -0.4719719589  0.0000001000
 -0.4709709585  0.0000001000
 -0.4699699581  0.0000001000
 -0.4689689577  0.0000001000
 -0.4679679573  0.0000001000
 -0.4669669569  0.0000001000
 -0.4659659564  0.0000001000
 -0.4649649560  0.0000001000
 -0.4639639556  0.0000001000
 -0.4629629552  0.0000001000
 -0.4619619548  0.0000001000
 -0.4609609544  0.0000001000
 -0.4599599540  0.0000001000
 -0.4589589536  0.0000001000
 -0.4579579532  0.0000001000
 -0.4569569528  0.0000001000
 -0.4559559524  0.0000001000
 -0.4549549520  0.0000001000
 -0.4539539516  0.0000001000
 -0.4529529512  0.0000001000
 -0.4519519508  0.0000001000
 -0.4509509504  0.0000001000
 -0.4499499500  0.0000001000
 -0.4489489496  0.0000001000
 -0.4479479492  0.0000001000
 -0.4469469488  0.0000001000
 -0.4459459484  0.0000001000
 -0.4449449480  0.0000001000
 -0.4439439476  0.0000001000
 -0.4429429471  0.0000001000
 -0.4419419467  0.0000001000
 -0.4409409463  0.0000001000
 -0.4399399459  0.0000001000
 -0.4389389455  0.0000001000
 -0.4379379451  0.0000001000
 -0.4369369447  0.0000001000
 -0.4359359443  0.0000001000
 -0.4349349439  0.0000001000
 -0.4339339435  0.0000001000
 -0.4329329431  0.0000001000
 -0.4319319427  0.0000001000
 -0.4309309423  0.0000001000
 -0.4299299419  0.0000001000
 -0.4289289117  0.0000001000
 -0.4279279113  0.0000001000
 -0.4269269109  0.0000001000
 -0.4259259105  0.0000001000
 -0.4249249101  0.0000001000
 -0.4239239097  0.0000001000
 -0.4229229093  0.0000001000
 -0.4219219089  0.0000001000
 -0.4209209085  0.0000001000
 -0.4199199080  0.0000001000
 -0.4189189076  0.0000001000
 -0.4179179072  0.0000001000
 -0.4169169068  0.0000001000
 -0.4159159064  0.0000001000
 -0.4149149060  0.0000001000
 -0.4139139056  0.0000001000
 -0.4129129052  0.0000001000
 -0.4119119048  0.0000001000
 -0.4109109044  0.0000001000
 -0.4099099040  0.0000001000
 -0.4089089036  0.0000001000
 -0.4079079032  0.0000001000
 -0.4069069028  0.0000001000
 -0.4059059024  0.0000001000
 -0.4049049020  0.0000001000
 -0.4039039016  0.0000001000
 -0.4029029012  0.0000001000
 -0.4019019008  0.0000001000
 -0.4009009004  0.0000001000
 -0.3998999000  0.0000001000
 -0.3988988996  0.0000001000
 -0.3978978992  0.0000001000
 -0.3968968987  0.0000001000
 -0.3958958983  0.0000001000
 -0.3948948979  0.0000001000
 -0.3938938975  0.0000001000
 -0.3928928971  0.0000001000
 -0.3918918967  0.0000001000
 -0.3908908963  0.0000001000
 -0.3898898959  0.0000001000
 -0.3888888955  0.0000001000
 -0.3878878951  0.0000001000
 -0.3868868947  0.0000001000
 -0.3858858943  0.0000001000
 -0.3848848939  0.0000001000
 -0.3838838935  0.0000001000
 -0.3828828931  0.0000001000
 -0.3818818927  0.0000001000
 -0.3808808923  0.0000001000
 -0.3798798919  0.0000001000
 -0.3788788915  0.0000001000
 -0.3778778911  0.0000001000
 -0.3768768907  0.0000001000
 -0.3758758903  0.0000001000
 -0.3748748899  0.0000001000
 -0.3738738894  0.0000001000
 -0.3728728890  0.0000001000
 -0.3718718886  0.0000001000
 -0.3708708882  0.0000001000
 -0.3698698878  0.0000001000
 -0.3688688874  0.0000001000
 -0.3678678870  0.0000001000
 -0.3668668866  0.0000001000
 -0.3658658862  0.0000001000
 -0.3648648858  0.0000001000
 -0.3638638854  0.0000001000
 -0.3628628850  0.0000001000
 -0.3618618846  0.0000001000
 -0.3608608842  0.0000001000
 -0.3598598838  0.0000001000
 -0.3588588536  0.0000001000
 -0.3578578532  0.0000001000
 -0.3568568528  0.0000001000
 -0.3558558524  0.0000001000
 -0.3548548520  0.0000001000
 -0.3538538516  0.0000001000
 -0.3528528512  0.0000001000
 -0.3518518507  0.0000001000
 -0.3508508503  0.0000001000
 -0.3498498499  0.0000001000
 -0.3488488495  0.0000001000
 -0.3478478491  0.0000001000
 -0.3468468487  0.0000001000
 -0.3458458483  0.0000001000
 -0.3448448479  0.0000001000
 -0.3438438475  0.0000001000
 -0.3428428471  0.0000001000
 -0.3418418467  0.0000001000
 -0.3408408463  0.0000001000
 -0.3398398459  0.0000001000
 -0.3388388455  0.0000001000
 -0.3378378451  0.0000001000
 -0.3368368447  0.0000001000
 -0.3358358443  0.0000001000
 -0.3348348439  0.0000001000
 -0.3338338435  0.0000001000
 -0.3328328133  0.0000001000
 -0.3318318129  0.0000001000
 -0.3308308125  0.0000001000
 -0.3298298120  0.0000001000
 -0.3288288116  0.0000001000
 -0.3278278112  0.0000001000
 -0.3268268108  0.0000001000
 -0.3258258104  0.0000001000
 -0.3248248100  0.0000001000
 -0.3238238096  0.0000001000
 -0.3228228092  0.0000001000
 -0.3218218088  0.0000001000
 -0.3208208084  0.0000001000
 -0.3198198080  0.0000001000
 -0.3188188076  0.0000001000
 -0.3178178072  0.0000001000
 -0.3168168068  0.0000001000
 -0.3158158064  0.0000001000
 -0.3148148060  0.0000001000
 -0.3138138056  0.0000001000
 -0.3128128052  0.0000001000
 -0.3118118048  0.0000001000
 -0.3108108044  0.0000001000
 -0.3098098040  0.0000001000
 -0.3088088036  0.0000001000
 -0.3078078032  0.0000001000
 -0.3068068027  0.0000001000
 -0.3058058023  0.0000001000
 -0.3048048019  0.0000001000
 -0.3038038015  0.0000001000
 -0.3028028011  0.0000001000
 -0.3018018007  0.0000001000
 -0.3008008003  0.0000001000
 -0.2997997999  0.0000001000
 -0.2987987995  0.0000001000
 -0.2977977991  0.0000001000
 -0.2967967987  0.0000001000
 -0.2957957983  0.0000001000
 -0.2947947979  0.0000001000
 -0.2937937975  0.0000001000
 -0.2927927971  0.0000001000
 -0.2917917967  0.0000001000
 -0.2907907963  0.0000001000
 -0.2897897959  0.0000001000
 -0.2887887955  0.0000001000
 -0.2877877951  0.0000001000
 -0.2867867947  0.0000001000
 -0.2857857943  0.0000001000
 -0.2847847939  0.0000001000
 -0.2837837934  0.0000001000
 -0.2827827930  0.0000001000
 -0.2817817926  0.0000001000
 -0.2807807922  0.0000001000
 -0.2797797918  0.0000001000
 -0.2787787914  0.0000001000
 -0.2777777910  0.0000001000
 -0.2767767906  0.0000001000
 -0.2757757902  0.0000001000
 -0.2747747898  0.0000001000
 -0.2737737894  0.0000001000
 -0.2727727890  0.0000001000
 -0.2717717886  0.0000001000
 -0.2707707882  0.0000001000
 -0.2697697878  0.0000001000
 -0.2687687874  0.0000001000
 -0.2677677870  0.0000001000
 -0.2667667866  0.0000001000
 -0.2657657862  0.0000001000
 -0.2647647858  0.0000001000
 -0.2637637854  0.0000001000
 -0.2627627850  0.0000001000
 -0.2617617846  0.0000001000
 -0.2607607841  0.0000001000
 -0.2597597837  0.0000001000
 -0.2587587833  0.0000001000
 -0.2577577829  0.0000001000
 -0.2567567825  0.0000001000
 -0.2557557523  0.0000001000
 -0.2547547519  0.0000001000
 -0.2537537515  0.0000001000
 -0.2527527511  0.0000001000
 -0.2517517507  0.0000001000
 -0.2507507503  0.0000001000
 -0.2497497499  0.0000001000
 -0.2487487495  0.0000001000
 -0.2477477491  0.0000001000
 -0.2467467487  0.0000001000
 -0.2457457483  0.0000001000
 -0.2447447479  0.0000001000
 -0.2437437475  0.0000001000
 -0.2427427471  0.0000001000
 -0.2417417467  0.0000001000
 -0.2407407463  0.0000001000
 -0.2397397459  0.0000001000
 -0.2387387455  0.0000001000
 -0.2377377450  0.0000001000
 -0.2367367446  0.0000001000
 -0.2357357442  0.0000001000
 -0.2347347438  0.0000001000
 -0.2337337434  0.0000001000
 -0.2327327430  0.0000001000
 -0.2317317426  0.0000001000
 -0.2307307422  0.0000001000
 -0.2297297418  0.0000001000
 -0.2287287414  0.0000001000
 -0.2277277410  0.0000001000
 -0.2267267406  0.0000001000
 -0.2257257402  0.0000001000
 -0.2247247398  0.0000001000
 -0.2237237394  0.0000001000
 -0.2227227390  0.0000001000
 -0.2217217386  0.0000001000
 -0.2207207382  0.0000001000
 -0.2197197378  0.0000001000
 -0.2187187374  0.0000001000
 -0.2177177072  0.0000001000
 -0.2167167068  0.0000001000
 -0.2157157063  0.0000001000
 -0.2147147059  0.0000001000
 -0.2137137055  0.0000001000
 -0.2127127051  0.0000001000
 -0.2117117047  0.0000001000
 -0.2107107043  0.0000001000
 -0.2097097039  0.0000001000
 -0.2087087035  0.0000001000
 -0.2077077031  0.0000001000
 -0.2067067027  0.0000001000
 -0.2057057023  0.0000001000
 -0.2047047019  0.0000001000
 -0.2037037015  0.0000001000
 -0.2027027011  0.0000001000
 -0.2017017007  0.0000001000
 -0.2007007003  0.0000001000
 -0.1996996999  0.0000001000
 -0.1986986995  0.0000001000
 -0.1976976991  0.0000001000
 -0.1966966987  0.0000001000
 -0.1956956983  0.0000001000
 -0.1946946979  0.0000001000
 -0.1936936975  0.0000001000
 -0.1926926970  0.0000001000
 -0.1916916966  0.0000001000
 -0.1906906962  0.0000001000
 -0.1896896958  0.0000001000
 -0.1886886954  0.0000001000
 -0.1876876950  0.0000001000
 -0.1866866946  0.0000001000
 -0.1856856942  0.0000001000
 -0.1846846938  0.0000001000
 -0.1836836934  0.0000001000
 -0.1826826930  0.0000001000
 -0.1816816926  0.0000001000
 -0.1806806922  0.0000001000
 -0.1796796918  0.0000001000
 -0.1786786914  0.0000001000
 -0.1776776910  0.0000001000
 -0.1766766906  0.0000001000
 -0.1756756902  0.0000001000
 -0.1746746898  0.0000001000
 -0.1736736894  0.0000001000
 -0.1726726890  0.0000001000
 -0.1716716886  0.0000001000
 -0.1706706882  0.0000001000
 -0.1696696877  0.0000001000
 -0.1686686873  0.0000001000
 -0.1676676869  0.0000001000
 -0.1666666567  0.0000001000
 -0.1656656563  0.0000001000
 -0.1646646559  0.0000001000
 -0.1636636555  0.0000001000
 -0.1626626551  0.0000001000
 -0.1616616547  0.0000001000
 -0.1606606543  0.0000001000
 -0.1596596539  0.0000001000
 -0.1586586535  0.0000001000
 -0.1576576531  0.0000001000
 -0.1566566527  0.0000001000
 -0.1556556523  0.0000001000
 -0.1546546519  0.0000001000
 -0.1536536515  0.0000001000
 -0.1526526511  0.0000001000
 -0.1516516507  0.0000001000
 -0.1506506503  0.0000001000
 -0.1496496499  0.0000001000
 -0.1486486495  0.0000001000
 -0.1476476490  0.0000001000
 -0.1466466486  0.0000001000
 -0.1456456482  0.0000001000
 -0.1446446478  0.0000001000
 -0.1436436474  0.0000001000
 -0.1426426470  0.0000001000
 -0.1416416466  0.0000001000
 -0.1406406462  0.0000001000
 -0.1396396458  0.0000001000
 -0.1386386454  0.0000001000
 -0.1376376450  0.0000001000
 -0.1366366446  0.0000001000
 -0.1356356442  0.0000001000
 -0.1346346438  0.0000001000
 -0.1336336434  0.0000001000
 -0.1326326430  0.0000001000
 -0.1316316426  0.0000001000
 -0.1306306422  0.0000001000
 -0.1296296418  0.0000001000
 -0.1286286414  0.0000001000
 -0.1276276410  0.0000001000
 -0.1266266406  0.0000001000
 -0.1256256402  0.0000001000
 -0.1246246397  0.0000001000
 -0.1236236393  0.0000001000
 -0.1226226389  0.0000001000
 -0.1216216385  0.0000001000
 -0.1206206381  0.0000001000
 -0.1196196377  0.0000001000
 -0.1186186373  0.0000001000
 -0.1176176369  0.0000001000
 -0.1166166365  0.0000001000
 -0.1156156063  0.0000001000
 -0.1146146059  0.0000001000
 -0.1136136055  0.0000001000
 -0.1126126051  0.0000001000
 -0.1116116047  0.0000001000
 -0.1106106043  0.0000001000
 -0.1096096039  0.0000001000
 -0.1086086035  0.0000001000
 -0.1076076031  0.0000001000
 -0.1066066027  0.0000001000
 -0.1056056023  0.0000001000
 -0.1046046019  0.0000001000
 -0.1036036015  0.0000001000
 -0.1026026011  0.0000001000
 -0.1016016006  0.0000001000
 -0.1006006002  0.0000001000
 -0.0995995998  0.0000001000
 -0.0985985994  0.0000001000
 -0.0975975990  0.0000001000
 -0.0965965986  0.0000001000
 -0.0955955982  0.0000001000
 -0.0945945978  0.0000001000
 -0.0935935974  0.0000001000
 -0.0925925970  0.0000001000
 -0.0915915966  0.0000001000
 -0.0905905962  0.0000001000
 -0.0895895958  0.0000001000
 -0.0885885954  0.0000001000
 -0.0875875950  0.0000001000
 -0.0865865946  0.0000001000
 -0.0855855942  0.0000001000
 -0.0845845938  0.0000001000
 -0.0835835934  0.0000001000
 -0.0825825930  0.0000001000
 -0.0815815926  0.0000001000
 -0.0805805922  0.0000001000
 -0.0795795918  0.0000001000
 -0.0785785913  0.0000001000
 -0.0775775909  0.0000001000
 -0.0765765905  0.0000001000
 -0.0755755901  0.0000001000
 -0.0745745897  0.0000001000
 -0.0735735893  0.0000001000
 -0.0725725889  0.0000001000
 -0.0715715885  0.0000001000
 -0.0705705881  0.0000001000
 -0.0695695877  0.0000001000
 -0.0685685873  0.0000001000
 -0.0675675869  0.0000001000
 -0.0665665865  0.0000001000
 -0.0655655861  0.0000001000
 -0.0645645857  0.0000001000
 -0.0635635555  0.0000001000
 -0.0625625551  0.0000001000
 -0.0615615547  0.0000001000
 -0.0605605543  0.0000001000
 -0.0595595539  0.0000001000
 -0.0585585535  0.0000001000
 -0.0575575531  0.0000001000
 -0.0565565526  0.0000001000
 -0.0555555522  0.0000001000
 -0.0545545518  0.0000001000
 -0.0535535514  0.0000001000
 -0.0525525510  0.0000001000
 -0.0515515506  0.0000001000
 -0.0505505502  0.0000001000
 -0.0495495498  0.0000001000
 -0.0485485494  0.0000001000
 -0.0475475490  0.0000001000
 -0.0465465486  0.0000001000
 -0.0455455482  0.0000001000
 -0.0445445478  0.0000001000
 -0.0435435474  0.0000001000
 -0.0425425470  0.0000001000
 -0.0415415466  0.0000001000
 -0.0405405462  0.0000001000
 -0.0395395458  0.0000001000
 -0.0385385454  0.0000001000
 -0.0375375450  0.0000001000
 -0.0365365446  0.0000001000
 -0.0355355442  0.0000001000
 -0.0345345438  0.0000001000
 -0.0335335433  0.0000001000
 -0.0325325429  0.0000001000
 -0.0315315425  0.0000001000
 -0.0305305421  0.0000001000
 -0.0295295417  0.0000001000
 -0.0285285413  0.0000001000
 -0.0275275409  0.0000001000
 -0.0265265405  0.0000001000
 -0.0255255401  0.0000001000
 -0.0245245397  0.0000001000
 -0.0235235393  0.0000001000
 -0.0225225389  0.0000001000
 -0.0215215385  0.0000001000
 -0.0205205381  0.0000001000
 -0.0195195377  0.0000001000
 -0.0185185373  0.0000001000
 -0.0175175369  0.0000001000
 -0.0165165365  0.0000001000
 -0.0155155361  0.0000001000
 -0.0145145357  0.0000001000
 -0.0135135353  0.0000001000
 -0.0125125051  0.0000001000
 -0.0115115047  0.0000001000
 -0.0105105042  0.0000001000
 -0.0095095038  0.0000001000
 -0.0085085034  0.0000001000
 -0.0075075030  0.0000001000
 -0.0065065026  0.0000001000
 -0.0055055022  0.0000001000
 -0.0045045018  0.0000001000
 -0.0035035014  0.0000001000
 -0.0025025010  0.0000001000
 -0.0015015006  0.0000001000
 -0.0005005002  0.0000001000
  0.0005005002  0.0000001000
  0.0015015006  0.0000001000
  0.0025025010  0.0000001000
  0.0035035014  0.0000001000
  0.0045045018  0.0000001000
  0.0055055022  0.0000001000
  0.0065065026  0.0000001000
  0.0075075030  0.0000001000
  0.0085085034  0.0000001000
  0.0095095038  0.0000001000
  0.0105105042  0.0000001000
  0.0115115047  0.0000001000
  0.0125125051  0.0000001000
  0.0135135055  0.0000001000
  0.0145145059  0.0000001000
  0.0155155063  0.0000001000
  0.0165165067  0.0000001000
  0.0175175071  0.0000001000
  0.0185185075  0.0000001000
  0.0195195079  0.0000001000
  0.0205205083  0.0000001000
  0.0215215087  0.0000001000
  0.0225225091  0.0000001000
  0.0235235095  0.0000001000
  0.0245245099  0.0000001000
  0.0255255103  0.0000001000
  0.0265265107  0.0000001000
  0.0275275111  0.0000001000
  0.0285285115  0.0000001000
  0.0295295119  0.0000001000
  0.0305305123  0.0000001000
  0.0315315127  0.0000001000
  0.0325325131  0.0000001000
  0.0335335135  0.0000001000
  0.0345345140  0.0000001000
  0.0355355144  0.0000001000
  0.0365365148  0.0000001000
  0.0375375152  0.0000001000
  0.0385385156  0.0000001000
  0.0395395160  0.0000001000
  0.0405405164  0.0000001000
  0.0415415168  0.0000001000
  0.0425425172  0.0000001000
  0.0435435176  0.0000001000
  0.0445445180  0.0000001000
  0.0455455184  0.0000001000
  0.0465465188  0.0000001000
  0.0475475192  0.0000001000
  0.0485485196  0.0000001000
  0.0495495200  0.0000001000
  0.0505505204  0.0000001000
  0.0515515208  0.0000001000
  0.0525525212  0.0000001000
  0.0535535216  0.0000001000
  0.0545545220  0.0000001000
  0.0555555224  0.0000001000
  0.0565565228  0.0000001000
  0.0575575233  0.0000001000
  0.0585585237  0.0000001000
  0.0595595241  0.0000001000
  0.0605605245  0.0000001000
  0.0615615249  0.0000001000
  0.0625625253  0.0000001000
  0.0635635257  0.0000001000
  0.0645645857  0.0000001000
  0.0655655861  0.0000001000
  0.0665665865  0.0000001000
  0.0675675869  0.0000001000
  0.0685685873  0.0000001000
  0.0695695877  0.0000001000
  0.0705705881  0.0000001000
  0.0715715885  0.0000001000
  0.0725725889  0.0000001000
  0.0735735893  0.0000001000
  0.0745745897  0.0000001000
  0.0755755901  0.0000001000
  0.0765765905  0.0000001000
  0.0775775909  0.0000001000
  0.0785785913  0.0000001000
  0.0795795918  0.0000001000
  0.0805805922  0.0000001000
  0.0815815926  0.0000001000
  0.0825825930  0.0000001000
  0.0835835934  0.0000001000
  0.0845845938  0.0000001000
  0.0855855942  0.0000001000
  0.0865865946  0.0000001000
  0.0875875950  0.0000001000
  0.0885885954  0.0000001000
  0.0895895958  0.0000001000
  0.0905905962  0.0000001000
  0.0915915966  0.0000001000
  0.0925925970  0.0000001000
  0.0935935974  0.0000001000
  0.0945945978  0.0000001000
  0.0955955982  0.0000001000
  0.0965965986  0.0000001000
  0.0975975990  0.0000001000
  0.0985985994  0.0000001000
  0.0995995998  0.0000001000
  0.1006006002  0.0000001000
  0.1016016006  0.0000001000
  0.1026026011  0.0000001000
  0.1036036015  0.0000001000
  0.1046046019  0.0000001000
  0.1056056023  0.0000001000
  0.1066066027  0.0000001000
  0.1076076031  0.0000001000
  0.1086086035  0.0000001000
  0.1096096039  0.0000001000
  0.1106106043  0.0000001000
  0.1116116047  0.0000001000
  0.1126126051  0.0000001000
  0.1136136055  0.0000001000
  0.1146146059  0.0000001000
  0.1156156063  0.0000001000
  0.1166166067  0.0000001000
  0.1176176071  0.0000001000
  0.1186186075  0.0000001000
  0.1196196079  0.0000001000
  0.1206206083  0.0000001000
  0.1216216087  0.0000001000
  0.1226226091  0.0000001000
  0.1236236095  0.0000001000
  0.1246246099  0.0000001000
  0.1256256104  0.0000001000
  0.1266266108  0.0000001000
  0.1276276112  0.0000001000
  0.1286286116  0.0000001000
  0.1296296120  0.0000001000
  0.1306306124  0.0000001000
  0.1316316128  0.0000001000
  0.1326326132  0.0000001000
  0.1336336136  0.0000001000
  0.1346346140  0.0000001000
  0.1356356144  0.0000001000
  0.1366366148  0.0000001000
  0.1376376152  0.0000001000
  0.1386386156  0.0000001000
  0.1396396160  0.0000001000
  0.1406406164  0.0000001000
  0.1416416168  0.0000001000
  0.1426426172  0.0000001000
  0.1436436176  0.0000001000
  0.1446446180  0.0000001000
  0.1456456184  0.0000001000
  0.1466466188  0.0000001000
  0.1476476192  0.0000001000
  0.1486486197  0.0000001000
  0.1496496201  0.0000001000
  0.1506506205  0.0000001000
  0.1516516209  0.0000001000
  0.1526526213  0.0000001000
  0.1536536217  0.0000001000
  0.1546546221  0.0000001000
  0.1556556225  0.0000001000
  0.1566566229  0.0000001000
  0.1576576233  0.0000001000
  0.1586586237  0.0000001000
  0.1596596241  0.0000001000
  0.1606606245  0.0000001000
  0.1616616249  0.0000001000
  0.1626626253  0.0000001000
  0.1636636257  0.0000001000
  0.1646646261  0.0000001000
  0.1656656265  0.0000001000
  0.1666666865  0.0000001000
  0.1676676869  0.0000001000
  0.1686686873  0.0000001000
  0.1696696877  0.0000001000
  0.1706706882  0.0000001000
  0.1716716886  0.0000001000
  0.1726726890  0.0000001000
  0.1736736894  0.0000001000
  0.1746746898  0.0000001000
  0.1756756902  0.0000001000
  0.1766766906  0.0000001000
  0.1776776910  0.0000001000
  0.1786786914  0.0000001000
  0.1796796918  0.0000001000
  0.1806806922  0.0000001000
  0.1816816926  0.0000001000
  0.1826826930  0.0000001000
  0.1836836934  0.0000001000
  0.1846846938  0.0000001000
  0.1856856942  0.0000001000
  0.1866866946  0.0000001000
  0.1876876950  0.0000001000
  0.1886886954  0.0000001000
  0.1896896958  0.0000001000
  0.1906906962  0.0000001000
  0.1916916966  0.0000001000
  0.1926926970  0.0000001000
  0.1936936975  0.0000001000
  0.1946946979  0.0000001000
  0.1956956983  0.0000001000
  0.1966966987  0.0000001000
  0.1976976991  0.0000001000
  0.1986986995  0.0000001000
  0.1996996999  0.0000001000
  0.2007007003  0.0000001000
  0.2017017007  0.0000001000
  0.2027027011  0.0000001000
  0.2037037015  0.0000001000
  0.2047047019  0.0000001000
  0.2057057023  0.0000001000
  0.2067067027  0.0000001000
  0.2077077031  0.0000001000
  0.2087087035  0.0000001000
  0.2097097039  0.0000001000
  0.2107107043  0.0000001000
  0.2117117047  0.0000001000
  0.2127127051  0.0000001000
  0.2137137055  0.0000001000
  0.2147147059  0.0000001000
  0.2157157063  0.0000001000
  0.2167167068  0.0000001000
  0.2177177072  0.0000001000
  0.2187187076  0.0000001000
  0.2197197080  0.0000001000
  0.2207207084  0.0000001000
  0.2217217088  0.0000001000
  0.2227227092  0.0000001000
  0.2237237096  0.0000001000
  0.2247247100  0.0000001000
  0.2257257104  0.0000001000
  0.2267267108  0.0000001000
  0.2277277112  0.0000001000
  0.2287287116  0.0000001000
  0.2297297120  0.0000001000
  0.2307307124  0.0000001000
  0.2317317128  0.0000001000
  0.2327327132  0.0000001000
  0.2337337136  0.0000001000
  0.2347347140  0.0000001000
  0.2357357144  0.0000001000
  0.2367367148  0.0000001000
  0.2377377152  0.0000001000
  0.2387387156  0.0000001000
  0.2397397161  0.0000001000
  0.2407407165  0.0000001000
  0.2417417169  0.0000001000
  0.2427427173  0.0000001000
  0.2437437177  0.0000001000
  0.2447447181  0.0000001000
  0.2457457185  0.0000001000
  0.2467467189  0.0000001000
  0.2477477193  0.0000001000
  0.2487487197  0.0000001000
  0.2497497201  0.0000001000
  0.2507507205  0.0000001000
  0.2517517209  0.0000001000
  0.2527527213  0.0000001000
  0.2537537217  0.0000001000
  0.2547547221  0.0000001000
  0.2557557225  0.0000001000
  0.2567567229  0.0000001000
  0.2577577233  0.0000001000
  0.2587587237  0.0000001000
  0.2597597241  0.0000001000
  0.2607607245  0.0000001000
  0.2617617249  0.0000001000
  0.2627627254  0.0000001000
  0.2637637258  0.0000001000
  0.2647647262  0.0000001000
  0.2657657266  0.0000001000
  0.2667667270  0.0000001000
  0.2677677274  0.0000001000
  0.2687687874  0.0000001000
  0.2697697878  0.0000001000
  0.2707707882  0.0000001000
  0.2717717886  0.0000001000
  0.2727727890  0.0000001000
  0.2737737894  0.0000001000
  0.2747747898  0.0000001000
  0.2757757902  0.0000001000
  0.2767767906  0.0000001000
  0.2777777910  0.0000001000
  0.2787787914  0.0000001000
  0.2797797918  0.0000001000
  0.2807807922  0.0000001000
  0.2817817926  0.0000001000
  0.2827827930  0.0000001000
  0.2837837934  0.0000001000
  0.2847847939  0.0000001000
  0.2857857943  0.0000001000
  0.2867867947  0.0000001000
  0.2877877951  0.0000001000
  0.2887887955  0.0000001000
  0.2897897959  0.0000001000
  0.2907907963  0.0000001000
  0.2917917967  0.0000001000
  0.2927927971  0.0000001000
  0.2937937975  0.0000001000
  0.2947947979  0.0000001000
  0.2957957983  0.0000001000
  0.2967967987  0.0000001000
  0.2977977991  0.0000001000
  0.2987987995  0.0000001000
  0.2997997999  0.0000001000
  0.3008008003  0.0000001000
  0.3018018007  0.0000001000
  0.3028028011  0.0000001000
  0.3038038015  0.0000001000
  0.3048048019  0.0000001000
  0.3058058023  0.0000001000
  0.3068068027  0.0000001000
  0.3078078032  0.0000001000
  0.3088088036  0.0000001000
  0.3098098040  0.0000001000
  0.3108108044  0.0000001000
  0.3118118048  0.0000001000
  0.3128128052  0.0000001000
  0.3138138056  0.0000001000
  0.3148148060  0.0000001000
  0.3158158064  0.0000001000
  0.3168168068  0.0000001000
  0.3178178072  0.0000001000
  0.3188188076  0.0000001000
  0.3198198080  0.0000001000
  0.3208208084  0.0000001000
  0.3218218088  0.0000001000
  0.3228228092  0.0000001000
  0.3238238096  0.0000001000
  0.3248248100  0.0000001000
  0.3258258104  0.0000001000
  0.3268268108  0.0000001000
  0.3278278112  0.0000001000
  0.3288288116  0.0000001000
  0.3298298120  0.0000001000
  0.3308308125  0.0000001000
  0.3318318129  0.0000001000
  0.3328328133  0.0000001000
  0.3338338137  0.0000001000
  0.3348348141  0.0000001000
  0.3358358145  0.0000001000
  0.3368368149  0.0000001000
  0.3378378153  0.0000001000
  0.3388388157  0.0000001000
  0.3398398161  0.0000001000
  0.3408408165  0.0000001000
  0.3418418169  0.0000001000
  0.3428428173  0.0000001000
  0.3438438177  0.0000001000
  0.3448448181  0.0000001000
  0.3458458185  0.0000001000
  0.3468468189  0.0000001000
  0.3478478193  0.0000001000
  0.3488488197  0.0000001000
  0.3498498201  0.0000001000
  0.3508508205  0.0000001000
  0.3518518209  0.0000001000
  0.3528528214  0.0000001000
  0.3538538218  0.0000001000
  0.3548548222  0.0000001000
  0.3558558226  0.0000001000
  0.3568568230  0.0000001000
  0.3578578234  0.0000001000
  0.3588588238  0.0000001000
  0.3598598242  0.0000001000
  0.3608608246  0.0000001000
  0.3618618250  0.0000001000
  0.3628628254  0.0000001000
  0.3638638258  0.0000001000
  0.3648648262  0.0000001000
  0.3658658266  0.0000001000
  0.3668668270  0.0000001000
  0.3678678274  0.0000001000
  0.3688688278  0.0000001000
  0.3698698282  0.0000001000
  0.3708708286  0.0000001000
  0.3718718886  0.0000001000
  0.3728728890  0.0000001000
  0.3738738894  0.0000001000
  0.3748748899  0.0000001000
  0.3758758903  0.0000001000
  0.3768768907  0.0000001000
  0.3778778911  0.0000001000
  0.3788788915  0.0000001000
  0.3798798919  0.0000001000
  0.3808808923  0.0000001000
  0.3818818927  0.0000001000
  0.3828828931  0.0000001000
  0.3838838935  0.0000001000
  0.3848848939  0.0000001000
  0.3858858943  0.0000001000
  0.3868868947  0.0000001000
  0.3878878951  0.0000001000
  0.3888888955  0.0000001000
  0.3898898959  0.0000001000
  0.3908908963  0.0000001000
  0.3918918967  0.0000001000
  0.3928928971  0.0000001000
  0.3938938975  0.0000001000
  0.3948948979  0.0000001000
  0.3958958983  0.0000001000
  0.3968968987  0.0000001000
  0.3978978992  0.0000001000
  0.3988988996  0.0000001000
  0.3998999000  0.0000001000
  0.4009009004  0.0000001000
  0.4019019008  0.0000001000
  0.4029029012  0.0000001000
  0.4039039016  0.0000001000
  0.4049049020  0.0000001000
  0.4059059024  0.0000001000
  0.4069069028  0.0000001000
  0.4079079032  0.0000001000
  0.4089089036  0.0000001000
  0.4099099040  0.0000001000
  0.4109109044  0.0000001000
  0.4119119048  0.0000001000
  0.4129129052  0.0000001000
  0.4139139056  0.0000001000
  0.4149149060  0.0000001000
  0.4159159064  0.0000001000
  0.4169169068  0.0000001000
  0.4179179072  0.0000001000
  0.4189189076  0.0000001000
  0.4199199080  0.0000001000
  0.4209209085  0.0000001000
  0.4219219089  0.0000001000
  0.4229229093  0.0000001000
  0.4239239097  0.0000001000
  0.4249249101  0.0000001000
  0.4259259105  0.0000001000
  0.4269269109  0.0000001000
  0.4279279113  0.0000001000
  0.4289289117  0.0000001000
  0.4299299121  0.0000001000
  0.4309309125  0.0000001000
  0.4319319129  0.0000001000
  0.4329329133  0.0000001000
  0.4339339137  0.0000001000
  0.4349349141  0.0000001000
  0.4359359145  0.0000001000
  0.4369369149  0.0000001000
  0.4379379153  0.0000001000
  0.4389389157  0.0000001000
  0.4399399161  0.0000001000
  0.4409409165  0.0000001000
  0.4419419169  0.0000001000
  0.4429429173  0.0000001000
  0.4439439178  0.0000001000
  0.4449449182  0.0000001000
  0.4459459186  0.0000001000
  0.4469469190  0.0000001000
  0.4479479194  0.0000001000
  0.4489489198  0.0000001000
  0.4499499202  0.0000001000
  0.4509509206  0.0000001000
  0.4519519210  0.0000001000
  0.4529529214  0.0000001000
  0.4539539218  0.0000001000
  0.4549549222  0.0000001000
  0.4559559226  0.0000001000
  0.4569569230  0.0000001000
  0.4579579234  0.0000001000
  0.4589589238  0.0000001000
  0.4599599242  0.0000001000
  0.4609609246  0.0000001000
  0.4619619250  0.0000001000
  0.4629629254  0.0000001000
  0.4639639258  0.0000001000
  0.4649649262  0.0000001000
  0.4659659266  0.0000001000
  0.4669669271  0.0000001000
  0.4679679275  0.0000001000
  0.4689689279  0.0000001000
  0.4699699283  0.0000001000
  0.4709709287  0.0000001000
  0.4719719291  0.0000001000
  0.4729729295  0.0000001000
  0.4739739895  0.0000001000
  0.4749749899  0.0000001000
  0.4759759903  0.0000001000
  0.4769769907  0.0000001000
  0.4779779911  0.0000001000
  0.4789789915  0.0000001000
  0.4799799919  0.0000001000
  0.4809809923  0.0000001000
  0.4819819927  0.0000001000
  0.4829829931  0.0000001000
  0.4839839935  0.0000001000
  0.4849849939  0.0000001000
  0.4859859943  0.0000001000
  0.4869869947  0.0000001000
  0.4879879951  0.0000001000
  0.4889889956  0.0000001000
  0.4899899960  0.0000001000
  0.4909909964  0.0000001000
  0.4919919968  0.0000001000
  0.4929929972  0.0000001000
  0.4939939976  0.0000001000
  0.4949949980  0.0000001000
  0.4959959984  0.0000001000
  0.4969969988  0.0000001000
  0.4979979992  0.0000001000
  0.4989989996  0.0000001000
  0.5000000000  0.0000001000
