1	 0.435000	 0.685000	
2	 0.441500	 0.685000	
3	 0.448000	 0.685000	
4	 0.454500	 0.685000	
5	 0.461000	 0.685000	
6	 0.467500	 0.685000	
7	 0.474000	 0.685000	
8	 0.480500	 0.685000	
9	 0.487000	 0.685000	
10	 0.493500	 0.685000	
11	 0.500000	 0.685000	
12	 0.506500	 0.685000	
13	 0.513000	 0.685000	
14	 0.519500	 0.685000	
15	 0.526000	 0.685000	
16	 0.532500	 0.685000	
17	 0.539000	 0.685000	
18	 0.545500	 0.685000	
19	 0.552000	 0.685000	
20	 0.558500	 0.685000	
21	 0.565000	 0.685000	
22	 0.435000	 0.691500	
23	 0.441500	 0.691500	
24	 0.448000	 0.691500	
25	 0.454500	 0.691500	
26	 0.461000	 0.691500	
27	 0.467500	 0.691500	
28	 0.474000	 0.691500	
29	 0.480500	 0.691500	
30	 0.487000	 0.691500	
31	 0.493500	 0.691500	
32	 0.500000	 0.691500	
33	 0.506500	 0.691500	
34	 0.513000	 0.691500	
35	 0.519500	 0.691500	
36	 0.526000	 0.691500	
37	 0.532500	 0.691500	
38	 0.539000	 0.691500	
39	 0.545500	 0.691500	
40	 0.552000	 0.691500	
41	 0.558500	 0.691500	
42	 0.565000	 0.691500	
43	 0.435000	 0.698000	
44	 0.441500	 0.698000	
45	 0.448000	 0.698000	
46	 0.454500	 0.698000	
47	 0.461000	 0.698000	
48	 0.467500	 0.698000	
49	 0.474000	 0.698000	
50	 0.480500	 0.698000	
51	 0.487000	 0.698000	
52	 0.493500	 0.698000	
53	 0.500000	 0.698000	
54	 0.506500	 0.698000	
55	 0.513000	 0.698000	
56	 0.519500	 0.698000	
57	 0.526000	 0.698000	
58	 0.532500	 0.698000	
59	 0.539000	 0.698000	
60	 0.545500	 0.698000	
61	 0.552000	 0.698000	
62	 0.558500	 0.698000	
63	 0.565000	 0.698000	
64	 0.435000	 0.704500	
65	 0.441500	 0.704500	
66	 0.448000	 0.704500	
67	 0.454500	 0.704500	
68	 0.461000	 0.704500	
69	 0.467500	 0.704500	
70	 0.474000	 0.704500	
71	 0.480500	 0.704500	
72	 0.487000	 0.704500	
73	 0.493500	 0.704500	
74	 0.500000	 0.704500	
75	 0.506500	 0.704500	
76	 0.513000	 0.704500	
77	 0.519500	 0.704500	
78	 0.526000	 0.704500	
79	 0.532500	 0.704500	
80	 0.539000	 0.704500	
81	 0.545500	 0.704500	
82	 0.552000	 0.704500	
83	 0.558500	 0.704500	
84	 0.565000	 0.704500	
85	 0.435000	 0.711000	
86	 0.441500	 0.711000	
87	 0.448000	 0.711000	
88	 0.454500	 0.711000	
89	 0.461000	 0.711000	
90	 0.467500	 0.711000	
91	 0.474000	 0.711000	
92	 0.480500	 0.711000	
93	 0.487000	 0.711000	
94	 0.493500	 0.711000	
95	 0.500000	 0.711000	
96	 0.506500	 0.711000	
97	 0.513000	 0.711000	
98	 0.519500	 0.711000	
99	 0.526000	 0.711000	
100	 0.532500	 0.711000	
101	 0.539000	 0.711000	
102	 0.545500	 0.711000	
103	 0.552000	 0.711000	
104	 0.558500	 0.711000	
105	 0.565000	 0.711000	
106	 0.435000	 0.717500	
107	 0.441500	 0.717500	
108	 0.448000	 0.717500	
109	 0.454500	 0.717500	
110	 0.461000	 0.717500	
111	 0.467500	 0.717500	
112	 0.474000	 0.717500	
113	 0.480500	 0.717500	
114	 0.487000	 0.717500	
115	 0.493500	 0.717500	
116	 0.500000	 0.717500	
117	 0.506500	 0.717500	
118	 0.513000	 0.717500	
119	 0.519500	 0.717500	
120	 0.526000	 0.717500	
121	 0.532500	 0.717500	
122	 0.539000	 0.717500	
123	 0.545500	 0.717500	
124	 0.552000	 0.717500	
125	 0.558500	 0.717500	
126	 0.565000	 0.717500	
127	 0.435000	 0.724000	
128	 0.441500	 0.724000	
129	 0.448000	 0.724000	
130	 0.454500	 0.724000	
131	 0.461000	 0.724000	
132	 0.467500	 0.724000	
133	 0.474000	 0.724000	
134	 0.480500	 0.724000	
135	 0.487000	 0.724000	
136	 0.493500	 0.724000	
137	 0.500000	 0.724000	
138	 0.506500	 0.724000	
139	 0.513000	 0.724000	
140	 0.519500	 0.724000	
141	 0.526000	 0.724000	
142	 0.532500	 0.724000	
143	 0.539000	 0.724000	
144	 0.545500	 0.724000	
145	 0.552000	 0.724000	
146	 0.558500	 0.724000	
147	 0.565000	 0.724000	
148	 0.435000	 0.730500	
149	 0.441500	 0.730500	
150	 0.448000	 0.730500	
151	 0.454500	 0.730500	
152	 0.461000	 0.730500	
153	 0.467500	 0.730500	
154	 0.474000	 0.730500	
155	 0.480500	 0.730500	
156	 0.487000	 0.730500	
157	 0.493500	 0.730500	
158	 0.500000	 0.730500	
159	 0.506500	 0.730500	
160	 0.513000	 0.730500	
161	 0.519500	 0.730500	
162	 0.526000	 0.730500	
163	 0.532500	 0.730500	
164	 0.539000	 0.730500	
165	 0.545500	 0.730500	
166	 0.552000	 0.730500	
167	 0.558500	 0.730500	
168	 0.565000	 0.730500	
169	 0.435000	 0.737000	
170	 0.441500	 0.737000	
171	 0.448000	 0.737000	
172	 0.454500	 0.737000	
173	 0.461000	 0.737000	
174	 0.467500	 0.737000	
175	 0.474000	 0.737000	
176	 0.480500	 0.737000	
177	 0.487000	 0.737000	
178	 0.493500	 0.737000	
179	 0.500000	 0.737000	
180	 0.506500	 0.737000	
181	 0.513000	 0.737000	
182	 0.519500	 0.737000	
183	 0.526000	 0.737000	
184	 0.532500	 0.737000	
185	 0.539000	 0.737000	
186	 0.545500	 0.737000	
187	 0.552000	 0.737000	
188	 0.558500	 0.737000	
189	 0.565000	 0.737000	
190	 0.435000	 0.743500	
191	 0.441500	 0.743500	
192	 0.448000	 0.743500	
193	 0.454500	 0.743500	
194	 0.461000	 0.743500	
195	 0.467500	 0.743500	
196	 0.474000	 0.743500	
197	 0.480500	 0.743500	
198	 0.487000	 0.743500	
199	 0.493500	 0.743500	
200	 0.500000	 0.743500	
201	 0.506500	 0.743500	
202	 0.513000	 0.743500	
203	 0.519500	 0.743500	
204	 0.526000	 0.743500	
205	 0.532500	 0.743500	
206	 0.539000	 0.743500	
207	 0.545500	 0.743500	
208	 0.552000	 0.743500	
209	 0.558500	 0.743500	
210	 0.565000	 0.743500	
211	 0.435000	 0.750000	
212	 0.441500	 0.750000	
213	 0.448000	 0.750000	
214	 0.454500	 0.750000	
215	 0.461000	 0.750000	
216	 0.467500	 0.750000	
217	 0.474000	 0.750000	
218	 0.480500	 0.750000	
219	 0.487000	 0.750000	
220	 0.493500	 0.750000	
221	 0.500000	 0.750000	
222	 0.506500	 0.750000	
223	 0.513000	 0.750000	
224	 0.519500	 0.750000	
225	 0.526000	 0.750000	
226	 0.532500	 0.750000	
227	 0.539000	 0.750000	
228	 0.545500	 0.750000	
229	 0.552000	 0.750000	
230	 0.558500	 0.750000	
231	 0.565000	 0.750000	
232	 0.435000	 0.756500	
233	 0.441500	 0.756500	
234	 0.448000	 0.756500	
235	 0.454500	 0.756500	
236	 0.461000	 0.756500	
237	 0.467500	 0.756500	
238	 0.474000	 0.756500	
239	 0.480500	 0.756500	
240	 0.487000	 0.756500	
241	 0.493500	 0.756500	
242	 0.500000	 0.756500	
243	 0.506500	 0.756500	
244	 0.513000	 0.756500	
245	 0.519500	 0.756500	
246	 0.526000	 0.756500	
247	 0.532500	 0.756500	
248	 0.539000	 0.756500	
249	 0.545500	 0.756500	
250	 0.552000	 0.756500	
251	 0.558500	 0.756500	
252	 0.565000	 0.756500	
253	 0.435000	 0.763000	
254	 0.441500	 0.763000	
255	 0.448000	 0.763000	
256	 0.454500	 0.763000	
257	 0.461000	 0.763000	
258	 0.467500	 0.763000	
259	 0.474000	 0.763000	
260	 0.480500	 0.763000	
261	 0.487000	 0.763000	
262	 0.493500	 0.763000	
263	 0.500000	 0.763000	
264	 0.506500	 0.763000	
265	 0.513000	 0.763000	
266	 0.519500	 0.763000	
267	 0.526000	 0.763000	
268	 0.532500	 0.763000	
269	 0.539000	 0.763000	
270	 0.545500	 0.763000	
271	 0.552000	 0.763000	
272	 0.558500	 0.763000	
273	 0.565000	 0.763000	
274	 0.435000	 0.769500	
275	 0.441500	 0.769500	
276	 0.448000	 0.769500	
277	 0.454500	 0.769500	
278	 0.461000	 0.769500	
279	 0.467500	 0.769500	
280	 0.474000	 0.769500	
281	 0.480500	 0.769500	
282	 0.487000	 0.769500	
283	 0.493500	 0.769500	
284	 0.500000	 0.769500	
285	 0.506500	 0.769500	
286	 0.513000	 0.769500	
287	 0.519500	 0.769500	
288	 0.526000	 0.769500	
289	 0.532500	 0.769500	
290	 0.539000	 0.769500	
291	 0.545500	 0.769500	
292	 0.552000	 0.769500	
293	 0.558500	 0.769500	
294	 0.565000	 0.769500	
295	 0.435000	 0.776000	
296	 0.441500	 0.776000	
297	 0.448000	 0.776000	
298	 0.454500	 0.776000	
299	 0.461000	 0.776000	
300	 0.467500	 0.776000	
301	 0.474000	 0.776000	
302	 0.480500	 0.776000	
303	 0.487000	 0.776000	
304	 0.493500	 0.776000	
305	 0.500000	 0.776000	
306	 0.506500	 0.776000	
307	 0.513000	 0.776000	
308	 0.519500	 0.776000	
309	 0.526000	 0.776000	
310	 0.532500	 0.776000	
311	 0.539000	 0.776000	
312	 0.545500	 0.776000	
313	 0.552000	 0.776000	
314	 0.558500	 0.776000	
315	 0.565000	 0.776000	
316	 0.435000	 0.782500	
317	 0.441500	 0.782500	
318	 0.448000	 0.782500	
319	 0.454500	 0.782500	
320	 0.461000	 0.782500	
321	 0.467500	 0.782500	
322	 0.474000	 0.782500	
323	 0.480500	 0.782500	
324	 0.487000	 0.782500	
325	 0.493500	 0.782500	
326	 0.500000	 0.782500	
327	 0.506500	 0.782500	
328	 0.513000	 0.782500	
329	 0.519500	 0.782500	
330	 0.526000	 0.782500	
331	 0.532500	 0.782500	
332	 0.539000	 0.782500	
333	 0.545500	 0.782500	
334	 0.552000	 0.782500	
335	 0.558500	 0.782500	
336	 0.565000	 0.782500	
337	 0.435000	 0.789000	
338	 0.441500	 0.789000	
339	 0.448000	 0.789000	
340	 0.454500	 0.789000	
341	 0.461000	 0.789000	
342	 0.467500	 0.789000	
343	 0.474000	 0.789000	
344	 0.480500	 0.789000	
345	 0.487000	 0.789000	
346	 0.493500	 0.789000	
347	 0.500000	 0.789000	
348	 0.506500	 0.789000	
349	 0.513000	 0.789000	
350	 0.519500	 0.789000	
351	 0.526000	 0.789000	
352	 0.532500	 0.789000	
353	 0.539000	 0.789000	
354	 0.545500	 0.789000	
355	 0.552000	 0.789000	
356	 0.558500	 0.789000	
357	 0.565000	 0.789000	
358	 0.435000	 0.795500	
359	 0.441500	 0.795500	
360	 0.448000	 0.795500	
361	 0.454500	 0.795500	
362	 0.461000	 0.795500	
363	 0.467500	 0.795500	
364	 0.474000	 0.795500	
365	 0.480500	 0.795500	
366	 0.487000	 0.795500	
367	 0.493500	 0.795500	
368	 0.500000	 0.795500	
369	 0.506500	 0.795500	
370	 0.513000	 0.795500	
371	 0.519500	 0.795500	
372	 0.526000	 0.795500	
373	 0.532500	 0.795500	
374	 0.539000	 0.795500	
375	 0.545500	 0.795500	
376	 0.552000	 0.795500	
377	 0.558500	 0.795500	
378	 0.565000	 0.795500	
379	 0.435000	 0.802000	
380	 0.441500	 0.802000	
381	 0.448000	 0.802000	
382	 0.454500	 0.802000	
383	 0.461000	 0.802000	
384	 0.467500	 0.802000	
385	 0.474000	 0.802000	
386	 0.480500	 0.802000	
387	 0.487000	 0.802000	
388	 0.493500	 0.802000	
389	 0.500000	 0.802000	
390	 0.506500	 0.802000	
391	 0.513000	 0.802000	
392	 0.519500	 0.802000	
393	 0.526000	 0.802000	
394	 0.532500	 0.802000	
395	 0.539000	 0.802000	
396	 0.545500	 0.802000	
397	 0.552000	 0.802000	
398	 0.558500	 0.802000	
399	 0.565000	 0.802000	
400	 0.435000	 0.808500	
401	 0.441500	 0.808500	
402	 0.448000	 0.808500	
403	 0.454500	 0.808500	
404	 0.461000	 0.808500	
405	 0.467500	 0.808500	
406	 0.474000	 0.808500	
407	 0.480500	 0.808500	
408	 0.487000	 0.808500	
409	 0.493500	 0.808500	
410	 0.500000	 0.808500	
411	 0.506500	 0.808500	
412	 0.513000	 0.808500	
413	 0.519500	 0.808500	
414	 0.526000	 0.808500	
415	 0.532500	 0.808500	
416	 0.539000	 0.808500	
417	 0.545500	 0.808500	
418	 0.552000	 0.808500	
419	 0.558500	 0.808500	
420	 0.565000	 0.808500	
421	 0.435000	 0.815000	
422	 0.441500	 0.815000	
423	 0.448000	 0.815000	
424	 0.454500	 0.815000	
425	 0.461000	 0.815000	
426	 0.467500	 0.815000	
427	 0.474000	 0.815000	
428	 0.480500	 0.815000	
429	 0.487000	 0.815000	
430	 0.493500	 0.815000	
431	 0.500000	 0.815000	
432	 0.506500	 0.815000	
433	 0.513000	 0.815000	
434	 0.519500	 0.815000	
435	 0.526000	 0.815000	
436	 0.532500	 0.815000	
437	 0.539000	 0.815000	
438	 0.545500	 0.815000	
439	 0.552000	 0.815000	
440	 0.558500	 0.815000	
441	 0.565000	 0.815000	
