  -2.50000  -2.50000  -2.50000
  -2.10000  -2.50000  -2.50000
  -1.70000  -2.50000  -2.50000
  -1.30000  -2.50000  -2.50000
  -0.90000  -2.50000  -2.50000
  -0.50000  -2.50000  -2.50000
  -0.10000  -2.50000  -2.50000
   0.30000  -2.50000  -2.50000
   0.70000  -2.50000  -2.50000
   1.10000  -2.50000  -2.50000
   1.50000  -2.50000  -2.50000
   1.90000  -2.50000  -2.50000
   2.30000  -2.50000  -2.50000
  -2.50000  -2.10000  -2.50000
  -2.10000  -2.10000  -2.50000
  -1.70000  -2.10000  -2.50000
  -1.30000  -2.10000  -2.50000
  -0.90000  -2.10000  -2.50000
  -0.50000  -2.10000  -2.50000
  -0.10000  -2.10000  -2.50000
   0.30000  -2.10000  -2.50000
   0.70000  -2.10000  -2.50000
   1.10000  -2.10000  -2.50000
   1.50000  -2.10000  -2.50000
   1.90000  -2.10000  -2.50000
   2.30000  -2.10000  -2.50000
  -2.50000  -1.70000  -2.50000
  -2.10000  -1.70000  -2.50000
  -1.70000  -1.70000  -2.50000
  -1.30000  -1.70000  -2.50000
  -0.90000  -1.70000  -2.50000
  -0.50000  -1.70000  -2.50000
  -0.10000  -1.70000  -2.50000
   0.30000  -1.70000  -2.50000
   0.70000  -1.70000  -2.50000
   1.10000  -1.70000  -2.50000
   1.50000  -1.70000  -2.50000
   1.90000  -1.70000  -2.50000
   2.30000  -1.70000  -2.50000
  -2.50000  -1.30000  -2.50000
  -2.10000  -1.30000  -2.50000
  -1.70000  -1.30000  -2.50000
  -1.30000  -1.30000  -2.50000
  -0.90000  -1.30000  -2.50000
  -0.50000  -1.30000  -2.50000
  -0.10000  -1.30000  -2.50000
   0.30000  -1.30000  -2.50000
   0.70000  -1.30000  -2.50000
   1.10000  -1.30000  -2.50000
   1.50000  -1.30000  -2.50000
   1.90000  -1.30000  -2.50000
   2.30000  -1.30000  -2.50000
  -2.50000  -0.90000  -2.50000
  -2.10000  -0.90000  -2.50000
  -1.70000  -0.90000  -2.50000
  -1.30000  -0.90000  -2.50000
  -0.90000  -0.90000  -2.50000
  -0.50000  -0.90000  -2.50000
  -0.10000  -0.90000  -2.50000
   0.30000  -0.90000  -2.50000
   0.70000  -0.90000  -2.50000
   1.10000  -0.90000  -2.50000
   1.50000  -0.90000  -2.50000
   1.90000  -0.90000  -2.50000
   2.30000  -0.90000  -2.50000
  -2.50000  -0.50000  -2.50000
  -2.10000  -0.50000  -2.50000
  -1.70000  -0.50000  -2.50000
  -1.30000  -0.50000  -2.50000
  -0.90000  -0.50000  -2.50000
  -0.50000  -0.50000  -2.50000
  -0.10000  -0.50000  -2.50000
   0.30000  -0.50000  -2.50000
   0.70000  -0.50000  -2.50000
   1.10000  -0.50000  -2.50000
   1.50000  -0.50000  -2.50000
   1.90000  -0.50000  -2.50000
   2.30000  -0.50000  -2.50000
  -2.50000  -0.10000  -2.50000
  -2.10000  -0.10000  -2.50000
  -1.70000  -0.10000  -2.50000
  -1.30000  -0.10000  -2.50000
  -0.90000  -0.10000  -2.50000
  -0.50000  -0.10000  -2.50000
  -0.10000  -0.10000  -2.50000
   0.30000  -0.10000  -2.50000
   0.70000  -0.10000  -2.50000
   1.10000  -0.10000  -2.50000
   1.50000  -0.10000  -2.50000
   1.90000  -0.10000  -2.50000
   2.30000  -0.10000  -2.50000
  -2.50000   0.30000  -2.50000
  -2.10000   0.30000  -2.50000
  -1.70000   0.30000  -2.50000
  -1.30000   0.30000  -2.50000
  -0.90000   0.30000  -2.50000
  -0.50000   0.30000  -2.50000
  -0.10000   0.30000  -2.50000
   0.30000   0.30000  -2.50000
   0.70000   0.30000  -2.50000
   1.10000   0.30000  -2.50000
   1.50000   0.30000  -2.50000
   1.90000   0.30000  -2.50000
   2.30000   0.30000  -2.50000
  -2.50000   0.70000  -2.50000
  -2.10000   0.70000  -2.50000
  -1.70000   0.70000  -2.50000
  -1.30000   0.70000  -2.50000
  -0.90000   0.70000  -2.50000
  -0.50000   0.70000  -2.50000
  -0.10000   0.70000  -2.50000
   0.30000   0.70000  -2.50000
   0.70000   0.70000  -2.50000
   1.10000   0.70000  -2.50000
   1.50000   0.70000  -2.50000
   1.90000   0.70000  -2.50000
   2.30000   0.70000  -2.50000
  -2.50000   1.10000  -2.50000
  -2.10000   1.10000  -2.50000
  -1.70000   1.10000  -2.50000
  -1.30000   1.10000  -2.50000
  -0.90000   1.10000  -2.50000
  -0.50000   1.10000  -2.50000
  -0.10000   1.10000  -2.50000
   0.30000   1.10000  -2.50000
   0.70000   1.10000  -2.50000
   1.10000   1.10000  -2.50000
   1.50000   1.10000  -2.50000
   1.90000   1.10000  -2.50000
   2.30000   1.10000  -2.50000
  -2.50000   1.50000  -2.50000
  -2.10000   1.50000  -2.50000
  -1.70000   1.50000  -2.50000
  -1.30000   1.50000  -2.50000
  -0.90000   1.50000  -2.50000
  -0.50000   1.50000  -2.50000
  -0.10000   1.50000  -2.50000
   0.30000   1.50000  -2.50000
   0.70000   1.50000  -2.50000
   1.10000   1.50000  -2.50000
   1.50000   1.50000  -2.50000
   1.90000   1.50000  -2.50000
   2.30000   1.50000  -2.50000
  -2.50000   1.90000  -2.50000
  -2.10000   1.90000  -2.50000
  -1.70000   1.90000  -2.50000
  -1.30000   1.90000  -2.50000
  -0.90000   1.90000  -2.50000
  -0.50000   1.90000  -2.50000
  -0.10000   1.90000  -2.50000
   0.30000   1.90000  -2.50000
   0.70000   1.90000  -2.50000
   1.10000   1.90000  -2.50000
   1.50000   1.90000  -2.50000
   1.90000   1.90000  -2.50000
   2.30000   1.90000  -2.50000
  -2.50000   2.30000  -2.50000
  -2.10000   2.30000  -2.50000
  -1.70000   2.30000  -2.50000
  -1.30000   2.30000  -2.50000
  -0.90000   2.30000  -2.50000
  -0.50000   2.30000  -2.50000
  -0.10000   2.30000  -2.50000
   0.30000   2.30000  -2.50000
   0.70000   2.30000  -2.50000
   1.10000   2.30000  -2.50000
   1.50000   2.30000  -2.50000
   1.90000   2.30000  -2.50000
   2.30000   2.30000  -2.50000
  -2.50000  -2.50000  -2.10000
  -2.10000  -2.50000  -2.10000
  -1.70000  -2.50000  -2.10000
  -1.30000  -2.50000  -2.10000
  -0.90000  -2.50000  -2.10000
  -0.50000  -2.50000  -2.10000
  -0.10000  -2.50000  -2.10000
   0.30000  -2.50000  -2.10000
   0.70000  -2.50000  -2.10000
   1.10000  -2.50000  -2.10000
   1.50000  -2.50000  -2.10000
   1.90000  -2.50000  -2.10000
   2.30000  -2.50000  -2.10000
  -2.50000  -2.10000  -2.10000
  -2.10000  -2.10000  -2.10000
  -1.70000  -2.10000  -2.10000
  -1.30000  -2.10000  -2.10000
  -0.90000  -2.10000  -2.10000
  -0.50000  -2.10000  -2.10000
  -0.10000  -2.10000  -2.10000
   0.30000  -2.10000  -2.10000
   0.70000  -2.10000  -2.10000
   1.10000  -2.10000  -2.10000
   1.50000  -2.10000  -2.10000
   1.90000  -2.10000  -2.10000
   2.30000  -2.10000  -2.10000
  -2.50000  -1.70000  -2.10000
  -2.10000  -1.70000  -2.10000
  -1.70000  -1.70000  -2.10000
  -1.30000  -1.70000  -2.10000
  -0.90000  -1.70000  -2.10000
  -0.50000  -1.70000  -2.10000
  -0.10000  -1.70000  -2.10000
   0.30000  -1.70000  -2.10000
   0.70000  -1.70000  -2.10000
   1.10000  -1.70000  -2.10000
   1.50000  -1.70000  -2.10000
   1.90000  -1.70000  -2.10000
   2.30000  -1.70000  -2.10000
  -2.50000  -1.30000  -2.10000
  -2.10000  -1.30000  -2.10000
  -1.70000  -1.30000  -2.10000
  -1.30000  -1.30000  -2.10000
  -0.90000  -1.30000  -2.10000
  -0.50000  -1.30000  -2.10000
  -0.10000  -1.30000  -2.10000
   0.30000  -1.30000  -2.10000
   0.70000  -1.30000  -2.10000
   1.10000  -1.30000  -2.10000
   1.50000  -1.30000  -2.10000
   1.90000  -1.30000  -2.10000
   2.30000  -1.30000  -2.10000
  -2.50000  -0.90000  -2.10000
  -2.10000  -0.90000  -2.10000
  -1.70000  -0.90000  -2.10000
  -1.30000  -0.90000  -2.10000
  -0.90000  -0.90000  -2.10000
  -0.50000  -0.90000  -2.10000
  -0.10000  -0.90000  -2.10000
   0.30000  -0.90000  -2.10000
   0.70000  -0.90000  -2.10000
   1.10000  -0.90000  -2.10000
   1.50000  -0.90000  -2.10000
   1.90000  -0.90000  -2.10000
   2.30000  -0.90000  -2.10000
  -2.50000  -0.50000  -2.10000
  -2.10000  -0.50000  -2.10000
  -1.70000  -0.50000  -2.10000
  -1.30000  -0.50000  -2.10000
  -0.90000  -0.50000  -2.10000
  -0.50000  -0.50000  -2.10000
  -0.10000  -0.50000  -2.10000
   0.30000  -0.50000  -2.10000
   0.70000  -0.50000  -2.10000
   1.10000  -0.50000  -2.10000
   1.50000  -0.50000  -2.10000
   1.90000  -0.50000  -2.10000
   2.30000  -0.50000  -2.10000
  -2.50000  -0.10000  -2.10000
  -2.10000  -0.10000  -2.10000
  -1.70000  -0.10000  -2.10000
  -1.30000  -0.10000  -2.10000
  -0.90000  -0.10000  -2.10000
  -0.50000  -0.10000  -2.10000
  -0.10000  -0.10000  -2.10000
   0.30000  -0.10000  -2.10000
   0.70000  -0.10000  -2.10000
   1.10000  -0.10000  -2.10000
   1.50000  -0.10000  -2.10000
   1.90000  -0.10000  -2.10000
   2.30000  -0.10000  -2.10000
  -2.50000   0.30000  -2.10000
  -2.10000   0.30000  -2.10000
  -1.70000   0.30000  -2.10000
  -1.30000   0.30000  -2.10000
  -0.90000   0.30000  -2.10000
  -0.50000   0.30000  -2.10000
  -0.10000   0.30000  -2.10000
   0.30000   0.30000  -2.10000
   0.70000   0.30000  -2.10000
   1.10000   0.30000  -2.10000
   1.50000   0.30000  -2.10000
   1.90000   0.30000  -2.10000
   2.30000   0.30000  -2.10000
  -2.50000   0.70000  -2.10000
  -2.10000   0.70000  -2.10000
  -1.70000   0.70000  -2.10000
  -1.30000   0.70000  -2.10000
  -0.90000   0.70000  -2.10000
  -0.50000   0.70000  -2.10000
  -0.10000   0.70000  -2.10000
   0.30000   0.70000  -2.10000
   0.70000   0.70000  -2.10000
   1.10000   0.70000  -2.10000
   1.50000   0.70000  -2.10000
   1.90000   0.70000  -2.10000
   2.30000   0.70000  -2.10000
  -2.50000   1.10000  -2.10000
  -2.10000   1.10000  -2.10000
  -1.70000   1.10000  -2.10000
  -1.30000   1.10000  -2.10000
  -0.90000   1.10000  -2.10000
  -0.50000   1.10000  -2.10000
  -0.10000   1.10000  -2.10000
   0.30000   1.10000  -2.10000
   0.70000   1.10000  -2.10000
   1.10000   1.10000  -2.10000
   1.50000   1.10000  -2.10000
   1.90000   1.10000  -2.10000
   2.30000   1.10000  -2.10000
  -2.50000   1.50000  -2.10000
  -2.10000   1.50000  -2.10000
  -1.70000   1.50000  -2.10000
  -1.30000   1.50000  -2.10000
  -0.90000   1.50000  -2.10000
  -0.50000   1.50000  -2.10000
  -0.10000   1.50000  -2.10000
   0.30000   1.50000  -2.10000
   0.70000   1.50000  -2.10000
   1.10000   1.50000  -2.10000
   1.50000   1.50000  -2.10000
   1.90000   1.50000  -2.10000
   2.30000   1.50000  -2.10000
  -2.50000   1.90000  -2.10000
  -2.10000   1.90000  -2.10000
  -1.70000   1.90000  -2.10000
  -1.30000   1.90000  -2.10000
  -0.90000   1.90000  -2.10000
  -0.50000   1.90000  -2.10000
  -0.10000   1.90000  -2.10000
   0.30000   1.90000  -2.10000
   0.70000   1.90000  -2.10000
   1.10000   1.90000  -2.10000
   1.50000   1.90000  -2.10000
   1.90000   1.90000  -2.10000
   2.30000   1.90000  -2.10000
  -2.50000   2.30000  -2.10000
  -2.10000   2.30000  -2.10000
  -1.70000   2.30000  -2.10000
  -1.30000   2.30000  -2.10000
  -0.90000   2.30000  -2.10000
  -0.50000   2.30000  -2.10000
  -0.10000   2.30000  -2.10000
   0.30000   2.30000  -2.10000
   0.70000   2.30000  -2.10000
   1.10000   2.30000  -2.10000
   1.50000   2.30000  -2.10000
   1.90000   2.30000  -2.10000
   2.30000   2.30000  -2.10000
  -2.50000  -2.50000  -1.70000
  -2.10000  -2.50000  -1.70000
  -1.70000  -2.50000  -1.70000
  -1.30000  -2.50000  -1.70000
  -0.90000  -2.50000  -1.70000
  -0.50000  -2.50000  -1.70000
  -0.10000  -2.50000  -1.70000
   0.30000  -2.50000  -1.70000
   0.70000  -2.50000  -1.70000
   1.10000  -2.50000  -1.70000
   1.50000  -2.50000  -1.70000
   1.90000  -2.50000  -1.70000
   2.30000  -2.50000  -1.70000
  -2.50000  -2.10000  -1.70000
  -2.10000  -2.10000  -1.70000
  -1.70000  -2.10000  -1.70000
  -1.30000  -2.10000  -1.70000
  -0.90000  -2.10000  -1.70000
  -0.50000  -2.10000  -1.70000
  -0.10000  -2.10000  -1.70000
   0.30000  -2.10000  -1.70000
   0.70000  -2.10000  -1.70000
   1.10000  -2.10000  -1.70000
   1.50000  -2.10000  -1.70000
   1.90000  -2.10000  -1.70000
   2.30000  -2.10000  -1.70000
  -2.50000  -1.70000  -1.70000
  -2.10000  -1.70000  -1.70000
  -1.70000  -1.70000  -1.70000
  -1.30000  -1.70000  -1.70000
  -0.90000  -1.70000  -1.70000
  -0.50000  -1.70000  -1.70000
  -0.10000  -1.70000  -1.70000
   0.30000  -1.70000  -1.70000
   0.70000  -1.70000  -1.70000
   1.10000  -1.70000  -1.70000
   1.50000  -1.70000  -1.70000
   1.90000  -1.70000  -1.70000
   2.30000  -1.70000  -1.70000
  -2.50000  -1.30000  -1.70000
  -2.10000  -1.30000  -1.70000
  -1.70000  -1.30000  -1.70000
  -1.30000  -1.30000  -1.70000
  -0.90000  -1.30000  -1.70000
  -0.50000  -1.30000  -1.70000
  -0.10000  -1.30000  -1.70000
   0.30000  -1.30000  -1.70000
   0.70000  -1.30000  -1.70000
   1.10000  -1.30000  -1.70000
   1.50000  -1.30000  -1.70000
   1.90000  -1.30000  -1.70000
   2.30000  -1.30000  -1.70000
  -2.50000  -0.90000  -1.70000
  -2.10000  -0.90000  -1.70000
  -1.70000  -0.90000  -1.70000
  -1.30000  -0.90000  -1.70000
  -0.90000  -0.90000  -1.70000
  -0.50000  -0.90000  -1.70000
  -0.10000  -0.90000  -1.70000
   0.30000  -0.90000  -1.70000
   0.70000  -0.90000  -1.70000
   1.10000  -0.90000  -1.70000
   1.50000  -0.90000  -1.70000
   1.90000  -0.90000  -1.70000
   2.30000  -0.90000  -1.70000
  -2.50000  -0.50000  -1.70000
  -2.10000  -0.50000  -1.70000
  -1.70000  -0.50000  -1.70000
  -1.30000  -0.50000  -1.70000
  -0.90000  -0.50000  -1.70000
  -0.50000  -0.50000  -1.70000
  -0.10000  -0.50000  -1.70000
   0.30000  -0.50000  -1.70000
   0.70000  -0.50000  -1.70000
   1.10000  -0.50000  -1.70000
   1.50000  -0.50000  -1.70000
   1.90000  -0.50000  -1.70000
   2.30000  -0.50000  -1.70000
  -2.50000  -0.10000  -1.70000
  -2.10000  -0.10000  -1.70000
  -1.70000  -0.10000  -1.70000
  -1.30000  -0.10000  -1.70000
  -0.90000  -0.10000  -1.70000
  -0.50000  -0.10000  -1.70000
  -0.10000  -0.10000  -1.70000
   0.30000  -0.10000  -1.70000
   0.70000  -0.10000  -1.70000
   1.10000  -0.10000  -1.70000
   1.50000  -0.10000  -1.70000
   1.90000  -0.10000  -1.70000
   2.30000  -0.10000  -1.70000
  -2.50000   0.30000  -1.70000
  -2.10000   0.30000  -1.70000
  -1.70000   0.30000  -1.70000
  -1.30000   0.30000  -1.70000
  -0.90000   0.30000  -1.70000
  -0.50000   0.30000  -1.70000
  -0.10000   0.30000  -1.70000
   0.30000   0.30000  -1.70000
   0.70000   0.30000  -1.70000
   1.10000   0.30000  -1.70000
   1.50000   0.30000  -1.70000
   1.90000   0.30000  -1.70000
   2.30000   0.30000  -1.70000
  -2.50000   0.70000  -1.70000
  -2.10000   0.70000  -1.70000
  -1.70000   0.70000  -1.70000
  -1.30000   0.70000  -1.70000
  -0.90000   0.70000  -1.70000
  -0.50000   0.70000  -1.70000
  -0.10000   0.70000  -1.70000
   0.30000   0.70000  -1.70000
   0.70000   0.70000  -1.70000
   1.10000   0.70000  -1.70000
   1.50000   0.70000  -1.70000
   1.90000   0.70000  -1.70000
   2.30000   0.70000  -1.70000
  -2.50000   1.10000  -1.70000
  -2.10000   1.10000  -1.70000
  -1.70000   1.10000  -1.70000
  -1.30000   1.10000  -1.70000
  -0.90000   1.10000  -1.70000
  -0.50000   1.10000  -1.70000
  -0.10000   1.10000  -1.70000
   0.30000   1.10000  -1.70000
   0.70000   1.10000  -1.70000
   1.10000   1.10000  -1.70000
   1.50000   1.10000  -1.70000
   1.90000   1.10000  -1.70000
   2.30000   1.10000  -1.70000
  -2.50000   1.50000  -1.70000
  -2.10000   1.50000  -1.70000
  -1.70000   1.50000  -1.70000
  -1.30000   1.50000  -1.70000
  -0.90000   1.50000  -1.70000
  -0.50000   1.50000  -1.70000
  -0.10000   1.50000  -1.70000
   0.30000   1.50000  -1.70000
   0.70000   1.50000  -1.70000
   1.10000   1.50000  -1.70000
   1.50000   1.50000  -1.70000
   1.90000   1.50000  -1.70000
   2.30000   1.50000  -1.70000
  -2.50000   1.90000  -1.70000
  -2.10000   1.90000  -1.70000
  -1.70000   1.90000  -1.70000
  -1.30000   1.90000  -1.70000
  -0.90000   1.90000  -1.70000
  -0.50000   1.90000  -1.70000
  -0.10000   1.90000  -1.70000
   0.30000   1.90000  -1.70000
   0.70000   1.90000  -1.70000
   1.10000   1.90000  -1.70000
   1.50000   1.90000  -1.70000
   1.90000   1.90000  -1.70000
   2.30000   1.90000  -1.70000
  -2.50000   2.30000  -1.70000
  -2.10000   2.30000  -1.70000
  -1.70000   2.30000  -1.70000
  -1.30000   2.30000  -1.70000
  -0.90000   2.30000  -1.70000
  -0.50000   2.30000  -1.70000
  -0.10000   2.30000  -1.70000
   0.30000   2.30000  -1.70000
   0.70000   2.30000  -1.70000
   1.10000   2.30000  -1.70000
   1.50000   2.30000  -1.70000
   1.90000   2.30000  -1.70000
   2.30000   2.30000  -1.70000
  -2.50000  -2.50000  -1.30000
  -2.10000  -2.50000  -1.30000
  -1.70000  -2.50000  -1.30000
  -1.30000  -2.50000  -1.30000
  -0.90000  -2.50000  -1.30000
  -0.50000  -2.50000  -1.30000
  -0.10000  -2.50000  -1.30000
   0.30000  -2.50000  -1.30000
   0.70000  -2.50000  -1.30000
   1.10000  -2.50000  -1.30000
   1.50000  -2.50000  -1.30000
   1.90000  -2.50000  -1.30000
   2.30000  -2.50000  -1.30000
  -2.50000  -2.10000  -1.30000
  -2.10000  -2.10000  -1.30000
  -1.70000  -2.10000  -1.30000
  -1.30000  -2.10000  -1.30000
  -0.90000  -2.10000  -1.30000
  -0.50000  -2.10000  -1.30000
  -0.10000  -2.10000  -1.30000
   0.30000  -2.10000  -1.30000
   0.70000  -2.10000  -1.30000
   1.10000  -2.10000  -1.30000
   1.50000  -2.10000  -1.30000
   1.90000  -2.10000  -1.30000
   2.30000  -2.10000  -1.30000
  -2.50000  -1.70000  -1.30000
  -2.10000  -1.70000  -1.30000
  -1.70000  -1.70000  -1.30000
  -1.30000  -1.70000  -1.30000
  -0.90000  -1.70000  -1.30000
  -0.50000  -1.70000  -1.30000
  -0.10000  -1.70000  -1.30000
   0.30000  -1.70000  -1.30000
   0.70000  -1.70000  -1.30000
   1.10000  -1.70000  -1.30000
   1.50000  -1.70000  -1.30000
   1.90000  -1.70000  -1.30000
   2.30000  -1.70000  -1.30000
  -2.50000  -1.30000  -1.30000
  -2.10000  -1.30000  -1.30000
  -1.70000  -1.30000  -1.30000
  -1.30000  -1.30000  -1.30000
  -0.90000  -1.30000  -1.30000
  -0.50000  -1.30000  -1.30000
  -0.10000  -1.30000  -1.30000
   0.30000  -1.30000  -1.30000
   0.70000  -1.30000  -1.30000
   1.10000  -1.30000  -1.30000
   1.50000  -1.30000  -1.30000
   1.90000  -1.30000  -1.30000
   2.30000  -1.30000  -1.30000
  -2.50000  -0.90000  -1.30000
  -2.10000  -0.90000  -1.30000
  -1.70000  -0.90000  -1.30000
  -1.30000  -0.90000  -1.30000
  -0.90000  -0.90000  -1.30000
  -0.50000  -0.90000  -1.30000
  -0.10000  -0.90000  -1.30000
   0.30000  -0.90000  -1.30000
   0.70000  -0.90000  -1.30000
   1.10000  -0.90000  -1.30000
   1.50000  -0.90000  -1.30000
   1.90000  -0.90000  -1.30000
   2.30000  -0.90000  -1.30000
  -2.50000  -0.50000  -1.30000
  -2.10000  -0.50000  -1.30000
  -1.70000  -0.50000  -1.30000
  -1.30000  -0.50000  -1.30000
  -0.90000  -0.50000  -1.30000
  -0.50000  -0.50000  -1.30000
  -0.10000  -0.50000  -1.30000
   0.30000  -0.50000  -1.30000
   0.70000  -0.50000  -1.30000
   1.10000  -0.50000  -1.30000
   1.50000  -0.50000  -1.30000
   1.90000  -0.50000  -1.30000
   2.30000  -0.50000  -1.30000
  -2.50000  -0.10000  -1.30000
  -2.10000  -0.10000  -1.30000
  -1.70000  -0.10000  -1.30000
  -1.30000  -0.10000  -1.30000
  -0.90000  -0.10000  -1.30000
  -0.50000  -0.10000  -1.30000
  -0.10000  -0.10000  -1.30000
   0.30000  -0.10000  -1.30000
   0.70000  -0.10000  -1.30000
   1.10000  -0.10000  -1.30000
   1.50000  -0.10000  -1.30000
   1.90000  -0.10000  -1.30000
   2.30000  -0.10000  -1.30000
  -2.50000   0.30000  -1.30000
  -2.10000   0.30000  -1.30000
  -1.70000   0.30000  -1.30000
  -1.30000   0.30000  -1.30000
  -0.90000   0.30000  -1.30000
  -0.50000   0.30000  -1.30000
  -0.10000   0.30000  -1.30000
   0.30000   0.30000  -1.30000
   0.70000   0.30000  -1.30000
   1.10000   0.30000  -1.30000
   1.50000   0.30000  -1.30000
   1.90000   0.30000  -1.30000
   2.30000   0.30000  -1.30000
  -2.50000   0.70000  -1.30000
  -2.10000   0.70000  -1.30000
  -1.70000   0.70000  -1.30000
  -1.30000   0.70000  -1.30000
  -0.90000   0.70000  -1.30000
  -0.50000   0.70000  -1.30000
  -0.10000   0.70000  -1.30000
   0.30000   0.70000  -1.30000
   0.70000   0.70000  -1.30000
   1.10000   0.70000  -1.30000
   1.50000   0.70000  -1.30000
   1.90000   0.70000  -1.30000
   2.30000   0.70000  -1.30000
  -2.50000   1.10000  -1.30000
  -2.10000   1.10000  -1.30000
  -1.70000   1.10000  -1.30000
  -1.30000   1.10000  -1.30000
  -0.90000   1.10000  -1.30000
  -0.50000   1.10000  -1.30000
  -0.10000   1.10000  -1.30000
   0.30000   1.10000  -1.30000
   0.70000   1.10000  -1.30000
   1.10000   1.10000  -1.30000
   1.50000   1.10000  -1.30000
   1.90000   1.10000  -1.30000
   2.30000   1.10000  -1.30000
  -2.50000   1.50000  -1.30000
  -2.10000   1.50000  -1.30000
  -1.70000   1.50000  -1.30000
  -1.30000   1.50000  -1.30000
  -0.90000   1.50000  -1.30000
  -0.50000   1.50000  -1.30000
  -0.10000   1.50000  -1.30000
   0.30000   1.50000  -1.30000
   0.70000   1.50000  -1.30000
   1.10000   1.50000  -1.30000
   1.50000   1.50000  -1.30000
   1.90000   1.50000  -1.30000
   2.30000   1.50000  -1.30000
  -2.50000   1.90000  -1.30000
  -2.10000   1.90000  -1.30000
  -1.70000   1.90000  -1.30000
  -1.30000   1.90000  -1.30000
  -0.90000   1.90000  -1.30000
  -0.50000   1.90000  -1.30000
  -0.10000   1.90000  -1.30000
   0.30000   1.90000  -1.30000
   0.70000   1.90000  -1.30000
   1.10000   1.90000  -1.30000
   1.50000   1.90000  -1.30000
   1.90000   1.90000  -1.30000
   2.30000   1.90000  -1.30000
  -2.50000   2.30000  -1.30000
  -2.10000   2.30000  -1.30000
  -1.70000   2.30000  -1.30000
  -1.30000   2.30000  -1.30000
  -0.90000   2.30000  -1.30000
  -0.50000   2.30000  -1.30000
  -0.10000   2.30000  -1.30000
   0.30000   2.30000  -1.30000
   0.70000   2.30000  -1.30000
   1.10000   2.30000  -1.30000
   1.50000   2.30000  -1.30000
   1.90000   2.30000  -1.30000
   2.30000   2.30000  -1.30000
  -2.50000  -2.50000  -0.90000
  -2.10000  -2.50000  -0.90000
  -1.70000  -2.50000  -0.90000
  -1.30000  -2.50000  -0.90000
  -0.90000  -2.50000  -0.90000
  -0.50000  -2.50000  -0.90000
  -0.10000  -2.50000  -0.90000
   0.30000  -2.50000  -0.90000
   0.70000  -2.50000  -0.90000
   1.10000  -2.50000  -0.90000
   1.50000  -2.50000  -0.90000
   1.90000  -2.50000  -0.90000
   2.30000  -2.50000  -0.90000
  -2.50000  -2.10000  -0.90000
  -2.10000  -2.10000  -0.90000
  -1.70000  -2.10000  -0.90000
  -1.30000  -2.10000  -0.90000
  -0.90000  -2.10000  -0.90000
  -0.50000  -2.10000  -0.90000
  -0.10000  -2.10000  -0.90000
   0.30000  -2.10000  -0.90000
   0.70000  -2.10000  -0.90000
   1.10000  -2.10000  -0.90000
   1.50000  -2.10000  -0.90000
   1.90000  -2.10000  -0.90000
   2.30000  -2.10000  -0.90000
  -2.50000  -1.70000  -0.90000
  -2.10000  -1.70000  -0.90000
  -1.70000  -1.70000  -0.90000
  -1.30000  -1.70000  -0.90000
  -0.90000  -1.70000  -0.90000
  -0.50000  -1.70000  -0.90000
  -0.10000  -1.70000  -0.90000
   0.30000  -1.70000  -0.90000
   0.70000  -1.70000  -0.90000
   1.10000  -1.70000  -0.90000
   1.50000  -1.70000  -0.90000
   1.90000  -1.70000  -0.90000
   2.30000  -1.70000  -0.90000
  -2.50000  -1.30000  -0.90000
  -2.10000  -1.30000  -0.90000
  -1.70000  -1.30000  -0.90000
  -1.30000  -1.30000  -0.90000
  -0.90000  -1.30000  -0.90000
  -0.50000  -1.30000  -0.90000
  -0.10000  -1.30000  -0.90000
   0.30000  -1.30000  -0.90000
   0.70000  -1.30000  -0.90000
   1.10000  -1.30000  -0.90000
   1.50000  -1.30000  -0.90000
   1.90000  -1.30000  -0.90000
   2.30000  -1.30000  -0.90000
  -2.50000  -0.90000  -0.90000
  -2.10000  -0.90000  -0.90000
  -1.70000  -0.90000  -0.90000
  -1.30000  -0.90000  -0.90000
  -0.90000  -0.90000  -0.90000
  -0.50000  -0.90000  -0.90000
  -0.10000  -0.90000  -0.90000
   0.30000  -0.90000  -0.90000
   0.70000  -0.90000  -0.90000
   1.10000  -0.90000  -0.90000
   1.50000  -0.90000  -0.90000
   1.90000  -0.90000  -0.90000
   2.30000  -0.90000  -0.90000
  -2.50000  -0.50000  -0.90000
  -2.10000  -0.50000  -0.90000
  -1.70000  -0.50000  -0.90000
  -1.30000  -0.50000  -0.90000
  -0.90000  -0.50000  -0.90000
  -0.50000  -0.50000  -0.90000
  -0.10000  -0.50000  -0.90000
   0.30000  -0.50000  -0.90000
   0.70000  -0.50000  -0.90000
   1.10000  -0.50000  -0.90000
   1.50000  -0.50000  -0.90000
   1.90000  -0.50000  -0.90000
   2.30000  -0.50000  -0.90000
  -2.50000  -0.10000  -0.90000
  -2.10000  -0.10000  -0.90000
  -1.70000  -0.10000  -0.90000
  -1.30000  -0.10000  -0.90000
  -0.90000  -0.10000  -0.90000
  -0.50000  -0.10000  -0.90000
  -0.10000  -0.10000  -0.90000
   0.30000  -0.10000  -0.90000
   0.70000  -0.10000  -0.90000
   1.10000  -0.10000  -0.90000
   1.50000  -0.10000  -0.90000
   1.90000  -0.10000  -0.90000
   2.30000  -0.10000  -0.90000
  -2.50000   0.30000  -0.90000
  -2.10000   0.30000  -0.90000
  -1.70000   0.30000  -0.90000
  -1.30000   0.30000  -0.90000
  -0.90000   0.30000  -0.90000
  -0.50000   0.30000  -0.90000
  -0.10000   0.30000  -0.90000
   0.30000   0.30000  -0.90000
   0.70000   0.30000  -0.90000
   1.10000   0.30000  -0.90000
   1.50000   0.30000  -0.90000
   1.90000   0.30000  -0.90000
   2.30000   0.30000  -0.90000
  -2.50000   0.70000  -0.90000
  -2.10000   0.70000  -0.90000
  -1.70000   0.70000  -0.90000
  -1.30000   0.70000  -0.90000
  -0.90000   0.70000  -0.90000
  -0.50000   0.70000  -0.90000
  -0.10000   0.70000  -0.90000
   0.30000   0.70000  -0.90000
   0.70000   0.70000  -0.90000
   1.10000   0.70000  -0.90000
   1.50000   0.70000  -0.90000
   1.90000   0.70000  -0.90000
   2.30000   0.70000  -0.90000
  -2.50000   1.10000  -0.90000
  -2.10000   1.10000  -0.90000
  -1.70000   1.10000  -0.90000
  -1.30000   1.10000  -0.90000
  -0.90000   1.10000  -0.90000
  -0.50000   1.10000  -0.90000
  -0.10000   1.10000  -0.90000
   0.30000   1.10000  -0.90000
   0.70000   1.10000  -0.90000
   1.10000   1.10000  -0.90000
   1.50000   1.10000  -0.90000
   1.90000   1.10000  -0.90000
   2.30000   1.10000  -0.90000
  -2.50000   1.50000  -0.90000
  -2.10000   1.50000  -0.90000
  -1.70000   1.50000  -0.90000
  -1.30000   1.50000  -0.90000
  -0.90000   1.50000  -0.90000
  -0.50000   1.50000  -0.90000
  -0.10000   1.50000  -0.90000
   0.30000   1.50000  -0.90000
   0.70000   1.50000  -0.90000
   1.10000   1.50000  -0.90000
   1.50000   1.50000  -0.90000
   1.90000   1.50000  -0.90000
   2.30000   1.50000  -0.90000
  -2.50000   1.90000  -0.90000
  -2.10000   1.90000  -0.90000
  -1.70000   1.90000  -0.90000
  -1.30000   1.90000  -0.90000
  -0.90000   1.90000  -0.90000
  -0.50000   1.90000  -0.90000
  -0.10000   1.90000  -0.90000
   0.30000   1.90000  -0.90000
   0.70000   1.90000  -0.90000
   1.10000   1.90000  -0.90000
   1.50000   1.90000  -0.90000
   1.90000   1.90000  -0.90000
   2.30000   1.90000  -0.90000
  -2.50000   2.30000  -0.90000
  -2.10000   2.30000  -0.90000
  -1.70000   2.30000  -0.90000
  -1.30000   2.30000  -0.90000
  -0.90000   2.30000  -0.90000
  -0.50000   2.30000  -0.90000
  -0.10000   2.30000  -0.90000
   0.30000   2.30000  -0.90000
   0.70000   2.30000  -0.90000
   1.10000   2.30000  -0.90000
   1.50000   2.30000  -0.90000
   1.90000   2.30000  -0.90000
   2.30000   2.30000  -0.90000
  -2.50000  -2.50000  -0.50000
  -2.10000  -2.50000  -0.50000
  -1.70000  -2.50000  -0.50000
  -1.30000  -2.50000  -0.50000
  -0.90000  -2.50000  -0.50000
  -0.50000  -2.50000  -0.50000
  -0.10000  -2.50000  -0.50000
   0.30000  -2.50000  -0.50000
   0.70000  -2.50000  -0.50000
   1.10000  -2.50000  -0.50000
   1.50000  -2.50000  -0.50000
   1.90000  -2.50000  -0.50000
   2.30000  -2.50000  -0.50000
  -2.50000  -2.10000  -0.50000
  -2.10000  -2.10000  -0.50000
  -1.70000  -2.10000  -0.50000
  -1.30000  -2.10000  -0.50000
  -0.90000  -2.10000  -0.50000
  -0.50000  -2.10000  -0.50000
  -0.10000  -2.10000  -0.50000
   0.30000  -2.10000  -0.50000
   0.70000  -2.10000  -0.50000
   1.10000  -2.10000  -0.50000
   1.50000  -2.10000  -0.50000
   1.90000  -2.10000  -0.50000
   2.30000  -2.10000  -0.50000
  -2.50000  -1.70000  -0.50000
  -2.10000  -1.70000  -0.50000
  -1.70000  -1.70000  -0.50000
  -1.30000  -1.70000  -0.50000
  -0.90000  -1.70000  -0.50000
  -0.50000  -1.70000  -0.50000
  -0.10000  -1.70000  -0.50000
   0.30000  -1.70000  -0.50000
   0.70000  -1.70000  -0.50000
   1.10000  -1.70000  -0.50000
   1.50000  -1.70000  -0.50000
   1.90000  -1.70000  -0.50000
   2.30000  -1.70000  -0.50000
  -2.50000  -1.30000  -0.50000
  -2.10000  -1.30000  -0.50000
  -1.70000  -1.30000  -0.50000
  -1.30000  -1.30000  -0.50000
  -0.90000  -1.30000  -0.50000
  -0.50000  -1.30000  -0.50000
  -0.10000  -1.30000  -0.50000
   0.30000  -1.30000  -0.50000
   0.70000  -1.30000  -0.50000
   1.10000  -1.30000  -0.50000
   1.50000  -1.30000  -0.50000
   1.90000  -1.30000  -0.50000
   2.30000  -1.30000  -0.50000
  -2.50000  -0.90000  -0.50000
  -2.10000  -0.90000  -0.50000
  -1.70000  -0.90000  -0.50000
  -1.30000  -0.90000  -0.50000
  -0.90000  -0.90000  -0.50000
  -0.50000  -0.90000  -0.50000
  -0.10000  -0.90000  -0.50000
   0.30000  -0.90000  -0.50000
   0.70000  -0.90000  -0.50000
   1.10000  -0.90000  -0.50000
   1.50000  -0.90000  -0.50000
   1.90000  -0.90000  -0.50000
   2.30000  -0.90000  -0.50000
  -2.50000  -0.50000  -0.50000
  -2.10000  -0.50000  -0.50000
  -1.70000  -0.50000  -0.50000
  -1.30000  -0.50000  -0.50000
  -0.90000  -0.50000  -0.50000
  -0.50000  -0.50000  -0.50000
  -0.10000  -0.50000  -0.50000
   0.30000  -0.50000  -0.50000
   0.70000  -0.50000  -0.50000
   1.10000  -0.50000  -0.50000
   1.50000  -0.50000  -0.50000
   1.90000  -0.50000  -0.50000
   2.30000  -0.50000  -0.50000
  -2.50000  -0.10000  -0.50000
  -2.10000  -0.10000  -0.50000
  -1.70000  -0.10000  -0.50000
  -1.30000  -0.10000  -0.50000
  -0.90000  -0.10000  -0.50000
  -0.50000  -0.10000  -0.50000
  -0.10000  -0.10000  -0.50000
   0.30000  -0.10000  -0.50000
   0.70000  -0.10000  -0.50000
   1.10000  -0.10000  -0.50000
   1.50000  -0.10000  -0.50000
   1.90000  -0.10000  -0.50000
   2.30000  -0.10000  -0.50000
  -2.50000   0.30000  -0.50000
  -2.10000   0.30000  -0.50000
  -1.70000   0.30000  -0.50000
  -1.30000   0.30000  -0.50000
  -0.90000   0.30000  -0.50000
  -0.50000   0.30000  -0.50000
  -0.10000   0.30000  -0.50000
   0.30000   0.30000  -0.50000
   0.70000   0.30000  -0.50000
   1.10000   0.30000  -0.50000
   1.50000   0.30000  -0.50000
   1.90000   0.30000  -0.50000
   2.30000   0.30000  -0.50000
  -2.50000   0.70000  -0.50000
  -2.10000   0.70000  -0.50000
  -1.70000   0.70000  -0.50000
  -1.30000   0.70000  -0.50000
  -0.90000   0.70000  -0.50000
  -0.50000   0.70000  -0.50000
  -0.10000   0.70000  -0.50000
   0.30000   0.70000  -0.50000
   0.70000   0.70000  -0.50000
   1.10000   0.70000  -0.50000
   1.50000   0.70000  -0.50000
   1.90000   0.70000  -0.50000
   2.30000   0.70000  -0.50000
  -2.50000   1.10000  -0.50000
  -2.10000   1.10000  -0.50000
  -1.70000   1.10000  -0.50000
  -1.30000   1.10000  -0.50000
  -0.90000   1.10000  -0.50000
  -0.50000   1.10000  -0.50000
  -0.10000   1.10000  -0.50000
   0.30000   1.10000  -0.50000
   0.70000   1.10000  -0.50000
   1.10000   1.10000  -0.50000
   1.50000   1.10000  -0.50000
   1.90000   1.10000  -0.50000
   2.30000   1.10000  -0.50000
  -2.50000   1.50000  -0.50000
  -2.10000   1.50000  -0.50000
  -1.70000   1.50000  -0.50000
  -1.30000   1.50000  -0.50000
  -0.90000   1.50000  -0.50000
  -0.50000   1.50000  -0.50000
  -0.10000   1.50000  -0.50000
   0.30000   1.50000  -0.50000
   0.70000   1.50000  -0.50000
   1.10000   1.50000  -0.50000
   1.50000   1.50000  -0.50000
   1.90000   1.50000  -0.50000
   2.30000   1.50000  -0.50000
  -2.50000   1.90000  -0.50000
  -2.10000   1.90000  -0.50000
  -1.70000   1.90000  -0.50000
  -1.30000   1.90000  -0.50000
  -0.90000   1.90000  -0.50000
  -0.50000   1.90000  -0.50000
  -0.10000   1.90000  -0.50000
   0.30000   1.90000  -0.50000
   0.70000   1.90000  -0.50000
   1.10000   1.90000  -0.50000
   1.50000   1.90000  -0.50000
   1.90000   1.90000  -0.50000
   2.30000   1.90000  -0.50000
  -2.50000   2.30000  -0.50000
  -2.10000   2.30000  -0.50000
  -1.70000   2.30000  -0.50000
  -1.30000   2.30000  -0.50000
  -0.90000   2.30000  -0.50000
  -0.50000   2.30000  -0.50000
  -0.10000   2.30000  -0.50000
   0.30000   2.30000  -0.50000
   0.70000   2.30000  -0.50000
   1.10000   2.30000  -0.50000
   1.50000   2.30000  -0.50000
   1.90000   2.30000  -0.50000
   2.30000   2.30000  -0.50000
  -2.50000  -2.50000  -0.10000
  -2.10000  -2.50000  -0.10000
  -1.70000  -2.50000  -0.10000
  -1.30000  -2.50000  -0.10000
  -0.90000  -2.50000  -0.10000
  -0.50000  -2.50000  -0.10000
  -0.10000  -2.50000  -0.10000
   0.30000  -2.50000  -0.10000
   0.70000  -2.50000  -0.10000
   1.10000  -2.50000  -0.10000
   1.50000  -2.50000  -0.10000
   1.90000  -2.50000  -0.10000
   2.30000  -2.50000  -0.10000
  -2.50000  -2.10000  -0.10000
  -2.10000  -2.10000  -0.10000
  -1.70000  -2.10000  -0.10000
  -1.30000  -2.10000  -0.10000
  -0.90000  -2.10000  -0.10000
  -0.50000  -2.10000  -0.10000
  -0.10000  -2.10000  -0.10000
   0.30000  -2.10000  -0.10000
   0.70000  -2.10000  -0.10000
   1.10000  -2.10000  -0.10000
   1.50000  -2.10000  -0.10000
   1.90000  -2.10000  -0.10000
   2.30000  -2.10000  -0.10000
  -2.50000  -1.70000  -0.10000
  -2.10000  -1.70000  -0.10000
  -1.70000  -1.70000  -0.10000
  -1.30000  -1.70000  -0.10000
  -0.90000  -1.70000  -0.10000
  -0.50000  -1.70000  -0.10000
  -0.10000  -1.70000  -0.10000
   0.30000  -1.70000  -0.10000
   0.70000  -1.70000  -0.10000
   1.10000  -1.70000  -0.10000
   1.50000  -1.70000  -0.10000
   1.90000  -1.70000  -0.10000
   2.30000  -1.70000  -0.10000
  -2.50000  -1.30000  -0.10000
  -2.10000  -1.30000  -0.10000
  -1.70000  -1.30000  -0.10000
  -1.30000  -1.30000  -0.10000
  -0.90000  -1.30000  -0.10000
  -0.50000  -1.30000  -0.10000
  -0.10000  -1.30000  -0.10000
   0.30000  -1.30000  -0.10000
   0.70000  -1.30000  -0.10000
   1.10000  -1.30000  -0.10000
   1.50000  -1.30000  -0.10000
   1.90000  -1.30000  -0.10000
   2.30000  -1.30000  -0.10000
  -2.50000  -0.90000  -0.10000
  -2.10000  -0.90000  -0.10000
  -1.70000  -0.90000  -0.10000
  -1.30000  -0.90000  -0.10000
  -0.90000  -0.90000  -0.10000
  -0.50000  -0.90000  -0.10000
  -0.10000  -0.90000  -0.10000
   0.30000  -0.90000  -0.10000
   0.70000  -0.90000  -0.10000
   1.10000  -0.90000  -0.10000
   1.50000  -0.90000  -0.10000
   1.90000  -0.90000  -0.10000
   2.30000  -0.90000  -0.10000
  -2.50000  -0.50000  -0.10000
  -2.10000  -0.50000  -0.10000
  -1.70000  -0.50000  -0.10000
  -1.30000  -0.50000  -0.10000
  -0.90000  -0.50000  -0.10000
  -0.50000  -0.50000  -0.10000
  -0.10000  -0.50000  -0.10000
   0.30000  -0.50000  -0.10000
   0.70000  -0.50000  -0.10000
   1.10000  -0.50000  -0.10000
   1.50000  -0.50000  -0.10000
   1.90000  -0.50000  -0.10000
   2.30000  -0.50000  -0.10000
  -2.50000  -0.10000  -0.10000
  -2.10000  -0.10000  -0.10000
  -1.70000  -0.10000  -0.10000
  -1.30000  -0.10000  -0.10000
  -0.90000  -0.10000  -0.10000
  -0.50000  -0.10000  -0.10000
  -0.10000  -0.10000  -0.10000
   0.30000  -0.10000  -0.10000
   0.70000  -0.10000  -0.10000
   1.10000  -0.10000  -0.10000
   1.50000  -0.10000  -0.10000
   1.90000  -0.10000  -0.10000
   2.30000  -0.10000  -0.10000
  -2.50000   0.30000  -0.10000
  -2.10000   0.30000  -0.10000
  -1.70000   0.30000  -0.10000
  -1.30000   0.30000  -0.10000
  -0.90000   0.30000  -0.10000
  -0.50000   0.30000  -0.10000
  -0.10000   0.30000  -0.10000
   0.30000   0.30000  -0.10000
   0.70000   0.30000  -0.10000
   1.10000   0.30000  -0.10000
   1.50000   0.30000  -0.10000
   1.90000   0.30000  -0.10000
   2.30000   0.30000  -0.10000
  -2.50000   0.70000  -0.10000
  -2.10000   0.70000  -0.10000
  -1.70000   0.70000  -0.10000
  -1.30000   0.70000  -0.10000
  -0.90000   0.70000  -0.10000
  -0.50000   0.70000  -0.10000
  -0.10000   0.70000  -0.10000
   0.30000   0.70000  -0.10000
   0.70000   0.70000  -0.10000
   1.10000   0.70000  -0.10000
   1.50000   0.70000  -0.10000
   1.90000   0.70000  -0.10000
   2.30000   0.70000  -0.10000
  -2.50000   1.10000  -0.10000
  -2.10000   1.10000  -0.10000
  -1.70000   1.10000  -0.10000
  -1.30000   1.10000  -0.10000
  -0.90000   1.10000  -0.10000
  -0.50000   1.10000  -0.10000
  -0.10000   1.10000  -0.10000
   0.30000   1.10000  -0.10000
   0.70000   1.10000  -0.10000
   1.10000   1.10000  -0.10000
   1.50000   1.10000  -0.10000
   1.90000   1.10000  -0.10000
   2.30000   1.10000  -0.10000
  -2.50000   1.50000  -0.10000
  -2.10000   1.50000  -0.10000
  -1.70000   1.50000  -0.10000
  -1.30000   1.50000  -0.10000
  -0.90000   1.50000  -0.10000
  -0.50000   1.50000  -0.10000
  -0.10000   1.50000  -0.10000
   0.30000   1.50000  -0.10000
   0.70000   1.50000  -0.10000
   1.10000   1.50000  -0.10000
   1.50000   1.50000  -0.10000
   1.90000   1.50000  -0.10000
   2.30000   1.50000  -0.10000
  -2.50000   1.90000  -0.10000
  -2.10000   1.90000  -0.10000
  -1.70000   1.90000  -0.10000
  -1.30000   1.90000  -0.10000
  -0.90000   1.90000  -0.10000
  -0.50000   1.90000  -0.10000
  -0.10000   1.90000  -0.10000
   0.30000   1.90000  -0.10000
   0.70000   1.90000  -0.10000
   1.10000   1.90000  -0.10000
   1.50000   1.90000  -0.10000
   1.90000   1.90000  -0.10000
   2.30000   1.90000  -0.10000
  -2.50000   2.30000  -0.10000
  -2.10000   2.30000  -0.10000
  -1.70000   2.30000  -0.10000
  -1.30000   2.30000  -0.10000
  -0.90000   2.30000  -0.10000
  -0.50000   2.30000  -0.10000
  -0.10000   2.30000  -0.10000
   0.30000   2.30000  -0.10000
   0.70000   2.30000  -0.10000
   1.10000   2.30000  -0.10000
   1.50000   2.30000  -0.10000
   1.90000   2.30000  -0.10000
   2.30000   2.30000  -0.10000
  -2.50000  -2.50000   0.30000
  -2.10000  -2.50000   0.30000
  -1.70000  -2.50000   0.30000
  -1.30000  -2.50000   0.30000
  -0.90000  -2.50000   0.30000
  -0.50000  -2.50000   0.30000
  -0.10000  -2.50000   0.30000
   0.30000  -2.50000   0.30000
   0.70000  -2.50000   0.30000
   1.10000  -2.50000   0.30000
   1.50000  -2.50000   0.30000
   1.90000  -2.50000   0.30000
   2.30000  -2.50000   0.30000
  -2.50000  -2.10000   0.30000
  -2.10000  -2.10000   0.30000
  -1.70000  -2.10000   0.30000
  -1.30000  -2.10000   0.30000
  -0.90000  -2.10000   0.30000
  -0.50000  -2.10000   0.30000
  -0.10000  -2.10000   0.30000
   0.30000  -2.10000   0.30000
   0.70000  -2.10000   0.30000
   1.10000  -2.10000   0.30000
   1.50000  -2.10000   0.30000
   1.90000  -2.10000   0.30000
   2.30000  -2.10000   0.30000
  -2.50000  -1.70000   0.30000
  -2.10000  -1.70000   0.30000
  -1.70000  -1.70000   0.30000
  -1.30000  -1.70000   0.30000
  -0.90000  -1.70000   0.30000
  -0.50000  -1.70000   0.30000
  -0.10000  -1.70000   0.30000
   0.30000  -1.70000   0.30000
   0.70000  -1.70000   0.30000
   1.10000  -1.70000   0.30000
   1.50000  -1.70000   0.30000
   1.90000  -1.70000   0.30000
   2.30000  -1.70000   0.30000
  -2.50000  -1.30000   0.30000
  -2.10000  -1.30000   0.30000
  -1.70000  -1.30000   0.30000
  -1.30000  -1.30000   0.30000
  -0.90000  -1.30000   0.30000
  -0.50000  -1.30000   0.30000
  -0.10000  -1.30000   0.30000
   0.30000  -1.30000   0.30000
   0.70000  -1.30000   0.30000
   1.10000  -1.30000   0.30000
   1.50000  -1.30000   0.30000
   1.90000  -1.30000   0.30000
   2.30000  -1.30000   0.30000
  -2.50000  -0.90000   0.30000
  -2.10000  -0.90000   0.30000
  -1.70000  -0.90000   0.30000
  -1.30000  -0.90000   0.30000
  -0.90000  -0.90000   0.30000
  -0.50000  -0.90000   0.30000
  -0.10000  -0.90000   0.30000
   0.30000  -0.90000   0.30000
   0.70000  -0.90000   0.30000
   1.10000  -0.90000   0.30000
   1.50000  -0.90000   0.30000
   1.90000  -0.90000   0.30000
   2.30000  -0.90000   0.30000
  -2.50000  -0.50000   0.30000
  -2.10000  -0.50000   0.30000
  -1.70000  -0.50000   0.30000
  -1.30000  -0.50000   0.30000
  -0.90000  -0.50000   0.30000
  -0.50000  -0.50000   0.30000
  -0.10000  -0.50000   0.30000
   0.30000  -0.50000   0.30000
   0.70000  -0.50000   0.30000
   1.10000  -0.50000   0.30000
   1.50000  -0.50000   0.30000
   1.90000  -0.50000   0.30000
   2.30000  -0.50000   0.30000
  -2.50000  -0.10000   0.30000
  -2.10000  -0.10000   0.30000
  -1.70000  -0.10000   0.30000
  -1.30000  -0.10000   0.30000
  -0.90000  -0.10000   0.30000
  -0.50000  -0.10000   0.30000
  -0.10000  -0.10000   0.30000
   0.30000  -0.10000   0.30000
   0.70000  -0.10000   0.30000
   1.10000  -0.10000   0.30000
   1.50000  -0.10000   0.30000
   1.90000  -0.10000   0.30000
   2.30000  -0.10000   0.30000
  -2.50000   0.30000   0.30000
  -2.10000   0.30000   0.30000
  -1.70000   0.30000   0.30000
  -1.30000   0.30000   0.30000
  -0.90000   0.30000   0.30000
  -0.50000   0.30000   0.30000
  -0.10000   0.30000   0.30000
   0.30000   0.30000   0.30000
   0.70000   0.30000   0.30000
   1.10000   0.30000   0.30000
   1.50000   0.30000   0.30000
   1.90000   0.30000   0.30000
   2.30000   0.30000   0.30000
  -2.50000   0.70000   0.30000
  -2.10000   0.70000   0.30000
  -1.70000   0.70000   0.30000
  -1.30000   0.70000   0.30000
  -0.90000   0.70000   0.30000
  -0.50000   0.70000   0.30000
  -0.10000   0.70000   0.30000
   0.30000   0.70000   0.30000
   0.70000   0.70000   0.30000
   1.10000   0.70000   0.30000
   1.50000   0.70000   0.30000
   1.90000   0.70000   0.30000
   2.30000   0.70000   0.30000
  -2.50000   1.10000   0.30000
  -2.10000   1.10000   0.30000
  -1.70000   1.10000   0.30000
  -1.30000   1.10000   0.30000
  -0.90000   1.10000   0.30000
  -0.50000   1.10000   0.30000
  -0.10000   1.10000   0.30000
   0.30000   1.10000   0.30000
   0.70000   1.10000   0.30000
   1.10000   1.10000   0.30000
   1.50000   1.10000   0.30000
   1.90000   1.10000   0.30000
   2.30000   1.10000   0.30000
  -2.50000   1.50000   0.30000
  -2.10000   1.50000   0.30000
  -1.70000   1.50000   0.30000
  -1.30000   1.50000   0.30000
  -0.90000   1.50000   0.30000
  -0.50000   1.50000   0.30000
  -0.10000   1.50000   0.30000
   0.30000   1.50000   0.30000
   0.70000   1.50000   0.30000
   1.10000   1.50000   0.30000
   1.50000   1.50000   0.30000
   1.90000   1.50000   0.30000
   2.30000   1.50000   0.30000
  -2.50000   1.90000   0.30000
  -2.10000   1.90000   0.30000
  -1.70000   1.90000   0.30000
  -1.30000   1.90000   0.30000
  -0.90000   1.90000   0.30000
  -0.50000   1.90000   0.30000
  -0.10000   1.90000   0.30000
   0.30000   1.90000   0.30000
   0.70000   1.90000   0.30000
   1.10000   1.90000   0.30000
   1.50000   1.90000   0.30000
   1.90000   1.90000   0.30000
   2.30000   1.90000   0.30000
  -2.50000   2.30000   0.30000
  -2.10000   2.30000   0.30000
  -1.70000   2.30000   0.30000
  -1.30000   2.30000   0.30000
  -0.90000   2.30000   0.30000
  -0.50000   2.30000   0.30000
  -0.10000   2.30000   0.30000
   0.30000   2.30000   0.30000
   0.70000   2.30000   0.30000
   1.10000   2.30000   0.30000
   1.50000   2.30000   0.30000
   1.90000   2.30000   0.30000
   2.30000   2.30000   0.30000
  -2.50000  -2.50000   0.70000
  -2.10000  -2.50000   0.70000
  -1.70000  -2.50000   0.70000
  -1.30000  -2.50000   0.70000
  -0.90000  -2.50000   0.70000
  -0.50000  -2.50000   0.70000
  -0.10000  -2.50000   0.70000
   0.30000  -2.50000   0.70000
   0.70000  -2.50000   0.70000
   1.10000  -2.50000   0.70000
   1.50000  -2.50000   0.70000
   1.90000  -2.50000   0.70000
   2.30000  -2.50000   0.70000
  -2.50000  -2.10000   0.70000
  -2.10000  -2.10000   0.70000
  -1.70000  -2.10000   0.70000
  -1.30000  -2.10000   0.70000
  -0.90000  -2.10000   0.70000
  -0.50000  -2.10000   0.70000
  -0.10000  -2.10000   0.70000
   0.30000  -2.10000   0.70000
   0.70000  -2.10000   0.70000
   1.10000  -2.10000   0.70000
   1.50000  -2.10000   0.70000
   1.90000  -2.10000   0.70000
   2.30000  -2.10000   0.70000
  -2.50000  -1.70000   0.70000
  -2.10000  -1.70000   0.70000
  -1.70000  -1.70000   0.70000
  -1.30000  -1.70000   0.70000
  -0.90000  -1.70000   0.70000
  -0.50000  -1.70000   0.70000
  -0.10000  -1.70000   0.70000
   0.30000  -1.70000   0.70000
   0.70000  -1.70000   0.70000
   1.10000  -1.70000   0.70000
   1.50000  -1.70000   0.70000
   1.90000  -1.70000   0.70000
   2.30000  -1.70000   0.70000
  -2.50000  -1.30000   0.70000
  -2.10000  -1.30000   0.70000
  -1.70000  -1.30000   0.70000
  -1.30000  -1.30000   0.70000
  -0.90000  -1.30000   0.70000
  -0.50000  -1.30000   0.70000
  -0.10000  -1.30000   0.70000
   0.30000  -1.30000   0.70000
   0.70000  -1.30000   0.70000
   1.10000  -1.30000   0.70000
   1.50000  -1.30000   0.70000
   1.90000  -1.30000   0.70000
   2.30000  -1.30000   0.70000
  -2.50000  -0.90000   0.70000
  -2.10000  -0.90000   0.70000
  -1.70000  -0.90000   0.70000
  -1.30000  -0.90000   0.70000
  -0.90000  -0.90000   0.70000
  -0.50000  -0.90000   0.70000
  -0.10000  -0.90000   0.70000
   0.30000  -0.90000   0.70000
   0.70000  -0.90000   0.70000
   1.10000  -0.90000   0.70000
   1.50000  -0.90000   0.70000
   1.90000  -0.90000   0.70000
   2.30000  -0.90000   0.70000
  -2.50000  -0.50000   0.70000
  -2.10000  -0.50000   0.70000
  -1.70000  -0.50000   0.70000
  -1.30000  -0.50000   0.70000
  -0.90000  -0.50000   0.70000
  -0.50000  -0.50000   0.70000
  -0.10000  -0.50000   0.70000
   0.30000  -0.50000   0.70000
   0.70000  -0.50000   0.70000
   1.10000  -0.50000   0.70000
   1.50000  -0.50000   0.70000
   1.90000  -0.50000   0.70000
   2.30000  -0.50000   0.70000
  -2.50000  -0.10000   0.70000
  -2.10000  -0.10000   0.70000
  -1.70000  -0.10000   0.70000
  -1.30000  -0.10000   0.70000
  -0.90000  -0.10000   0.70000
  -0.50000  -0.10000   0.70000
  -0.10000  -0.10000   0.70000
   0.30000  -0.10000   0.70000
   0.70000  -0.10000   0.70000
   1.10000  -0.10000   0.70000
   1.50000  -0.10000   0.70000
   1.90000  -0.10000   0.70000
   2.30000  -0.10000   0.70000
  -2.50000   0.30000   0.70000
  -2.10000   0.30000   0.70000
  -1.70000   0.30000   0.70000
  -1.30000   0.30000   0.70000
  -0.90000   0.30000   0.70000
  -0.50000   0.30000   0.70000
  -0.10000   0.30000   0.70000
   0.30000   0.30000   0.70000
   0.70000   0.30000   0.70000
   1.10000   0.30000   0.70000
   1.50000   0.30000   0.70000
   1.90000   0.30000   0.70000
   2.30000   0.30000   0.70000
  -2.50000   0.70000   0.70000
  -2.10000   0.70000   0.70000
  -1.70000   0.70000   0.70000
  -1.30000   0.70000   0.70000
  -0.90000   0.70000   0.70000
  -0.50000   0.70000   0.70000
  -0.10000   0.70000   0.70000
   0.30000   0.70000   0.70000
   0.70000   0.70000   0.70000
   1.10000   0.70000   0.70000
   1.50000   0.70000   0.70000
   1.90000   0.70000   0.70000
   2.30000   0.70000   0.70000
  -2.50000   1.10000   0.70000
  -2.10000   1.10000   0.70000
  -1.70000   1.10000   0.70000
  -1.30000   1.10000   0.70000
  -0.90000   1.10000   0.70000
  -0.50000   1.10000   0.70000
  -0.10000   1.10000   0.70000
   0.30000   1.10000   0.70000
   0.70000   1.10000   0.70000
   1.10000   1.10000   0.70000
   1.50000   1.10000   0.70000
   1.90000   1.10000   0.70000
   2.30000   1.10000   0.70000
  -2.50000   1.50000   0.70000
  -2.10000   1.50000   0.70000
  -1.70000   1.50000   0.70000
  -1.30000   1.50000   0.70000
  -0.90000   1.50000   0.70000
  -0.50000   1.50000   0.70000
  -0.10000   1.50000   0.70000
   0.30000   1.50000   0.70000
   0.70000   1.50000   0.70000
   1.10000   1.50000   0.70000
   1.50000   1.50000   0.70000
   1.90000   1.50000   0.70000
   2.30000   1.50000   0.70000
  -2.50000   1.90000   0.70000
  -2.10000   1.90000   0.70000
  -1.70000   1.90000   0.70000
  -1.30000   1.90000   0.70000
  -0.90000   1.90000   0.70000
  -0.50000   1.90000   0.70000
  -0.10000   1.90000   0.70000
   0.30000   1.90000   0.70000
   0.70000   1.90000   0.70000
   1.10000   1.90000   0.70000
   1.50000   1.90000   0.70000
   1.90000   1.90000   0.70000
   2.30000   1.90000   0.70000
  -2.50000   2.30000   0.70000
  -2.10000   2.30000   0.70000
  -1.70000   2.30000   0.70000
  -1.30000   2.30000   0.70000
  -0.90000   2.30000   0.70000
  -0.50000   2.30000   0.70000
  -0.10000   2.30000   0.70000
   0.30000   2.30000   0.70000
   0.70000   2.30000   0.70000
   1.10000   2.30000   0.70000
   1.50000   2.30000   0.70000
   1.90000   2.30000   0.70000
   2.30000   2.30000   0.70000
  -2.50000  -2.50000   1.10000
  -2.10000  -2.50000   1.10000
  -1.70000  -2.50000   1.10000
  -1.30000  -2.50000   1.10000
  -0.90000  -2.50000   1.10000
  -0.50000  -2.50000   1.10000
  -0.10000  -2.50000   1.10000
   0.30000  -2.50000   1.10000
   0.70000  -2.50000   1.10000
   1.10000  -2.50000   1.10000
   1.50000  -2.50000   1.10000
   1.90000  -2.50000   1.10000
   2.30000  -2.50000   1.10000
  -2.50000  -2.10000   1.10000
  -2.10000  -2.10000   1.10000
  -1.70000  -2.10000   1.10000
  -1.30000  -2.10000   1.10000
  -0.90000  -2.10000   1.10000
  -0.50000  -2.10000   1.10000
  -0.10000  -2.10000   1.10000
   0.30000  -2.10000   1.10000
   0.70000  -2.10000   1.10000
   1.10000  -2.10000   1.10000
   1.50000  -2.10000   1.10000
   1.90000  -2.10000   1.10000
   2.30000  -2.10000   1.10000
  -2.50000  -1.70000   1.10000
  -2.10000  -1.70000   1.10000
  -1.70000  -1.70000   1.10000
  -1.30000  -1.70000   1.10000
  -0.90000  -1.70000   1.10000
  -0.50000  -1.70000   1.10000
  -0.10000  -1.70000   1.10000
   0.30000  -1.70000   1.10000
   0.70000  -1.70000   1.10000
   1.10000  -1.70000   1.10000
   1.50000  -1.70000   1.10000
   1.90000  -1.70000   1.10000
   2.30000  -1.70000   1.10000
  -2.50000  -1.30000   1.10000
  -2.10000  -1.30000   1.10000
  -1.70000  -1.30000   1.10000
  -1.30000  -1.30000   1.10000
  -0.90000  -1.30000   1.10000
  -0.50000  -1.30000   1.10000
  -0.10000  -1.30000   1.10000
   0.30000  -1.30000   1.10000
   0.70000  -1.30000   1.10000
   1.10000  -1.30000   1.10000
   1.50000  -1.30000   1.10000
   1.90000  -1.30000   1.10000
   2.30000  -1.30000   1.10000
  -2.50000  -0.90000   1.10000
  -2.10000  -0.90000   1.10000
  -1.70000  -0.90000   1.10000
  -1.30000  -0.90000   1.10000
  -0.90000  -0.90000   1.10000
  -0.50000  -0.90000   1.10000
  -0.10000  -0.90000   1.10000
   0.30000  -0.90000   1.10000
   0.70000  -0.90000   1.10000
   1.10000  -0.90000   1.10000
   1.50000  -0.90000   1.10000
   1.90000  -0.90000   1.10000
   2.30000  -0.90000   1.10000
  -2.50000  -0.50000   1.10000
  -2.10000  -0.50000   1.10000
  -1.70000  -0.50000   1.10000
  -1.30000  -0.50000   1.10000
  -0.90000  -0.50000   1.10000
  -0.50000  -0.50000   1.10000
  -0.10000  -0.50000   1.10000
   0.30000  -0.50000   1.10000
   0.70000  -0.50000   1.10000
   1.10000  -0.50000   1.10000
   1.50000  -0.50000   1.10000
   1.90000  -0.50000   1.10000
   2.30000  -0.50000   1.10000
  -2.50000  -0.10000   1.10000
  -2.10000  -0.10000   1.10000
  -1.70000  -0.10000   1.10000
  -1.30000  -0.10000   1.10000
  -0.90000  -0.10000   1.10000
  -0.50000  -0.10000   1.10000
  -0.10000  -0.10000   1.10000
   0.30000  -0.10000   1.10000
   0.70000  -0.10000   1.10000
   1.10000  -0.10000   1.10000
   1.50000  -0.10000   1.10000
   1.90000  -0.10000   1.10000
   2.30000  -0.10000   1.10000
  -2.50000   0.30000   1.10000
  -2.10000   0.30000   1.10000
  -1.70000   0.30000   1.10000
  -1.30000   0.30000   1.10000
  -0.90000   0.30000   1.10000
  -0.50000   0.30000   1.10000
  -0.10000   0.30000   1.10000
   0.30000   0.30000   1.10000
   0.70000   0.30000   1.10000
   1.10000   0.30000   1.10000
   1.50000   0.30000   1.10000
   1.90000   0.30000   1.10000
   2.30000   0.30000   1.10000
  -2.50000   0.70000   1.10000
  -2.10000   0.70000   1.10000
  -1.70000   0.70000   1.10000
  -1.30000   0.70000   1.10000
  -0.90000   0.70000   1.10000
  -0.50000   0.70000   1.10000
  -0.10000   0.70000   1.10000
   0.30000   0.70000   1.10000
   0.70000   0.70000   1.10000
   1.10000   0.70000   1.10000
   1.50000   0.70000   1.10000
   1.90000   0.70000   1.10000
   2.30000   0.70000   1.10000
  -2.50000   1.10000   1.10000
  -2.10000   1.10000   1.10000
  -1.70000   1.10000   1.10000
  -1.30000   1.10000   1.10000
  -0.90000   1.10000   1.10000
  -0.50000   1.10000   1.10000
  -0.10000   1.10000   1.10000
   0.30000   1.10000   1.10000
   0.70000   1.10000   1.10000
   1.10000   1.10000   1.10000
   1.50000   1.10000   1.10000
   1.90000   1.10000   1.10000
   2.30000   1.10000   1.10000
  -2.50000   1.50000   1.10000
  -2.10000   1.50000   1.10000
  -1.70000   1.50000   1.10000
  -1.30000   1.50000   1.10000
  -0.90000   1.50000   1.10000
  -0.50000   1.50000   1.10000
  -0.10000   1.50000   1.10000
   0.30000   1.50000   1.10000
   0.70000   1.50000   1.10000
   1.10000   1.50000   1.10000
   1.50000   1.50000   1.10000
   1.90000   1.50000   1.10000
   2.30000   1.50000   1.10000
  -2.50000   1.90000   1.10000
  -2.10000   1.90000   1.10000
  -1.70000   1.90000   1.10000
  -1.30000   1.90000   1.10000
  -0.90000   1.90000   1.10000
  -0.50000   1.90000   1.10000
  -0.10000   1.90000   1.10000
   0.30000   1.90000   1.10000
   0.70000   1.90000   1.10000
   1.10000   1.90000   1.10000
   1.50000   1.90000   1.10000
   1.90000   1.90000   1.10000
   2.30000   1.90000   1.10000
  -2.50000   2.30000   1.10000
  -2.10000   2.30000   1.10000
  -1.70000   2.30000   1.10000
  -1.30000   2.30000   1.10000
  -0.90000   2.30000   1.10000
  -0.50000   2.30000   1.10000
  -0.10000   2.30000   1.10000
   0.30000   2.30000   1.10000
   0.70000   2.30000   1.10000
   1.10000   2.30000   1.10000
   1.50000   2.30000   1.10000
   1.90000   2.30000   1.10000
   2.30000   2.30000   1.10000
  -2.50000  -2.50000   1.50000
  -2.10000  -2.50000   1.50000
  -1.70000  -2.50000   1.50000
  -1.30000  -2.50000   1.50000
  -0.90000  -2.50000   1.50000
  -0.50000  -2.50000   1.50000
  -0.10000  -2.50000   1.50000
   0.30000  -2.50000   1.50000
   0.70000  -2.50000   1.50000
   1.10000  -2.50000   1.50000
   1.50000  -2.50000   1.50000
   1.90000  -2.50000   1.50000
   2.30000  -2.50000   1.50000
  -2.50000  -2.10000   1.50000
  -2.10000  -2.10000   1.50000
  -1.70000  -2.10000   1.50000
  -1.30000  -2.10000   1.50000
  -0.90000  -2.10000   1.50000
  -0.50000  -2.10000   1.50000
  -0.10000  -2.10000   1.50000
   0.30000  -2.10000   1.50000
   0.70000  -2.10000   1.50000
   1.10000  -2.10000   1.50000
   1.50000  -2.10000   1.50000
   1.90000  -2.10000   1.50000
   2.30000  -2.10000   1.50000
  -2.50000  -1.70000   1.50000
  -2.10000  -1.70000   1.50000
  -1.70000  -1.70000   1.50000
  -1.30000  -1.70000   1.50000
  -0.90000  -1.70000   1.50000
  -0.50000  -1.70000   1.50000
  -0.10000  -1.70000   1.50000
   0.30000  -1.70000   1.50000
   0.70000  -1.70000   1.50000
   1.10000  -1.70000   1.50000
   1.50000  -1.70000   1.50000
   1.90000  -1.70000   1.50000
   2.30000  -1.70000   1.50000
  -2.50000  -1.30000   1.50000
  -2.10000  -1.30000   1.50000
  -1.70000  -1.30000   1.50000
  -1.30000  -1.30000   1.50000
  -0.90000  -1.30000   1.50000
  -0.50000  -1.30000   1.50000
  -0.10000  -1.30000   1.50000
   0.30000  -1.30000   1.50000
   0.70000  -1.30000   1.50000
   1.10000  -1.30000   1.50000
   1.50000  -1.30000   1.50000
   1.90000  -1.30000   1.50000
   2.30000  -1.30000   1.50000
  -2.50000  -0.90000   1.50000
  -2.10000  -0.90000   1.50000
  -1.70000  -0.90000   1.50000
  -1.30000  -0.90000   1.50000
  -0.90000  -0.90000   1.50000
  -0.50000  -0.90000   1.50000
  -0.10000  -0.90000   1.50000
   0.30000  -0.90000   1.50000
   0.70000  -0.90000   1.50000
   1.10000  -0.90000   1.50000
   1.50000  -0.90000   1.50000
   1.90000  -0.90000   1.50000
   2.30000  -0.90000   1.50000
  -2.50000  -0.50000   1.50000
  -2.10000  -0.50000   1.50000
  -1.70000  -0.50000   1.50000
  -1.30000  -0.50000   1.50000
  -0.90000  -0.50000   1.50000
  -0.50000  -0.50000   1.50000
  -0.10000  -0.50000   1.50000
   0.30000  -0.50000   1.50000
   0.70000  -0.50000   1.50000
   1.10000  -0.50000   1.50000
   1.50000  -0.50000   1.50000
   1.90000  -0.50000   1.50000
   2.30000  -0.50000   1.50000
  -2.50000  -0.10000   1.50000
  -2.10000  -0.10000   1.50000
  -1.70000  -0.10000   1.50000
  -1.30000  -0.10000   1.50000
  -0.90000  -0.10000   1.50000
  -0.50000  -0.10000   1.50000
  -0.10000  -0.10000   1.50000
   0.30000  -0.10000   1.50000
   0.70000  -0.10000   1.50000
   1.10000  -0.10000   1.50000
   1.50000  -0.10000   1.50000
   1.90000  -0.10000   1.50000
   2.30000  -0.10000   1.50000
  -2.50000   0.30000   1.50000
  -2.10000   0.30000   1.50000
  -1.70000   0.30000   1.50000
  -1.30000   0.30000   1.50000
  -0.90000   0.30000   1.50000
  -0.50000   0.30000   1.50000
  -0.10000   0.30000   1.50000
   0.30000   0.30000   1.50000
   0.70000   0.30000   1.50000
   1.10000   0.30000   1.50000
   1.50000   0.30000   1.50000
   1.90000   0.30000   1.50000
   2.30000   0.30000   1.50000
  -2.50000   0.70000   1.50000
  -2.10000   0.70000   1.50000
  -1.70000   0.70000   1.50000
  -1.30000   0.70000   1.50000
  -0.90000   0.70000   1.50000
  -0.50000   0.70000   1.50000
  -0.10000   0.70000   1.50000
   0.30000   0.70000   1.50000
   0.70000   0.70000   1.50000
   1.10000   0.70000   1.50000
   1.50000   0.70000   1.50000
   1.90000   0.70000   1.50000
   2.30000   0.70000   1.50000
  -2.50000   1.10000   1.50000
  -2.10000   1.10000   1.50000
  -1.70000   1.10000   1.50000
  -1.30000   1.10000   1.50000
  -0.90000   1.10000   1.50000
  -0.50000   1.10000   1.50000
  -0.10000   1.10000   1.50000
   0.30000   1.10000   1.50000
   0.70000   1.10000   1.50000
   1.10000   1.10000   1.50000
   1.50000   1.10000   1.50000
   1.90000   1.10000   1.50000
   2.30000   1.10000   1.50000
  -2.50000   1.50000   1.50000
  -2.10000   1.50000   1.50000
  -1.70000   1.50000   1.50000
  -1.30000   1.50000   1.50000
  -0.90000   1.50000   1.50000
  -0.50000   1.50000   1.50000
  -0.10000   1.50000   1.50000
   0.30000   1.50000   1.50000
   0.70000   1.50000   1.50000
   1.10000   1.50000   1.50000
   1.50000   1.50000   1.50000
   1.90000   1.50000   1.50000
   2.30000   1.50000   1.50000
  -2.50000   1.90000   1.50000
  -2.10000   1.90000   1.50000
  -1.70000   1.90000   1.50000
  -1.30000   1.90000   1.50000
  -0.90000   1.90000   1.50000
  -0.50000   1.90000   1.50000
  -0.10000   1.90000   1.50000
   0.30000   1.90000   1.50000
   0.70000   1.90000   1.50000
   1.10000   1.90000   1.50000
   1.50000   1.90000   1.50000
   1.90000   1.90000   1.50000
   2.30000   1.90000   1.50000
  -2.50000   2.30000   1.50000
  -2.10000   2.30000   1.50000
  -1.70000   2.30000   1.50000
  -1.30000   2.30000   1.50000
  -0.90000   2.30000   1.50000
  -0.50000   2.30000   1.50000
  -0.10000   2.30000   1.50000
   0.30000   2.30000   1.50000
   0.70000   2.30000   1.50000
   1.10000   2.30000   1.50000
   1.50000   2.30000   1.50000
   1.90000   2.30000   1.50000
   2.30000   2.30000   1.50000
  -2.50000  -2.50000   1.90000
  -2.10000  -2.50000   1.90000
  -1.70000  -2.50000   1.90000
  -1.30000  -2.50000   1.90000
  -0.90000  -2.50000   1.90000
  -0.50000  -2.50000   1.90000
  -0.10000  -2.50000   1.90000
   0.30000  -2.50000   1.90000
   0.70000  -2.50000   1.90000
   1.10000  -2.50000   1.90000
   1.50000  -2.50000   1.90000
   1.90000  -2.50000   1.90000
   2.30000  -2.50000   1.90000
  -2.50000  -2.10000   1.90000
  -2.10000  -2.10000   1.90000
  -1.70000  -2.10000   1.90000
  -1.30000  -2.10000   1.90000
  -0.90000  -2.10000   1.90000
  -0.50000  -2.10000   1.90000
  -0.10000  -2.10000   1.90000
   0.30000  -2.10000   1.90000
   0.70000  -2.10000   1.90000
   1.10000  -2.10000   1.90000
   1.50000  -2.10000   1.90000
   1.90000  -2.10000   1.90000
   2.30000  -2.10000   1.90000
  -2.50000  -1.70000   1.90000
  -2.10000  -1.70000   1.90000
  -1.70000  -1.70000   1.90000
  -1.30000  -1.70000   1.90000
  -0.90000  -1.70000   1.90000
  -0.50000  -1.70000   1.90000
  -0.10000  -1.70000   1.90000
   0.30000  -1.70000   1.90000
   0.70000  -1.70000   1.90000
   1.10000  -1.70000   1.90000
   1.50000  -1.70000   1.90000
   1.90000  -1.70000   1.90000
   2.30000  -1.70000   1.90000
  -2.50000  -1.30000   1.90000
  -2.10000  -1.30000   1.90000
  -1.70000  -1.30000   1.90000
  -1.30000  -1.30000   1.90000
  -0.90000  -1.30000   1.90000
  -0.50000  -1.30000   1.90000
  -0.10000  -1.30000   1.90000
   0.30000  -1.30000   1.90000
   0.70000  -1.30000   1.90000
   1.10000  -1.30000   1.90000
   1.50000  -1.30000   1.90000
   1.90000  -1.30000   1.90000
   2.30000  -1.30000   1.90000
  -2.50000  -0.90000   1.90000
  -2.10000  -0.90000   1.90000
  -1.70000  -0.90000   1.90000
  -1.30000  -0.90000   1.90000
  -0.90000  -0.90000   1.90000
  -0.50000  -0.90000   1.90000
  -0.10000  -0.90000   1.90000
   0.30000  -0.90000   1.90000
   0.70000  -0.90000   1.90000
   1.10000  -0.90000   1.90000
   1.50000  -0.90000   1.90000
   1.90000  -0.90000   1.90000
   2.30000  -0.90000   1.90000
  -2.50000  -0.50000   1.90000
  -2.10000  -0.50000   1.90000
  -1.70000  -0.50000   1.90000
  -1.30000  -0.50000   1.90000
  -0.90000  -0.50000   1.90000
  -0.50000  -0.50000   1.90000
  -0.10000  -0.50000   1.90000
   0.30000  -0.50000   1.90000
   0.70000  -0.50000   1.90000
   1.10000  -0.50000   1.90000
   1.50000  -0.50000   1.90000
   1.90000  -0.50000   1.90000
   2.30000  -0.50000   1.90000
  -2.50000  -0.10000   1.90000
  -2.10000  -0.10000   1.90000
  -1.70000  -0.10000   1.90000
  -1.30000  -0.10000   1.90000
  -0.90000  -0.10000   1.90000
  -0.50000  -0.10000   1.90000
  -0.10000  -0.10000   1.90000
   0.30000  -0.10000   1.90000
   0.70000  -0.10000   1.90000
   1.10000  -0.10000   1.90000
   1.50000  -0.10000   1.90000
   1.90000  -0.10000   1.90000
   2.30000  -0.10000   1.90000
  -2.50000   0.30000   1.90000
  -2.10000   0.30000   1.90000
  -1.70000   0.30000   1.90000
  -1.30000   0.30000   1.90000
  -0.90000   0.30000   1.90000
  -0.50000   0.30000   1.90000
  -0.10000   0.30000   1.90000
   0.30000   0.30000   1.90000
   0.70000   0.30000   1.90000
   1.10000   0.30000   1.90000
   1.50000   0.30000   1.90000
   1.90000   0.30000   1.90000
   2.30000   0.30000   1.90000
  -2.50000   0.70000   1.90000
  -2.10000   0.70000   1.90000
  -1.70000   0.70000   1.90000
  -1.30000   0.70000   1.90000
  -0.90000   0.70000   1.90000
  -0.50000   0.70000   1.90000
  -0.10000   0.70000   1.90000
   0.30000   0.70000   1.90000
   0.70000   0.70000   1.90000
   1.10000   0.70000   1.90000
   1.50000   0.70000   1.90000
   1.90000   0.70000   1.90000
   2.30000   0.70000   1.90000
  -2.50000   1.10000   1.90000
  -2.10000   1.10000   1.90000
  -1.70000   1.10000   1.90000
  -1.30000   1.10000   1.90000
  -0.90000   1.10000   1.90000
  -0.50000   1.10000   1.90000
  -0.10000   1.10000   1.90000
   0.30000   1.10000   1.90000
   0.70000   1.10000   1.90000
   1.10000   1.10000   1.90000
   1.50000   1.10000   1.90000
   1.90000   1.10000   1.90000
   2.30000   1.10000   1.90000
  -2.50000   1.50000   1.90000
  -2.10000   1.50000   1.90000
  -1.70000   1.50000   1.90000
  -1.30000   1.50000   1.90000
  -0.90000   1.50000   1.90000
  -0.50000   1.50000   1.90000
  -0.10000   1.50000   1.90000
   0.30000   1.50000   1.90000
   0.70000   1.50000   1.90000
   1.10000   1.50000   1.90000
   1.50000   1.50000   1.90000
   1.90000   1.50000   1.90000
   2.30000   1.50000   1.90000
  -2.50000   1.90000   1.90000
  -2.10000   1.90000   1.90000
  -1.70000   1.90000   1.90000
  -1.30000   1.90000   1.90000
  -0.90000   1.90000   1.90000
  -0.50000   1.90000   1.90000
  -0.10000   1.90000   1.90000
   0.30000   1.90000   1.90000
   0.70000   1.90000   1.90000
   1.10000   1.90000   1.90000
   1.50000   1.90000   1.90000
   1.90000   1.90000   1.90000
   2.30000   1.90000   1.90000
  -2.50000   2.30000   1.90000
  -2.10000   2.30000   1.90000
  -1.70000   2.30000   1.90000
  -1.30000   2.30000   1.90000
  -0.90000   2.30000   1.90000
  -0.50000   2.30000   1.90000
  -0.10000   2.30000   1.90000
   0.30000   2.30000   1.90000
   0.70000   2.30000   1.90000
   1.10000   2.30000   1.90000
   1.50000   2.30000   1.90000
   1.90000   2.30000   1.90000
   2.30000   2.30000   1.90000
  -2.50000  -2.50000   2.30000
  -2.10000  -2.50000   2.30000
  -1.70000  -2.50000   2.30000
  -1.30000  -2.50000   2.30000
  -0.90000  -2.50000   2.30000
  -0.50000  -2.50000   2.30000
  -0.10000  -2.50000   2.30000
   0.30000  -2.50000   2.30000
   0.70000  -2.50000   2.30000
   1.10000  -2.50000   2.30000
   1.50000  -2.50000   2.30000
   1.90000  -2.50000   2.30000
   2.30000  -2.50000   2.30000
  -2.50000  -2.10000   2.30000
  -2.10000  -2.10000   2.30000
  -1.70000  -2.10000   2.30000
  -1.30000  -2.10000   2.30000
  -0.90000  -2.10000   2.30000
  -0.50000  -2.10000   2.30000
  -0.10000  -2.10000   2.30000
   0.30000  -2.10000   2.30000
   0.70000  -2.10000   2.30000
   1.10000  -2.10000   2.30000
   1.50000  -2.10000   2.30000
   1.90000  -2.10000   2.30000
   2.30000  -2.10000   2.30000
  -2.50000  -1.70000   2.30000
  -2.10000  -1.70000   2.30000
  -1.70000  -1.70000   2.30000
  -1.30000  -1.70000   2.30000
  -0.90000  -1.70000   2.30000
  -0.50000  -1.70000   2.30000
  -0.10000  -1.70000   2.30000
   0.30000  -1.70000   2.30000
   0.70000  -1.70000   2.30000
   1.10000  -1.70000   2.30000
   1.50000  -1.70000   2.30000
   1.90000  -1.70000   2.30000
   2.30000  -1.70000   2.30000
  -2.50000  -1.30000   2.30000
  -2.10000  -1.30000   2.30000
  -1.70000  -1.30000   2.30000
  -1.30000  -1.30000   2.30000
  -0.90000  -1.30000   2.30000
  -0.50000  -1.30000   2.30000
  -0.10000  -1.30000   2.30000
   0.30000  -1.30000   2.30000
   0.70000  -1.30000   2.30000
   1.10000  -1.30000   2.30000
   1.50000  -1.30000   2.30000
   1.90000  -1.30000   2.30000
   2.30000  -1.30000   2.30000
  -2.50000  -0.90000   2.30000
  -2.10000  -0.90000   2.30000
  -1.70000  -0.90000   2.30000
  -1.30000  -0.90000   2.30000
  -0.90000  -0.90000   2.30000
  -0.50000  -0.90000   2.30000
  -0.10000  -0.90000   2.30000
   0.30000  -0.90000   2.30000
   0.70000  -0.90000   2.30000
   1.10000  -0.90000   2.30000
   1.50000  -0.90000   2.30000
   1.90000  -0.90000   2.30000
   2.30000  -0.90000   2.30000
  -2.50000  -0.50000   2.30000
  -2.10000  -0.50000   2.30000
  -1.70000  -0.50000   2.30000
  -1.30000  -0.50000   2.30000
  -0.90000  -0.50000   2.30000
  -0.50000  -0.50000   2.30000
  -0.10000  -0.50000   2.30000
   0.30000  -0.50000   2.30000
   0.70000  -0.50000   2.30000
   1.10000  -0.50000   2.30000
   1.50000  -0.50000   2.30000
   1.90000  -0.50000   2.30000
   2.30000  -0.50000   2.30000
  -2.50000  -0.10000   2.30000
  -2.10000  -0.10000   2.30000
  -1.70000  -0.10000   2.30000
  -1.30000  -0.10000   2.30000
  -0.90000  -0.10000   2.30000
  -0.50000  -0.10000   2.30000
  -0.10000  -0.10000   2.30000
   0.30000  -0.10000   2.30000
   0.70000  -0.10000   2.30000
   1.10000  -0.10000   2.30000
   1.50000  -0.10000   2.30000
   1.90000  -0.10000   2.30000
   2.30000  -0.10000   2.30000
  -2.50000   0.30000   2.30000
  -2.10000   0.30000   2.30000
  -1.70000   0.30000   2.30000
  -1.30000   0.30000   2.30000
  -0.90000   0.30000   2.30000
  -0.50000   0.30000   2.30000
  -0.10000   0.30000   2.30000
   0.30000   0.30000   2.30000
   0.70000   0.30000   2.30000
   1.10000   0.30000   2.30000
   1.50000   0.30000   2.30000
   1.90000   0.30000   2.30000
   2.30000   0.30000   2.30000
  -2.50000   0.70000   2.30000
  -2.10000   0.70000   2.30000
  -1.70000   0.70000   2.30000
  -1.30000   0.70000   2.30000
  -0.90000   0.70000   2.30000
  -0.50000   0.70000   2.30000
  -0.10000   0.70000   2.30000
   0.30000   0.70000   2.30000
   0.70000   0.70000   2.30000
   1.10000   0.70000   2.30000
   1.50000   0.70000   2.30000
   1.90000   0.70000   2.30000
   2.30000   0.70000   2.30000
  -2.50000   1.10000   2.30000
  -2.10000   1.10000   2.30000
  -1.70000   1.10000   2.30000
  -1.30000   1.10000   2.30000
  -0.90000   1.10000   2.30000
  -0.50000   1.10000   2.30000
  -0.10000   1.10000   2.30000
   0.30000   1.10000   2.30000
   0.70000   1.10000   2.30000
   1.10000   1.10000   2.30000
   1.50000   1.10000   2.30000
   1.90000   1.10000   2.30000
   2.30000   1.10000   2.30000
  -2.50000   1.50000   2.30000
  -2.10000   1.50000   2.30000
  -1.70000   1.50000   2.30000
  -1.30000   1.50000   2.30000
  -0.90000   1.50000   2.30000
  -0.50000   1.50000   2.30000
  -0.10000   1.50000   2.30000
   0.30000   1.50000   2.30000
   0.70000   1.50000   2.30000
   1.10000   1.50000   2.30000
   1.50000   1.50000   2.30000
   1.90000   1.50000   2.30000
   2.30000   1.50000   2.30000
  -2.50000   1.90000   2.30000
  -2.10000   1.90000   2.30000
  -1.70000   1.90000   2.30000
  -1.30000   1.90000   2.30000
  -0.90000   1.90000   2.30000
  -0.50000   1.90000   2.30000
  -0.10000   1.90000   2.30000
   0.30000   1.90000   2.30000
   0.70000   1.90000   2.30000
   1.10000   1.90000   2.30000
   1.50000   1.90000   2.30000
   1.90000   1.90000   2.30000
   2.30000   1.90000   2.30000
  -2.50000   2.30000   2.30000
  -2.10000   2.30000   2.30000
  -1.70000   2.30000   2.30000
  -1.30000   2.30000   2.30000
  -0.90000   2.30000   2.30000
  -0.50000   2.30000   2.30000
  -0.10000   2.30000   2.30000
   0.30000   2.30000   2.30000
   0.70000   2.30000   2.30000
   1.10000   2.30000   2.30000
   1.50000   2.30000   2.30000
   1.90000   2.30000   2.30000
   2.30000   2.30000   2.30000
