       1       1       1       0       0     999
       2       1       1       0       0     999
       3       1       1       0       0     999
       4       1       1       0       0     999
       5       1       1       0       0     999
       6       1       1       0       0     999
       7       1       1       0       0     999
       8       1       1       0       0     999
       9       1       1       0       0     999
      10       1       1       0       0     999
      11       1       1       0       0     999
      12       1       1       0       0     999
      13       1       1       0       0     999
      14       1       1       0       0     999
      15       1       1       0       0     999
      16       1       1       0       0     999
      17       1       1       0       0     999
      18       1       1       0       0     999
      19       1       1       0       0     999
      20       1       1       0       0     999
      21       1       1       0       0     999
      22       1       1       0       0     999
      23       1       1       0       0     999
      24       1       1       0       0     999
      25       1       1       0       0     999
      26       1       1       0       0     999
      27       1       1       0       0     999
      28       1       1       0       0     999
      29       1       1       0       0     999
      30       1       1       0       0     999
      31       1       1       0       0     999
      32       1       1       0       0     999
      33       1       1       0       0     999
      34       1       1       0       0     999
      35       1       1       0       0     999
      36       1       1       0       0     999
      37       1       1       0       0     999
      38       1       1       0       0     999
      39       1       1       0       0     999
      40       1       1       0       0     999
      41       1       1       0       0     999
      42       1       1       0       0     999
      43       1       1       0       0     999
      44       1       1       0       0     999
      45       1       1       0       0     999
      46       1       1       0       0     999
      47       1       1       0       0     999
      48       1       1       0       0     999
      49       1       1       0       0     999
      50       1       1       0       0     999
      51       1       1       0       0     999
      52       1       1       0       0     999
      53       1       1       0       0     999
      54       1       1       0       0     999
      55       1       1       0       0     999
      56       1       1       0       0     999
      57       1       1       0       0     999
      58       1       1       0       0     999
      59       1       1       0       0     999
      60       1       1       0       0     999
      61       1       1       0       0     999
      62       1       1       0       0     999
      63       1       1       0       0     999
      64       1       1       0       0     999
      65       1       1       0       0     999
      66       1       1       0       0     999
      67       1       1       0       0     999
      68       1       1       0       0     999
      69       1       1       0       0     999
      70       1       1       0       0     999
      71       1       1       0       0     999
      72       1       1       0       0     999
      73       1       1       0       0     999
      74       1       1       0       0     999
      75       1       1       0       0     999
      76       1       1       0       0     999
      77       1       1       0       0     999
      78       1       1       0       0     999
      79       1       1       0       0     999
      80       1       1       0       0     999
      81       1       1       0       0     999
      82       1       1       0       0     999
      83       1       1       0       0     999
      84       1       1       0       0     999
      85       1       1       0       0     999
      86       1       1       0       0     999
      87       1       1       0       0     999
      88       1       1       0       0     999
      89       1       1       0       0     999
      90       1       1       0       0     999
      91       1       1       0       0     999
      92       1       1       0       0     999
      93       1       1       0       0     999
      94       1       1       0       0     999
      95       1       1       0       0     999
      96       1       1       0       0     999
      97       1       1       0       0     999
      98       1       1       0       0     999
      99       1       1       0       0     999
     100       1       1       0       0     999
     100       0       1       1       0    -999
     200       0       1       1       0    -999
     300       0       1       1       0    -999
     400       0       1       1       0    -999
     500       0       1       1       0    -999
     600       0       1       1       0    -999
     700       0       1       1       0    -999
     800       0       1       1       0    -999
     900       0       1       1       0    -999
    1000       0       1       1       0    -999
    1100       0       1       1       0    -999
    1200       0       1       1       0    -999
    1300       0       1       1       0    -999
    1400       0       1       1       0    -999
    1500       0       1       1       0    -999
    1600       0       1       1       0    -999
    1700       0       1       1       0    -999
    1800       0       1       1       0    -999
    1900       0       1       1       0    -999
    2000       0       1       1       0    -999
    2100       0       1       1       0    -999
    2200       0       1       1       0    -999
    2300       0       1       1       0    -999
    2400       0       1       1       0    -999
    2500       0       1       1       0    -999
    2600       0       1       1       0    -999
    2700       0       1       1       0    -999
    2800       0       1       1       0    -999
    2900       0       1       1       0    -999
    3000       0       1       1       0    -999
    3100       0       1       1       0    -999
    3200       0       1       1       0    -999
    3300       0       1       1       0    -999
    3400       0       1       1       0    -999
    3500       0       1       1       0    -999
    3600       0       1       1       0    -999
    3700       0       1       1       0    -999
    3800       0       1       1       0    -999
    3900       0       1       1       0    -999
    4000       0       1       1       0    -999
    4100       0       1       1       0    -999
    4200       0       1       1       0    -999
    4300       0       1       1       0    -999
    4400       0       1       1       0    -999
    4500       0       1       1       0    -999
    4600       0       1       1       0    -999
    4700       0       1       1       0    -999
    4800       0       1       1       0    -999
    4900       0       1       1       0    -999
    5000       0       1       1       0    -999
    5100       0       1       1       0    -999
    5200       0       1       1       0    -999
    5300       0       1       1       0    -999
    5400       0       1       1       0    -999
    5500       0       1       1       0    -999
    5600       0       1       1       0    -999
    5700       0       1       1       0    -999
    5800       0       1       1       0    -999
    5900       0       1       1       0    -999
    6000       0       1       1       0    -999
    6100       0       1       1       0    -999
    6200       0       1       1       0    -999
    6300       0       1       1       0    -999
    6400       0       1       1       0    -999
    6500       0       1       1       0    -999
    6600       0       1       1       0    -999
    6700       0       1       1       0    -999
    6800       0       1       1       0    -999
    6900       0       1       1       0    -999
    7000       0       1       1       0    -999
    7100       0       1       1       0    -999
    7200       0       1       1       0    -999
    7300       0       1       1       0    -999
    7400       0       1       1       0    -999
    7500       0       1       1       0    -999
    7600       0       1       1       0    -999
    7700       0       1       1       0    -999
    7800       0       1       1       0    -999
    7900       0       1       1       0    -999
    8000       0       1       1       0    -999
    8100       0       1       1       0    -999
    8200       0       1       1       0    -999
    8300       0       1       1       0    -999
    8400       0       1       1       0    -999
    8500       0       1       1       0    -999
    8600       0       1       1       0    -999
    8700       0       1       1       0    -999
    8800       0       1       1       0    -999
    8900       0       1       1       0    -999
    9000       0       1       1       0    -999
    9100       0       1       1       0    -999
    9200       0       1       1       0    -999
    9300       0       1       1       0    -999
    9400       0       1       1       0    -999
    9500       0       1       1       0    -999
    9600       0       1       1       0    -999
    9700       0       1       1       0    -999
    9800       0       1       1       0    -999
    9900       0       1       1       0    -999
   10000       0       1       1       0    -999
   10100       0       1       1       0    -999
   10200       0       1       1       0    -999
   10300       0       1       1       0    -999
   10400       0       1       1       0    -999
   10500       0       1       1       0    -999
   10600       0       1       1       0    -999
   10700       0       1       1       0    -999
   10800       0       1       1       0    -999
   10900       0       1       1       0    -999
   11000       0       1       1       0    -999
   11100       0       1       1       0    -999
   11200       0       1       1       0    -999
   11300       0       1       1       0    -999
   11400       0       1       1       0    -999
   11500       0       1       1       0    -999
   11600       0       1       1       0    -999
   11700       0       1       1       0    -999
   11800       0       1       1       0    -999
   11900       0       1       1       0    -999
   12000       0       1       1       0    -999
   12100       0       1       1       0    -999
   12200       0       1       1       0    -999
   12300       0       1       1       0    -999
   12400       0       1       1       0    -999
   12500       0       1       1       0    -999
   12600       0       1       1       0    -999
   12700       0       1       1       0    -999
   12800       0       1       1       0    -999
   12900       0       1       1       0    -999
   13000       0       1       1       0    -999
   13100       0       1       1       0    -999
   13200       0       1       1       0    -999
   13300       0       1       1       0    -999
   13400       0       1       1       0    -999
   13500       0       1       1       0    -999
   13600       0       1       1       0    -999
   13700       0       1       1       0    -999
   13800       0       1       1       0    -999
   13900       0       1       1       0    -999
   14000       0       1       1       0    -999
   14100       0       1       1       0    -999
   14200       0       1       1       0    -999
   14300       0       1       1       0    -999
   14400       0       1       1       0    -999
   14500       0       1       1       0    -999
   14600       0       1       1       0    -999
   14700       0       1       1       0    -999
   14800       0       1       1       0    -999
   14900       0       1       1       0    -999
   15000       0       1       1       0    -999
   15100       0       1       1       0    -999
   15200       0       1       1       0    -999
   15300       0       1       1       0    -999
   15400       0       1       1       0    -999
   15500       0       1       1       0    -999
   15600       0       1       1       0    -999
   15700       0       1       1       0    -999
   15800       0       1       1       0    -999
   15900       0       1       1       0    -999
   16000       0       1       1       0    -999
   16100       0       1       1       0    -999
   16200       0       1       1       0    -999
   16300       0       1       1       0    -999
   16400       0       1       1       0    -999
   16500       0       1       1       0    -999
   16600       0       1       1       0    -999
   16700       0       1       1       0    -999
   16800       0       1       1       0    -999
   16900       0       1       1       0    -999
   17000       0       1       1       0    -999
   17100       0       1       1       0    -999
   17200       0       1       1       0    -999
   17300       0       1       1       0    -999
   17400       0       1       1       0    -999
   17500       0       1       1       0    -999
   17600       0       1       1       0    -999
   17700       0       1       1       0    -999
   17800       0       1       1       0    -999
   17900       0       1       1       0    -999
   18000       0       1       1       0    -999
   18100       0       1       1       0    -999
   18200       0       1       1       0    -999
   18300       0       1       1       0    -999
   18400       0       1       1       0    -999
   18500       0       1       1       0    -999
   18600       0       1       1       0    -999
   18700       0       1       1       0    -999
   18800       0       1       1       0    -999
   18900       0       1       1       0    -999
   19000       0       1       1       0    -999
   19100       0       1       1       0    -999
   19200       0       1       1       0    -999
   19300       0       1       1       0    -999
   19400       0       1       1       0    -999
   19500       0       1       1       0    -999
   19600       0       1       1       0    -999
   19700       0       1       1       0    -999
   19800       0       1       1       0    -999
   19900       0       1       1       0    -999
   20000       0       1       1       0    -999
   19901       0       0       1       1    -999
   19902       0       0       1       1    -999
   19903       0       0       1       1    -999
   19904       0       0       1       1    -999
   19905       0       0       1       1    -999
   19906       0       0       1       1    -999
   19907       0       0       1       1    -999
   19908       0       0       1       1    -999
   19909       0       0       1       1    -999
   19910       0       0       1       1    -999
   19911       0       0       1       1    -999
   19912       0       0       1       1    -999
   19913       0       0       1       1    -999
   19914       0       0       1       1    -999
   19915       0       0       1       1    -999
   19916       0       0       1       1    -999
   19917       0       0       1       1    -999
   19918       0       0       1       1    -999
   19919       0       0       1       1    -999
   19920       0       0       1       1    -999
   19921       0       0       1       1    -999
   19922       0       0       1       1    -999
   19923       0       0       1       1    -999
   19924       0       0       1       1    -999
   19925       0       0       1       1    -999
   19926       0       0       1       1    -999
   19927       0       0       1       1    -999
   19928       0       0       1       1    -999
   19929       0       0       1       1    -999
   19930       0       0       1       1    -999
   19931       0       0       1       1    -999
   19932       0       0       1       1    -999
   19933       0       0       1       1    -999
   19934       0       0       1       1    -999
   19935       0       0       1       1    -999
   19936       0       0       1       1    -999
   19937       0       0       1       1    -999
   19938       0       0       1       1    -999
   19939       0       0       1       1    -999
   19940       0       0       1       1    -999
   19941       0       0       1       1    -999
   19942       0       0       1       1    -999
   19943       0       0       1       1    -999
   19944       0       0       1       1    -999
   19945       0       0       1       1    -999
   19946       0       0       1       1    -999
   19947       0       0       1       1    -999
   19948       0       0       1       1    -999
   19949       0       0       1       1    -999
   19950       0       0       1       1    -999
   19951       0       0       1       1    -999
   19952       0       0       1       1    -999
   19953       0       0       1       1    -999
   19954       0       0       1       1    -999
   19955       0       0       1       1    -999
   19956       0       0       1       1    -999
   19957       0       0       1       1    -999
   19958       0       0       1       1    -999
   19959       0       0       1       1    -999
   19960       0       0       1       1    -999
   19961       0       0       1       1    -999
   19962       0       0       1       1    -999
   19963       0       0       1       1    -999
   19964       0       0       1       1    -999
   19965       0       0       1       1    -999
   19966       0       0       1       1    -999
   19967       0       0       1       1    -999
   19968       0       0       1       1    -999
   19969       0       0       1       1    -999
   19970       0       0       1       1    -999
   19971       0       0       1       1    -999
   19972       0       0       1       1    -999
   19973       0       0       1       1    -999
   19974       0       0       1       1    -999
   19975       0       0       1       1    -999
   19976       0       0       1       1    -999
   19977       0       0       1       1    -999
   19978       0       0       1       1    -999
   19979       0       0       1       1    -999
   19980       0       0       1       1    -999
   19981       0       0       1       1    -999
   19982       0       0       1       1    -999
   19983       0       0       1       1    -999
   19984       0       0       1       1    -999
   19985       0       0       1       1    -999
   19986       0       0       1       1    -999
   19987       0       0       1       1    -999
   19988       0       0       1       1    -999
   19989       0       0       1       1    -999
   19990       0       0       1       1    -999
   19991       0       0       1       1    -999
   19992       0       0       1       1    -999
   19993       0       0       1       1    -999
   19994       0       0       1       1    -999
   19995       0       0       1       1    -999
   19996       0       0       1       1    -999
   19997       0       0       1       1    -999
   19998       0       0       1       1    -999
   19999       0       0       1       1    -999
   20000       0       0       1       1    -999
       1       1       0       0       1    -999
     101       1       0       0       1    -999
     201       1       0       0       1    -999
     301       1       0       0       1    -999
     401       1       0       0       1    -999
     501       1       0       0       1    -999
     601       1       0       0       1    -999
     701       1       0       0       1    -999
     801       1       0       0       1    -999
     901       1       0       0       1    -999
    1001       1       0       0       1    -999
    1101       1       0       0       1    -999
    1201       1       0       0       1    -999
    1301       1       0       0       1    -999
    1401       1       0       0       1    -999
    1501       1       0       0       1    -999
    1601       1       0       0       1    -999
    1701       1       0       0       1    -999
    1801       1       0       0       1    -999
    1901       1       0       0       1    -999
    2001       1       0       0       1    -999
    2101       1       0       0       1    -999
    2201       1       0       0       1    -999
    2301       1       0       0       1    -999
    2401       1       0       0       1    -999
    2501       1       0       0       1    -999
    2601       1       0       0       1    -999
    2701       1       0       0       1    -999
    2801       1       0       0       1    -999
    2901       1       0       0       1    -999
    3001       1       0       0       1    -999
    3101       1       0       0       1    -999
    3201       1       0       0       1    -999
    3301       1       0       0       1    -999
    3401       1       0       0       1    -999
    3501       1       0       0       1    -999
    3601       1       0       0       1    -999
    3701       1       0       0       1    -999
    3801       1       0       0       1    -999
    3901       1       0       0       1    -999
    4001       1       0       0       1    -999
    4101       1       0       0       1    -999
    4201       1       0       0       1    -999
    4301       1       0       0       1    -999
    4401       1       0       0       1    -999
    4501       1       0       0       1    -999
    4601       1       0       0       1    -999
    4701       1       0       0       1    -999
    4801       1       0       0       1    -999
    4901       1       0       0       1    -999
    5001       1       0       0       1    -999
    5101       1       0       0       1    -999
    5201       1       0       0       1    -999
    5301       1       0       0       1    -999
    5401       1       0       0       1    -999
    5501       1       0       0       1    -999
    5601       1       0       0       1    -999
    5701       1       0       0       1    -999
    5801       1       0       0       1    -999
    5901       1       0       0       1    -999
    6001       1       0       0       1    -999
    6101       1       0       0       1    -999
    6201       1       0       0       1    -999
    6301       1       0       0       1    -999
    6401       1       0       0       1    -999
    6501       1       0       0       1    -999
    6601       1       0       0       1    -999
    6701       1       0       0       1    -999
    6801       1       0       0       1    -999
    6901       1       0       0       1    -999
    7001       1       0       0       1    -999
    7101       1       0       0       1    -999
    7201       1       0       0       1    -999
    7301       1       0       0       1    -999
    7401       1       0       0       1    -999
    7501       1       0       0       1    -999
    7601       1       0       0       1    -999
    7701       1       0       0       1    -999
    7801       1       0       0       1    -999
    7901       1       0       0       1    -999
    8001       1       0       0       1    -999
    8101       1       0       0       1    -999
    8201       1       0       0       1    -999
    8301       1       0       0       1    -999
    8401       1       0       0       1    -999
    8501       1       0       0       1    -999
    8601       1       0       0       1    -999
    8701       1       0       0       1    -999
    8801       1       0       0       1    -999
    8901       1       0       0       1    -999
    9001       1       0       0       1    -999
    9101       1       0       0       1    -999
    9201       1       0       0       1    -999
    9301       1       0       0       1    -999
    9401       1       0       0       1    -999
    9501       1       0       0       1    -999
    9601       1       0       0       1    -999
    9701       1       0       0       1    -999
    9801       1       0       0       1    -999
    9901       1       0       0       1    -999
   10001       1       0       0       1    -999
   10101       1       0       0       1    -999
   10201       1       0       0       1    -999
   10301       1       0       0       1    -999
   10401       1       0       0       1    -999
   10501       1       0       0       1    -999
   10601       1       0       0       1    -999
   10701       1       0       0       1    -999
   10801       1       0       0       1    -999
   10901       1       0       0       1    -999
   11001       1       0       0       1    -999
   11101       1       0       0       1    -999
   11201       1       0       0       1    -999
   11301       1       0       0       1    -999
   11401       1       0       0       1    -999
   11501       1       0       0       1    -999
   11601       1       0       0       1    -999
   11701       1       0       0       1    -999
   11801       1       0       0       1    -999
   11901       1       0       0       1    -999
   12001       1       0       0       1    -999
   12101       1       0       0       1    -999
   12201       1       0       0       1    -999
   12301       1       0       0       1    -999
   12401       1       0       0       1    -999
   12501       1       0       0       1    -999
   12601       1       0       0       1    -999
   12701       1       0       0       1    -999
   12801       1       0       0       1    -999
   12901       1       0       0       1    -999
   13001       1       0       0       1    -999
   13101       1       0       0       1    -999
   13201       1       0       0       1    -999
   13301       1       0       0       1    -999
   13401       1       0       0       1    -999
   13501       1       0       0       1    -999
   13601       1       0       0       1    -999
   13701       1       0       0       1    -999
   13801       1       0       0       1    -999
   13901       1       0       0       1    -999
   14001       1       0       0       1    -999
   14101       1       0       0       1    -999
   14201       1       0       0       1    -999
   14301       1       0       0       1    -999
   14401       1       0       0       1    -999
   14501       1       0       0       1    -999
   14601       1       0       0       1    -999
   14701       1       0       0       1    -999
   14801       1       0       0       1    -999
   14901       1       0       0       1    -999
   15001       1       0       0       1    -999
   15101       1       0       0       1    -999
   15201       1       0       0       1    -999
   15301       1       0       0       1    -999
   15401       1       0       0       1    -999
   15501       1       0       0       1    -999
   15601       1       0       0       1    -999
   15701       1       0       0       1    -999
   15801       1       0       0       1    -999
   15901       1       0       0       1    -999
   16001       1       0       0       1    -999
   16101       1       0       0       1    -999
   16201       1       0       0       1    -999
   16301       1       0       0       1    -999
   16401       1       0       0       1    -999
   16501       1       0       0       1    -999
   16601       1       0       0       1    -999
   16701       1       0       0       1    -999
   16801       1       0       0       1    -999
   16901       1       0       0       1    -999
   17001       1       0       0       1    -999
   17101       1       0       0       1    -999
   17201       1       0       0       1    -999
   17301       1       0       0       1    -999
   17401       1       0       0       1    -999
   17501       1       0       0       1    -999
   17601       1       0       0       1    -999
   17701       1       0       0       1    -999
   17801       1       0       0       1    -999
   17901       1       0       0       1    -999
   18001       1       0       0       1    -999
   18101       1       0       0       1    -999
   18201       1       0       0       1    -999
   18301       1       0       0       1    -999
   18401       1       0       0       1    -999
   18501       1       0       0       1    -999
   18601       1       0       0       1    -999
   18701       1       0       0       1    -999
   18801       1       0       0       1    -999
   18901       1       0       0       1    -999
   19001       1       0       0       1    -999
   19101       1       0       0       1    -999
   19201       1       0       0       1    -999
   19301       1       0       0       1    -999
   19401       1       0       0       1    -999
   19501       1       0       0       1    -999
   19601       1       0       0       1    -999
   19701       1       0       0       1    -999
   19801       1       0       0       1    -999
   19901       1       0       0       1    -999
