       1
       2
       3
       4
       5
       6
       7
       8
       9
      10
      11
      12
      13
      14
      15
      16
      17
      18
      19
      20
      21
      22
      23
      24
      25
      26
      27
      28
      29
      30
      31
      32
      33
      34
      35
      36
      37
      38
      39
      40
      41
      42
      43
      44
      45
      46
      47
      48
      49
      50
      51
      52
      53
      54
      55
      56
      57
      58
      59
      60
      61
      62
      63
      64
      65
      66
      67
      68
      69
      70
      71
      72
      73
      74
      75
      76
      77
      78
      79
      80
      81
      82
      83
      84
      85
      86
      87
      88
      89
      90
      91
      92
      93
      94
      95
      96
      97
      98
      99
     100
     101
     102
     202
     203
     303
     304
     404
     405
     505
     506
     606
     607
     707
     708
     808
     809
     909
     910
    1010
    1011
    1111
    1112
    1212
    1213
    1313
    1314
    1414
    1415
    1515
    1516
    1616
    1617
    1717
    1718
    1818
    1819
    1919
    1920
    2020
    2021
    2121
    2122
    2222
    2223
    2323
    2324
    2424
    2425
    2525
    2526
    2626
    2627
    2727
    2728
    2828
    2829
    2929
    2930
    3030
    3031
    3131
    3132
    3232
    3233
    3333
    3334
    3434
    3435
    3535
    3536
    3636
    3637
    3737
    3738
    3838
    3839
    3939
    3940
    4040
    4041
    4141
    4142
    4242
    4243
    4343
    4344
    4444
    4445
    4545
    4546
    4646
    4647
    4747
    4748
    4848
    4849
    4949
    4950
    5050
    5051
    5151
    5152
    5252
    5253
    5353
    5354
    5454
    5455
    5555
    5556
    5656
    5657
    5757
    5758
    5858
    5859
    5959
    5960
    6060
    6061
    6161
    6162
    6262
    6263
    6363
    6364
    6464
    6465
    6565
    6566
    6666
    6667
    6767
    6768
    6868
    6869
    6969
    6970
    7070
    7071
    7171
    7172
    7272
    7273
    7373
    7374
    7474
    7475
    7575
    7576
    7676
    7677
    7777
    7778
    7878
    7879
    7979
    7980
    8080
    8081
    8181
    8182
    8282
    8283
    8383
    8384
    8484
    8485
    8585
    8586
    8686
    8687
    8787
    8788
    8888
    8889
    8989
    8990
    9090
    9091
    9191
    9192
    9292
    9293
    9393
    9394
    9494
    9495
    9595
    9596
    9696
    9697
    9797
    9798
    9898
    9899
    9999
   10000
   10100
   10101
   10201
   10202
   10302
   10303
   10403
   10404
   10504
   10505
   10605
   10606
   10706
   10707
   10807
   10808
   10908
   10909
   11009
   11010
   11110
   11111
   11211
   11212
   11312
   11313
   11413
   11414
   11514
   11515
   11615
   11616
   11716
   11717
   11817
   11818
   11918
   11919
   12019
   12020
   12120
   12121
   12221
   12222
   12322
   12323
   12423
   12424
   12524
   12525
   12625
   12626
   12726
   12727
   12827
   12828
   12928
   12929
   13029
   13030
   13130
   13131
   13231
   13232
   13332
   13333
   13433
   13434
   13534
   13535
   13635
   13636
   13736
   13737
   13837
   13838
   13938
   13939
   14039
   14040
   14140
   14141
   14241
   14242
   14342
   14343
   14443
   14444
   14544
   14545
   14645
   14646
   14746
   14747
   14847
   14848
   14948
   14949
   15049
   15050
   15150
   15151
   15251
   15252
   15352
   15353
   15453
   15454
   15554
   15555
   15655
   15656
   15756
   15757
   15857
   15858
   15958
   15959
   16059
   16060
   16160
   16161
   16261
   16262
   16362
   16363
   16463
   16464
   16564
   16565
   16665
   16666
   16766
   16767
   16867
   16868
   16968
   16969
   17069
   17070
   17170
   17171
   17271
   17272
   17372
   17373
   17473
   17474
   17574
   17575
   17675
   17676
   17776
   17777
   17877
   17878
   17978
   17979
   18079
   18080
   18180
   18181
   18281
   18282
   18382
   18383
   18483
   18484
   18584
   18585
   18685
   18686
   18786
   18787
   18887
   18888
   18988
   18989
   19089
   19090
   19190
   19191
   19291
   19292
   19392
   19393
   19493
   19494
   19594
   19595
   19695
   19696
   19796
   19797
   19897
   19898
   19998
   19999
   20099
   20100
   20200
   20201
   20202
   20203
   20204
   20205
   20206
   20207
   20208
   20209
   20210
   20211
   20212
   20213
   20214
   20215
   20216
   20217
   20218
   20219
   20220
   20221
   20222
   20223
   20224
   20225
   20226
   20227
   20228
   20229
   20230
   20231
   20232
   20233
   20234
   20235
   20236
   20237
   20238
   20239
   20240
   20241
   20242
   20243
   20244
   20245
   20246
   20247
   20248
   20249
   20250
   20251
   20252
   20253
   20254
   20255
   20256
   20257
   20258
   20259
   20260
   20261
   20262
   20263
   20264
   20265
   20266
   20267
   20268
   20269
   20270
   20271
   20272
   20273
   20274
   20275
   20276
   20277
   20278
   20279
   20280
   20281
   20282
   20283
   20284
   20285
   20286
   20287
   20288
   20289
   20290
   20291
   20292
   20293
   20294
   20295
   20296
   20297
   20298
   20299
   20300
   20301
