1
2
3
4
5
6
7
8
9
10
11
12
13
14
15
16
17
18
19
20
21
22
23
24
25
26
27
28
29
30
31
32
33
34
35
36
37
38
39
40
41
42
43
44
45
46
47
48
49
50
51
52
53
54
55
56
57
58
59
60
61
62
63
64
65
66
67
68
69
70
71
72
73
74
75
76
77
78
79
80
81
82
83
84
85
86
87
88
89
90
91
92
93
94
95
96
97
98
99
100
101
101
202
303
404
505
606
707
808
909
1010
1111
1212
1313
1414
1515
1616
1717
1818
1919
2020
2121
2222
2323
2424
2525
2626
2727
2828
2929
3030
3131
3232
3333
3434
3535
3636
3737
3838
3939
4040
4141
4242
4343
4444
4545
4646
4747
4848
4949
5050
5151
5252
5353
5454
5555
5656
5757
5858
5959
6060
6161
6262
6363
6464
6565
6666
6767
6868
6969
7070
7171
7272
7373
7474
7575
7676
7777
7878
7979
8080
8181
8282
8383
8484
8585
8686
8787
8888
8989
9090
9191
9292
9393
9494
9595
9696
9797
9898
9999
10100
10201
10302
10403
10504
10605
10706
10807
10908
11009
11110
11211
11312
11413
11514
11615
11716
11817
11918
12019
12120
12221
12322
12423
12524
12625
12726
12827
12928
13029
13130
13231
13332
13433
13534
13635
13736
13837
13938
14039
14140
14241
14342
14443
14544
14645
14746
14847
14948
15049
15150
15251
15352
15453
15554
15655
15756
15857
15958
16059
16160
16261
16362
16463
16564
16665
16766
16867
16968
17069
17170
17271
17372
17473
17574
17675
17776
17877
17978
18079
18180
18281
18382
18483
18584
18685
18786
18887
18988
19089
19190
19291
19392
19493
19594
19695
19796
19897
19998
20099
20200
20301
20201
20202
20203
20204
20205
20206
20207
20208
20209
20210
20211
20212
20213
20214
20215
20216
20217
20218
20219
20220
20221
20222
20223
20224
20225
20226
20227
20228
20229
20230
20231
20232
20233
20234
20235
20236
20237
20238
20239
20240
20241
20242
20243
20244
20245
20246
20247
20248
20249
20250
20251
20252
20253
20254
20255
20256
20257
20258
20259
20260
20261
20262
20263
20264
20265
20266
20267
20268
20269
20270
20271
20272
20273
20274
20275
20276
20277
20278
20279
20280
20281
20282
20283
20284
20285
20286
20287
20288
20289
20290
20291
20292
20293
20294
20295
20296
20297
20298
20299
20300
20301
1
102
203
304
405
506
607
708
809
910
1011
1112
1213
1314
1415
1516
1617
1718
1819
1920
2021
2122
2223
2324
2425
2526
2627
2728
2829
2930
3031
3132
3233
3334
3435
3536
3637
3738
3839
3940
4041
4142
4243
4344
4445
4546
4647
4748
4849
4950
5051
5152
5253
5354
5455
5556
5657
5758
5859
5960
6061
6162
6263
6364
6465
6566
6667
6768
6869
6970
7071
7172
7273
7374
7475
7576
7677
7778
7879
7980
8081
8182
8283
8384
8485
8586
8687
8788
8889
8990
9091
9192
9293
9394
9495
9596
9697
9798
9899
10000
10101
10202
10303
10404
10505
10606
10707
10808
10909
11010
11111
11212
11313
11414
11515
11616
11717
11818
11919
12020
12121
12222
12323
12424
12525
12626
12727
12828
12929
13030
13131
13232
13333
13434
13535
13636
13737
13838
13939
14040
14141
14242
14343
14444
14545
14646
14747
14848
14949
15050
15151
15252
15353
15454
15555
15656
15757
15858
15959
16060
16161
16262
16363
16464
16565
16666
16767
16868
16969
17070
17171
17272
17373
17474
17575
17676
17777
17878
17979
18080
18181
18282
18383
18484
18585
18686
18787
18888
18989
19090
19191
19292
19393
19494
19595
19696
19797
19898
19999
20100
20201
