 node           1 ninf           9
 cnn         214         215         216         234         235         236
         254         255         256
 node           2 ninf          12
 cnn         233         234         235         236         253         254
         255         256         273         274         275         276
 node           3 ninf          12
 cnn         252         253         254         255         272         273
         274         275         292         293         294         295
 node           4 ninf          16
 cnn         251         252         253         254         271         272
         273         274         291         292         293         294
         311         312         313         314
 node           5 ninf          12
 cnn         270         271         272         273         290         291
         292         293         310         311         312         313
 node           6 ninf          12
 cnn         269         270         271         272         289         290
         291         292         309         310         311         312
 node           7 ninf          16
 cnn         248         249         250         251         268         269
         270         271         288         289         290         291
         308         309         310         311
 node           8 ninf          12
 cnn         247         248         249         250         267         268
         269         270         287         288         289         290
 node           9 ninf          12
 cnn         226         227         228         229         246         247
         248         249         266         267         268         269
 node          10 ninf          12
 cnn         206         207         208         209         226         227
         228         229         246         247         248         249
 node          11 ninf           9
 cnn         186         187         188         206         207         208
         226         227         228
 node          12 ninf          12
 cnn         166         167         168         169         186         187
         188         189         206         207         208         209
 node          13 ninf          12
 cnn         146         147         148         149         166         167
         168         169         186         187         188         189
 node          14 ninf          12
 cnn         127         128         129         130         147         148
         149         150         167         168         169         170
 node          15 ninf          16
 cnn         108         109         110         111         128         129
         130         131         148         149         150         151
         168         169         170         171
 node          16 ninf          12
 cnn         109         110         111         112         129         130
         131         132         149         150         151         152
 node          17 ninf          12
 cnn         110         111         112         113         130         131
         132         133         150         151         152         153
 node          18 ninf          16
 cnn         111         112         113         114         131         132
         133         134         151         152         153         154
         171         172         173         174
 node          19 ninf          12
 cnn         132         133         134         135         152         153
         154         155         172         173         174         175
 node          20 ninf          12
 cnn         153         154         155         156         173         174
         175         176         193         194         195         196
 node          21 ninf           9
 cnn         174         175         176         194         195         196
         214         215         216
 node          22 ninf           9
 cnn         194         195         196         214         215         216
         234         235         236
 node          23 ninf          12
 cnn         250         251         252         253         270         271
         272         273         290         291         292         293
 node          24 ninf          12
 cnn         249         250         251         252         269         270
         271         272         289         290         291         292
 node          25 ninf          16
 cnn         228         229         230         231         248         249
         250         251         268         269         270         271
         288         289         290         291
 node          26 ninf          12
 cnn         227         228         229         230         247         248
         249         250         267         268         269         270
 node          27 ninf          12
 cnn         207         208         209         210         227         228
         229         230         247         248         249         250
 node          28 ninf          12
 cnn         187         188         189         207         208         209
         227         228         229         247         248         249
 node          29 ninf          12
 cnn         167         168         169         187         188         189
         207         208         209         227         228         229
 node          30 ninf          16
 cnn         147         148         149         150         167         168
         169         170         187         188         189         190
         207         208         209         210
 node          31 ninf           9
 cnn         148         149         150         168         169         170
         188         189         190
 node          32 ninf          16
 cnn         128         129         130         131         148         149
         150         151         168         169         170         171
         188         189         190         191
 node          33 ninf          12
 cnn         129         130         131         132         149         150
         151         152         169         170         171         172
 node          34 ninf          12
 cnn         213         214         215         233         234         235
         253         254         255         273         274         275
 node          35 ninf          12
 cnn         232         233         234         235         252         253
         254         255         272         273         274         275
 node          36 ninf          16
 cnn         231         232         233         234         251         252
         253         254         271         272         273         274
         291         292         293         294
 node          37 ninf           9
 cnn         131         132         133         151         152         153
         171         172         173
 node          38 ninf          16
 cnn         131         132         133         134         151         152
         153         154         171         172         173         174
         191         192         193         194
 node          39 ninf          12
 cnn         152         153         154         155         172         173
         174         175         192         193         194         195
 node          40 ninf          16
 cnn         152         153         154         155         172         173
         174         175         192         193         194         195
         212         213         214         215
 node          41 ninf          12
 cnn         173         174         175         193         194         195
         213         214         215         233         234         235
 node          42 ninf          12
 cnn         193         194         195         213         214         215
         233         234         235         253         254         255
 node          43 ninf          12
 cnn         150         151         152         153         170         171
         172         173         190         191         192         193
 node          44 ninf           9
 cnn         168         169         170         188         189         190
         208         209         210
 node          45 ninf          12
 cnn         188         189         190         208         209         210
         228         229         230         248         249         250
 node          46 ninf          16
 cnn         208         209         210         211         228         229
         230         231         248         249         250         251
         268         269         270         271
 node          47 ninf          16
 cnn         209         210         211         212         229         230
         231         232         249         250         251         252
         269         270         271         272
 node          48 ninf          12
 cnn         149         150         151         169         170         171
         189         190         191         209         210         211
 node          49 ninf           9
 cnn         212         213         214         232         233         234
         252         253         254
 node          50 ninf          12
 cnn         211         212         213         231         232         233
         251         252         253         271         272         273
 node          51 ninf          16
 cnn         151         152         153         154         171         172
         173         174         191         192         193         194
         211         212         213         214
 node          52 ninf          12
 cnn         172         173         174         192         193         194
         212         213         214         232         233         234
 node          53 ninf          12
 cnn         169         170         171         189         190         191
         209         210         211         229         230         231
 node          54 ninf          16
 cnn         170         171         172         173         190         191
         192         193         210         211         212         213
         230         231         232         233
 node          55 ninf          16
 cnn         189         190         191         192         209         210
         211         212         229         230         231         232
         249         250         251         252
 node          56 ninf          16
 cnn         190         191         192         193         210         211
         212         213         230         231         232         233
         250         251         252         253
 node          57 ninf          12
 cnn         191         192         193         211         212         213
         231         232         233         251         252         253
