       1       1       1       0       0
       2       1       1       0       0
       3       1       1       0       0
       4       1       1       0       0
       5       1       1       0       0
       6       1       1       0       0
       7       1       1       0       0
       8       1       1       0       0
       9       1       1       0       0
      10       1       1       0       0
      11       1       1       0       0
      12       1       1       0       0
      13       1       1       0       0
      14       1       1       0       0
      15       1       1       0       0
      16       1       1       0       0
      17       1       1       0       0
      18       1       1       0       0
      19       1       1       0       0
      20       1       1       0       0
      21       1       1       0       0
      22       1       1       0       0
      23       1       1       0       0
      24       1       1       0       0
      25       1       1       0       0
      25       0       1       1       0
      50       0       1       1       0
      75       0       1       1       0
     100       0       1       1       0
     125       0       1       1       0
     150       0       1       1       0
     175       0       1       1       0
     200       0       1       1       0
     225       0       1       1       0
     250       0       1       1       0
     275       0       1       1       0
     300       0       1       1       0
     325       0       1       1       0
     350       0       1       1       0
     375       0       1       1       0
     400       0       1       1       0
     425       0       1       1       0
     450       0       1       1       0
     475       0       1       1       0
     500       0       1       1       0
     525       0       1       1       0
     550       0       1       1       0
     575       0       1       1       0
     600       0       1       1       0
     625       0       1       1       0
     650       0       1       1       0
     675       0       1       1       0
     700       0       1       1       0
     725       0       1       1       0
     750       0       1       1       0
     775       0       1       1       0
     800       0       1       1       0
     825       0       1       1       0
     850       0       1       1       0
     875       0       1       1       0
     900       0       1       1       0
     925       0       1       1       0
     950       0       1       1       0
     975       0       1       1       0
    1000       0       1       1       0
    1025       0       1       1       0
    1050       0       1       1       0
    1075       0       1       1       0
    1100       0       1       1       0
    1125       0       1       1       0
    1150       0       1       1       0
    1175       0       1       1       0
    1200       0       1       1       0
    1225       0       1       1       0
    1250       0       1       1       0
    1226       0       0       1       1
    1227       0       0       1       1
    1228       0       0       1       1
    1229       0       0       1       1
    1230       0       0       1       1
    1231       0       0       1       1
    1232       0       0       1       1
    1233       0       0       1       1
    1234       0       0       1       1
    1235       0       0       1       1
    1236       0       0       1       1
    1237       0       0       1       1
    1238       0       0       1       1
    1239       0       0       1       1
    1240       0       0       1       1
    1241       0       0       1       1
    1242       0       0       1       1
    1243       0       0       1       1
    1244       0       0       1       1
    1245       0       0       1       1
    1246       0       0       1       1
    1247       0       0       1       1
    1248       0       0       1       1
    1249       0       0       1       1
    1250       0       0       1       1
       1       1       0       0       1
      26       1       0       0       1
      51       1       0       0       1
      76       1       0       0       1
     101       1       0       0       1
     126       1       0       0       1
     151       1       0       0       1
     176       1       0       0       1
     201       1       0       0       1
     226       1       0       0       1
     251       1       0       0       1
     276       1       0       0       1
     301       1       0       0       1
     326       1       0       0       1
     351       1       0       0       1
     376       1       0       0       1
     401       1       0       0       1
     426       1       0       0       1
     451       1       0       0       1
     476       1       0       0       1
     501       1       0       0       1
     526       1       0       0       1
     551       1       0       0       1
     576       1       0       0       1
     601       1       0       0       1
     626       1       0       0       1
     651       1       0       0       1
     676       1       0       0       1
     701       1       0       0       1
     726       1       0       0       1
     751       1       0       0       1
     776       1       0       0       1
     801       1       0       0       1
     826       1       0       0       1
     851       1       0       0       1
     876       1       0       0       1
     901       1       0       0       1
     926       1       0       0       1
     951       1       0       0       1
     976       1       0       0       1
    1001       1       0       0       1
    1026       1       0       0       1
    1051       1       0       0       1
    1076       1       0       0       1
    1101       1       0       0       1
    1126       1       0       0       1
    1151       1       0       0       1
    1176       1       0       0       1
    1201       1       0       0       1
    1226       1       0       0       1
