1250 4
       1       2      28      27
       2       3      29      28
       3       4      30      29
       4       5      31      30
       5       6      32      31
       6       7      33      32
       7       8      34      33
       8       9      35      34
       9      10      36      35
      10      11      37      36
      11      12      38      37
      12      13      39      38
      13      14      40      39
      14      15      41      40
      15      16      42      41
      16      17      43      42
      17      18      44      43
      18      19      45      44
      19      20      46      45
      20      21      47      46
      21      22      48      47
      22      23      49      48
      23      24      50      49
      24      25      51      50
      25      26      52      51
      27      28      54      53
      28      29      55      54
      29      30      56      55
      30      31      57      56
      31      32      58      57
      32      33      59      58
      33      34      60      59
      34      35      61      60
      35      36      62      61
      36      37      63      62
      37      38      64      63
      38      39      65      64
      39      40      66      65
      40      41      67      66
      41      42      68      67
      42      43      69      68
      43      44      70      69
      44      45      71      70
      45      46      72      71
      46      47      73      72
      47      48      74      73
      48      49      75      74
      49      50      76      75
      50      51      77      76
      51      52      78      77
      53      54      80      79
      54      55      81      80
      55      56      82      81
      56      57      83      82
      57      58      84      83
      58      59      85      84
      59      60      86      85
      60      61      87      86
      61      62      88      87
      62      63      89      88
      63      64      90      89
      64      65      91      90
      65      66      92      91
      66      67      93      92
      67      68      94      93
      68      69      95      94
      69      70      96      95
      70      71      97      96
      71      72      98      97
      72      73      99      98
      73      74     100      99
      74      75     101     100
      75      76     102     101
      76      77     103     102
      77      78     104     103
      79      80     106     105
      80      81     107     106
      81      82     108     107
      82      83     109     108
      83      84     110     109
      84      85     111     110
      85      86     112     111
      86      87     113     112
      87      88     114     113
      88      89     115     114
      89      90     116     115
      90      91     117     116
      91      92     118     117
      92      93     119     118
      93      94     120     119
      94      95     121     120
      95      96     122     121
      96      97     123     122
      97      98     124     123
      98      99     125     124
      99     100     126     125
     100     101     127     126
     101     102     128     127
     102     103     129     128
     103     104     130     129
     105     106     132     131
     106     107     133     132
     107     108     134     133
     108     109     135     134
     109     110     136     135
     110     111     137     136
     111     112     138     137
     112     113     139     138
     113     114     140     139
     114     115     141     140
     115     116     142     141
     116     117     143     142
     117     118     144     143
     118     119     145     144
     119     120     146     145
     120     121     147     146
     121     122     148     147
     122     123     149     148
     123     124     150     149
     124     125     151     150
     125     126     152     151
     126     127     153     152
     127     128     154     153
     128     129     155     154
     129     130     156     155
     131     132     158     157
     132     133     159     158
     133     134     160     159
     134     135     161     160
     135     136     162     161
     136     137     163     162
     137     138     164     163
     138     139     165     164
     139     140     166     165
     140     141     167     166
     141     142     168     167
     142     143     169     168
     143     144     170     169
     144     145     171     170
     145     146     172     171
     146     147     173     172
     147     148     174     173
     148     149     175     174
     149     150     176     175
     150     151     177     176
     151     152     178     177
     152     153     179     178
     153     154     180     179
     154     155     181     180
     155     156     182     181
     157     158     184     183
     158     159     185     184
     159     160     186     185
     160     161     187     186
     161     162     188     187
     162     163     189     188
     163     164     190     189
     164     165     191     190
     165     166     192     191
     166     167     193     192
     167     168     194     193
     168     169     195     194
     169     170     196     195
     170     171     197     196
     171     172     198     197
     172     173     199     198
     173     174     200     199
     174     175     201     200
     175     176     202     201
     176     177     203     202
     177     178     204     203
     178     179     205     204
     179     180     206     205
     180     181     207     206
     181     182     208     207
     183     184     210     209
     184     185     211     210
     185     186     212     211
     186     187     213     212
     187     188     214     213
     188     189     215     214
     189     190     216     215
     190     191     217     216
     191     192     218     217
     192     193     219     218
     193     194     220     219
     194     195     221     220
     195     196     222     221
     196     197     223     222
     197     198     224     223
     198     199     225     224
     199     200     226     225
     200     201     227     226
     201     202     228     227
     202     203     229     228
     203     204     230     229
     204     205     231     230
     205     206     232     231
     206     207     233     232
     207     208     234     233
     209     210     236     235
     210     211     237     236
     211     212     238     237
     212     213     239     238
     213     214     240     239
     214     215     241     240
     215     216     242     241
     216     217     243     242
     217     218     244     243
     218     219     245     244
     219     220     246     245
     220     221     247     246
     221     222     248     247
     222     223     249     248
     223     224     250     249
     224     225     251     250
     225     226     252     251
     226     227     253     252
     227     228     254     253
     228     229     255     254
     229     230     256     255
     230     231     257     256
     231     232     258     257
     232     233     259     258
     233     234     260     259
     235     236     262     261
     236     237     263     262
     237     238     264     263
     238     239     265     264
     239     240     266     265
     240     241     267     266
     241     242     268     267
     242     243     269     268
     243     244     270     269
     244     245     271     270
     245     246     272     271
     246     247     273     272
     247     248     274     273
     248     249     275     274
     249     250     276     275
     250     251     277     276
     251     252     278     277
     252     253     279     278
     253     254     280     279
     254     255     281     280
     255     256     282     281
     256     257     283     282
     257     258     284     283
     258     259     285     284
     259     260     286     285
     261     262     288     287
     262     263     289     288
     263     264     290     289
     264     265     291     290
     265     266     292     291
     266     267     293     292
     267     268     294     293
     268     269     295     294
     269     270     296     295
     270     271     297     296
     271     272     298     297
     272     273     299     298
     273     274     300     299
     274     275     301     300
     275     276     302     301
     276     277     303     302
     277     278     304     303
     278     279     305     304
     279     280     306     305
     280     281     307     306
     281     282     308     307
     282     283     309     308
     283     284     310     309
     284     285     311     310
     285     286     312     311
     287     288     314     313
     288     289     315     314
     289     290     316     315
     290     291     317     316
     291     292     318     317
     292     293     319     318
     293     294     320     319
     294     295     321     320
     295     296     322     321
     296     297     323     322
     297     298     324     323
     298     299     325     324
     299     300     326     325
     300     301     327     326
     301     302     328     327
     302     303     329     328
     303     304     330     329
     304     305     331     330
     305     306     332     331
     306     307     333     332
     307     308     334     333
     308     309     335     334
     309     310     336     335
     310     311     337     336
     311     312     338     337
     313     314     340     339
     314     315     341     340
     315     316     342     341
     316     317     343     342
     317     318     344     343
     318     319     345     344
     319     320     346     345
     320     321     347     346
     321     322     348     347
     322     323     349     348
     323     324     350     349
     324     325     351     350
     325     326     352     351
     326     327     353     352
     327     328     354     353
     328     329     355     354
     329     330     356     355
     330     331     357     356
     331     332     358     357
     332     333     359     358
     333     334     360     359
     334     335     361     360
     335     336     362     361
     336     337     363     362
     337     338     364     363
     339     340     366     365
     340     341     367     366
     341     342     368     367
     342     343     369     368
     343     344     370     369
     344     345     371     370
     345     346     372     371
     346     347     373     372
     347     348     374     373
     348     349     375     374
     349     350     376     375
     350     351     377     376
     351     352     378     377
     352     353     379     378
     353     354     380     379
     354     355     381     380
     355     356     382     381
     356     357     383     382
     357     358     384     383
     358     359     385     384
     359     360     386     385
     360     361     387     386
     361     362     388     387
     362     363     389     388
     363     364     390     389
     365     366     392     391
     366     367     393     392
     367     368     394     393
     368     369     395     394
     369     370     396     395
     370     371     397     396
     371     372     398     397
     372     373     399     398
     373     374     400     399
     374     375     401     400
     375     376     402     401
     376     377     403     402
     377     378     404     403
     378     379     405     404
     379     380     406     405
     380     381     407     406
     381     382     408     407
     382     383     409     408
     383     384     410     409
     384     385     411     410
     385     386     412     411
     386     387     413     412
     387     388     414     413
     388     389     415     414
     389     390     416     415
     391     392     418     417
     392     393     419     418
     393     394     420     419
     394     395     421     420
     395     396     422     421
     396     397     423     422
     397     398     424     423
     398     399     425     424
     399     400     426     425
     400     401     427     426
     401     402     428     427
     402     403     429     428
     403     404     430     429
     404     405     431     430
     405     406     432     431
     406     407     433     432
     407     408     434     433
     408     409     435     434
     409     410     436     435
     410     411     437     436
     411     412     438     437
     412     413     439     438
     413     414     440     439
     414     415     441     440
     415     416     442     441
     417     418     444     443
     418     419     445     444
     419     420     446     445
     420     421     447     446
     421     422     448     447
     422     423     449     448
     423     424     450     449
     424     425     451     450
     425     426     452     451
     426     427     453     452
     427     428     454     453
     428     429     455     454
     429     430     456     455
     430     431     457     456
     431     432     458     457
     432     433     459     458
     433     434     460     459
     434     435     461     460
     435     436     462     461
     436     437     463     462
     437     438     464     463
     438     439     465     464
     439     440     466     465
     440     441     467     466
     441     442     468     467
     443     444     470     469
     444     445     471     470
     445     446     472     471
     446     447     473     472
     447     448     474     473
     448     449     475     474
     449     450     476     475
     450     451     477     476
     451     452     478     477
     452     453     479     478
     453     454     480     479
     454     455     481     480
     455     456     482     481
     456     457     483     482
     457     458     484     483
     458     459     485     484
     459     460     486     485
     460     461     487     486
     461     462     488     487
     462     463     489     488
     463     464     490     489
     464     465     491     490
     465     466     492     491
     466     467     493     492
     467     468     494     493
     469     470     496     495
     470     471     497     496
     471     472     498     497
     472     473     499     498
     473     474     500     499
     474     475     501     500
     475     476     502     501
     476     477     503     502
     477     478     504     503
     478     479     505     504
     479     480     506     505
     480     481     507     506
     481     482     508     507
     482     483     509     508
     483     484     510     509
     484     485     511     510
     485     486     512     511
     486     487     513     512
     487     488     514     513
     488     489     515     514
     489     490     516     515
     490     491     517     516
     491     492     518     517
     492     493     519     518
     493     494     520     519
     495     496     522     521
     496     497     523     522
     497     498     524     523
     498     499     525     524
     499     500     526     525
     500     501     527     526
     501     502     528     527
     502     503     529     528
     503     504     530     529
     504     505     531     530
     505     506     532     531
     506     507     533     532
     507     508     534     533
     508     509     535     534
     509     510     536     535
     510     511     537     536
     511     512     538     537
     512     513     539     538
     513     514     540     539
     514     515     541     540
     515     516     542     541
     516     517     543     542
     517     518     544     543
     518     519     545     544
     519     520     546     545
     521     522     548     547
     522     523     549     548
     523     524     550     549
     524     525     551     550
     525     526     552     551
     526     527     553     552
     527     528     554     553
     528     529     555     554
     529     530     556     555
     530     531     557     556
     531     532     558     557
     532     533     559     558
     533     534     560     559
     534     535     561     560
     535     536     562     561
     536     537     563     562
     537     538     564     563
     538     539     565     564
     539     540     566     565
     540     541     567     566
     541     542     568     567
     542     543     569     568
     543     544     570     569
     544     545     571     570
     545     546     572     571
     547     548     574     573
     548     549     575     574
     549     550     576     575
     550     551     577     576
     551     552     578     577
     552     553     579     578
     553     554     580     579
     554     555     581     580
     555     556     582     581
     556     557     583     582
     557     558     584     583
     558     559     585     584
     559     560     586     585
     560     561     587     586
     561     562     588     587
     562     563     589     588
     563     564     590     589
     564     565     591     590
     565     566     592     591
     566     567     593     592
     567     568     594     593
     568     569     595     594
     569     570     596     595
     570     571     597     596
     571     572     598     597
     573     574     600     599
     574     575     601     600
     575     576     602     601
     576     577     603     602
     577     578     604     603
     578     579     605     604
     579     580     606     605
     580     581     607     606
     581     582     608     607
     582     583     609     608
     583     584     610     609
     584     585     611     610
     585     586     612     611
     586     587     613     612
     587     588     614     613
     588     589     615     614
     589     590     616     615
     590     591     617     616
     591     592     618     617
     592     593     619     618
     593     594     620     619
     594     595     621     620
     595     596     622     621
     596     597     623     622
     597     598     624     623
     599     600     626     625
     600     601     627     626
     601     602     628     627
     602     603     629     628
     603     604     630     629
     604     605     631     630
     605     606     632     631
     606     607     633     632
     607     608     634     633
     608     609     635     634
     609     610     636     635
     610     611     637     636
     611     612     638     637
     612     613     639     638
     613     614     640     639
     614     615     641     640
     615     616     642     641
     616     617     643     642
     617     618     644     643
     618     619     645     644
     619     620     646     645
     620     621     647     646
     621     622     648     647
     622     623     649     648
     623     624     650     649
     625     626     652     651
     626     627     653     652
     627     628     654     653
     628     629     655     654
     629     630     656     655
     630     631     657     656
     631     632     658     657
     632     633     659     658
     633     634     660     659
     634     635     661     660
     635     636     662     661
     636     637     663     662
     637     638     664     663
     638     639     665     664
     639     640     666     665
     640     641     667     666
     641     642     668     667
     642     643     669     668
     643     644     670     669
     644     645     671     670
     645     646     672     671
     646     647     673     672
     647     648     674     673
     648     649     675     674
     649     650     676     675
     651     652     678     677
     652     653     679     678
     653     654     680     679
     654     655     681     680
     655     656     682     681
     656     657     683     682
     657     658     684     683
     658     659     685     684
     659     660     686     685
     660     661     687     686
     661     662     688     687
     662     663     689     688
     663     664     690     689
     664     665     691     690
     665     666     692     691
     666     667     693     692
     667     668     694     693
     668     669     695     694
     669     670     696     695
     670     671     697     696
     671     672     698     697
     672     673     699     698
     673     674     700     699
     674     675     701     700
     675     676     702     701
     677     678     704     703
     678     679     705     704
     679     680     706     705
     680     681     707     706
     681     682     708     707
     682     683     709     708
     683     684     710     709
     684     685     711     710
     685     686     712     711
     686     687     713     712
     687     688     714     713
     688     689     715     714
     689     690     716     715
     690     691     717     716
     691     692     718     717
     692     693     719     718
     693     694     720     719
     694     695     721     720
     695     696     722     721
     696     697     723     722
     697     698     724     723
     698     699     725     724
     699     700     726     725
     700     701     727     726
     701     702     728     727
     703     704     730     729
     704     705     731     730
     705     706     732     731
     706     707     733     732
     707     708     734     733
     708     709     735     734
     709     710     736     735
     710     711     737     736
     711     712     738     737
     712     713     739     738
     713     714     740     739
     714     715     741     740
     715     716     742     741
     716     717     743     742
     717     718     744     743
     718     719     745     744
     719     720     746     745
     720     721     747     746
     721     722     748     747
     722     723     749     748
     723     724     750     749
     724     725     751     750
     725     726     752     751
     726     727     753     752
     727     728     754     753
     729     730     756     755
     730     731     757     756
     731     732     758     757
     732     733     759     758
     733     734     760     759
     734     735     761     760
     735     736     762     761
     736     737     763     762
     737     738     764     763
     738     739     765     764
     739     740     766     765
     740     741     767     766
     741     742     768     767
     742     743     769     768
     743     744     770     769
     744     745     771     770
     745     746     772     771
     746     747     773     772
     747     748     774     773
     748     749     775     774
     749     750     776     775
     750     751     777     776
     751     752     778     777
     752     753     779     778
     753     754     780     779
     755     756     782     781
     756     757     783     782
     757     758     784     783
     758     759     785     784
     759     760     786     785
     760     761     787     786
     761     762     788     787
     762     763     789     788
     763     764     790     789
     764     765     791     790
     765     766     792     791
     766     767     793     792
     767     768     794     793
     768     769     795     794
     769     770     796     795
     770     771     797     796
     771     772     798     797
     772     773     799     798
     773     774     800     799
     774     775     801     800
     775     776     802     801
     776     777     803     802
     777     778     804     803
     778     779     805     804
     779     780     806     805
     781     782     808     807
     782     783     809     808
     783     784     810     809
     784     785     811     810
     785     786     812     811
     786     787     813     812
     787     788     814     813
     788     789     815     814
     789     790     816     815
     790     791     817     816
     791     792     818     817
     792     793     819     818
     793     794     820     819
     794     795     821     820
     795     796     822     821
     796     797     823     822
     797     798     824     823
     798     799     825     824
     799     800     826     825
     800     801     827     826
     801     802     828     827
     802     803     829     828
     803     804     830     829
     804     805     831     830
     805     806     832     831
     807     808     834     833
     808     809     835     834
     809     810     836     835
     810     811     837     836
     811     812     838     837
     812     813     839     838
     813     814     840     839
     814     815     841     840
     815     816     842     841
     816     817     843     842
     817     818     844     843
     818     819     845     844
     819     820     846     845
     820     821     847     846
     821     822     848     847
     822     823     849     848
     823     824     850     849
     824     825     851     850
     825     826     852     851
     826     827     853     852
     827     828     854     853
     828     829     855     854
     829     830     856     855
     830     831     857     856
     831     832     858     857
     833     834     860     859
     834     835     861     860
     835     836     862     861
     836     837     863     862
     837     838     864     863
     838     839     865     864
     839     840     866     865
     840     841     867     866
     841     842     868     867
     842     843     869     868
     843     844     870     869
     844     845     871     870
     845     846     872     871
     846     847     873     872
     847     848     874     873
     848     849     875     874
     849     850     876     875
     850     851     877     876
     851     852     878     877
     852     853     879     878
     853     854     880     879
     854     855     881     880
     855     856     882     881
     856     857     883     882
     857     858     884     883
     859     860     886     885
     860     861     887     886
     861     862     888     887
     862     863     889     888
     863     864     890     889
     864     865     891     890
     865     866     892     891
     866     867     893     892
     867     868     894     893
     868     869     895     894
     869     870     896     895
     870     871     897     896
     871     872     898     897
     872     873     899     898
     873     874     900     899
     874     875     901     900
     875     876     902     901
     876     877     903     902
     877     878     904     903
     878     879     905     904
     879     880     906     905
     880     881     907     906
     881     882     908     907
     882     883     909     908
     883     884     910     909
     885     886     912     911
     886     887     913     912
     887     888     914     913
     888     889     915     914
     889     890     916     915
     890     891     917     916
     891     892     918     917
     892     893     919     918
     893     894     920     919
     894     895     921     920
     895     896     922     921
     896     897     923     922
     897     898     924     923
     898     899     925     924
     899     900     926     925
     900     901     927     926
     901     902     928     927
     902     903     929     928
     903     904     930     929
     904     905     931     930
     905     906     932     931
     906     907     933     932
     907     908     934     933
     908     909     935     934
     909     910     936     935
     911     912     938     937
     912     913     939     938
     913     914     940     939
     914     915     941     940
     915     916     942     941
     916     917     943     942
     917     918     944     943
     918     919     945     944
     919     920     946     945
     920     921     947     946
     921     922     948     947
     922     923     949     948
     923     924     950     949
     924     925     951     950
     925     926     952     951
     926     927     953     952
     927     928     954     953
     928     929     955     954
     929     930     956     955
     930     931     957     956
     931     932     958     957
     932     933     959     958
     933     934     960     959
     934     935     961     960
     935     936     962     961
     937     938     964     963
     938     939     965     964
     939     940     966     965
     940     941     967     966
     941     942     968     967
     942     943     969     968
     943     944     970     969
     944     945     971     970
     945     946     972     971
     946     947     973     972
     947     948     974     973
     948     949     975     974
     949     950     976     975
     950     951     977     976
     951     952     978     977
     952     953     979     978
     953     954     980     979
     954     955     981     980
     955     956     982     981
     956     957     983     982
     957     958     984     983
     958     959     985     984
     959     960     986     985
     960     961     987     986
     961     962     988     987
     963     964     990     989
     964     965     991     990
     965     966     992     991
     966     967     993     992
     967     968     994     993
     968     969     995     994
     969     970     996     995
     970     971     997     996
     971     972     998     997
     972     973     999     998
     973     974    1000     999
     974     975    1001    1000
     975     976    1002    1001
     976     977    1003    1002
     977     978    1004    1003
     978     979    1005    1004
     979     980    1006    1005
     980     981    1007    1006
     981     982    1008    1007
     982     983    1009    1008
     983     984    1010    1009
     984     985    1011    1010
     985     986    1012    1011
     986     987    1013    1012
     987     988    1014    1013
     989     990    1016    1015
     990     991    1017    1016
     991     992    1018    1017
     992     993    1019    1018
     993     994    1020    1019
     994     995    1021    1020
     995     996    1022    1021
     996     997    1023    1022
     997     998    1024    1023
     998     999    1025    1024
     999    1000    1026    1025
    1000    1001    1027    1026
    1001    1002    1028    1027
    1002    1003    1029    1028
    1003    1004    1030    1029
    1004    1005    1031    1030
    1005    1006    1032    1031
    1006    1007    1033    1032
    1007    1008    1034    1033
    1008    1009    1035    1034
    1009    1010    1036    1035
    1010    1011    1037    1036
    1011    1012    1038    1037
    1012    1013    1039    1038
    1013    1014    1040    1039
    1015    1016    1042    1041
    1016    1017    1043    1042
    1017    1018    1044    1043
    1018    1019    1045    1044
    1019    1020    1046    1045
    1020    1021    1047    1046
    1021    1022    1048    1047
    1022    1023    1049    1048
    1023    1024    1050    1049
    1024    1025    1051    1050
    1025    1026    1052    1051
    1026    1027    1053    1052
    1027    1028    1054    1053
    1028    1029    1055    1054
    1029    1030    1056    1055
    1030    1031    1057    1056
    1031    1032    1058    1057
    1032    1033    1059    1058
    1033    1034    1060    1059
    1034    1035    1061    1060
    1035    1036    1062    1061
    1036    1037    1063    1062
    1037    1038    1064    1063
    1038    1039    1065    1064
    1039    1040    1066    1065
    1041    1042    1068    1067
    1042    1043    1069    1068
    1043    1044    1070    1069
    1044    1045    1071    1070
    1045    1046    1072    1071
    1046    1047    1073    1072
    1047    1048    1074    1073
    1048    1049    1075    1074
    1049    1050    1076    1075
    1050    1051    1077    1076
    1051    1052    1078    1077
    1052    1053    1079    1078
    1053    1054    1080    1079
    1054    1055    1081    1080
    1055    1056    1082    1081
    1056    1057    1083    1082
    1057    1058    1084    1083
    1058    1059    1085    1084
    1059    1060    1086    1085
    1060    1061    1087    1086
    1061    1062    1088    1087
    1062    1063    1089    1088
    1063    1064    1090    1089
    1064    1065    1091    1090
    1065    1066    1092    1091
    1067    1068    1094    1093
    1068    1069    1095    1094
    1069    1070    1096    1095
    1070    1071    1097    1096
    1071    1072    1098    1097
    1072    1073    1099    1098
    1073    1074    1100    1099
    1074    1075    1101    1100
    1075    1076    1102    1101
    1076    1077    1103    1102
    1077    1078    1104    1103
    1078    1079    1105    1104
    1079    1080    1106    1105
    1080    1081    1107    1106
    1081    1082    1108    1107
    1082    1083    1109    1108
    1083    1084    1110    1109
    1084    1085    1111    1110
    1085    1086    1112    1111
    1086    1087    1113    1112
    1087    1088    1114    1113
    1088    1089    1115    1114
    1089    1090    1116    1115
    1090    1091    1117    1116
    1091    1092    1118    1117
    1093    1094    1120    1119
    1094    1095    1121    1120
    1095    1096    1122    1121
    1096    1097    1123    1122
    1097    1098    1124    1123
    1098    1099    1125    1124
    1099    1100    1126    1125
    1100    1101    1127    1126
    1101    1102    1128    1127
    1102    1103    1129    1128
    1103    1104    1130    1129
    1104    1105    1131    1130
    1105    1106    1132    1131
    1106    1107    1133    1132
    1107    1108    1134    1133
    1108    1109    1135    1134
    1109    1110    1136    1135
    1110    1111    1137    1136
    1111    1112    1138    1137
    1112    1113    1139    1138
    1113    1114    1140    1139
    1114    1115    1141    1140
    1115    1116    1142    1141
    1116    1117    1143    1142
    1117    1118    1144    1143
    1119    1120    1146    1145
    1120    1121    1147    1146
    1121    1122    1148    1147
    1122    1123    1149    1148
    1123    1124    1150    1149
    1124    1125    1151    1150
    1125    1126    1152    1151
    1126    1127    1153    1152
    1127    1128    1154    1153
    1128    1129    1155    1154
    1129    1130    1156    1155
    1130    1131    1157    1156
    1131    1132    1158    1157
    1132    1133    1159    1158
    1133    1134    1160    1159
    1134    1135    1161    1160
    1135    1136    1162    1161
    1136    1137    1163    1162
    1137    1138    1164    1163
    1138    1139    1165    1164
    1139    1140    1166    1165
    1140    1141    1167    1166
    1141    1142    1168    1167
    1142    1143    1169    1168
    1143    1144    1170    1169
    1145    1146    1172    1171
    1146    1147    1173    1172
    1147    1148    1174    1173
    1148    1149    1175    1174
    1149    1150    1176    1175
    1150    1151    1177    1176
    1151    1152    1178    1177
    1152    1153    1179    1178
    1153    1154    1180    1179
    1154    1155    1181    1180
    1155    1156    1182    1181
    1156    1157    1183    1182
    1157    1158    1184    1183
    1158    1159    1185    1184
    1159    1160    1186    1185
    1160    1161    1187    1186
    1161    1162    1188    1187
    1162    1163    1189    1188
    1163    1164    1190    1189
    1164    1165    1191    1190
    1165    1166    1192    1191
    1166    1167    1193    1192
    1167    1168    1194    1193
    1168    1169    1195    1194
    1169    1170    1196    1195
    1171    1172    1198    1197
    1172    1173    1199    1198
    1173    1174    1200    1199
    1174    1175    1201    1200
    1175    1176    1202    1201
    1176    1177    1203    1202
    1177    1178    1204    1203
    1178    1179    1205    1204
    1179    1180    1206    1205
    1180    1181    1207    1206
    1181    1182    1208    1207
    1182    1183    1209    1208
    1183    1184    1210    1209
    1184    1185    1211    1210
    1185    1186    1212    1211
    1186    1187    1213    1212
    1187    1188    1214    1213
    1188    1189    1215    1214
    1189    1190    1216    1215
    1190    1191    1217    1216
    1191    1192    1218    1217
    1192    1193    1219    1218
    1193    1194    1220    1219
    1194    1195    1221    1220
    1195    1196    1222    1221
    1197    1198    1224    1223
    1198    1199    1225    1224
    1199    1200    1226    1225
    1200    1201    1227    1226
    1201    1202    1228    1227
    1202    1203    1229    1228
    1203    1204    1230    1229
    1204    1205    1231    1230
    1205    1206    1232    1231
    1206    1207    1233    1232
    1207    1208    1234    1233
    1208    1209    1235    1234
    1209    1210    1236    1235
    1210    1211    1237    1236
    1211    1212    1238    1237
    1212    1213    1239    1238
    1213    1214    1240    1239
    1214    1215    1241    1240
    1215    1216    1242    1241
    1216    1217    1243    1242
    1217    1218    1244    1243
    1218    1219    1245    1244
    1219    1220    1246    1245
    1220    1221    1247    1246
    1221    1222    1248    1247
    1223    1224    1250    1249
    1224    1225    1251    1250
    1225    1226    1252    1251
    1226    1227    1253    1252
    1227    1228    1254    1253
    1228    1229    1255    1254
    1229    1230    1256    1255
    1230    1231    1257    1256
    1231    1232    1258    1257
    1232    1233    1259    1258
    1233    1234    1260    1259
    1234    1235    1261    1260
    1235    1236    1262    1261
    1236    1237    1263    1262
    1237    1238    1264    1263
    1238    1239    1265    1264
    1239    1240    1266    1265
    1240    1241    1267    1266
    1241    1242    1268    1267
    1242    1243    1269    1268
    1243    1244    1270    1269
    1244    1245    1271    1270
    1245    1246    1272    1271
    1246    1247    1273    1272
    1247    1248    1274    1273
    1249    1250    1276    1275
    1250    1251    1277    1276
    1251    1252    1278    1277
    1252    1253    1279    1278
    1253    1254    1280    1279
    1254    1255    1281    1280
    1255    1256    1282    1281
    1256    1257    1283    1282
    1257    1258    1284    1283
    1258    1259    1285    1284
    1259    1260    1286    1285
    1260    1261    1287    1286
    1261    1262    1288    1287
    1262    1263    1289    1288
    1263    1264    1290    1289
    1264    1265    1291    1290
    1265    1266    1292    1291
    1266    1267    1293    1292
    1267    1268    1294    1293
    1268    1269    1295    1294
    1269    1270    1296    1295
    1270    1271    1297    1296
    1271    1272    1298    1297
    1272    1273    1299    1298
    1273    1274    1300    1299
    1275    1276    1302    1301
    1276    1277    1303    1302
    1277    1278    1304    1303
    1278    1279    1305    1304
    1279    1280    1306    1305
    1280    1281    1307    1306
    1281    1282    1308    1307
    1282    1283    1309    1308
    1283    1284    1310    1309
    1284    1285    1311    1310
    1285    1286    1312    1311
    1286    1287    1313    1312
    1287    1288    1314    1313
    1288    1289    1315    1314
    1289    1290    1316    1315
    1290    1291    1317    1316
    1291    1292    1318    1317
    1292    1293    1319    1318
    1293    1294    1320    1319
    1294    1295    1321    1320
    1295    1296    1322    1321
    1296    1297    1323    1322
    1297    1298    1324    1323
    1298    1299    1325    1324
    1299    1300    1326    1325
