1	 7	 8	 123	 121	 0
2	 8	 9	 124	 123	 0
3	 9	 10	 125	 124	 0
4	 10	 11	 126	 125	 0
5	 11	 12	 127	 126	 0
6	 12	 13	 128	 127	 0
7	 13	 14	 129	 128	 0
8	 14	 15	 130	 129	 0
9	 15	 16	 131	 130	 0
10	 16	 17	 132	 131	 0
11	 17	 1	 18	 132	 0
12	 121	 123	 133	 120	 0
13	 123	 124	 134	 133	 0
14	 124	 125	 135	 134	 0
15	 125	 126	 136	 135	 0
16	 126	 127	 137	 136	 0
17	 127	 128	 138	 137	 0
18	 128	 129	 139	 138	 0
19	 129	 130	 140	 139	 0
20	 130	 131	 141	 140	 0
21	 131	 132	 142	 141	 0
22	 132	 18	 19	 142	 0
23	 120	 133	 143	 119	 0
24	 133	 134	 144	 143	 0
25	 134	 135	 145	 144	 0
26	 135	 136	 146	 145	 0
27	 136	 137	 147	 146	 0
28	 137	 138	 148	 147	 0
29	 138	 139	 149	 148	 0
30	 139	 140	 150	 149	 0
31	 140	 141	 151	 150	 0
32	 141	 142	 152	 151	 0
33	 142	 19	 20	 152	 0
34	 119	 143	 153	 118	 0
35	 143	 144	 154	 153	 0
36	 144	 145	 155	 154	 0
37	 145	 146	 156	 155	 0
38	 146	 147	 157	 156	 0
39	 147	 148	 158	 157	 0
40	 148	 149	 159	 158	 0
41	 149	 150	 160	 159	 0
42	 150	 151	 161	 160	 0
43	 151	 152	 162	 161	 0
44	 152	 20	 21	 162	 0
45	 118	 153	 163	 117	 0
46	 153	 154	 164	 163	 0
47	 154	 155	 165	 164	 0
48	 155	 156	 166	 165	 0
49	 156	 157	 167	 166	 0
50	 157	 158	 168	 167	 0
51	 158	 159	 169	 168	 0
52	 159	 160	 170	 169	 0
53	 160	 161	 171	 170	 0
54	 161	 162	 172	 171	 0
55	 162	 21	 22	 172	 0
56	 117	 163	 173	 116	 0
57	 163	 164	 174	 173	 0
58	 164	 165	 175	 174	 0
59	 165	 166	 176	 175	 0
60	 166	 167	 177	 176	 0
61	 167	 168	 178	 177	 0
62	 168	 169	 179	 178	 0
63	 169	 170	 180	 179	 0
64	 170	 171	 181	 180	 0
65	 171	 172	 182	 181	 0
66	 172	 22	 23	 182	 0
67	 116	 173	 183	 115	 0
68	 173	 174	 184	 183	 0
69	 174	 175	 185	 184	 0
70	 175	 176	 186	 185	 0
71	 176	 177	 187	 186	 0
72	 177	 178	 188	 187	 0
73	 178	 179	 189	 188	 0
74	 179	 180	 190	 189	 0
75	 180	 181	 191	 190	 0
76	 181	 182	 192	 191	 0
77	 182	 23	 24	 192	 0
78	 115	 183	 114	 104	 0
79	 183	 184	 113	 114	 0
80	 184	 185	 112	 113	 0
81	 185	 186	 111	 112	 0
82	 186	 187	 110	 111	 0
83	 187	 188	 109	 110	 0
84	 188	 189	 108	 109	 0
85	 189	 190	 107	 108	 0
86	 190	 191	 106	 107	 0
87	 191	 192	 105	 106	 0
88	 192	 24	 25	 105	 0
89	 25	 26	 193	 105	 0
90	 26	 2	 27	 193	 0
91	 105	 193	 194	 106	 0
92	 193	 27	 28	 194	 0
93	 106	 194	 195	 107	 0
94	 194	 28	 29	 195	 0
95	 107	 195	 196	 108	 0
96	 195	 29	 30	 196	 0
97	 108	 196	 197	 109	 0
98	 196	 30	 31	 197	 0
99	 109	 197	 198	 110	 0
100	 197	 31	 32	 198	 0
101	 110	 198	 199	 111	 0
102	 198	 32	 33	 199	 0
103	 111	 199	 200	 112	 0
104	 199	 33	 34	 200	 0
105	 112	 200	 201	 113	 0
106	 200	 34	 35	 201	 0
107	 113	 201	 202	 114	 0
108	 201	 35	 36	 202	 0
109	 114	 202	 122	 104	 0
110	 202	 36	 37	 122	 0
111	 37	 38	 203	 122	 0
112	 38	 39	 204	 203	 0
113	 39	 40	 205	 204	 0
114	 40	 41	 206	 205	 0
115	 41	 42	 207	 206	 0
116	 42	 43	 208	 207	 0
117	 43	 44	 209	 208	 0
118	 44	 3	 6	 209	 0
119	 122	 203	 115	 104	 0
120	 203	 204	 116	 115	 0
121	 204	 205	 117	 116	 0
122	 205	 206	 118	 117	 0
123	 206	 207	 119	 118	 0
124	 207	 208	 120	 119	 0
125	 208	 209	 121	 120	 0
126	 209	 6	 7	 121	 0
127	 51	 52	 224	 217	 0
128	 52	 53	 225	 224	 0
129	 53	 54	 226	 225	 0
130	 54	 55	 227	 226	 0
131	 55	 56	 228	 227	 0
132	 56	 2	 26	 228	 0
133	 217	 224	 229	 216	 0
134	 224	 225	 230	 229	 0
135	 225	 226	 231	 230	 0
136	 226	 227	 232	 231	 0
137	 227	 228	 233	 232	 0
138	 228	 26	 25	 233	 0
139	 216	 229	 215	 210	 0
140	 229	 230	 214	 215	 0
141	 230	 231	 213	 214	 0
142	 231	 232	 212	 213	 0
143	 232	 233	 211	 212	 0
144	 233	 25	 24	 211	 0
145	 24	 23	 234	 211	 0
146	 23	 22	 235	 234	 0
147	 22	 21	 236	 235	 0
148	 21	 20	 237	 236	 0
149	 20	 19	 238	 237	 0
150	 19	 18	 239	 238	 0
151	 18	 1	 57	 239	 0
152	 211	 234	 240	 212	 0
153	 234	 235	 241	 240	 0
154	 235	 236	 242	 241	 0
155	 236	 237	 243	 242	 0
156	 237	 238	 244	 243	 0
157	 238	 239	 245	 244	 0
158	 239	 57	 58	 245	 0
159	 212	 240	 246	 213	 0
160	 240	 241	 247	 246	 0
161	 241	 242	 248	 247	 0
162	 242	 243	 249	 248	 0
163	 243	 244	 250	 249	 0
164	 244	 245	 251	 250	 0
165	 245	 58	 59	 251	 0
166	 213	 246	 252	 214	 0
167	 246	 247	 253	 252	 0
168	 247	 248	 254	 253	 0
169	 248	 249	 255	 254	 0
170	 249	 250	 256	 255	 0
171	 250	 251	 257	 256	 0
172	 251	 59	 60	 257	 0
173	 214	 252	 258	 215	 0
174	 252	 253	 259	 258	 0
175	 253	 254	 260	 259	 0
176	 254	 255	 261	 260	 0
177	 255	 256	 262	 261	 0
178	 256	 257	 263	 262	 0
179	 257	 60	 61	 263	 0
180	 215	 258	 223	 210	 0
181	 258	 259	 222	 223	 0
182	 259	 260	 221	 222	 0
183	 260	 261	 220	 221	 0
184	 261	 262	 219	 220	 0
185	 262	 263	 218	 219	 0
186	 263	 61	 62	 218	 0
187	 62	 63	 264	 218	 0
188	 63	 64	 265	 264	 0
189	 64	 4	 45	 265	 0
190	 218	 264	 266	 219	 0
191	 264	 265	 267	 266	 0
192	 265	 45	 46	 267	 0
193	 219	 266	 268	 220	 0
194	 266	 267	 269	 268	 0
195	 267	 46	 47	 269	 0
196	 220	 268	 270	 221	 0
197	 268	 269	 271	 270	 0
198	 269	 47	 48	 271	 0
199	 221	 270	 272	 222	 0
200	 270	 271	 273	 272	 0
201	 271	 48	 49	 273	 0
202	 222	 272	 274	 223	 0
203	 272	 273	 275	 274	 0
204	 273	 49	 50	 275	 0
205	 223	 274	 216	 210	 0
206	 274	 275	 217	 216	 0
207	 275	 50	 51	 217	 0
208	 72	 73	 295	 287	 0
209	 73	 74	 296	 295	 0
210	 74	 75	 297	 296	 0
211	 75	 76	 298	 297	 0
212	 76	 77	 299	 298	 0
213	 77	 78	 300	 299	 0
214	 78	 79	 301	 300	 0
215	 79	 80	 302	 301	 0
216	 80	 81	 303	 302	 0
217	 81	 82	 304	 303	 0
218	 82	 5	 83	 304	 0
219	 287	 295	 286	 276	 0
220	 295	 296	 285	 286	 0
221	 296	 297	 284	 285	 0
222	 297	 298	 283	 284	 0
223	 298	 299	 282	 283	 0
224	 299	 300	 281	 282	 0
225	 300	 301	 280	 281	 0
226	 301	 302	 279	 280	 0
227	 302	 303	 278	 279	 0
228	 303	 304	 277	 278	 0
229	 304	 83	 84	 277	 0
230	 84	 85	 305	 277	 0
231	 85	 86	 306	 305	 0
232	 86	 87	 307	 306	 0
233	 87	 88	 308	 307	 0
234	 88	 89	 309	 308	 0
235	 89	 90	 310	 309	 0
236	 90	 91	 311	 310	 0
237	 91	 1	 17	 311	 0
238	 277	 305	 312	 278	 0
239	 305	 306	 313	 312	 0
240	 306	 307	 314	 313	 0
241	 307	 308	 315	 314	 0
242	 308	 309	 316	 315	 0
243	 309	 310	 317	 316	 0
244	 310	 311	 318	 317	 0
245	 311	 17	 16	 318	 0
246	 278	 312	 319	 279	 0
247	 312	 313	 320	 319	 0
248	 313	 314	 321	 320	 0
249	 314	 315	 322	 321	 0
250	 315	 316	 323	 322	 0
251	 316	 317	 324	 323	 0
252	 317	 318	 325	 324	 0
253	 318	 16	 15	 325	 0
254	 279	 319	 326	 280	 0
255	 319	 320	 327	 326	 0
256	 320	 321	 328	 327	 0
257	 321	 322	 329	 328	 0
258	 322	 323	 330	 329	 0
259	 323	 324	 331	 330	 0
260	 324	 325	 332	 331	 0
261	 325	 15	 14	 332	 0
262	 280	 326	 333	 281	 0
263	 326	 327	 334	 333	 0
264	 327	 328	 335	 334	 0
265	 328	 329	 336	 335	 0
266	 329	 330	 337	 336	 0
267	 330	 331	 338	 337	 0
268	 331	 332	 339	 338	 0
269	 332	 14	 13	 339	 0
270	 281	 333	 340	 282	 0
271	 333	 334	 341	 340	 0
272	 334	 335	 342	 341	 0
273	 335	 336	 343	 342	 0
274	 336	 337	 344	 343	 0
275	 337	 338	 345	 344	 0
276	 338	 339	 346	 345	 0
277	 339	 13	 12	 346	 0
278	 282	 340	 347	 283	 0
279	 340	 341	 348	 347	 0
280	 341	 342	 349	 348	 0
281	 342	 343	 350	 349	 0
282	 343	 344	 351	 350	 0
283	 344	 345	 352	 351	 0
284	 345	 346	 353	 352	 0
285	 346	 12	 11	 353	 0
286	 283	 347	 354	 284	 0
287	 347	 348	 355	 354	 0
288	 348	 349	 356	 355	 0
289	 349	 350	 357	 356	 0
290	 350	 351	 358	 357	 0
291	 351	 352	 359	 358	 0
292	 352	 353	 360	 359	 0
293	 353	 11	 10	 360	 0
294	 284	 354	 361	 285	 0
295	 354	 355	 362	 361	 0
296	 355	 356	 363	 362	 0
297	 356	 357	 364	 363	 0
298	 357	 358	 365	 364	 0
299	 358	 359	 366	 365	 0
300	 359	 360	 367	 366	 0
301	 360	 10	 9	 367	 0
302	 285	 361	 368	 286	 0
303	 361	 362	 369	 368	 0
304	 362	 363	 370	 369	 0
305	 363	 364	 371	 370	 0
306	 364	 365	 372	 371	 0
307	 365	 366	 373	 372	 0
308	 366	 367	 374	 373	 0
309	 367	 9	 8	 374	 0
310	 286	 368	 294	 276	 0
311	 368	 369	 293	 294	 0
312	 369	 370	 292	 293	 0
313	 370	 371	 291	 292	 0
314	 371	 372	 290	 291	 0
315	 372	 373	 289	 290	 0
316	 373	 374	 288	 289	 0
317	 374	 8	 7	 288	 0
318	 7	 6	 375	 288	 0
319	 6	 3	 65	 375	 0
320	 288	 375	 376	 289	 0
321	 375	 65	 66	 376	 0
322	 289	 376	 377	 290	 0
323	 376	 66	 67	 377	 0
324	 290	 377	 378	 291	 0
325	 377	 67	 68	 378	 0
326	 291	 378	 379	 292	 0
327	 378	 68	 69	 379	 0
328	 292	 379	 380	 293	 0
329	 379	 69	 70	 380	 0
330	 293	 380	 381	 294	 0
331	 380	 70	 71	 381	 0
332	 294	 381	 287	 276	 0
333	 381	 71	 72	 287	 0
334	 62	 61	 396	 393	 0
335	 61	 60	 397	 396	 0
336	 60	 59	 398	 397	 0
337	 59	 58	 399	 398	 0
338	 58	 57	 400	 399	 0
339	 57	 1	 91	 400	 0
340	 393	 396	 401	 392	 0
341	 396	 397	 402	 401	 0
342	 397	 398	 403	 402	 0
343	 398	 399	 404	 403	 0
344	 399	 400	 405	 404	 0
345	 400	 91	 90	 405	 0
346	 392	 401	 406	 391	 0
347	 401	 402	 407	 406	 0
348	 402	 403	 408	 407	 0
349	 403	 404	 409	 408	 0
350	 404	 405	 410	 409	 0
351	 405	 90	 89	 410	 0
352	 391	 406	 411	 390	 0
353	 406	 407	 412	 411	 0
354	 407	 408	 413	 412	 0
355	 408	 409	 414	 413	 0
356	 409	 410	 415	 414	 0
357	 410	 89	 88	 415	 0
358	 390	 411	 416	 389	 0
359	 411	 412	 417	 416	 0
360	 412	 413	 418	 417	 0
361	 413	 414	 419	 418	 0
362	 414	 415	 420	 419	 0
363	 415	 88	 87	 420	 0
364	 389	 416	 421	 388	 0
365	 416	 417	 422	 421	 0
366	 417	 418	 423	 422	 0
367	 418	 419	 424	 423	 0
368	 419	 420	 425	 424	 0
369	 420	 87	 86	 425	 0
370	 388	 421	 387	 382	 0
371	 421	 422	 386	 387	 0
372	 422	 423	 385	 386	 0
373	 423	 424	 384	 385	 0
374	 424	 425	 383	 384	 0
375	 425	 86	 85	 383	 0
376	 85	 84	 426	 383	 0
377	 84	 83	 427	 426	 0
378	 83	 5	 92	 427	 0
379	 383	 426	 428	 384	 0
380	 426	 427	 429	 428	 0
381	 427	 92	 93	 429	 0
382	 384	 428	 430	 385	 0
383	 428	 429	 431	 430	 0
384	 429	 93	 94	 431	 0
385	 385	 430	 432	 386	 0
386	 430	 431	 433	 432	 0
387	 431	 94	 95	 433	 0
388	 386	 432	 434	 387	 0
389	 432	 433	 435	 434	 0
390	 433	 95	 96	 435	 0
391	 387	 434	 395	 382	 0
392	 434	 435	 394	 395	 0
393	 435	 96	 97	 394	 0
394	 97	 98	 436	 394	 0
395	 98	 99	 437	 436	 0
396	 99	 100	 438	 437	 0
397	 100	 101	 439	 438	 0
398	 101	 102	 440	 439	 0
399	 102	 103	 441	 440	 0
400	 103	 4	 64	 441	 0
401	 394	 436	 442	 395	 0
402	 436	 437	 443	 442	 0
403	 437	 438	 444	 443	 0
404	 438	 439	 445	 444	 0
405	 439	 440	 446	 445	 0
406	 440	 441	 447	 446	 0
407	 441	 64	 63	 447	 0
408	 395	 442	 388	 382	 0
409	 442	 443	 389	 388	 0
410	 443	 444	 390	 389	 0
411	 444	 445	 391	 390	 0
412	 445	 446	 392	 391	 0
413	 446	 447	 393	 392	 0
414	 447	 63	 62	 393	 0
