1	 0.000008	 0.051490	
2	 -0.236609	 0.080722	
3	 -0.000700	 -0.249999	
4	 0.000000	 0.250000	
5	 0.236817	 0.080109	
6	 -0.000356	 -0.225622	
7	 0.000000	 -0.203846	
8	 -0.000111	 -0.179298	
9	 -0.000193	 -0.155953	
10	 -0.000241	 -0.132880	
11	 -0.000247	 -0.109804	
12	 -0.000134	 -0.087404	
13	 -0.000148	 -0.063860	
14	 -0.000120	 -0.040741	
15	 0.000000	 -0.019231	
16	 -0.000028	 0.005497	
17	 -0.000008	 0.029144	
18	 -0.023821	 0.052791	
19	 -0.047640	 0.054915	
20	 -0.071432	 0.057328	
21	 -0.095172	 0.059806	
22	 -0.118825	 0.062281	
23	 -0.142355	 0.064767	
24	 -0.165741	 0.067375	
25	 -0.188964	 0.070470	
26	 -0.212307	 0.074694	
27	 -0.243589	 0.056251	
28	 -0.248096	 0.030796	
29	 -0.249954	 0.004804	
30	 -0.249092	 -0.021289	
31	 -0.245524	 -0.047096	
32	 -0.239325	 -0.072273	
33	 -0.230632	 -0.096481	
34	 -0.219679	 -0.119337	
35	 -0.206859	 -0.140391	
36	 -0.192742	 -0.159219	
37	 -0.177873	 -0.175673	
38	 -0.161747	 -0.190625	
39	 -0.143697	 -0.204576	
40	 -0.123534	 -0.217346	
41	 -0.101431	 -0.228499	
42	 -0.077717	 -0.237613	
43	 -0.052758	 -0.244370	
44	 -0.026964	 -0.248542	
45	 -0.024478	 0.248799	
46	 -0.048784	 0.245194	
47	 -0.072563	 0.239237	
48	 -0.095479	 0.231049	
49	 -0.117177	 0.220838	
50	 -0.137330	 0.208903	
51	 -0.155862	 0.195466	
52	 -0.173005	 0.180470	
53	 -0.188871	 0.163792	
54	 -0.203363	 0.145408	
55	 -0.216267	 0.125414	
56	 -0.227376	 0.103925	
57	 0.000031	 0.074199	
58	 0.000079	 0.096569	
59	 0.000120	 0.118625	
60	 0.000115	 0.140449	
61	 0.000105	 0.162107	
62	 0.000183	 0.183624	
63	 0.000195	 0.204968	
64	 0.000113	 0.226786	
65	 0.025495	 -0.248697	
66	 0.051390	 -0.244661	
67	 0.076640	 -0.237963	
68	 0.100870	 -0.228747	
69	 0.123662	 -0.217274	
70	 0.144542	 -0.203979	
71	 0.163131	 -0.189442	
72	 0.179296	 -0.174222	
73	 0.193897	 -0.157810	
74	 0.207465	 -0.139494	
75	 0.219809	 -0.119097	
76	 0.230486	 -0.096831	
77	 0.239085	 -0.073063	
78	 0.245314	 -0.048177	
79	 0.248983	 -0.022532	
80	 0.249975	 0.003525	
81	 0.248236	 0.029650	
82	 0.243784	 0.055401	
83	 0.212582	 0.074553	
84	 0.189158	 0.070651	
85	 0.165830	 0.067491	
86	 0.142334	 0.064620	
87	 0.118822	 0.061953	
88	 0.095206	 0.059408	
89	 0.071483	 0.056941	
90	 0.047688	 0.054530	
91	 0.023854	 0.052638	
92	 0.227594	 0.103445	
93	 0.216278	 0.125395	
94	 0.203058	 0.145834	
95	 0.188199	 0.164563	
96	 0.171992	 0.181436	
97	 0.154712	 0.196378	
98	 0.136121	 0.209693	
99	 0.116169	 0.221370	
100	 0.094882	 0.231295	
101	 0.072414	 0.239283	
102	 0.048975	 0.245156	
103	 0.024769	 0.248770	
104	 -0.164722	 -0.160827	
105	 -0.193742	 0.048437	
106	 -0.197160	 0.025665	
107	 -0.199064	 0.002475	
108	 -0.199279	 -0.020824	
109	 -0.197688	 -0.044021	
110	 -0.194274	 -0.066907	
111	 -0.189157	 -0.089224	
112	 -0.182653	 -0.110586	
113	 -0.175479	 -0.130499	
114	 -0.168776	 -0.148005	
115	 -0.151919	 -0.165296	
116	 -0.134842	 -0.172385	
117	 -0.115174	 -0.180125	
118	 -0.093774	 -0.187341	
119	 -0.071221	 -0.193365	
120	 -0.047916	 -0.197956	
121	 -0.024152	 -0.201162	
122	 -0.169509	 -0.166469	
123	 -0.024099	 -0.178058	
124	 -0.024469	 -0.155041	
125	 -0.024976	 -0.132028	
126	 -0.025443	 -0.108939	
127	 -0.025739	 -0.086016	
128	 -0.025878	 -0.062724	
129	 -0.025797	 -0.039508	
130	 -0.025481	 -0.016672	
131	 -0.025016	 0.006917	
132	 -0.024435	 0.030265	
133	 -0.047954	 -0.175418	
134	 -0.048676	 -0.152767	
135	 -0.049653	 -0.129943	
136	 -0.050572	 -0.106939	
137	 -0.051225	 -0.083865	
138	 -0.051515	 -0.060614	
139	 -0.051386	 -0.037332	
140	 -0.050834	 -0.014137	
141	 -0.049936	 0.009193	
142	 -0.048820	 0.032311	
143	 -0.071445	 -0.171428	
144	 -0.072585	 -0.149231	
145	 -0.074072	 -0.126722	
146	 -0.075469	 -0.103924	
147	 -0.076486	 -0.080924	
148	 -0.076959	 -0.057759	
149	 -0.076810	 -0.034521	
150	 -0.076041	 -0.011293	
151	 -0.074754	 0.011900	
152	 -0.073143	 0.034806	
153	 -0.094272	 -0.166185	
154	 -0.095906	 -0.144614	
155	 -0.097969	 -0.122573	
156	 -0.099908	 -0.100114	
157	 -0.101345	 -0.077345	
158	 -0.102060	 -0.054366	
159	 -0.101952	 -0.031281	
160	 -0.101026	 -0.008178	
161	 -0.099421	 0.014839	
162	 -0.097371	 0.037497	
163	 -0.115996	 -0.160121	
164	 -0.118220	 -0.139437	
165	 -0.120979	 -0.118032	
166	 -0.123580	 -0.096020	
167	 -0.125553	 -0.073567	
168	 -0.126623	 -0.050829	
169	 -0.126668	 -0.027942	
170	 -0.125701	 -0.005013	
171	 -0.123886	 0.017816	
172	 -0.121474	 0.040225	
173	 -0.136070	 -0.154160	
174	 -0.139063	 -0.134644	
175	 -0.142732	 -0.113974	
176	 -0.146203	 -0.092420	
177	 -0.148905	 -0.070253	
178	 -0.150512	 -0.047700	
179	 -0.150884	 -0.024941	
180	 -0.150041	 -0.002106	
181	 -0.148157	 0.020624	
182	 -0.145446	 0.042870	
183	 -0.153822	 -0.149637	
184	 -0.158039	 -0.131438	
185	 -0.163015	 -0.111414	
186	 -0.167694	 -0.090158	
187	 -0.171408	 -0.068088	
188	 -0.173798	 -0.045513	
189	 -0.174716	 -0.022662	
190	 -0.174177	 0.000296	
191	 -0.172323	 0.023112	
192	 -0.169313	 0.045448	
193	 -0.217968	 0.051821	
194	 -0.221829	 0.028051	
195	 -0.223675	 0.003793	
196	 -0.223375	 -0.020601	
197	 -0.220867	 -0.044835	
198	 -0.216174	 -0.068632	
199	 -0.209417	 -0.091688	
200	 -0.200862	 -0.113604	
201	 -0.191032	 -0.133932	
202	 -0.180514	 -0.151906	
203	 -0.154975	 -0.177886	
204	 -0.137572	 -0.188548	
205	 -0.117869	 -0.198563	
206	 -0.096379	 -0.207461	
207	 -0.073542	 -0.214816	
208	 -0.049740	 -0.220340	
209	 -0.025303	 -0.223916	
210	 -0.129137	 0.167417	
211	 -0.160634	 0.087955	
212	 -0.154630	 0.107548	
213	 -0.147791	 0.126095	
214	 -0.140605	 0.143091	
215	 -0.133929	 0.157466	
216	 -0.135651	 0.173815	
217	 -0.144986	 0.183422	
218	 -0.020774	 0.183391	
219	 -0.041221	 0.183085	
220	 -0.062212	 0.180888	
221	 -0.082391	 0.177984	
222	 -0.101269	 0.174327	
223	 -0.117663	 0.170394	
224	 -0.159660	 0.169820	
225	 -0.172893	 0.154031	
226	 -0.184863	 0.136401	
227	 -0.195463	 0.117292	
228	 -0.204507	 0.096866	
229	 -0.146648	 0.162011	
230	 -0.156767	 0.147233	
231	 -0.166232	 0.130247	
232	 -0.174802	 0.111660	
233	 -0.182227	 0.091738	
234	 -0.138161	 0.085321	
235	 -0.115436	 0.083150	
236	 -0.092509	 0.081110	
237	 -0.069449	 0.079020	
238	 -0.046315	 0.076857	
239	 -0.023145	 0.075205	
240	 -0.133342	 0.105114	
241	 -0.111628	 0.103387	
242	 -0.089575	 0.101883	
243	 -0.067297	 0.100288	
244	 -0.044897	 0.098570	
245	 -0.022426	 0.097309	
246	 -0.128040	 0.124008	
247	 -0.107582	 0.122876	
248	 -0.086546	 0.122051	
249	 -0.065131	 0.121092	
250	 -0.043500	 0.119950	
251	 -0.021734	 0.119107	
252	 -0.122893	 0.141542	
253	 -0.103925	 0.141289	
254	 -0.083955	 0.141412	
255	 -0.063347	 0.141333	
256	 -0.042379	 0.140952	
257	 -0.021199	 0.140634	
258	 -0.118966	 0.157051	
259	 -0.101583	 0.158276	
260	 -0.082499	 0.159813	
261	 -0.062399	 0.161003	
262	 -0.041699	 0.161767	
263	 -0.020892	 0.161975	
264	 -0.021438	 0.204426	
265	 -0.022727	 0.225889	
266	 -0.042869	 0.202808	
267	 -0.045420	 0.223250	
268	 -0.063713	 0.200173	
269	 -0.067641	 0.218865	
270	 -0.084693	 0.195158	
271	 -0.089296	 0.212439	
272	 -0.104154	 0.189153	
273	 -0.109723	 0.204329	
274	 -0.121433	 0.182061	
275	 -0.128368	 0.194679	
276	 0.164953	 -0.160636	
277	 0.194029	 0.048473	
278	 0.197563	 0.025519	
279	 0.200142	 0.002737	
280	 0.199863	 -0.021037	
281	 0.198098	 -0.044408	
282	 0.194549	 -0.067389	
283	 0.189258	 -0.089762	
284	 0.182576	 -0.111106	
285	 0.175335	 -0.130861	
286	 0.168779	 -0.148048	
287	 0.170220	 -0.165750	
288	 0.023650	 -0.201205	
289	 0.047238	 -0.197930	
290	 0.070477	 -0.193314	
291	 0.093071	 -0.187268	
292	 0.114599	 -0.180018	
293	 0.134538	 -0.172268	
294	 0.151993	 -0.165129	
295	 0.181242	 -0.151049	
296	 0.191473	 -0.133469	
297	 0.201031	 -0.113620	
298	 0.209415	 -0.092071	
299	 0.216127	 -0.069286	
300	 0.220857	 -0.045651	
301	 0.223467	 -0.021466	
302	 0.223988	 0.003059	
303	 0.222068	 0.027378	
304	 0.218116	 0.051451	
305	 0.169957	 0.045641	
306	 0.145899	 0.042736	
307	 0.121777	 0.039831	
308	 0.097553	 0.037001	
309	 0.073231	 0.034290	
310	 0.048841	 0.031803	
311	 0.024417	 0.029996	
312	 0.173146	 0.023032	
313	 0.148737	 0.020148	
314	 0.124207	 0.017104	
315	 0.099528	 0.014104	
316	 0.074721	 0.011271	
317	 0.049829	 0.008713	
318	 0.024896	 0.006817	
319	 0.175249	 0.000184	
320	 0.150622	 -0.002758	
321	 0.125869	 -0.005920	
322	 0.100915	 -0.009041	
323	 0.075786	 -0.011939	
324	 0.050541	 -0.014528	
325	 0.025247	 -0.016719	
326	 0.175671	 -0.022980	
327	 0.151269	 -0.025833	
328	 0.126561	 -0.029072	
329	 0.101552	 -0.032287	
330	 0.076300	 -0.035227	
331	 0.050889	 -0.037740	
332	 0.025393	 -0.039635	
333	 0.174553	 -0.046059	
334	 0.150594	 -0.048879	
335	 0.126172	 -0.052207	
336	 0.101337	 -0.055521	
337	 0.076185	 -0.058505	
338	 0.050829	 -0.061027	
339	 0.025342	 -0.062705	
340	 0.171855	 -0.068866	
341	 0.148573	 -0.071720	
342	 0.124676	 -0.075178	
343	 0.100251	 -0.078623	
344	 0.075428	 -0.081682	
345	 0.050341	 -0.084162	
346	 0.025102	 -0.085908	
347	 0.167700	 -0.091152	
348	 0.145358	 -0.094116	
349	 0.122225	 -0.097777	
350	 0.098428	 -0.101426	
351	 0.074139	 -0.104633	
352	 0.049519	 -0.107170	
353	 0.024679	 -0.108806	
354	 0.162536	 -0.112499	
355	 0.141419	 -0.115707	
356	 0.119254	 -0.119718	
357	 0.096236	 -0.123718	
358	 0.072602	 -0.127216	
359	 0.048552	 -0.129961	
360	 0.024219	 -0.131712	
361	 0.157294	 -0.132409	
362	 0.137604	 -0.136099	
363	 0.116474	 -0.140725	
364	 0.094238	 -0.145330	
365	 0.071228	 -0.149353	
366	 0.047705	 -0.152506	
367	 0.023839	 -0.154555	
368	 0.153262	 -0.150178	
369	 0.135015	 -0.154920	
370	 0.114759	 -0.160638	
371	 0.093099	 -0.166246	
372	 0.070489	 -0.171106	
373	 0.047265	 -0.174898	
374	 0.023661	 -0.177489	
375	 0.024220	 -0.224131	
376	 0.048651	 -0.220583	
377	 0.072622	 -0.215031	
378	 0.095795	 -0.207552	
379	 0.117738	 -0.198381	
380	 0.137990	 -0.188040	
381	 0.155834	 -0.177090	
382	 0.128836	 0.167570	
383	 0.160718	 0.087812	
384	 0.154754	 0.107295	
385	 0.147996	 0.125794	
386	 0.140785	 0.142843	
387	 0.133908	 0.157401	
388	 0.117409	 0.170656	
389	 0.101246	 0.174421	
390	 0.082670	 0.177893	
391	 0.062794	 0.180544	
392	 0.042219	 0.182228	
393	 0.021292	 0.183100	
394	 0.144162	 0.184116	
395	 0.135087	 0.174177	
396	 0.021172	 0.162057	
397	 0.021536	 0.140734	
398	 0.022099	 0.119165	
399	 0.022688	 0.097326	
400	 0.023267	 0.075276	
401	 0.042191	 0.161864	
402	 0.042960	 0.141117	
403	 0.044086	 0.120039	
404	 0.045286	 0.098644	
405	 0.046481	 0.076861	
406	 0.062964	 0.161099	
407	 0.064213	 0.141163	
408	 0.065948	 0.120787	
409	 0.067792	 0.100008	
410	 0.069629	 0.078700	
411	 0.083152	 0.159699	
412	 0.085003	 0.140844	
413	 0.087468	 0.121370	
414	 0.090071	 0.101342	
415	 0.092638	 0.080624	
416	 0.102192	 0.158009	
417	 0.104902	 0.140532	
418	 0.108365	 0.122082	
419	 0.111964	 0.102823	
420	 0.115430	 0.082670	
421	 0.119313	 0.156775	
422	 0.123458	 0.140893	
423	 0.128398	 0.123398	
424	 0.133353	 0.104699	
425	 0.137959	 0.084950	
426	 0.182803	 0.091288	
427	 0.204794	 0.096417	
428	 0.175231	 0.111145	
429	 0.195417	 0.117204	
430	 0.166478	 0.129940	
431	 0.184499	 0.136719	
432	 0.156744	 0.147198	
433	 0.172192	 0.154645	
434	 0.146266	 0.162219	
435	 0.158653	 0.170604	
436	 0.127391	 0.195509	
437	 0.108852	 0.204992	
438	 0.088820	 0.212775	
439	 0.067651	 0.218849	
440	 0.045657	 0.223178	
441	 0.023084	 0.225772	
442	 0.120836	 0.182558	
443	 0.103826	 0.189383	
444	 0.084862	 0.194967	
445	 0.064620	 0.199262	
446	 0.043573	 0.202256	
447	 0.022036	 0.204024	
