  7.417007942208562E-010
  3.061443687501381E-009
  9.704152105783952E-009
  1.989782224412549E-008
  3.646259637173779E-008
  5.744479196728908E-008
  8.517716143005482E-008
  1.176077964409136E-007
  1.565098344813339E-007
  2.002167494658307E-007
  2.499928428987091E-007
  3.046333216457959E-007
  3.649906188167260E-007
  4.302452074404430E-007
  5.009433322208523E-007
  5.765453276222600E-007
  6.573839635252749E-007
  7.431086972989047E-007
  8.339106256895591E-007
  9.295615501737557E-007
