  1.465254299882152E-004
  9.495720503818986E-005
  2.416292607600168E-004
  1.949084201567559E-004
  2.864984106827141E-004
  2.534729239358274E-004
  3.051977053503583E-004
  2.842103698163550E-004
  3.125120591331352E-004
  2.998656107131221E-004
  3.151699262569725E-004
  3.077784222045775E-004
  3.160067114612049E-004
  3.117671928998937E-004
  3.161697710378768E-004
  3.137660665274067E-004
  3.161070709642396E-004
  3.147522316393935E-004
  3.159855987358113E-004
  3.152223398375813E-004
