  1.696983398770659E-004
  1.117537718555773E-004
  2.857109843256107E-004
  2.237184750242236E-004
  3.303733546725843E-004
  2.850166493168314E-004
  3.441198815091726E-004
  3.149038199833811E-004
  3.465280554060117E-004
  3.286669950463688E-004
  3.452281896889976E-004
  3.345021354854838E-004
  3.429401509947267E-004
  3.364641165440244E-004
  3.405467220191368E-004
  3.365295074318219E-004
  3.382856582784492E-004
  3.356675592031211E-004
  3.361878007285500E-004
  3.343594845429632E-004
