  0.797661368234382     
  0.798311291152167     
  0.799352208069644     
  0.800275956523488     
  0.801396549158317     
  0.802436832919315     
  0.803577449480758     
  0.804666817938015     
  0.805807246285981     
  0.806915826037711     
  0.808049863484399     
  0.809164091207725     
  0.810290327358929     
  0.811403931028259     
  0.812522440926375     
  0.813632498150400     
  0.814743712977853     
  0.815848879637190     
  0.816953240060948     
  0.818052932379009     
