  2.063629149174474E-002
  1.730883222616834E-002
  4.116050041135046E-002
  3.667973384107719E-002
  5.152018535993772E-002
  4.768644876782344E-002
  5.584143608129803E-002
  5.312090709442646E-002
  5.743913782407798E-002
  5.567721584561324E-002
  5.792932078828644E-002
  5.683748689518715E-002
  5.799528901213453E-002
  5.732909567367166E-002
  5.790903808838089E-002
  5.749956299791520E-002
  5.777440307129833E-002
  5.751515297627928E-002
  5.762915787963531E-002
  5.745632671504139E-002
