      1      2     23     22
     22     23     44     43
     43     44     65     64
     64     65     86     85
      2      3     24     23
     23     24     45     44
     44     45     66     65
     65     66     87     86
      3      4     25     24
     24     25     46     45
     45     46     67     66
     66     67     88     87
      4      5     26     25
     25     26     47     46
     46     47     68     67
     67     68     89     88
      5      6     27     26
     26     27     48     47
     47     48     69     68
     68     69     90     89
      6      7     28     27
     27     28     49     48
     48     49     70     69
     69     70     91     90
      7      8     29     28
     28     29     50     49
     49     50     71     70
     70     71     92     91
      8      9     30     29
     29     30     51     50
     50     51     72     71
     71     72     93     92
      9     10     31     30
     30     31     52     51
     51     52     73     72
     72     73     94     93
     10     11     32     31
     31     32     53     52
     52     53     74     73
     73     74     95     94
     11     12     33     32
     32     33     54     53
     53     54     75     74
     74     75     96     95
     12     13     34     33
     33     34     55     54
     54     55     76     75
     75     76     97     96
     13     14     35     34
     34     35     56     55
     55     56     77     76
     76     77     98     97
     14     15     36     35
     35     36     57     56
     56     57     78     77
     77     78     99     98
     15     16     37     36
     36     37     58     57
     57     58     79     78
     78     79    100     99
     16     17     38     37
     37     38     59     58
     58     59     80     79
     79     80    101    100
     17     18     39     38
     38     39     60     59
     59     60     81     80
     80     81    102    101
     18     19     40     39
     39     40     61     60
     60     61     82     81
     81     82    103    102
     19     20     41     40
     40     41     62     61
     61     62     83     82
     82     83    104    103
     20     21     42     41
     41     42     63     62
     62     63     84     83
     83     84    105    104
