1.000000	 -1.000000	 
-1.000000	 -1.000000	 
1.000000	 1.000000	 
-1.000000	 1.000000	 
0.800000	 -1.000000	 
0.600000	 -1.000000	 
0.400000	 -1.000000	 
0.200000	 -1.000000	 
0.000000	 -1.000000	 
-0.200000	 -1.000000	 
-0.400000	 -1.000000	 
-0.600000	 -1.000000	 
-0.800000	 -1.000000	 
1.000000	 0.800000	 
1.000000	 0.600000	 
1.000000	 0.400000	 
1.000000	 0.200000	 
1.000000	 0.000000	 
1.000000	 -0.200000	 
1.000000	 -0.400000	 
1.000000	 -0.600000	 
1.000000	 -0.800000	 
-0.800000	 1.000000	 
-0.600000	 1.000000	 
-0.400000	 1.000000	 
-0.200000	 1.000000	 
0.000000	 1.000000	 
0.200000	 1.000000	 
0.400000	 1.000000	 
0.600000	 1.000000	 
0.800000	 1.000000	 
-1.000000	 -0.800000	 
-1.000000	 -0.600000	 
-1.000000	 -0.400000	 
-1.000000	 -0.200000	 
-1.000000	 0.000000	 
-1.000000	 0.200000	 
-1.000000	 0.400000	 
-1.000000	 0.600000	 
-1.000000	 0.800000	 
-0.800737	 -0.800986	 
-0.000956	 -0.802309	 
-0.202866	 -0.803352	 
-0.402882	 -0.803567	 
-0.601695	 -0.802471	 
0.793444	 0.002471	 
0.794194	 -0.196464	 
0.796682	 -0.398138	 
0.798717	 -0.599895	 
0.799711	 -0.800317	 
-0.001285	 0.802442	 
0.200647	 0.802984	 
0.400895	 0.802830	 
0.600598	 0.801928	 
0.800332	 0.800807	 
-0.795356	 -0.001856	 
-0.796147	 0.197700	 
-0.798516	 0.399587	 
-0.800155	 0.601047	 
-0.800527	 0.801034	 
-0.797249	 -0.201410	 
0.592875	 -0.398128	 
0.400256	 -0.801493	 
0.199902	 -0.802171	 
-0.005194	 -0.610214	 
-0.800691	 -0.601665	 
0.402363	 0.607829	 
0.798360	 0.401536	 
0.795551	 0.201342	 
-0.596761	 0.400329	 
-0.402226	 0.802402	 
-0.202133	 0.802647	 
-0.799646	 -0.401983	 
-0.602711	 -0.605059	 
0.577537	 0.006566	 
-0.208343	 -0.612255	 
-0.406630	 -0.609827	 
0.000064	 0.610336	 
0.583425	 -0.194417	 
0.597665	 -0.600389	 
0.599459	 -0.800669	 
-0.582210	 -0.006011	 
0.203294	 0.611447	 
0.600674	 0.604405	 
0.799946	 0.601643	 
-0.587932	 0.196194	 
-0.600469	 0.601997	 
-0.600867	 0.801670	 
0.196720	 -0.607300	 
-0.601455	 -0.407323	 
0.370325	 -0.202124	 
-0.378209	 0.203604	 
0.397230	 -0.602969	 
-0.014498	 -0.428093	 
0.598102	 0.406656	 
0.206578	 0.428962	 
-0.401717	 0.604101	 
-0.407157	 -0.418813	 
-0.214721	 -0.430703	 
0.334206	 0.015097	 
0.589075	 0.207351	 
0.006449	 0.428984	 
-0.201540	 0.608021	 
0.388325	 -0.404024	 
-0.343151	 -0.015242	 
-0.593313	 -0.207845	 
0.401132	 0.418150	 
-0.394484	 0.405991	 
0.186066	 -0.417393	 
-0.396147	 -0.228635	 
-0.217526	 -0.262517	 
0.388576	 0.227880	 
0.163208	 -0.233211	 
0.207852	 0.262175	 
-0.193643	 0.418688	 
-0.172905	 0.233879	 
0.118796	 -0.061101	 
-0.129119	 0.061020	 
0.021005	 0.258277	 
-0.030855	 -0.258049	 
0.196664	 0.128770	 
-0.206560	 -0.128588	 
0.053529	 0.094032	 
-0.063665	 -0.093839	 
