       1
      40
      41
      80
      81
     120
     121
     160
     161
     200
     201
     240
     241
     280
     281
     320
     321
     360
     361
     400
     401
     440
     441
     480
     481
     520
     521
     560
     561
     600
     601
     640
     641
     680
     681
     720
     721
     760
     761
     800
     801
     840
     841
     880
     881
     920
     921
     960
     961
    1000
    1001
    1040
    1041
    1080
    1081
    1120
    1121
    1160
    1161
    1200
    1201
    1240
    1241
    1280
    1281
    1320
    1321
    1360
    1361
    1400
    1401
    1440
    1441
    1480
    1481
    1520
    1521
    1560
    1561
    1562
    1563
    1564
    1565
    1566
    1567
    1568
    1569
    1570
    1571
    1572
    1573
    1574
    1575
    1576
    1577
    1578
    1579
    1580
    1581
    1582
    1583
    1584
    1585
    1586
    1587
    1588
    1589
    1590
    1591
    1592
    1593
    1594
    1595
    1596
    1597
    1598
    1599
    1600
    1601
    1641
    1681
    1721
    1761
    1801
    1841
    1881
    1921
    1961
    3601
    3641
    3681
    3721
    3761
    3801
    3841
    3881
    3921
    3961
