    1    0.000000   -0.500000    0.000000  0
    2    0.500000    0.000000    0.000000  0
    3    0.046134   -0.497867    0.000000  0
    4    0.091875   -0.491487    0.000000  0
    5    0.136831   -0.480913    0.000000  0
    6    0.180621   -0.466236    0.000000  0
    7    0.222869   -0.447582    0.000000  0
    8    0.263216   -0.425109    0.000000  0
    9    0.301317   -0.399009    0.000000  0
   10    0.336848   -0.369504    0.000000  0
   11    0.369504   -0.336848    0.000000  0
   12    0.399009   -0.301317    0.000000  0
   13    0.425109   -0.263216    0.000000  0
   14    0.447582   -0.222869    0.000000  0
   15    0.466236   -0.180621    0.000000  0
   16    0.480913   -0.136831    0.000000  0
   17    0.491487   -0.091875    0.000000  0
   18    0.497867   -0.046134    0.000000  0
   19   -0.500000    0.000000    0.000000  0
   20   -0.497867   -0.046134    0.000000  0
   21   -0.491487   -0.091875    0.000000  0
   22   -0.480913   -0.136831    0.000000  0
   23   -0.466236   -0.180621    0.000000  0
   24   -0.447582   -0.222869    0.000000  0
   25   -0.425109   -0.263216    0.000000  0
   26   -0.399009   -0.301317    0.000000  0
   27   -0.369504   -0.336848    0.000000  0
   28   -0.336848   -0.369504    0.000000  0
   29   -0.301317   -0.399009    0.000000  0
   30   -0.263216   -0.425109    0.000000  0
   31   -0.222869   -0.447582    0.000000  0
   32   -0.180621   -0.466236    0.000000  0
   33   -0.136831   -0.480913    0.000000  0
   34   -0.091875   -0.491487    0.000000  0
   35   -0.046134   -0.497867    0.000000  0
   36    0.000000    0.500000    0.000000  0
   37   -0.046134    0.497867    0.000000  0
   38   -0.091875    0.491487    0.000000  0
   39   -0.136831    0.480913    0.000000  0
   40   -0.180621    0.466236    0.000000  0
   41   -0.222869    0.447582    0.000000  0
   42   -0.263216    0.425109    0.000000  0
   43   -0.301317    0.399009    0.000000  0
   44   -0.336848    0.369504    0.000000  0
   45   -0.369504    0.336848    0.000000  0
   46   -0.399009    0.301317    0.000000  0
   47   -0.425109    0.263216    0.000000  0
   48   -0.447582    0.222869    0.000000  0
   49   -0.466236    0.180621    0.000000  0
   50   -0.480913    0.136831    0.000000  0
   51   -0.491487    0.091875    0.000000  0
   52   -0.497867    0.046134    0.000000  0
   53    0.497867    0.046134    0.000000  0
   54    0.491487    0.091875    0.000000  0
   55    0.480913    0.136831    0.000000  0
   56    0.466236    0.180621    0.000000  0
   57    0.447582    0.222869    0.000000  0
   58    0.425109    0.263216    0.000000  0
   59    0.399009    0.301317    0.000000  0
   60    0.369504    0.336848    0.000000  0
   61    0.336848    0.369504    0.000000  0
   62    0.301317    0.399009    0.000000  0
   63    0.263216    0.425109    0.000000  0
   64    0.222869    0.447582    0.000000  0
   65    0.180621    0.466236    0.000000  0
   66    0.136831    0.480913    0.000000  0
   67    0.091875    0.491487    0.000000  0
   68    0.046134    0.497867    0.000000  0
   69    0.021269    0.460049    0.000000  0
   70    0.062830    0.458531    0.000000  0
   71    0.103663    0.447981    0.000000  0
   72    0.143729    0.435092    0.000000  0
   73    0.186022    0.421300    0.000000  0
   74    0.224101    0.402339    0.000000  0
   75    0.260268    0.379945    0.000000  0
   76    0.294215    0.354310    0.000000  0
   77    0.325651    0.325651    0.000000  0
   78    0.354310    0.294215    0.000000  0
   79    0.379945    0.260268    0.000000  0
   80    0.402339    0.224101    0.000000  0
   81    0.421300    0.186022    0.000000  0
   82    0.436667    0.146356    0.000000  0
   83    0.448308    0.105441    0.000000  0
   84    0.456124    0.063627    0.000000  0
   85    0.460049    0.021269    0.000000  0
   86   -0.460049    0.021269    0.000000  0
   87   -0.458531    0.062830    0.000000  0
   88   -0.447981    0.103663    0.000000  0
   89   -0.435092    0.143729    0.000000  0
   90   -0.421300    0.186022    0.000000  0
   91   -0.402339    0.224101    0.000000  0
   92   -0.379945    0.260268    0.000000  0
   93   -0.354310    0.294215    0.000000  0
   94   -0.325651    0.325651    0.000000  0
   95   -0.294215    0.354310    0.000000  0
   96   -0.260268    0.379945    0.000000  0
   97   -0.224101    0.402339    0.000000  0
   98   -0.186022    0.421300    0.000000  0
   99   -0.146356    0.436667    0.000000  0
  100   -0.105441    0.448308    0.000000  0
  101   -0.065074    0.454125    0.000000  0
  102   -0.021269    0.460049    0.000000  0
  103   -0.021269   -0.460049    0.000000  0
  104   -0.062830   -0.458531    0.000000  0
  105   -0.103663   -0.447981    0.000000  0
  106   -0.143729   -0.435092    0.000000  0
  107   -0.186022   -0.421300    0.000000  0
  108   -0.224101   -0.402339    0.000000  0
  109   -0.260268   -0.379945    0.000000  0
  110   -0.294215   -0.354310    0.000000  0
  111   -0.325651   -0.325651    0.000000  0
  112   -0.354310   -0.294215    0.000000  0
  113   -0.379945   -0.260268    0.000000  0
  114   -0.402339   -0.224101    0.000000  0
  115   -0.421300   -0.186022    0.000000  0
  116   -0.436667   -0.146356    0.000000  0
  117   -0.448308   -0.105441    0.000000  0
  118   -0.454125   -0.065074    0.000000  0
  119   -0.460049   -0.021269    0.000000  0
  120    0.460049   -0.021269    0.000000  0
  121    0.456124   -0.063627    0.000000  0
  122    0.448308   -0.105441    0.000000  0
  123    0.436667   -0.146356    0.000000  0
  124    0.421300   -0.186022    0.000000  0
  125    0.402339   -0.224101    0.000000  0
  126    0.379945   -0.260268    0.000000  0
  127    0.354310   -0.294215    0.000000  0
  128    0.325651   -0.325651    0.000000  0
  129    0.294215   -0.354310    0.000000  0
  130    0.260268   -0.379945    0.000000  0
  131    0.224101   -0.402339    0.000000  0
  132    0.186022   -0.421300    0.000000  0
  133    0.146356   -0.436667    0.000000  0
  134    0.105441   -0.448308    0.000000  0
  135    0.063627   -0.456124    0.000000  0
  136    0.021269   -0.460049    0.000000  0
  137    0.040767    0.429541    0.000000  0
  138    0.000000    0.420098    0.000000  0
  139    0.071496    0.423935    0.000000  0
  140    0.104551    0.395969    0.000000  0
  141    0.151743    0.397875    0.000000  0
  142    0.186721    0.380017    0.000000  0
  143    0.224232    0.366220    0.000000  0
  144    0.252505    0.340694    0.000000  0
  145    0.287430    0.319177    0.000000  0
  146    0.310663    0.288659    0.000000  0
  147    0.341140    0.260975    0.000000  0
  148    0.358392    0.226682    0.000000  0
  149    0.383279    0.193853    0.000000  0
  150    0.393940    0.156971    0.000000  0
  151    0.412373    0.120126    0.000000  0
  152    0.416075    0.081913    0.000000  0
  153    0.427424    0.042308    0.000000  0
  154    0.424042    0.004064    0.000000  0
  155   -0.429541    0.040767    0.000000  0
  156   -0.420098    0.000000    0.000000  0
  157   -0.423935    0.071496    0.000000  0
  158   -0.395969    0.104551    0.000000  0
  159   -0.397875    0.151743    0.000000  0
  160   -0.380017    0.186721    0.000000  0
  161   -0.366220    0.224232    0.000000  0
  162   -0.340694    0.252505    0.000000  0
  163   -0.319177    0.287430    0.000000  0
  164   -0.288659    0.310663    0.000000  0
  165   -0.260975    0.341140    0.000000  0
  166   -0.226682    0.358392    0.000000  0
  167   -0.193853    0.383279    0.000000  0
  168   -0.157915    0.393388    0.000000  0
  169   -0.122468    0.411295    0.000000  0
  170   -0.082292    0.411416    0.000000  0
  171   -0.043435    0.415625    0.000000  0
  172   -0.040767   -0.429541    0.000000  0
  173   -0.004338   -0.423221    0.000000  0
  174   -0.071496   -0.423935    0.000000  0
  175   -0.104551   -0.395969    0.000000  0
  176   -0.151743   -0.397875    0.000000  0
  177   -0.186721   -0.380017    0.000000  0
  178   -0.224232   -0.366220    0.000000  0
  179   -0.252505   -0.340694    0.000000  0
  180   -0.287430   -0.319177    0.000000  0
  181   -0.310663   -0.288659    0.000000  0
  182   -0.341140   -0.260975    0.000000  0
  183   -0.358392   -0.226682    0.000000  0
  184   -0.383279   -0.193853    0.000000  0
  185   -0.393388   -0.157915    0.000000  0
  186   -0.411295   -0.122468    0.000000  0
  187   -0.411416   -0.082292    0.000000  0
  188   -0.415625   -0.043435    0.000000  0
  189    0.427920   -0.036952    0.000000  0
  190    0.417569   -0.073922    0.000000  0
  191    0.413844   -0.114953    0.000000  0
  192    0.396876   -0.149392    0.000000  0
  193    0.385675   -0.189039    0.000000  0
  194    0.362667   -0.219774    0.000000  0
  195    0.344373   -0.256688    0.000000  0
  196    0.316109   -0.282672    0.000000  0
  197    0.291343   -0.315596    0.000000  0
  198    0.258786   -0.335943    0.000000  0
  199    0.228392   -0.363756    0.000000  0
  200    0.192650   -0.377775    0.000000  0
  201    0.157663   -0.399529    0.000000  0
  202    0.119991   -0.406821    0.000000  0
  203    0.081618   -0.421807    0.000000  0
  204    0.039624   -0.418687    0.000000  0
  205    0.043092    0.389733    0.000000  0
  206   -0.014415    0.380886    0.000000  0
  207    0.144877    0.361733    0.000000  0
  208    0.201071    0.334589    0.000000  0
  209    0.255879    0.292731    0.000000  0
  210    0.304916    0.241035    0.000000  0
  211    0.343952    0.181035    0.000000  0
  212    0.371355    0.114810    0.000000  0
  213    0.385452    0.044687    0.000000  0
  214    0.387716   -0.027052    0.000000  0
  215   -0.389733    0.043092    0.000000  0
  216   -0.380886   -0.014415    0.000000  0
  217   -0.361733    0.144877    0.000000  0
  218   -0.334589    0.201071    0.000000  0
  219   -0.292731    0.255879    0.000000  0
  220   -0.241035    0.304916    0.000000  0
  221   -0.180704    0.342635    0.000000  0
  222   -0.120334    0.366695    0.000000  0
  223   -0.043092   -0.389733    0.000000  0
  224    0.018647   -0.382239    0.000000  0
  225   -0.144877   -0.361733    0.000000  0
  226   -0.201071   -0.334589    0.000000  0
  227   -0.255879   -0.292731    0.000000  0
  228   -0.304916   -0.241035    0.000000  0
  229   -0.342635   -0.180704    0.000000  0
  230   -0.366695   -0.120334    0.000000  0
  231    0.375570   -0.097564    0.000000  0
  232    0.351768   -0.165278    0.000000  0
  233    0.314966   -0.226645    0.000000  0
  234    0.268310   -0.281189    0.000000  0
  235    0.211824   -0.325119    0.000000  0
  236    0.148634   -0.359165    0.000000  0
  237    0.080267   -0.379476    0.000000  0
  238   -0.065809    0.372742    0.000000  0
  239   -0.372742   -0.065809    0.000000  0
  240    0.020088    0.344478    0.000000  0
  241    0.086878    0.344292    0.000000  0
  242    0.147700    0.315209    0.000000  0
  243    0.199628    0.284273    0.000000  0
  244    0.247289    0.240530    0.000000  0
  245    0.286855    0.190766    0.000000  0
  246    0.316891    0.134891    0.000000  0
  247    0.335922    0.074120    0.000000  0
  248    0.345794    0.012554    0.000000  0
  249   -0.348013    0.016090    0.000000  0
  250   -0.346153    0.084068    0.000000  0
  251   -0.314586    0.146882    0.000000  0
  252   -0.281367    0.200167    0.000000  0
  253   -0.240711    0.247668    0.000000  0
  254   -0.196047    0.287635    0.000000  0
  255   -0.143327    0.312730    0.000000  0
  256   -0.088986    0.329774    0.000000  0
  257   -0.036429    0.339105    0.000000  0
  258   -0.016090   -0.348013    0.000000  0
  259    0.045540   -0.340964    0.000000  0
  260   -0.084068   -0.346153    0.000000  0
  261   -0.146914   -0.314681    0.000000  0
  262   -0.200191   -0.281418    0.000000  0
  263   -0.247676   -0.240728    0.000000  0
  264   -0.287635   -0.196047    0.000000  0
  265   -0.312729   -0.143327    0.000000  0
  266   -0.329774   -0.088986    0.000000  0
  267   -0.339105   -0.036429    0.000000  0
  268    0.340227   -0.052059    0.000000  0
  269    0.326984   -0.113196    0.000000  0
  270    0.298451   -0.171441    0.000000  0
  271    0.264020   -0.223667    0.000000  0
  272    0.216353   -0.267607    0.000000  0
  273    0.164183   -0.303170    0.000000  0
  274    0.106470   -0.328920    0.000000  0
  275    0.049347    0.305832    0.000000  0
  276   -0.002968    0.302909    0.000000  0
  277    0.100913    0.295467    0.000000  0
  278    0.151574    0.267300    0.000000  0
  279    0.196694    0.233330    0.000000  0
  280    0.235576    0.192355    0.000000  0
  281    0.266650    0.145625    0.000000  0
  282    0.288685    0.094069    0.000000  0
  283    0.301278    0.039589    0.000000  0
  284    0.303443   -0.016323    0.000000  0
  285   -0.307773    0.046263    0.000000  0
  286   -0.305158   -0.005136    0.000000  0
  287   -0.292742    0.099967    0.000000  0
  288   -0.265478    0.151236    0.000000  0
  289   -0.232830    0.197564    0.000000  0
  290   -0.195675    0.238393    0.000000  0
  291   -0.160298    0.268974    0.000000  0
  292   -0.112575    0.274469    0.000000  0
  293   -0.055588    0.295306    0.000000  0
  294   -0.043710   -0.307021    0.000000  0
  295    0.013366   -0.305268    0.000000  0
  296    0.068351   -0.296174    0.000000  0
  297   -0.100071   -0.293146    0.000000  0
  298   -0.151381   -0.265446    0.000000  0
  299   -0.197623   -0.232809    0.000000  0
  300   -0.238414   -0.195674    0.000000  0
  301   -0.268988   -0.160312    0.000000  0
  302   -0.272473   -0.110835    0.000000  0
  303   -0.294153   -0.056106    0.000000  0
  304    0.295304   -0.071851    0.000000  0
  305    0.277067   -0.124822    0.000000  0
  306    0.249413   -0.173669    0.000000  0
  307    0.213235   -0.216351    0.000000  0
  308    0.169453   -0.251438    0.000000  0
  309    0.120558   -0.278069    0.000000  0
  310    0.070213    0.269643    0.000000  0
  311    0.026732    0.266607    0.000000  0
  312   -0.023991    0.263752    0.000000  0
  313    0.108321    0.248349    0.000000  0
  314    0.151143    0.220887    0.000000  0
  315    0.188462    0.187870    0.000000  0
  316    0.219440    0.149486    0.000000  0
  317    0.243002    0.106455    0.000000  0
  318    0.258091    0.059977    0.000000  0
  319    0.264271    0.011534    0.000000  0
  320    0.261972   -0.037348    0.000000  0
  321   -0.264998    0.060400    0.000000  0
  322   -0.277178    0.019256    0.000000  0
  323   -0.266565   -0.019131    0.000000  0
  324   -0.247271    0.109450    0.000000  0
  325   -0.221657    0.153046    0.000000  0
  326   -0.189925    0.193759    0.000000  0
  327   -0.153864    0.231645    0.000000  0
  328   -0.067995    0.249019    0.000000  0
  329   -0.062584   -0.260524    0.000000  0
  330   -0.013361   -0.266413    0.000000  0
  331    0.035682   -0.263269    0.000000  0
  332    0.082909   -0.251612    0.000000  0
  333   -0.109624   -0.244177    0.000000  0
  334   -0.153192   -0.221517    0.000000  0
  335   -0.193796   -0.189904    0.000000  0
  336   -0.230123   -0.151820    0.000000  0
  337   -0.247436   -0.062292    0.000000  0
  338    0.250742   -0.084998    0.000000  0
  339    0.230397   -0.130026    0.000000  0
  340    0.202224   -0.170685    0.000000  0
  341    0.167269   -0.204956    0.000000  0
  342    0.126635   -0.231703    0.000000  0
  343   -0.108957    0.221154    0.000000  0
  344   -0.219468   -0.105985    0.000000  0
  345    0.062103    0.228453    0.000000  0
  346    0.005686    0.229052    0.000000  0
  347   -0.035765    0.229397    0.000000  0
  348    0.111336    0.205904    0.000000  0
  349    0.147230    0.180194    0.000000  0
  350    0.177664    0.149185    0.000000  0
  351    0.201903    0.114023    0.000000  0
  352    0.216527    0.074965    0.000000  0
  353    0.224016    0.033964    0.000000  0
  354    0.226046   -0.009048    0.000000  0
  355    0.225103   -0.051721    0.000000  0
  356   -0.224601    0.068797    0.000000  0
  357   -0.244102    0.022994    0.000000  0
  358   -0.226359   -0.018252    0.000000  0
  359   -0.205115    0.113317    0.000000  0
  360   -0.180724    0.150585    0.000000  0
  361   -0.146473    0.186020    0.000000  0
  362   -0.066649    0.207374    0.000000  0
  363   -0.075609   -0.218917    0.000000  0
  364   -0.033510   -0.227755    0.000000  0
  365    0.009016   -0.231239    0.000000  0
  366    0.051528   -0.225803    0.000000  0
  367    0.091636   -0.212358    0.000000  0
  368   -0.116007   -0.203027    0.000000  0
  369   -0.150624   -0.180680    0.000000  0
  370   -0.186011   -0.146236    0.000000  0
  371   -0.204009   -0.061466    0.000000  0
  372    0.207056   -0.092059    0.000000  0
  373    0.184462   -0.130918    0.000000  0
  374    0.158016   -0.164768    0.000000  0
  375    0.127987   -0.191783    0.000000  0
  376    0.075925    0.179710    0.000000  0
  377    0.026686    0.189089    0.000000  0
  378   -0.023715    0.195356    0.000000  0
  379    0.111578    0.170025    0.000000  0
  380    0.137443    0.142629    0.000000  0
  381    0.165165    0.117587    0.000000  0
  382    0.176656    0.083835    0.000000  0
  383    0.191928    0.052072    0.000000  0
  384    0.184200    0.014695    0.000000  0
  385    0.196715   -0.025416    0.000000  0
  386    0.183494   -0.058381    0.000000  0
  387   -0.183402    0.075024    0.000000  0
  388   -0.204190    0.030165    0.000000  0
  389   -0.185620   -0.015059    0.000000  0
  390   -0.169650    0.112203    0.000000  0
  391   -0.141504    0.141504    0.000000  0
  392   -0.103860    0.177472    0.000000  0
  393   -0.089156   -0.182736    0.000000  0
  394   -0.048454   -0.178795    0.000000  0
  395   -0.011454   -0.198423    0.000000  0
  396    0.024714   -0.193926    0.000000  0
  397    0.060888   -0.193277    0.000000  0
  398    0.092490   -0.174495    0.000000  0
  399   -0.117838   -0.170131    0.000000  0
  400   -0.141504   -0.141504    0.000000  0
  401   -0.174509   -0.102251    0.000000  0
  402    0.164276   -0.095642    0.000000  0
  403    0.141802   -0.131613    0.000000  0
  404    0.124353   -0.158651    0.000000  0
  405   -0.061862    0.164328    0.000000  0
  406   -0.162951   -0.059891    0.000000  0
  407    0.094592    0.140397    0.000000  0
  408    0.046767    0.142898    0.000000  0
  409   -0.011731    0.145501    0.000000  0
  410    0.128916    0.097989    0.000000  0
  411    0.151816    0.053631    0.000000  0
  412    0.158522   -0.023562    0.000000  0
  413    0.138697   -0.060212    0.000000  0
  414   -0.135264    0.088958    0.000000  0
  415   -0.159923    0.032164    0.000000  0
  416   -0.144014   -0.018077    0.000000  0
  417   -0.098418    0.131738    0.000000  0
  418   -0.092996   -0.140221    0.000000  0
  419   -0.002293   -0.158964    0.000000  0
  420    0.050713   -0.153754    0.000000  0
  421    0.099361   -0.137147    0.000000  0
  422   -0.133107   -0.098423    0.000000  0
  423   -0.057813    0.126355    0.000000  0
  424   -0.126580   -0.060020    0.000000  0
  425    0.117931   -0.100448    0.000000  0
  426    0.021812    0.101359    0.000000  0
  427   -0.031778    0.096425    0.000000  0
  428    0.073321    0.101336    0.000000  0
  429    0.101550    0.059266    0.000000  0
  430    0.130822    0.017056    0.000000  0
  431    0.112907   -0.020687    0.000000  0
  432   -0.107048    0.031971    0.000000  0
  433   -0.098328   -0.030819    0.000000  0
  434   -0.080402    0.087483    0.000000  0
  435   -0.042385   -0.113699    0.000000  0
  436    0.019074   -0.110682    0.000000  0
  437    0.071114   -0.105199    0.000000  0
  438   -0.093246   -0.083093    0.000000  0
  439    0.091056   -0.062304    0.000000  0
  440    0.051654    0.059690    0.000000  0
  441   -0.050090    0.047520    0.000000  0
  442    0.082735    0.019058    0.000000  0
  443    0.063398   -0.022329    0.000000  0
  444   -0.059421   -0.002744    0.000000  0
  445   -0.056358   -0.053360    0.000000  0
  446   -0.008225   -0.065882    0.000000  0
  447    0.042291   -0.064947    0.000000  0
  448   -0.000329    0.057285    0.000000  0
  449    0.032089    0.017492    0.000000  0
  450   -0.015144    0.011741    0.000000  0
  451    0.013997   -0.024019    0.000000  0
  452   -0.026446   -0.026065    0.000000  0
  453    0.500000    0.000000    0.100000  0
  454    0.000000    0.500000    0.100000  0
  455    0.497867    0.046134    0.100000  0
  456    0.491487    0.091875    0.100000  0
  457    0.480913    0.136831    0.100000  0
  458    0.466236    0.180621    0.100000  0
  459    0.447582    0.222869    0.100000  0
  460    0.425109    0.263216    0.100000  0
  461    0.399009    0.301317    0.100000  0
  462    0.369504    0.336848    0.100000  0
  463    0.336848    0.369504    0.100000  0
  464    0.301317    0.399009    0.100000  0
  465    0.263216    0.425109    0.100000  0
  466    0.222869    0.447582    0.100000  0
  467    0.180621    0.466236    0.100000  0
  468    0.136831    0.480913    0.100000  0
  469    0.091875    0.491487    0.100000  0
  470    0.046134    0.497867    0.100000  0
  471   -0.500000    0.000000    0.100000  0
  472   -0.046134    0.497867    0.100000  0
  473   -0.091875    0.491487    0.100000  0
  474   -0.136831    0.480913    0.100000  0
  475   -0.180621    0.466236    0.100000  0
  476   -0.222869    0.447582    0.100000  0
  477   -0.263216    0.425109    0.100000  0
  478   -0.301317    0.399009    0.100000  0
  479   -0.336848    0.369504    0.100000  0
  480   -0.369504    0.336848    0.100000  0
  481   -0.399009    0.301317    0.100000  0
  482   -0.425109    0.263216    0.100000  0
  483   -0.447582    0.222869    0.100000  0
  484   -0.466236    0.180621    0.100000  0
  485   -0.480913    0.136831    0.100000  0
  486   -0.491487    0.091875    0.100000  0
  487   -0.497867    0.046134    0.100000  0
  488    0.000000   -0.500000    0.100000  0
  489   -0.497867   -0.046134    0.100000  0
  490   -0.491487   -0.091875    0.100000  0
  491   -0.480913   -0.136831    0.100000  0
  492   -0.466236   -0.180621    0.100000  0
  493   -0.447582   -0.222869    0.100000  0
  494   -0.425109   -0.263216    0.100000  0
  495   -0.399009   -0.301317    0.100000  0
  496   -0.369504   -0.336848    0.100000  0
  497   -0.336848   -0.369504    0.100000  0
  498   -0.301317   -0.399009    0.100000  0
  499   -0.263216   -0.425109    0.100000  0
  500   -0.222869   -0.447582    0.100000  0
  501   -0.180621   -0.466236    0.100000  0
  502   -0.136831   -0.480913    0.100000  0
  503   -0.091875   -0.491487    0.100000  0
  504   -0.046134   -0.497867    0.100000  0
  505    0.046134   -0.497867    0.100000  0
  506    0.091875   -0.491487    0.100000  0
  507    0.136831   -0.480913    0.100000  0
  508    0.180621   -0.466236    0.100000  0
  509    0.222869   -0.447582    0.100000  0
  510    0.263216   -0.425109    0.100000  0
  511    0.301317   -0.399009    0.100000  0
  512    0.336848   -0.369504    0.100000  0
  513    0.369504   -0.336848    0.100000  0
  514    0.399009   -0.301317    0.100000  0
  515    0.425109   -0.263216    0.100000  0
  516    0.447582   -0.222869    0.100000  0
  517    0.466236   -0.180621    0.100000  0
  518    0.480913   -0.136831    0.100000  0
  519    0.491487   -0.091875    0.100000  0
  520    0.497867   -0.046134    0.100000  0
  521    0.460049   -0.021269    0.100000  0
  522    0.456124   -0.063627    0.100000  0
  523    0.448308   -0.105441    0.100000  0
  524    0.436667   -0.146356    0.100000  0
  525    0.421300   -0.186022    0.100000  0
  526    0.402339   -0.224101    0.100000  0
  527    0.379945   -0.260268    0.100000  0
  528    0.354310   -0.294215    0.100000  0
  529    0.325651   -0.325651    0.100000  0
  530    0.294215   -0.354310    0.100000  0
  531    0.260268   -0.379945    0.100000  0
  532    0.224101   -0.402339    0.100000  0
  533    0.186022   -0.421300    0.100000  0
  534    0.146356   -0.436667    0.100000  0
  535    0.105441   -0.448308    0.100000  0
  536    0.063627   -0.456124    0.100000  0
  537    0.021269   -0.460049    0.100000  0
  538   -0.021269   -0.460049    0.100000  0
  539   -0.063627   -0.456124    0.100000  0
  540   -0.105441   -0.448308    0.100000  0
  541   -0.146356   -0.436667    0.100000  0
  542   -0.186022   -0.421300    0.100000  0
  543   -0.224101   -0.402339    0.100000  0
  544   -0.260268   -0.379945    0.100000  0
  545   -0.294215   -0.354310    0.100000  0
  546   -0.325651   -0.325651    0.100000  0
  547   -0.354310   -0.294215    0.100000  0
  548   -0.379945   -0.260268    0.100000  0
  549   -0.402339   -0.224101    0.100000  0
  550   -0.421300   -0.186022    0.100000  0
  551   -0.436667   -0.146356    0.100000  0
  552   -0.448308   -0.105441    0.100000  0
  553   -0.456124   -0.063627    0.100000  0
  554   -0.460049   -0.021269    0.100000  0
  555   -0.460049    0.021269    0.100000  0
  556   -0.456124    0.063627    0.100000  0
  557   -0.448308    0.105441    0.100000  0
  558   -0.436667    0.146356    0.100000  0
  559   -0.421300    0.186022    0.100000  0
  560   -0.402339    0.224101    0.100000  0
  561   -0.379945    0.260268    0.100000  0
  562   -0.354310    0.294215    0.100000  0
  563   -0.325651    0.325651    0.100000  0
  564   -0.294215    0.354310    0.100000  0
  565   -0.260268    0.379945    0.100000  0
  566   -0.224101    0.402339    0.100000  0
  567   -0.186022    0.421300    0.100000  0
  568   -0.146356    0.436667    0.100000  0
  569   -0.105441    0.448308    0.100000  0
  570   -0.063627    0.456124    0.100000  0
  571   -0.021269    0.460049    0.100000  0
  572    0.021269    0.460049    0.100000  0
  573    0.063627    0.456124    0.100000  0
  574    0.105441    0.448308    0.100000  0
  575    0.146356    0.436667    0.100000  0
  576    0.186022    0.421300    0.100000  0
  577    0.224101    0.402339    0.100000  0
  578    0.260268    0.379945    0.100000  0
  579    0.294215    0.354310    0.100000  0
  580    0.325651    0.325651    0.100000  0
  581    0.354310    0.294215    0.100000  0
  582    0.379945    0.260268    0.100000  0
  583    0.402339    0.224101    0.100000  0
  584    0.421300    0.186022    0.100000  0
  585    0.436667    0.146356    0.100000  0
  586    0.448308    0.105441    0.100000  0
  587    0.456124    0.063627    0.100000  0
  588    0.460049    0.021269    0.100000  0
  589    0.428681    0.001812    0.100000  0
  590    0.422162   -0.035193    0.100000  0
  591    0.422339   -0.076268    0.100000  0
  592    0.408453   -0.112041    0.100000  0
  593    0.399442   -0.150993    0.100000  0
  594    0.380586   -0.184940    0.100000  0
  595    0.364896   -0.221819    0.100000  0
  596    0.340096   -0.251876    0.100000  0
  597    0.318793   -0.287286    0.100000  0
  598    0.288198   -0.310808    0.100000  0
  599    0.261221   -0.341338    0.100000  0
  600    0.226547   -0.358677    0.100000  0
  601    0.194860   -0.383736    0.100000  0
  602    0.156924   -0.393319    0.100000  0
  603    0.120119   -0.412220    0.100000  0
  604    0.081914   -0.416023    0.100000  0
  605    0.042308   -0.427410    0.100000  0
  606    0.004065   -0.424036    0.100000  0
  607   -0.036952   -0.427919    0.100000  0
  608   -0.073922   -0.417568    0.100000  0
  609   -0.114953   -0.413844    0.100000  0
  610   -0.149392   -0.396876    0.100000  0
  611   -0.189039   -0.385675    0.100000  0
  612   -0.219774   -0.362667    0.100000  0
  613   -0.256688   -0.344373    0.100000  0
  614   -0.282672   -0.316109    0.100000  0
  615   -0.315596   -0.291343    0.100000  0
  616   -0.335943   -0.258786    0.100000  0
  617   -0.363756   -0.228392    0.100000  0
  618   -0.377775   -0.192650    0.100000  0
  619   -0.399529   -0.157663    0.100000  0
  620   -0.406742   -0.119954    0.100000  0
  621   -0.421697   -0.081565    0.100000  0
  622   -0.421858   -0.043173    0.100000  0
  623   -0.429504   -0.002689    0.100000  0
  624   -0.422608    0.035079    0.100000  0
  625   -0.422686    0.076278    0.100000  0
  626   -0.408967    0.112135    0.100000  0
  627   -0.401473    0.152647    0.100000  0
  628   -0.381398    0.185373    0.100000  0
  629   -0.366588    0.223818    0.100000  0
  630   -0.340842    0.252299    0.100000  0
  631   -0.319219    0.287368    0.100000  0
  632   -0.288679    0.310633    0.100000  0
  633   -0.260980    0.341131    0.100000  0
  634   -0.226685    0.358388    0.100000  0
  635   -0.193854    0.383278    0.100000  0
  636   -0.156972    0.393939    0.100000  0
  637   -0.120126    0.412372    0.100000  0
  638   -0.081913    0.416075    0.100000  0
  639   -0.042308    0.427424    0.100000  0
  640   -0.004064    0.424042    0.100000  0
  641    0.036952    0.427920    0.100000  0
  642    0.073922    0.417569    0.100000  0
  643    0.114953    0.413844    0.100000  0
  644    0.149392    0.396876    0.100000  0
  645    0.189039    0.385675    0.100000  0
  646    0.219774    0.362667    0.100000  0
  647    0.256688    0.344373    0.100000  0
  648    0.282672    0.316109    0.100000  0
  649    0.315596    0.291343    0.100000  0
  650    0.335943    0.258786    0.100000  0
  651    0.363756    0.228392    0.100000  0
  652    0.377775    0.192650    0.100000  0
  653    0.399529    0.157663    0.100000  0
  654    0.406742    0.119954    0.100000  0
  655    0.421697    0.081565    0.100000  0
  656    0.422042    0.042896    0.100000  0
  657    0.386695    0.009062    0.100000  0
  658    0.381037   -0.062114    0.100000  0
  659    0.362924   -0.131074    0.100000  0
  660    0.332616   -0.195630    0.100000  0
  661    0.290888   -0.254233    0.100000  0
  662    0.239516   -0.304711    0.100000  0
  663    0.180707   -0.343045    0.100000  0
  664    0.114833   -0.371159    0.100000  0
  665    0.044700   -0.385430    0.100000  0
  666   -0.027041   -0.387716    0.100000  0
  667   -0.097561   -0.375571    0.100000  0
  668   -0.165276   -0.351769    0.100000  0
  669   -0.226645   -0.314966    0.100000  0
  670   -0.281189   -0.268311    0.100000  0
  671   -0.325119   -0.211824    0.100000  0
  672   -0.359126   -0.148615    0.100000  0
  673   -0.379684   -0.080073    0.100000  0
  674   -0.388561   -0.008848    0.100000  0
  675   -0.382971    0.062492    0.100000  0
  676   -0.365519    0.132114    0.100000  0
  677   -0.334535    0.196617    0.100000  0
  678   -0.293111    0.255233    0.100000  0
  679   -0.240918    0.304188    0.100000  0
  680   -0.181117    0.343881    0.100000  0
  681   -0.114764    0.370676    0.100000  0
  682   -0.044662    0.386087    0.100000  0
  683    0.026889    0.387103    0.100000  0
  684    0.097824    0.376149    0.100000  0
  685    0.164911    0.351249    0.100000  0
  686    0.227099    0.315411    0.100000  0
  687    0.280661    0.267958    0.100000  0
  688    0.325703    0.212074    0.100000  0
  689    0.358506    0.148477    0.100000  0
  690    0.379005    0.080041    0.100000  0
  691    0.340673    0.043523    0.100000  0
  692    0.342906   -0.018609    0.100000  0
  693    0.333257   -0.080759    0.100000  0
  694    0.312702   -0.140401    0.100000  0
  695    0.281571   -0.195662    0.100000  0
  696    0.241095   -0.244857    0.100000  0
  697    0.190177   -0.285848    0.100000  0
  698    0.135618   -0.317062    0.100000  0
  699    0.074187   -0.335865    0.100000  0
  700    0.012576   -0.345786    0.100000  0
  701   -0.052048   -0.340226    0.100000  0
  702   -0.113185   -0.326990    0.100000  0
  703   -0.171437   -0.298454    0.100000  0
  704   -0.223665   -0.264022    0.100000  0
  705   -0.267674   -0.216370    0.100000  0
  706   -0.303937   -0.165397    0.100000  0
  707   -0.327760   -0.105064    0.100000  0
  708   -0.343161   -0.044433    0.100000  0
  709   -0.343581    0.020431    0.100000  0
  710   -0.336039    0.082531    0.100000  0
  711   -0.312999    0.143167    0.100000  0
  712   -0.283533    0.198350    0.100000  0
  713   -0.240145    0.246568    0.100000  0
  714   -0.192735    0.287380    0.100000  0
  715   -0.134858    0.316668    0.100000  0
  716   -0.075906    0.337597    0.100000  0
  717   -0.011358    0.344001    0.100000  0
  718    0.051174    0.342221    0.100000  0
  719    0.113677    0.324874    0.100000  0
  720    0.171342    0.300625    0.100000  0
  721    0.223358    0.261871    0.100000  0
  722    0.268370    0.218429    0.100000  0
  723    0.302653    0.163406    0.100000  0
  724    0.328699    0.106482    0.100000  0
  725    0.296439    0.067985    0.100000  0
  726    0.302866    0.012274    0.100000  0
  727    0.299542   -0.043268    0.100000  0
  728    0.286258   -0.097371    0.100000  0
  729    0.263425   -0.148318    0.100000  0
  730    0.231793   -0.194522    0.100000  0
  731    0.191895   -0.234315    0.100000  0
  732    0.145451   -0.266136    0.100000  0
  733    0.094126   -0.288554    0.100000  0
  734    0.039597   -0.301223    0.100000  0
  735   -0.016317   -0.303427    0.100000  0
  736   -0.071844   -0.295303    0.100000  0
  737   -0.124816   -0.277070    0.100000  0
  738   -0.173666   -0.249415    0.100000  0
  739   -0.216476   -0.213273    0.100000  0
  740   -0.252038   -0.169838    0.100000  0
  741   -0.278901   -0.120671    0.100000  0
  742   -0.296370   -0.067322    0.100000  0
  743   -0.303659   -0.011772    0.100000  0
  744   -0.300677    0.044285    0.100000  0
  745   -0.287406    0.098717    0.100000  0
  746   -0.264375    0.149912    0.100000  0
  747   -0.232337    0.195874    0.100000  0
  748   -0.192368    0.235292    0.100000  0
  749   -0.145890    0.266577    0.100000  0
  750   -0.094381    0.288894    0.100000  0
  751   -0.039740    0.301277    0.100000  0
  752    0.016353    0.303480    0.100000  0
  753    0.071778    0.295288    0.100000  0
  754    0.124879    0.277079    0.100000  0
  755    0.173601    0.249419    0.100000  0
  756    0.216446    0.213227    0.100000  0
  757    0.251633    0.169736    0.100000  0
  758    0.278286    0.120443    0.100000  0
  759    0.252258    0.084048    0.100000  0
  760    0.262496    0.036372    0.100000  0
  761    0.263728   -0.012415    0.100000  0
  762    0.256729   -0.060707    0.100000  0
  763    0.241420   -0.106970    0.100000  0
  764    0.217633   -0.149457    0.100000  0
  765    0.186188   -0.186841    0.100000  0
  766    0.148615   -0.218324    0.100000  0
  767    0.106124   -0.242509    0.100000  0
  768    0.059885   -0.257917    0.100000  0
  769    0.011509   -0.264213    0.100000  0
  770   -0.037351   -0.261956    0.100000  0
  771   -0.084972   -0.251021    0.100000  0
  772   -0.129501   -0.231113    0.100000  0
  773   -0.169492   -0.203073    0.100000  0
  774   -0.204081   -0.168445    0.100000  0
  775   -0.231907   -0.128267    0.100000  0
  776   -0.251402   -0.083552    0.100000  0
  777   -0.262066   -0.035887    0.100000  0
  778   -0.264298    0.013006    0.100000  0
  779   -0.257794    0.061444    0.100000  0
  780   -0.242077    0.107623    0.100000  0
  781   -0.217846    0.150032    0.100000  0
  782   -0.186556    0.187668    0.100000  0
  783   -0.149118    0.219082    0.100000  0
  784   -0.106392    0.242620    0.100000  0
  785   -0.059914    0.257637    0.100000  0
  786   -0.011436    0.264370    0.100000  0
  787    0.037396    0.262364    0.100000  0
  788    0.084993    0.251224    0.100000  0
  789    0.129711    0.231394    0.100000  0
  790    0.169687    0.203444    0.100000  0
  791    0.203646    0.168465    0.100000  0
  792    0.231071    0.128076    0.100000  0
  793    0.209031    0.093881    0.100000  0
  794    0.223961    0.054547    0.100000  0
  795    0.226355    0.013295    0.100000  0
  796    0.223998   -0.029591    0.100000  0
  797    0.217716   -0.071519    0.100000  0
  798    0.201407   -0.110227    0.100000  0
  799    0.175759   -0.142505    0.100000  0
  800    0.145400   -0.172887    0.100000  0
  801    0.112653   -0.199832    0.100000  0
  802    0.074545   -0.216006    0.100000  0
  803    0.033803   -0.223884    0.100000  0
  804   -0.009082   -0.226008    0.100000  0
  805   -0.051392   -0.223767    0.100000  0
  806   -0.090435   -0.209981    0.100000  0
  807   -0.125847   -0.188294    0.100000  0
  808   -0.158971   -0.160931    0.100000  0
  809   -0.188729   -0.130750    0.100000  0
  810   -0.208295   -0.094254    0.100000  0
  811   -0.219855   -0.054369    0.100000  0
  812   -0.225899   -0.011832    0.100000  0
  813   -0.227558    0.030520    0.100000  0
  814   -0.217431    0.070673    0.100000  0
  815   -0.199103    0.107936    0.100000  0
  816   -0.174913    0.143443    0.100000  0
  817   -0.147606    0.175860    0.100000  0
  818   -0.113071    0.198710    0.100000  0
  819   -0.074423    0.213901    0.100000  0
  820   -0.032625    0.223844    0.100000  0
  821    0.009475    0.230772    0.100000  0
  822    0.051948    0.225634    0.100000  0
  823    0.092383    0.212531    0.100000  0
  824    0.128975    0.191108    0.100000  0
  825    0.158858    0.162476    0.100000  0
  826    0.185623    0.129146    0.100000  0
  827    0.172853    0.098682    0.100000  0
  828    0.184020    0.067297    0.100000  0
  829    0.196194    0.033969    0.100000  0
  830    0.184770   -0.002329    0.100000  0
  831    0.193386   -0.043357    0.100000  0
  832    0.180516   -0.073975    0.100000  0
  833    0.167333   -0.106888    0.100000  0
  834    0.134869   -0.126180    0.100000  0
  835    0.113647   -0.162407    0.100000  0
  836    0.083573   -0.176349    0.100000  0
  837    0.051665   -0.191920    0.100000  0
  838    0.014688   -0.184188    0.100000  0
  839   -0.025420   -0.196707    0.100000  0
  840   -0.057028   -0.186669    0.100000  0
  841   -0.091110   -0.176673    0.100000  0
  842   -0.113229   -0.146018    0.100000  0
  843   -0.151305   -0.128248    0.100000  0
  844   -0.167902   -0.099531    0.100000  0
  845   -0.186355   -0.069184    0.100000  0
  846   -0.182049   -0.031627    0.100000  0
  847   -0.198216    0.007157    0.100000  0
  848   -0.191134    0.039560    0.100000  0
  849   -0.184326    0.074419    0.100000  0
  850   -0.155843    0.099273    0.100000  0
  851   -0.141662    0.138826    0.100000  0
  852   -0.114598    0.158002    0.100000  0
  853   -0.086083    0.179176    0.100000  0
  854   -0.048290    0.178355    0.100000  0
  855   -0.011163    0.198030    0.100000  0
  856    0.024935    0.193732    0.100000  0
  857    0.060938    0.193277    0.100000  0
  858    0.090435    0.173352    0.100000  0
  859    0.124224    0.157785    0.100000  0
  860    0.138279    0.123297    0.100000  0
  861    0.141363    0.077052    0.100000  0
  862    0.156862    0.037998    0.100000  0
  863    0.155643   -0.038072    0.100000  0
  864    0.141188   -0.077496    0.100000  0
  865    0.089349   -0.133005    0.100000  0
  866    0.052137   -0.152433    0.100000  0
  867   -0.023563   -0.158519    0.100000  0
  868   -0.064157   -0.147791    0.100000  0
  869   -0.124206   -0.101274    0.100000  0
  870   -0.146978   -0.065997    0.100000  0
  871   -0.160018    0.008835    0.100000  0
  872   -0.153080    0.050246    0.100000  0
  873   -0.112303    0.114332    0.100000  0
  874   -0.079277    0.140262    0.100000  0
  875   -0.005968    0.160150    0.100000  0
  876    0.044381    0.154528    0.100000  0
  877    0.088943    0.134155    0.100000  0
  878    0.099467    0.090424    0.100000  0
  879    0.113989    0.045737    0.100000  0
  880    0.135603    0.002315    0.100000  0
  881    0.114023   -0.037475    0.100000  0
  882    0.100729   -0.085859    0.100000  0
  883    0.058831   -0.100668    0.100000  0
  884    0.016601   -0.131338    0.100000  0
  885   -0.026740   -0.116539    0.100000  0
  886   -0.076212   -0.108251    0.100000  0
  887   -0.094816   -0.067882    0.100000  0
  888   -0.129249   -0.028655    0.100000  0
  889   -0.118510    0.015871    0.100000  0
  890   -0.114821    0.065898    0.100000  0
  891   -0.073752    0.091989    0.100000  0
  892   -0.040458    0.126054    0.100000  0
  893    0.006382    0.114114    0.100000  0
  894    0.053992    0.102404    0.100000  0
  895    0.069620    0.054176    0.100000  0
  896    0.090791    0.006638    0.100000  0
  897    0.062280   -0.045063    0.100000  0
  898    0.014862   -0.082765    0.100000  0
  899   -0.041035   -0.063978    0.100000  0
  900   -0.079914   -0.023906    0.100000  0
  901   -0.066034    0.031714    0.100000  0
  902   -0.029677    0.074884    0.100000  0
  903    0.022080    0.063419    0.100000  0
  904    0.040727    0.011615    0.100000  0
  905    0.010107   -0.030712    0.100000  0
  906   -0.037478   -0.013129    0.100000  0
  907   -0.010512    0.021235    0.100000  0
  908   -0.500000    0.000000    0.033333  0
  909   -0.500000    0.000000    0.066667  0
  910    0.500000    0.000000    0.033333  0
  911    0.500000    0.000000    0.066667  0
  912    0.498797    0.034665    0.054475  0
  913   -0.498734    0.035554    0.055118  0
  914   -0.495557    0.066511    0.076438  0
  915   -0.488460    0.106801    0.073006  0
  916   -0.477012    0.149866    0.068200  0
  917   -0.461621    0.192109    0.062589  0
  918   -0.440589    0.236392    0.050495  0
  919   -0.413262    0.281451    0.050409  0
  920   -0.384819    0.319241    0.050400  0
  921   -0.353586    0.353521    0.050400  0
  922   -0.319433    0.384659    0.050400  0
  923   -0.282573    0.412495    0.050400  0
  924   -0.243306    0.436809    0.050400  0
  925   -0.201963    0.457396    0.050400  0
  926   -0.158897    0.474080    0.050400  0
  927   -0.114476    0.486719    0.050400  0
  928   -0.069078    0.495205    0.050400  0
  929   -0.023091    0.499467    0.050400  0
  930    0.023094    0.499466    0.050400  0
  931    0.069081    0.495205    0.050400  0
  932    0.114479    0.486718    0.050400  0
  933    0.158901    0.474079    0.050400  0
  934    0.201966    0.457394    0.050400  0
  935    0.243309    0.436808    0.050400  0
  936    0.282575    0.412494    0.050400  0
  937    0.319431    0.384661    0.050400  0
  938    0.353561    0.353546    0.050400  0
  939    0.384675    0.319414    0.050400  0
  940    0.413130    0.281645    0.050377  0
  941    0.440768    0.236058    0.051297  0
  942    0.458484    0.199481    0.071415  0
  943    0.475037    0.156013    0.064353  0
  944    0.487948    0.109118    0.072334  0
  945    0.495665    0.065701    0.076044  0
  946    0.461092    0.193377    0.036237  0
  947    0.476504    0.151471    0.027483  0
  948    0.486024    0.117392    0.019445  0
  949    0.493261    0.081812    0.022738  0
  950   -0.493189    0.082246    0.023185  0
  951   -0.485967    0.117625    0.019748  0
  952   -0.474563    0.157449    0.031823  0
  953   -0.457537    0.201642    0.028971  0
  954   -0.494239    0.075684    0.049665  0
  955   -0.485692    0.118758    0.043731  0
  956    0.486402    0.115814    0.042484  0
  957    0.494355    0.074923    0.048992  0
  958   -0.498382    0.040195    0.026445  0
  959   -0.499130    0.029479    0.079393  0
  960    0.498406    0.039887    0.026145  0
  961    0.499130    0.029479    0.079403  0
  962    0.498734   -0.035554    0.055118  0
  963   -0.498797   -0.034665    0.054475  0
  964    0.495557   -0.066511    0.076438  0
  965    0.488460   -0.106801    0.073006  0
  966    0.477012   -0.149866    0.068200  0
  967    0.461621   -0.192109    0.062589  0
  968    0.440589   -0.236392    0.050495  0
  969    0.413262   -0.281451    0.050409  0
  970    0.384819   -0.319241    0.050400  0
  971    0.353586   -0.353521    0.050400  0
  972    0.319433   -0.384659    0.050400  0
  973    0.282573   -0.412495    0.050400  0
  974    0.243306   -0.436809    0.050400  0
  975    0.201963   -0.457396    0.050400  0
  976    0.158897   -0.474080    0.050400  0
  977    0.114476   -0.486719    0.050400  0
  978    0.069078   -0.495205    0.050400  0
  979    0.023091   -0.499467    0.050400  0
  980   -0.023094   -0.499466    0.050400  0
  981   -0.069081   -0.495205    0.050400  0
  982   -0.114479   -0.486718    0.050400  0
  983   -0.158901   -0.474079    0.050400  0
  984   -0.201966   -0.457394    0.050400  0
  985   -0.243309   -0.436808    0.050400  0
  986   -0.282575   -0.412494    0.050400  0
  987   -0.319431   -0.384661    0.050400  0
  988   -0.353561   -0.353546    0.050400  0
  989   -0.384675   -0.319414    0.050400  0
  990   -0.413130   -0.281645    0.050377  0
  991   -0.440768   -0.236058    0.051297  0
  992   -0.458484   -0.199481    0.071415  0
  993   -0.475037   -0.156013    0.064353  0
  994   -0.487948   -0.109118    0.072334  0
  995   -0.495665   -0.065701    0.076044  0
  996   -0.461092   -0.193377    0.036237  0
  997   -0.476504   -0.151471    0.027483  0
  998   -0.486024   -0.117392    0.019445  0
  999   -0.493261   -0.081812    0.022738  0
 1000    0.493189   -0.082246    0.023185  0
 1001    0.485967   -0.117625    0.019748  0
 1002    0.474563   -0.157449    0.031823  0
 1003    0.457537   -0.201642    0.028971  0
 1004    0.494239   -0.075684    0.049665  0
 1005    0.485692   -0.118758    0.043731  0
 1006   -0.486402   -0.115814    0.042484  0
 1007   -0.494355   -0.074923    0.048992  0
 1008   -0.498406   -0.039887    0.026145  0
 1009   -0.499130   -0.029479    0.079403  0
 1010    0.498382   -0.040195    0.026445  0
 1011    0.499130   -0.029479    0.079393  0
 1012    0.320040   -0.075905    0.024901  0
 1013    0.275673   -0.066179    0.050890  0
 1014    0.301504   -0.029828    0.050113  0
 1015    0.306382   -0.101042    0.052260  0
 1016    0.371599   -0.133613    0.035243  0
 1017    0.334509   -0.157644    0.049817  0
 1018    0.349842   -0.087456    0.047033  0
 1019   -0.043872   -0.309333    0.076612  0
 1020   -0.077800   -0.320019    0.051408  0
 1021   -0.092333   -0.271530    0.051311  0
 1022   -0.028327   -0.270470    0.057754  0
 1023   -0.016201   -0.325489    0.050534  0
 1024   -0.052966   -0.231127    0.066777  0
 1025    0.245944   -0.321245    0.018008  0
 1026    0.210085   -0.314536    0.044824  0
 1027    0.244949   -0.351801    0.070040  0
 1028    0.267726   -0.326130    0.066969  0
 1029    0.275326   -0.318145    0.032303  0
 1030    0.257545   -0.265070    0.050977  0
 1031    0.244478   -0.346744    0.030244  0
 1032   -0.004460   -0.173062    0.028627  0
 1033    0.041146   -0.102353    0.045973  0
 1034    0.058510   -0.137511    0.061794  0
 1035    0.079181   -0.117819    0.033010  0
 1036   -0.014550   -0.137683    0.050178  0
 1037    0.030735   -0.201450    0.045161  0
 1038    0.034833   -0.169953    0.063012  0
 1039   -0.009387   -0.199774    0.036556  0
 1040   -0.038201   -0.186886    0.042262  0
 1041    0.006846   -0.199422    0.023524  0
 1042   -0.056392   -0.159002    0.032487  0
 1043   -0.071302   -0.139569    0.059538  0
 1044   -0.077402   -0.193959    0.036026  0
 1045   -0.117203   -0.164689    0.031381  0
 1046   -0.109924   -0.110093    0.035471  0
 1047    0.092398    0.360351    0.050372  0
 1048    0.080804    0.424102    0.034291  0
 1049    0.121725    0.390681    0.034738  0
 1050    0.106435    0.411848    0.073560  0
 1051    0.055882    0.390173    0.064420  0
 1052    0.143229    0.381063    0.058781  0
 1053    0.129558    0.343648    0.049110  0
 1054    0.079159    0.319210    0.051214  0
 1055    0.004516    0.344231    0.049531  0
 1056   -0.070419    0.169566    0.035288  0
 1057   -0.026753    0.205043    0.033961  0
 1058   -0.040122    0.184003    0.066751  0
 1059   -0.064681    0.122961    0.029304  0
 1060   -0.047696    0.138977    0.066266  0
 1061   -0.087348    0.152475    0.067204  0
 1062   -0.073032    0.188922    0.076174  0
 1063   -0.118941    0.176914    0.034447  0
 1064   -0.076692    0.192380    0.041901  0
 1065    0.069700   -0.426067    0.028473  0
 1066    0.063622   -0.456132    0.033443  0
 1067    0.063622   -0.456132    0.066783  0
 1068    0.053077   -0.427261    0.066444  0
 1069    0.034976   -0.411617    0.029621  0
 1070    0.113612   -0.441807    0.030338  0
 1071    0.103058   -0.408594    0.029915  0
 1072    0.081134   -0.398417    0.051796  0
 1073    0.095507   -0.432477    0.063354  0
 1074    0.024261   -0.453502    0.031649  0
 1075    0.009792   -0.436063    0.066622  0
 1076    0.342613    0.310373    0.041471  0
 1077    0.362985    0.276340    0.053405  0
 1078   -0.243295    0.330068    0.063459  0
 1079   -0.186421    0.310282    0.053893  0
 1080   -0.209255    0.372788    0.065852  0
 1081   -0.279169    0.321119    0.034349  0
 1082   -0.290870    0.336037    0.059678  0
 1083   -0.257082    0.376532    0.071379  0
 1084    0.459134    0.084071    0.072917  0
 1085    0.446130    0.075825    0.036389  0
 1086    0.469812    0.100564    0.041129  0
 1087    0.462982    0.050366    0.068525  0
 1088    0.418583    0.094437    0.066589  0
 1089    0.448527    0.115383    0.065995  0
 1090    0.427118    0.064122    0.072104  0
 1091    0.407578   -0.022286    0.064582  0
 1092    0.008156   -0.187421    0.059303  0
 1093    0.043974   -0.229217    0.062923  0
 1094    0.051580   -0.214236    0.034155  0
 1095    0.044685   -0.199890    0.068005  0
 1096    0.000977   -0.223742    0.068398  0
 1097    0.010699   -0.228822    0.031980  0
 1098   -0.446065   -0.124962    0.065618  0
 1099   -0.451169   -0.122288    0.023561  0
 1100   -0.416777   -0.088012    0.065011  0
 1101   -0.433667   -0.163028    0.065553  0
 1102    0.469966    0.023955    0.062932  0
 1103    0.475262   -0.018262    0.051218  0
 1104    0.463798    0.012129    0.037299  0
 1105    0.451670   -0.005144    0.069896  0
 1106    0.462217    0.047567    0.029688  0
 1107    0.431053    0.025262    0.060437  0
 1108    0.021206   -0.247787    0.071113  0
 1109    0.068380   -0.187693    0.032990  0
 1110    0.075489   -0.170975    0.072924  0
 1111    0.162031    0.023133    0.027321  0
 1112    0.135795    0.021633    0.035547  0
 1113    0.192826    0.006810    0.044092  0
 1114    0.210578    0.011994    0.021964  0
 1115    0.192848    0.052370    0.030321  0
 1116    0.158791    0.070193    0.040162  0
 1117    0.203263   -0.104278    0.067334  0
 1118    0.206435   -0.143185    0.066201  0
 1119    0.246491   -0.097020    0.054676  0
 1120    0.174319   -0.065862    0.067545  0
 1121    0.160058   -0.116254    0.067661  0
 1122    0.171179   -0.133648    0.031489  0
 1123    0.220354   -0.123149    0.034673  0
 1124    0.448030    0.125855    0.030002  0
 1125    0.433718    0.163022    0.027650  0
 1126    0.412481    0.099310    0.031813  0
 1127    0.298827    0.029801    0.047239  0
 1128    0.376475    0.051245    0.053645  0
 1129    0.314855    0.093787    0.053693  0
 1130    0.356473   -0.022815    0.048837  0
 1131    0.365703   -0.229002    0.070798  0
 1132    0.379677   -0.199218    0.070089  0
 1133    0.402334   -0.224109    0.066557  0
 1134    0.389498   -0.227152    0.034348  0
 1135    0.331903   -0.240949    0.056236  0
 1136    0.367828   -0.259035    0.065909  0
 1137    0.328718   -0.275752    0.062634  0
 1138    0.347851   -0.203900    0.034148  0
 1139    0.356060   -0.240849    0.029415  0
 1140    0.268130   -0.138811    0.055183  0
 1141    0.205767   -0.078145    0.031462  0
 1142    0.172640   -0.094989    0.042821  0
 1143    0.237048   -0.165296    0.052305  0
 1144   -0.168820    0.197728    0.029469  0
 1145   -0.198156    0.217633    0.033525  0
 1146   -0.203306    0.176937    0.025142  0
 1147   -0.202044    0.175148    0.059769  0
 1148   -0.219868    0.210352    0.065942  0
 1149   -0.163330    0.199453    0.064703  0
 1150   -0.137493    0.167749    0.067763  0
 1151   -0.168082    0.165521    0.034936  0
 1152   -0.137052    0.228048    0.033921  0
 1153   -0.216277   -0.178654    0.064906  0
 1154   -0.202696   -0.152133    0.035784  0
 1155   -0.244500   -0.150175    0.028894  0
 1156   -0.239110   -0.148053    0.068138  0
 1157   -0.197712   -0.130561    0.069605  0
 1158   -0.155410   -0.161611    0.070746  0
 1159   -0.185691   -0.213744    0.051779  0
 1160   -0.239327   -0.235665    0.049336  0
 1161    0.379934   -0.260265    0.033249  0
 1162    0.354298   -0.294221    0.066589  0
 1163   -0.315182    0.169677    0.049610  0
 1164   -0.328231    0.228700    0.054512  0
 1165   -0.260783    0.223332    0.049919  0
 1166   -0.242121    0.173256    0.049354  0
 1167    0.416641   -0.198375    0.058885  0
 1168    0.380302   -0.180236    0.033759  0
 1169   -0.026496   -0.029161    0.020374  0
 1170   -0.041877   -0.025177    0.064695  0
 1171    0.000220    0.016307    0.040085  0
 1172   -0.066516   -0.002215    0.030278  0
 1173    0.026430   -0.048085    0.049239  0
 1174   -0.462444    0.049671    0.060569  0
 1175   -0.429171    0.089157    0.034730  0
 1176   -0.456886    0.057959    0.026007  0
 1177   -0.464526    0.090429    0.051584  0
 1178   -0.464645    0.023969    0.060601  0
 1179    0.142519    0.111938    0.044282  0
 1180    0.106966    0.110108    0.067759  0
 1181    0.102956    0.112292    0.027370  0
 1182    0.115283    0.065402    0.034511  0
 1183    0.137465    0.095303    0.081081  0
 1184    0.170311    0.104957    0.066751  0
 1185    0.163646    0.144506    0.064140  0
 1186    0.111434    0.159152    0.031606  0
 1187   -0.102109    0.105734    0.067981  0
 1188   -0.067948    0.113074    0.067398  0
 1189    0.197741    0.227436    0.043789  0
 1190    0.168857    0.184529    0.049205  0
 1191    0.140434    0.249001    0.050955  0
 1192    0.130752    0.199976    0.030437  0
 1193    0.238021    0.272638    0.048349  0
 1194    0.251687    0.205173    0.049142  0
 1195    0.079968    0.257481    0.066071  0
 1196    0.087057    0.201903    0.067625  0
 1197    0.186717    0.289674    0.052625  0
 1198   -0.157623   -0.135386    0.035576  0
 1199   -0.153107   -0.182059    0.023939  0
 1200   -0.124800   -0.221357    0.065230  0
 1201   -0.187441   -0.278667    0.046551  0
 1202   -0.141080   -0.246939    0.044657  0
 1203   -0.208647    0.096895    0.059993  0
 1204   -0.215446    0.067867    0.060557  0
 1205   -0.228456    0.123068    0.070884  0
 1206   -0.182501    0.145330    0.068745  0
 1207   -0.254309    0.077346    0.066881  0
 1208   -0.250813    0.093337    0.033540  0
 1209   -0.124325   -0.341546    0.044822  0
 1210   -0.176362   -0.342857    0.034719  0
 1211   -0.214676    0.132983    0.032944  0
 1212   -0.215083    0.090518    0.027813  0
 1213   -0.175213    0.104888    0.071075  0
 1214   -0.180913    0.104129    0.037354  0
 1215   -0.185625    0.076352    0.075092  0
 1216   -0.145247    0.132552    0.070226  0
 1217   -0.109959    0.128802    0.034630  0
 1218   -0.109599    0.198411    0.073538  0
 1219    0.433812   -0.011010    0.034072  0
 1220    0.427841    0.028825    0.033281  0
 1221    0.429173   -0.049508    0.026548  0
 1222    0.462217   -0.049056    0.060730  0
 1223   -0.245179    0.391642    0.029914  0
 1224   -0.235617    0.398359    0.060288  0
 1225   -0.260751    0.353812    0.032666  0
 1226   -0.218034    0.365608    0.032812  0
 1227    0.390634   -0.063023    0.037000  0
 1228   -0.221895    0.408435    0.036481  0
 1229    0.153867   -0.357988    0.064647  0
 1230    0.184614   -0.396349    0.074751  0
 1231    0.034576    0.115743    0.050521  0
 1232    0.089765   -0.335460    0.054883  0
 1233    0.127972   -0.297231    0.049175  0
 1234    0.120333   -0.370806    0.035288  0
 1235    0.209523   -0.367411    0.029786  0
 1236    0.204009   -0.372646    0.068198  0
 1237   -0.217797    0.267386    0.049336  0
 1238   -0.175893    0.250654    0.067548  0
 1239   -0.158725    0.362190    0.055461  0
 1240    0.176429   -0.179212    0.065392  0
 1241    0.145886   -0.156812    0.061114  0
 1242    0.109391   -0.189041    0.074826  0
 1243    0.167042   -0.171832    0.032051  0
 1244    0.179342   -0.219350    0.049013  0
 1245    0.217761   -0.202269    0.052005  0
 1246    0.401187    0.014681    0.033038  0
 1247   -0.196371   -0.333609    0.065639  0
 1248   -0.138530   -0.300529    0.050210  0
 1249   -0.223782   -0.327410    0.033264  0
 1250   -0.239381   -0.349288    0.062338  0
 1251   -0.210988   -0.364443    0.030027  0
 1252   -0.201574   -0.385681    0.059551  0
 1253   -0.146342   -0.386700    0.062797  0
 1254   -0.273986    0.119414    0.050273  0
 1255   -0.337796    0.107302    0.049168  0
 1256   -0.374743    0.213599    0.072146  0
 1257   -0.371206    0.257540    0.072933  0
 1258   -0.333559    0.263519    0.038519  0
 1259   -0.368288    0.239640    0.034204  0
 1260   -0.367943    0.179644    0.070322  0
 1261   -0.375435    0.199346    0.034058  0
 1262    0.157906   -0.260095    0.057062  0
 1263    0.137259   -0.215660    0.050855  0
 1264    0.206395   -0.254763    0.054095  0
 1265   -0.119147    0.237956    0.065823  0
 1266   -0.166318    0.265717    0.024039  0
 1267   -0.390843    0.013935    0.034803  0
 1268   -0.429524    0.026462    0.032893  0
 1269   -0.447262   -0.028598    0.033508  0
 1270   -0.429524    0.011993    0.066233  0
 1271   -0.390454    0.069328    0.038564  0
 1272   -0.388987    0.034074    0.067324  0
 1273   -0.343182    0.050178    0.049687  0
 1274   -0.338936    0.000315    0.046353  0
 1275   -0.420710    0.048295    0.035845  0
 1276   -0.301471    0.033159    0.058406  0
 1277   -0.282172    0.003961    0.038261  0
 1278   -0.269403    0.039898    0.031555  0
 1279   -0.270918    0.019085    0.068018  0
 1280   -0.295536    0.071402    0.033443  0
 1281   -0.292054    0.074040    0.066902  0
 1282   -0.266059    0.048798    0.061788  0
 1283    0.080324   -0.027401    0.033443  0
 1284    0.091563   -0.066139    0.026617  0
 1285    0.093337    0.028080    0.033864  0
 1286    0.079052   -0.088079    0.062959  0
 1287    0.097221   -0.032450    0.066783  0
 1288    0.062009    0.006116    0.045789  0
 1289    0.302879   -0.302838    0.069474  0
 1290    0.323320   -0.312639    0.033929  0
 1291    0.312485   -0.340932    0.055227  0
 1292    0.354298   -0.294221    0.033281  0
 1293    0.335880   -0.266868    0.033249  0
 1294    0.095473    0.280366    0.034123  0
 1295    0.141301    0.306555    0.052958  0
 1296    0.103858    0.233620    0.032736  0
 1297    0.059479    0.267257    0.032731  0
 1298   -0.192672    0.064582    0.034015  0
 1299   -0.144513    0.068866    0.051861  0
 1300   -0.173318    0.014059    0.030430  0
 1301   -0.225630    0.055691    0.034252  0
 1302   -0.196554    0.037086    0.055655  0
 1303   -0.171045   -0.400138    0.027887  0
 1304   -0.148170   -0.423600    0.066298  0
 1305   -0.181791   -0.424503    0.070460  0
 1306    0.027117    0.417172    0.051964  0
 1307    0.034214    0.447667    0.035562  0
 1308   -0.014582    0.422629    0.034511  0
 1309   -0.028695    0.425057    0.067819  0
 1310    0.020336    0.454785    0.072144  0
 1311    0.005746    0.383916    0.048818  0
 1312    0.059243    0.427900    0.074448  0
 1313   -0.464709    0.013255    0.033119  0
 1314   -0.427488    0.071615    0.069075  0
 1315   -0.403212    0.231693    0.064176  0
 1316   -0.404406    0.223081    0.023493  0
 1317   -0.412322    0.187570    0.068683  0
 1318   -0.426013    0.179805    0.027359  0
 1319    0.168544    0.418875    0.064134  0
 1320    0.283713    0.270890    0.036542  0
 1321    0.269898    0.304075    0.055897  0
 1322    0.257435   -0.005334    0.037745  0
 1323    0.241532   -0.032503    0.061327  0
 1324    0.224059   -0.001162    0.067659  0
 1325    0.226327   -0.007070    0.036463  0
 1326    0.236571    0.034748    0.032666  0
 1327    0.249421    0.035558    0.065974  0
 1328    0.276968    0.063913    0.049207  0
 1329    0.245878   -0.036901    0.029450  0
 1330   -0.293384   -0.035876    0.048910  0
 1331   -0.247201   -0.007450    0.068282  0
 1332   -0.250001   -0.029092    0.034172  0
 1333   -0.242679    0.015225    0.035894  0
 1334   -0.438921   -0.089056    0.031692  0
 1335   -0.404052   -0.136370    0.064697  0
 1336   -0.410730   -0.105949    0.029063  0
 1337   -0.424317   -0.157151    0.030422  0
 1338   -0.030391   -0.220192    0.029442  0
 1339   -0.058702   -0.247771    0.034738  0
 1340   -0.050590    0.408773    0.029264  0
 1341   -0.040445    0.362099    0.048916  0
 1342   -0.071293    0.387476    0.034026  0
 1343   -0.092148    0.414510    0.033989  0
 1344   -0.065758    0.437241    0.037209  0
 1345   -0.022640    0.456445    0.031311  0
 1346    0.158487    0.075490    0.074262  0
 1347    0.179211    0.058489    0.068345  0
 1348    0.201002    0.034460    0.073615  0
 1349    0.152589    0.033815    0.064605  0
 1350    0.127415    0.071359    0.071407  0
 1351    0.195718    0.093163    0.067847  0
 1352    0.071455    0.077702    0.050113  0
 1353    0.030168    0.050048    0.058988  0
 1354    0.142289   -0.403984    0.026975  0
 1355    0.126126   -0.404278    0.062925  0
 1356    0.177346   -0.390823    0.033744  0
 1357    0.113212   -0.259974    0.050890  0
 1358   -0.188951   -0.432564    0.028307  0
 1359   -0.151630   -0.439730    0.030519  0
 1360    0.130947    0.191836    0.062635  0
 1361    0.096937    0.171003    0.063835  0
 1362   -0.084515   -0.218939    0.069648  0
 1363   -0.093449   -0.229806    0.036757  0
 1364    0.080914    0.135862    0.066124  0
 1365    0.101504    0.036525    0.071379  0
 1366   -0.307046    0.340919    0.026013  0
 1367   -0.316460    0.312203    0.072888  0
 1368   -0.022928    0.248611    0.028475  0
 1369   -0.001223    0.207437    0.068124  0
 1370   -0.005599    0.252883    0.073704  0
 1371   -0.033187    0.223881    0.059385  0
 1372    0.020618    0.227288    0.033546  0
 1373   -0.051419    0.247706    0.064874  0
 1374    0.013967    0.265865    0.033443  0
 1375   -0.010377    0.287207    0.051715  0
 1376   -0.056710    0.225389    0.032432  0
 1377    0.048538    0.264829    0.066039  0
 1378    0.398066   -0.155898    0.062910  0
 1379    0.414256   -0.126912    0.034166  0
 1380    0.397452   -0.103585    0.060164  0
 1381   -0.220742   -0.084112    0.068208  0
 1382   -0.191440   -0.063638    0.065511  0
 1383   -0.201026   -0.056638    0.044405  0
 1384   -0.227927   -0.044223    0.063778  0
 1385   -0.191878   -0.099585    0.041936  0
 1386   -0.232786   -0.065088    0.033074  0
 1387   -0.235794   -0.111944    0.057327  0
 1388   -0.260355   -0.075574    0.063762  0
 1389    0.034633    0.299848    0.053152  0
 1390    0.064736    0.225498    0.042926  0
 1391    0.037047    0.226731    0.067754  0
 1392   -0.062715   -0.180524    0.073107  0
 1393   -0.023689   -0.194418    0.070310  0
 1394   -0.208754   -0.015359    0.038163  0
 1395   -0.171792   -0.033382    0.033232  0
 1396   -0.212343    0.009914    0.073584  0
 1397   -0.128327   -0.082361    0.066143  0
 1398   -0.154027   -0.049919    0.062579  0
 1399   -0.100359   -0.049392    0.050634  0
 1400   -0.149485   -0.102821    0.034241  0
 1401   -0.124803   -0.080743    0.031826  0
 1402   -0.112891   -0.127368    0.074188  0
 1403   -0.074904   -0.085570    0.069443  0
 1404   -0.164646   -0.073592    0.034544  0
 1405   -0.166297   -0.086798    0.067852  0
 1406   -0.056590    0.061966    0.053391  0
 1407   -0.000987    0.079337    0.045025  0
 1408   -0.111043    0.049444    0.051505  0
 1409   -0.091459    0.096800    0.034673  0
 1410   -0.090136    0.002853    0.070045  0
 1411   -0.321281    0.299917    0.032634  0
 1412   -0.290628    0.284315    0.051926  0
 1413   -0.157590    0.393562    0.033184  0
 1414   -0.116626    0.397267    0.044101  0
 1415   -0.137424    0.428423    0.033993  0
 1416   -0.190418    0.404378    0.066178  0
 1417   -0.141015    0.398582    0.069990  0
 1418   -0.191286    0.395698    0.032666  0
 1419    0.140980    0.419732    0.059954  0
 1420    0.195347    0.417664    0.027834  0
 1421    0.238966    0.395989    0.041374  0
 1422    0.190980    0.387704    0.067008  0
 1423    0.161412    0.405402    0.026865  0
 1424    0.182461    0.109526    0.036736  0
 1425    0.240002    0.080939    0.065650  0
 1426    0.225242    0.138816    0.049854  0
 1427    0.193911    0.138006    0.063126  0
 1428    0.260330    0.113309    0.049077  0
 1429    0.223985    0.084164    0.031004  0
 1430    0.212586    0.061618    0.064290  0
 1431    0.317736    0.255528    0.061182  0
 1432    0.330659    0.286904    0.073796  0
 1433    0.306348    0.295980    0.065058  0
 1434    0.323405    0.277374    0.032503  0
 1435    0.298052    0.308997    0.026371  0
 1436    0.271443    0.327534    0.030477  0
 1437    0.077462    0.453752    0.062832  0
 1438   -0.326637   -0.272564    0.030677  0
 1439    0.046708   -0.369425    0.046829  0
 1440   -0.338582   -0.310969    0.053576  0
 1441   -0.321754   -0.279392    0.066835  0
 1442   -0.296462   -0.306755    0.066968  0
 1443   -0.365044   -0.277688    0.053124  0
 1444    0.078828   -0.250002    0.046518  0
 1445    0.104470   -0.220559    0.062932  0
 1446    0.028672   -0.272774    0.050675  0
 1447    0.242943   -0.390217    0.053110  0
 1448    0.205854   -0.410383    0.047542  0
 1449    0.277839   -0.366546    0.047907  0
 1450   -0.400295    0.152346    0.066945  0
 1451   -0.368508    0.158852    0.034479  0
 1452    0.121895    0.152115    0.073631  0
 1453   -0.131274   -0.001117    0.049951  0
 1454    0.165468   -0.423677    0.052608  0
 1455    0.045738    0.192428    0.047504  0
 1456    0.016602    0.163463    0.069476  0
 1457    0.005614    0.180712    0.041309  0
 1458    0.058154    0.166309    0.066416  0
 1459    0.088479    0.192676    0.036267  0
 1460    0.274073   -0.193119    0.062794  0
 1461    0.304204   -0.218413    0.044414  0
 1462   -0.223011   -0.188804    0.027311  0
 1463   -0.381100   -0.146293    0.035062  0
 1464   -0.417089   -0.202705    0.049838  0
 1465   -0.393646   -0.179788    0.067204  0
 1466    0.391334    0.240797    0.047892  0
 1467    0.348436    0.248061    0.028553  0
 1468    0.353339    0.232645    0.067493  0
 1469    0.420380    0.198425    0.051565  0
 1470    0.387033    0.182900    0.071801  0
 1471    0.403823    0.145128    0.066654  0
 1472   -0.005834    0.102088    0.075934  0
 1473   -0.359993   -0.046636    0.045553  0
 1474   -0.312995   -0.078091    0.050243  0
 1475   -0.255546   -0.043616    0.056040  0
 1476   -0.405359    0.119148    0.062035  0
 1477   -0.412611    0.147724    0.035631  0
 1478   -0.061453   -0.424248    0.066622  0
 1479   -0.031638   -0.442694    0.073611  0
 1480   -0.030018   -0.445155    0.034292  0
 1481   -0.078365   -0.427476    0.031417  0
 1482   -0.029536   -0.414874    0.042476  0
 1483   -0.081354    0.273993    0.071768  0
 1484   -0.101720    0.349960    0.049369  0
 1485   -0.046175    0.319093    0.055401  0
 1486   -0.118714    0.300759    0.050243  0
 1487   -0.082998    0.246388    0.031693  0
 1488    0.144371    0.159058    0.038333  0
 1489    0.159427    0.133288    0.029718  0
 1490   -0.120749   -0.145152    0.053959  0
 1491   -0.149380   -0.120044    0.066787  0
 1492   -0.196789   -0.027174    0.066751  0
 1493   -0.032106    0.107958    0.051411  0
 1494   -0.372892   -0.100791    0.052524  0
 1495   -0.389187   -0.184491    0.025439  0
 1496    0.421185   -0.088586    0.033386  0
 1497   -0.023020   -0.066096    0.027246  0
 1498    0.002165   -0.402299    0.030345  0
 1499   -0.013671   -0.373795    0.053577  0
 1500    0.001043   -0.426676    0.033572  0
 1501   -0.161340    0.127862    0.028068  0
 1502   -0.128296   -0.444317    0.058885  0
 1503   -0.104441   -0.410183    0.067453  0
 1504   -0.125933   -0.407610    0.033475  0
 1505   -0.284637   -0.130398    0.050685  0
 1506   -0.269941   -0.057422    0.028605  0
 1507   -0.281644   -0.187487    0.042420  0
 1508   -0.332877   -0.137360    0.045597  0
 1509   -0.468401   -0.089982    0.034488  0
 1510   -0.443346   -0.057763    0.033378  0
 1511   -0.460885   -0.066231    0.061962  0
 1512   -0.456652   -0.003749    0.068528  0
 1513   -0.471091   -0.022548    0.061365  0
 1514   -0.168581    0.005497    0.072505  0
 1515   -0.441067    0.153585    0.063686  0
 1516    0.162180   -0.016135    0.058986  0
 1517   -0.249812   -0.299048    0.060473  0
 1518   -0.266933   -0.335977    0.066622  0
 1519   -0.286559   -0.278835    0.036052  0
 1520   -0.271766   -0.325964    0.034859  0
 1521   -0.062234   -0.061528    0.029754  0
 1522   -0.243973   -0.389685    0.051394  0
 1523   -0.279751   -0.368022    0.041438  0
 1524   -0.006786    0.136579    0.061486  0
 1525    0.071075    0.145718    0.034045  0
 1526    0.460203   -0.069857    0.025104  0
 1527    0.455711   -0.138104    0.045193  0
 1528    0.448298   -0.105443    0.033346  0
 1529    0.429947   -0.107564    0.066121  0
 1530    0.459079   -0.088101    0.059550  0
 1531    0.422555   -0.132478    0.063948  0
 1532    0.434282   -0.160633    0.049336  0
 1533   -0.088773   -0.143024    0.082288  0
 1534   -0.102970   -0.173738    0.071067  0
 1535   -0.017629   -0.088272    0.059829  0
 1536   -0.021283    0.460048    0.067237  0
 1537    0.202030   -0.032746    0.033210  0
 1538    0.234222   -0.060697    0.037930  0
 1539    0.201903   -0.027978    0.070457  0
 1540    0.219938   -0.063421    0.071697  0
 1541   -0.398704   -0.055277    0.071678  0
 1542   -0.398236   -0.058130    0.033228  0
 1543   -0.416965   -0.069837    0.034123  0
 1544   -0.430931   -0.038311    0.065407  0
 1545    0.082335   -0.290335    0.057342  0
 1546   -0.100397   -0.378907    0.037292  0
 1547   -0.064007   -0.387922    0.062461  0
 1548   -0.233796    0.036538    0.072822  0
 1549   -0.323515   -0.218671    0.034867  0
 1550   -0.351495   -0.189932    0.061510  0
 1551   -0.371406   -0.211408    0.035153  0
 1552   -0.378671   -0.216345    0.072867  0
 1553   -0.348666   -0.250134    0.033314  0
 1554   -0.297848   -0.240743    0.056551  0
 1555   -0.348025   -0.239562    0.064034  0
 1556    0.123448   -0.021287    0.032388  0
 1557    0.148381   -0.060872    0.035003  0
 1558    0.114658   -0.002465    0.062324  0
 1559    0.141729   -0.032418    0.067431  0
 1560    0.114245   -0.106378    0.026684  0
 1561    0.098840   -0.122178    0.066783  0
 1562    0.126357   -0.152172    0.027043  0
 1563    0.142982   -0.114064    0.038792  0
 1564    0.089148   -0.157056    0.037078  0
 1565   -0.330098    0.273966    0.065861  0
 1566   -0.354298    0.294221    0.066654  0
 1567    0.341965    0.185654    0.064647  0
 1568    0.323504    0.207278    0.043392  0
 1569    0.299603   -0.270314    0.034685  0
 1570   -0.061194    0.219221    0.065748  0
 1571   -0.098227    0.210261    0.030717  0
 1572    0.305855    0.337764    0.052398  0
 1573    0.044948   -0.320016    0.050646  0
 1574    0.425068   -0.067451    0.063700  0
 1575    0.100700   -0.231873    0.029833  0
 1576    0.119585   -0.193415    0.032271  0
 1577    0.092074   -0.197890    0.045193  0
 1578    0.033504    0.157422    0.032622  0
 1579   -0.073984    0.411184    0.065947  0
 1580   -0.243103   -0.361409    0.025364  0
 1581    0.370741    0.120333    0.064679  0
 1582    0.425077    0.056008    0.034643  0
 1583    0.403786    0.139147    0.026787  0
 1584    0.129845   -0.083421    0.066904  0
 1585   -0.057725    0.458123    0.068892  0
 1586    0.180383    0.147772    0.024535  0
 1587    0.216521    0.169863    0.037935  0
 1588    0.178611   -0.069541    0.030163  0
 1589    0.397888    0.176836    0.028767  0
 1590    0.372134    0.161279    0.039132  0
 1591    0.314324    0.149745    0.048931  0
 1592    0.370014    0.203779    0.036863  0
 1593    0.207585    0.370811    0.030797  0
 1594    0.176167    0.344172    0.036192  0
 1595    0.195705    0.333892    0.067191  0
 1596    0.230368    0.329491    0.037459  0
 1597    0.120174    0.442374    0.063038  0
 1598    0.272162    0.365191    0.046080  0
 1599   -0.115348    0.424086    0.067431  0
 1600   -0.144300    0.436674    0.071823  0
 1601   -0.094277    0.450675    0.069085  0
 1602    0.254576    0.152949    0.068071  0
 1603   -0.362241    0.278309    0.034405  0
 1604    0.109593   -0.162394    0.070643  0
 1605   -0.306242   -0.309365    0.031125  0
 1606   -0.391478   -0.241282    0.047516  0
 1607    0.425611   -0.188018    0.025820  0
 1608    0.233590    0.359834    0.068412  0
 1609   -0.109326    0.445830    0.029927  0
 1610   -0.445421    0.127335    0.031244  0
 1611   -0.450962    0.120346    0.066370  0
 1612    0.132496    0.439315    0.027244  0
 1613    0.378746    0.214783    0.073985  0
 1614   -0.463588   -0.038983    0.078616  0
 1615    0.264024    0.339458    0.071884  0
 1616   -0.308942   -0.340736    0.053402  0
 1617    0.239941    0.363233    0.028023  0
