     0.00000     2.00000    -0.05000
     0.00000    -2.00000    -0.05000
     0.00000     1.85185    -0.05000
     0.00000     1.70370    -0.05000
     0.00000     1.55556    -0.05000
     0.00000     1.40741    -0.05000
     0.00000     1.25926    -0.05000
     0.00000     1.11111    -0.05000
     0.00000     0.96296    -0.05000
     0.00000     0.81481    -0.05000
     0.00000     0.66667    -0.05000
     0.00000     0.51852    -0.05000
     0.00000     0.37037    -0.05000
     0.00000     0.22222    -0.05000
     0.00000     0.07407    -0.05000
     0.00000    -0.07407    -0.05000
     0.00000    -0.22222    -0.05000
     0.00000    -0.37037    -0.05000
     0.00000    -0.51852    -0.05000
     0.00000    -0.66667    -0.05000
     0.00000    -0.81481    -0.05000
     0.00000    -0.96296    -0.05000
     0.00000    -1.11111    -0.05000
     0.00000    -1.25926    -0.05000
     0.00000    -1.40741    -0.05000
     0.00000    -1.55556    -0.05000
     0.00000    -1.70370    -0.05000
     0.00000    -1.85185    -0.05000
     4.00000     2.00000    -0.05000
     3.85185     2.00000    -0.05000
     3.70370     2.00000    -0.05000
     3.55556     2.00000    -0.05000
     3.40741     2.00000    -0.05000
     3.25926     2.00000    -0.05000
     3.11111     2.00000    -0.05000
     2.96296     2.00000    -0.05000
     2.81481     2.00000    -0.05000
     2.66667     2.00000    -0.05000
     2.51852     2.00000    -0.05000
     2.37037     2.00000    -0.05000
     2.22222     2.00000    -0.05000
     2.07407     2.00000    -0.05000
     1.92593     2.00000    -0.05000
     1.77778     2.00000    -0.05000
     1.62963     2.00000    -0.05000
     1.48148     2.00000    -0.05000
     1.33333     2.00000    -0.05000
     1.18519     2.00000    -0.05000
     1.03704     2.00000    -0.05000
     0.88889     2.00000    -0.05000
     0.74074     2.00000    -0.05000
     0.59259     2.00000    -0.05000
     0.44444     2.00000    -0.05000
     0.29630     2.00000    -0.05000
     0.14815     2.00000    -0.05000
     4.00000    -2.00000    -0.05000
     4.00000    -1.85185    -0.05000
     4.00000    -1.70370    -0.05000
     4.00000    -1.55556    -0.05000
     4.00000    -1.40741    -0.05000
     4.00000    -1.25926    -0.05000
     4.00000    -1.11111    -0.05000
     4.00000    -0.96296    -0.05000
     4.00000    -0.81481    -0.05000
     4.00000    -0.66667    -0.05000
     4.00000    -0.51852    -0.05000
     4.00000    -0.37037    -0.05000
     4.00000    -0.22222    -0.05000
     4.00000    -0.07407    -0.05000
     4.00000     0.07407    -0.05000
     4.00000     0.22222    -0.05000
     4.00000     0.37037    -0.05000
     4.00000     0.51852    -0.05000
     4.00000     0.66667    -0.05000
     4.00000     0.81481    -0.05000
     4.00000     0.96296    -0.05000
     4.00000     1.11111    -0.05000
     4.00000     1.25926    -0.05000
     4.00000     1.40741    -0.05000
     4.00000     1.55556    -0.05000
     4.00000     1.70370    -0.05000
     4.00000     1.85185    -0.05000
     0.14815    -2.00000    -0.05000
     0.29630    -2.00000    -0.05000
     0.44444    -2.00000    -0.05000
     0.59259    -2.00000    -0.05000
     0.74074    -2.00000    -0.05000
     0.88889    -2.00000    -0.05000
     1.03704    -2.00000    -0.05000
     1.18519    -2.00000    -0.05000
     1.33333    -2.00000    -0.05000
     1.48148    -2.00000    -0.05000
     1.62963    -2.00000    -0.05000
     1.77778    -2.00000    -0.05000
     1.92593    -2.00000    -0.05000
     2.07407    -2.00000    -0.05000
     2.22222    -2.00000    -0.05000
     2.37037    -2.00000    -0.05000
     2.51852    -2.00000    -0.05000
     2.66667    -2.00000    -0.05000
     2.81481    -2.00000    -0.05000
     2.96296    -2.00000    -0.05000
     3.11111    -2.00000    -0.05000
     3.25926    -2.00000    -0.05000
     3.40741    -2.00000    -0.05000
     3.55556    -2.00000    -0.05000
     3.70370    -2.00000    -0.05000
     3.85185    -2.00000    -0.05000
     3.78252    -1.89078    -0.05000
     3.62963    -1.88033    -0.05000
     3.48148    -1.88033    -0.05000
     3.33333    -1.88033    -0.05000
     3.18519    -1.88033    -0.05000
     3.03704    -1.88033    -0.05000
     2.88889    -1.88033    -0.05000
     2.74074    -1.88033    -0.05000
     2.59259    -1.88033    -0.05000
     2.44444    -1.88033    -0.05000
     2.29630    -1.88033    -0.05000
     2.14815    -1.88033    -0.05000
     2.00000    -1.88033    -0.05000
     1.85185    -1.88033    -0.05000
     1.70370    -1.88033    -0.05000
     1.55556    -1.88033    -0.05000
     1.40741    -1.88033    -0.05000
     1.25926    -1.88033    -0.05000
     1.11111    -1.88033    -0.05000
     0.96296    -1.88033    -0.05000
     0.81481    -1.88033    -0.05000
     0.66667    -1.88033    -0.05000
     0.51852    -1.88033    -0.05000
     0.37037    -1.88033    -0.05000
     0.21748    -1.89078    -0.05000
     3.89078     1.78252    -0.05000
     3.88033     1.62963    -0.05000
     3.88033     1.48148    -0.05000
     3.88033     1.33333    -0.05000
     3.88033     1.18519    -0.05000
     3.88033     1.03704    -0.05000
     3.88033     0.88889    -0.05000
     3.88033     0.74074    -0.05000
     3.88033     0.59259    -0.05000
     3.88033     0.44444    -0.05000
     3.88033     0.29630    -0.05000
     3.88033     0.14815    -0.05000
     3.88033     0.00000    -0.05000
     3.88033    -0.14815    -0.05000
     3.88033    -0.29630    -0.05000
     3.88033    -0.44444    -0.05000
     3.88033    -0.59259    -0.05000
     3.88033    -0.74074    -0.05000
     3.88033    -0.88889    -0.05000
     3.88033    -1.03704    -0.05000
     3.88033    -1.18519    -0.05000
     3.88033    -1.33333    -0.05000
     3.88033    -1.48148    -0.05000
     3.87084    -1.63912    -0.05000
     3.88050    -1.79534    -0.05000
     0.21748     1.89078    -0.05000
     0.37037     1.88033    -0.05000
     0.51852     1.88033    -0.05000
     0.66667     1.88033    -0.05000
     0.81481     1.88033    -0.05000
     0.96296     1.88033    -0.05000
     1.11111     1.88033    -0.05000
     1.25926     1.88033    -0.05000
     1.40741     1.88033    -0.05000
     1.55556     1.88033    -0.05000
     1.70370     1.88033    -0.05000
     1.85185     1.88033    -0.05000
     2.00000     1.88033    -0.05000
     2.14815     1.88033    -0.05000
     2.29630     1.88033    -0.05000
     2.44444     1.88033    -0.05000
     2.59259     1.88033    -0.05000
     2.74074     1.88033    -0.05000
     2.88889     1.88033    -0.05000
     3.03704     1.88033    -0.05000
     3.18519     1.88033    -0.05000
     3.33333     1.88033    -0.05000
     3.48148     1.88033    -0.05000
     3.63912     1.87084    -0.05000
     3.79534     1.88050    -0.05000
     0.11792    -1.79376    -0.05000
     0.12887    -1.64179    -0.05000
     0.11967    -1.48148    -0.05000
     0.11967    -1.33333    -0.05000
     0.11967    -1.18519    -0.05000
     0.11967    -1.03704    -0.05000
     0.11967    -0.88889    -0.05000
     0.11967    -0.74074    -0.05000
     0.11967    -0.59259    -0.05000
     0.11967    -0.44444    -0.05000
     0.11967    -0.29630    -0.05000
     0.11967    -0.14815    -0.05000
     0.11967     0.00000    -0.05000
     0.11967     0.14815    -0.05000
     0.11967     0.29630    -0.05000
     0.11967     0.44444    -0.05000
     0.11967     0.59259    -0.05000
     0.11967     0.74074    -0.05000
     0.11967     0.88889    -0.05000
     0.11967     1.03704    -0.05000
     0.11967     1.18519    -0.05000
     0.11967     1.33333    -0.05000
     0.11967     1.48148    -0.05000
     0.12916     1.63912    -0.05000
     0.11950     1.79534    -0.05000
     3.72990    -1.73754    -0.05000
     3.55938    -1.75525    -0.05000
     3.41100    -1.75329    -0.05000
     3.25926    -1.76066    -0.05000
     3.11111    -1.76066    -0.05000
     2.96296    -1.76066    -0.05000
     2.81481    -1.76066    -0.05000
     2.66667    -1.76066    -0.05000
     2.51852    -1.76066    -0.05000
     2.37037    -1.76066    -0.05000
     2.22222    -1.76066    -0.05000
     2.07407    -1.76066    -0.05000
     1.92593    -1.76066    -0.05000
     1.77778    -1.76066    -0.05000
     1.62963    -1.76066    -0.05000
     1.48148    -1.76066    -0.05000
     1.33333    -1.76066    -0.05000
     1.18519    -1.76066    -0.05000
     1.03704    -1.76066    -0.05000
     0.88889    -1.76066    -0.05000
     0.74074    -1.76066    -0.05000
     0.59259    -1.76066    -0.05000
     0.43766    -1.75573    -0.05000
     0.26983    -1.73769    -0.05000
     3.73754     1.72990    -0.05000
     3.75525     1.55938    -0.05000
     3.75329     1.41100    -0.05000
     3.76066     1.25926    -0.05000
     3.76066     1.11111    -0.05000
     3.76066     0.96296    -0.05000
     3.76066     0.81481    -0.05000
     3.76066     0.66667    -0.05000
     3.76066     0.51852    -0.05000
     3.76066     0.37037    -0.05000
     3.76066     0.22222    -0.05000
     3.76066     0.07407    -0.05000
     3.76066    -0.07407    -0.05000
     3.76066    -0.22222    -0.05000
     3.76066    -0.37037    -0.05000
     3.76066    -0.51852    -0.05000
     3.76066    -0.66667    -0.05000
     3.76066    -0.81481    -0.05000
     3.76066    -0.96296    -0.05000
     3.76066    -1.11111    -0.05000
     3.76066    -1.25926    -0.05000
     3.76066    -1.40741    -0.05000
     3.75206    -1.56467    -0.05000
     0.27010     1.73754    -0.05000
     0.44062     1.75525    -0.05000
     0.58900     1.75329    -0.05000
     0.74074     1.76066    -0.05000
     0.88889     1.76066    -0.05000
     1.03704     1.76066    -0.05000
     1.18519     1.76066    -0.05000
     1.33333     1.76066    -0.05000
     1.48148     1.76066    -0.05000
     1.62963     1.76066    -0.05000
     1.77778     1.76066    -0.05000
     1.92593     1.76066    -0.05000
     2.07407     1.76066    -0.05000
     2.22222     1.76066    -0.05000
     2.37037     1.76066    -0.05000
     2.51852     1.76066    -0.05000
     2.66667     1.76066    -0.05000
     2.81481     1.76066    -0.05000
     2.96296     1.76066    -0.05000
     3.11111     1.76066    -0.05000
     3.25926     1.76066    -0.05000
     3.40741     1.76066    -0.05000
     3.56467     1.75206    -0.05000
     0.24951    -1.56597    -0.05000
     0.24879    -1.41302    -0.05000
     0.23934    -1.25926    -0.05000
     0.23934    -1.11111    -0.05000
     0.23934    -0.96296    -0.05000
     0.23934    -0.81481    -0.05000
     0.23934    -0.66667    -0.05000
     0.23934    -0.51852    -0.05000
     0.23934    -0.37037    -0.05000
     0.23934    -0.22222    -0.05000
     0.23934    -0.07407    -0.05000
     0.23934     0.07407    -0.05000
     0.23934     0.22222    -0.05000
     0.23934     0.37037    -0.05000
     0.23934     0.51852    -0.05000
     0.23934     0.66667    -0.05000
     0.23934     0.81481    -0.05000
     0.23934     0.96296    -0.05000
     0.23934     1.11111    -0.05000
     0.23934     1.25926    -0.05000
     0.23934     1.40741    -0.05000
     0.24794     1.56467    -0.05000
     3.63227    -1.63572    -0.05000
     3.49938    -1.60193    -0.05000
     3.33340    -1.63988    -0.05000
     3.18519    -1.64099    -0.05000
     3.03704    -1.64099    -0.05000
     2.88889    -1.64099    -0.05000
     2.74074    -1.64099    -0.05000
     2.59259    -1.64099    -0.05000
     2.44444    -1.64099    -0.05000
     2.29630    -1.64099    -0.05000
     2.14815    -1.64099    -0.05000
     2.00000    -1.64099    -0.05000
     1.85185    -1.64099    -0.05000
     1.70370    -1.64099    -0.05000
     1.55556    -1.64099    -0.05000
     1.40741    -1.64099    -0.05000
     1.25926    -1.64099    -0.05000
     1.11111    -1.64099    -0.05000
     0.96296    -1.64099    -0.05000
     0.81481    -1.64099    -0.05000
     0.65904    -1.63726    -0.05000
     0.50428    -1.63435    -0.05000
     0.37037    -1.64099    -0.05000
     3.63572     1.63227    -0.05000
     3.60193     1.49938    -0.05000
     3.63988     1.33340    -0.05000
     3.64099     1.18519    -0.05000
     3.64099     1.03704    -0.05000
     3.64099     0.88889    -0.05000
     3.64099     0.74074    -0.05000
     3.64099     0.59259    -0.05000
     3.64099     0.44444    -0.05000
     3.64099     0.29630    -0.05000
     3.64099     0.14815    -0.05000
     3.64099     0.00000    -0.05000
     3.64099    -0.14815    -0.05000
     3.64099    -0.29630    -0.05000
     3.64099    -0.44444    -0.05000
     3.64099    -0.59259    -0.05000
     3.64099    -0.74074    -0.05000
     3.64099    -0.88889    -0.05000
     3.64099    -1.03704    -0.05000
     3.64099    -1.18519    -0.05000
     3.63457    -1.34182    -0.05000
     3.63401    -1.49262    -0.05000
     0.36773     1.63572    -0.05000
     0.50062     1.60193    -0.05000
     0.66660     1.63988    -0.05000
     0.81481     1.64099    -0.05000
     0.96296     1.64099    -0.05000
     1.11111     1.64099    -0.05000
     1.25926     1.64099    -0.05000
     1.40741     1.64099    -0.05000
     1.55556     1.64099    -0.05000
     1.70370     1.64099    -0.05000
     1.85185     1.64099    -0.05000
     2.00000     1.64099    -0.05000
     2.14815     1.64099    -0.05000
     2.29630     1.64099    -0.05000
     2.44444     1.64099    -0.05000
     2.59259     1.64099    -0.05000
     2.74074     1.64099    -0.05000
     2.88889     1.64099    -0.05000
     3.03704     1.64099    -0.05000
     3.18519     1.64099    -0.05000
     3.34182     1.63457    -0.05000
     3.49262     1.63401    -0.05000
     0.39887    -1.50142    -0.05000
     0.36565    -1.33666    -0.05000
     0.35901    -1.18519    -0.05000
     0.35901    -1.03704    -0.05000
     0.35901    -0.88889    -0.05000
     0.35901    -0.74074    -0.05000
     0.35901    -0.59259    -0.05000
     0.35901    -0.44444    -0.05000
     0.35901    -0.29630    -0.05000
     0.35901    -0.14815    -0.05000
     0.35901     0.00000    -0.05000
     0.35901     0.14815    -0.05000
     0.35901     0.29630    -0.05000
     0.35901     0.44444    -0.05000
     0.35901     0.59259    -0.05000
     0.35901     0.74074    -0.05000
     0.35901     0.88889    -0.05000
     0.35901     1.03704    -0.05000
     0.35901     1.18519    -0.05000
     0.36543     1.34182    -0.05000
     0.36599     1.49262    -0.05000
     3.38932    -1.51466    -0.05000
     3.26163    -1.51329    -0.05000
     3.11111    -1.52132    -0.05000
     2.96296    -1.52132    -0.05000
     2.81481    -1.52132    -0.05000
     2.66667    -1.52132    -0.05000
     2.51852    -1.52132    -0.05000
     2.37037    -1.52132    -0.05000
     2.22222    -1.52132    -0.05000
     2.07407    -1.52132    -0.05000
     1.92593    -1.52132    -0.05000
     1.77778    -1.52132    -0.05000
     1.62963    -1.52132    -0.05000
     1.48148    -1.52132    -0.05000
     1.33333    -1.52132    -0.05000
     1.18519    -1.52132    -0.05000
     1.03704    -1.52132    -0.05000
     0.88889    -1.52132    -0.05000
     0.73259    -1.51539    -0.05000
     0.56924    -1.51151    -0.05000
     3.51466     1.38932    -0.05000
     3.51329     1.26163    -0.05000
     3.52132     1.11111    -0.05000
     3.52132     0.96296    -0.05000
     3.52132     0.81481    -0.05000
     3.52132     0.66667    -0.05000
     3.52132     0.51852    -0.05000
     3.52132     0.37037    -0.05000
     3.52132     0.22222    -0.05000
     3.52132     0.07407    -0.05000
     3.52132    -0.07407    -0.05000
     3.52132    -0.22222    -0.05000
     3.52132    -0.37037    -0.05000
     3.52132    -0.51852    -0.05000
     3.52132    -0.66667    -0.05000
     3.52132    -0.81481    -0.05000
     3.52132    -0.96296    -0.05000
     3.52132    -1.11111    -0.05000
     3.50993    -1.27065    -0.05000
     3.50116    -1.43581    -0.05000
     0.61068     1.51466    -0.05000
     0.73837     1.51329    -0.05000
     0.88889     1.52132    -0.05000
     1.03704     1.52132    -0.05000
     1.18519     1.52132    -0.05000
     1.33333     1.52132    -0.05000
     1.48148     1.52132    -0.05000
     1.62963     1.52132    -0.05000
     1.77778     1.52132    -0.05000
     1.92593     1.52132    -0.05000
     2.07407     1.52132    -0.05000
     2.22222     1.52132    -0.05000
     2.37037     1.52132    -0.05000
     2.51852     1.52132    -0.05000
     2.66667     1.52132    -0.05000
     2.81481     1.52132    -0.05000
     2.96296     1.52132    -0.05000
     3.11111     1.52132    -0.05000
     3.27065     1.50993    -0.05000
     3.43581     1.50116    -0.05000
     0.49186    -1.39806    -0.05000
     0.49117    -1.27120    -0.05000
     0.47868    -1.11111    -0.05000
     0.47868    -0.96296    -0.05000
     0.47868    -0.81481    -0.05000
     0.47868    -0.66667    -0.05000
     0.47868    -0.51852    -0.05000
     0.47868    -0.37037    -0.05000
     0.47868    -0.22222    -0.05000
     0.47868    -0.07407    -0.05000
     0.47868     0.07407    -0.05000
     0.47868     0.22222    -0.05000
     0.47868     0.37037    -0.05000
     0.47868     0.51852    -0.05000
     0.47868     0.66667    -0.05000
     0.47868     0.81481    -0.05000
     0.47868     0.96296    -0.05000
     0.47868     1.11111    -0.05000
     0.49007     1.27065    -0.05000
     0.49884     1.43581    -0.05000
     3.35797    -1.37303    -0.05000
     3.19281    -1.38983    -0.05000
     3.04242    -1.39145    -0.05000
     2.88889    -1.40165    -0.05000
     2.74074    -1.40165    -0.05000
     2.59259    -1.40165    -0.05000
     2.44444    -1.40165    -0.05000
     2.29630    -1.40165    -0.05000
     2.14815    -1.40165    -0.05000
     2.00000    -1.40165    -0.05000
     1.85185    -1.40165    -0.05000
     1.70370    -1.40165    -0.05000
     1.55556    -1.40165    -0.05000
     1.40741    -1.40165    -0.05000
     1.25926    -1.40165    -0.05000
     1.11111    -1.40165    -0.05000
     0.96296    -1.40165    -0.05000
     0.80930    -1.39051    -0.05000
     0.63436    -1.36951    -0.05000
     3.37303     1.35797    -0.05000
     3.38983     1.19281    -0.05000
     3.39145     1.04242    -0.05000
     3.40165     0.88889    -0.05000
     3.40165     0.74074    -0.05000
     3.40165     0.59259    -0.05000
     3.40165     0.44444    -0.05000
     3.40165     0.29630    -0.05000
     3.40165     0.14815    -0.05000
     3.40165     0.00000    -0.05000
     3.40165    -0.14815    -0.05000
     3.40165    -0.29630    -0.05000
     3.40165    -0.44444    -0.05000
     3.40165    -0.59259    -0.05000
     3.40165    -0.74074    -0.05000
     3.40165    -0.88889    -0.05000
     3.40165    -1.03704    -0.05000
     3.38868    -1.19749    -0.05000
     0.64203     1.37303    -0.05000
     0.80719     1.38983    -0.05000
     0.95758     1.39145    -0.05000
     1.11111     1.40165    -0.05000
     1.25926     1.40165    -0.05000
     1.40741     1.40165    -0.05000
     1.55556     1.40165    -0.05000
     1.70370     1.40165    -0.05000
     1.85185     1.40165    -0.05000
     2.00000     1.40165    -0.05000
     2.14815     1.40165    -0.05000
     2.29630     1.40165    -0.05000
     2.44444     1.40165    -0.05000
     2.59259     1.40165    -0.05000
     2.74074     1.40165    -0.05000
     2.88889     1.40165    -0.05000
     3.03704     1.40165    -0.05000
     3.19749     1.38868    -0.05000
     0.61022    -1.19699    -0.05000
     0.59926    -1.04565    -0.05000
     0.60286    -0.89596    -0.05000
     0.59835    -0.74074    -0.05000
     0.59835    -0.59259    -0.05000
     0.59835    -0.44444    -0.05000
     0.59835    -0.29630    -0.05000
     0.59835    -0.14815    -0.05000
     0.59835     0.00000    -0.05000
     0.59835     0.14815    -0.05000
     0.59835     0.29630    -0.05000
     0.59835     0.44444    -0.05000
     0.59835     0.59259    -0.05000
     0.59835     0.74074    -0.05000
     0.59835     0.88889    -0.05000
     0.59835     1.03704    -0.05000
     0.61132     1.19749    -0.05000
     3.26390    -1.27359    -0.05000
     3.13075    -1.23226    -0.05000
     2.96507    -1.26356    -0.05000
     2.81481    -1.28198    -0.05000
     2.66667    -1.28198    -0.05000
     2.51852    -1.28198    -0.05000
     2.37037    -1.28198    -0.05000
     2.22222    -1.28198    -0.05000
     2.07407    -1.28198    -0.05000
     1.92593    -1.28198    -0.05000
     1.77778    -1.28198    -0.05000
     1.62963    -1.28198    -0.05000
     1.48148    -1.28198    -0.05000
     1.33333    -1.28198    -0.05000
     1.18519    -1.28198    -0.05000
     1.03704    -1.28198    -0.05000
     0.88863    -1.27145    -0.05000
     0.74810    -1.25321    -0.05000
     3.27359     1.26390    -0.05000
     3.23226     1.13075    -0.05000
     3.26356     0.96507    -0.05000
     3.28198     0.81481    -0.05000
     3.28198     0.66667    -0.05000
     3.28198     0.51852    -0.05000
     3.28198     0.37037    -0.05000
     3.28198     0.22222    -0.05000
     3.28198     0.07407    -0.05000
     3.28198    -0.07407    -0.05000
     3.28198    -0.22222    -0.05000
     3.28198    -0.37037    -0.05000
     3.28198    -0.51852    -0.05000
     3.28198    -0.66667    -0.05000
     3.28198    -0.81481    -0.05000
     3.28198    -0.96296    -0.05000
     3.27102    -1.12603    -0.05000
     0.73610     1.27359    -0.05000
     0.86925     1.23226    -0.05000
     1.03493     1.26356    -0.05000
     1.18519     1.28198    -0.05000
     1.33333     1.28198    -0.05000
     1.48148     1.28198    -0.05000
     1.62963     1.28198    -0.05000
     1.77778     1.28198    -0.05000
     1.92593     1.28198    -0.05000
     2.07407     1.28198    -0.05000
     2.22222     1.28198    -0.05000
     2.37037     1.28198    -0.05000
     2.51852     1.28198    -0.05000
     2.66667     1.28198    -0.05000
     2.81481     1.28198    -0.05000
     2.96296     1.28198    -0.05000
     3.12603     1.27102    -0.05000
     0.69940    -1.12164    -0.05000
     0.73890    -0.99132    -0.05000
     0.72330    -0.82028    -0.05000
     0.71802    -0.66667    -0.05000
     0.71802    -0.51852    -0.05000
     0.71802    -0.37037    -0.05000
     0.71802    -0.22222    -0.05000
     0.71802    -0.07407    -0.05000
     0.71802     0.07407    -0.05000
     0.71802     0.22222    -0.05000
     0.71802     0.37037    -0.05000
     0.71802     0.51852    -0.05000
     0.71802     0.66667    -0.05000
     0.71802     0.81481    -0.05000
     0.71802     0.96296    -0.05000
     0.72898     1.12603    -0.05000
     3.02179    -1.11903    -0.05000
     2.88762    -1.15407    -0.05000
     2.74074    -1.16231    -0.05000
     2.59259    -1.16231    -0.05000
     2.44444    -1.16231    -0.05000
     2.29630    -1.16231    -0.05000
     2.14815    -1.16231    -0.05000
     2.00000    -1.16231    -0.05000
     1.85185    -1.16231    -0.05000
     1.70370    -1.16231    -0.05000
     1.55556    -1.16231    -0.05000
     1.40741    -1.16231    -0.05000
     1.25926    -1.16231    -0.05000
     1.11111    -1.16231    -0.05000
     0.96377    -1.15555    -0.05000
     3.11903     1.02179    -0.05000
     3.15407     0.88762    -0.05000
     3.16231     0.74074    -0.05000
     3.16231     0.59259    -0.05000
     3.16231     0.44444    -0.05000
     3.16231     0.29630    -0.05000
     3.16231     0.14815    -0.05000
     3.16231     0.00000    -0.05000
     3.16231    -0.14815    -0.05000
     3.16231    -0.29630    -0.05000
     3.16231    -0.44444    -0.05000
     3.16231    -0.59259    -0.05000
     3.16231    -0.74074    -0.05000
     3.16231    -0.88889    -0.05000
     3.15269    -1.05007    -0.05000
     0.97821     1.11903    -0.05000
     1.11238     1.15407    -0.05000
     1.25926     1.16231    -0.05000
     1.40741     1.16231    -0.05000
     1.55556     1.16231    -0.05000
     1.70370     1.16231    -0.05000
     1.85185     1.16231    -0.05000
     2.00000     1.16231    -0.05000
     2.14815     1.16231    -0.05000
     2.29630     1.16231    -0.05000
     2.44444     1.16231    -0.05000
     2.59259     1.16231    -0.05000
     2.74074     1.16231    -0.05000
     2.88889     1.16231    -0.05000
     3.05007     1.15269    -0.05000
     0.89595    -1.02752    -0.05000
     0.84846    -0.89332    -0.05000
     0.83769    -0.74074    -0.05000
     0.83769    -0.59259    -0.05000
     0.83769    -0.44444    -0.05000
     0.83769    -0.29630    -0.05000
     0.83769    -0.14815    -0.05000
     0.83769     0.00000    -0.05000
     0.83769     0.14815    -0.05000
     0.83769     0.29630    -0.05000
     0.83769     0.44444    -0.05000
     0.83769     0.59259    -0.05000
     0.83769     0.74074    -0.05000
     0.83769     0.88889    -0.05000
     0.84731     1.05007    -0.05000
     0.81873    -1.14067    -0.05000
     2.93198    -1.04051    -0.05000
     2.81481    -1.04264    -0.05000
     2.66667    -1.04264    -0.05000
     2.51852    -1.04264    -0.05000
     2.37037    -1.04264    -0.05000
     2.22222    -1.04264    -0.05000
     2.07407    -1.04264    -0.05000
     1.92593    -1.04264    -0.05000
     1.77778    -1.04264    -0.05000
     1.62963    -1.04264    -0.05000
     1.48148    -1.04264    -0.05000
     1.33333    -1.04264    -0.05000
     1.18519    -1.04264    -0.05000
     1.03704    -1.04264    -0.05000
     3.04051     0.93198    -0.05000
     3.04264     0.81481    -0.05000
     3.04264     0.66667    -0.05000
     3.04264     0.51852    -0.05000
     3.04264     0.37037    -0.05000
     3.04264     0.22222    -0.05000
     3.04264     0.07407    -0.05000
     3.04264    -0.07407    -0.05000
     3.04264    -0.22222    -0.05000
     3.04264    -0.37037    -0.05000
     3.04264    -0.51852    -0.05000
     3.04264    -0.66667    -0.05000
     3.03696    -0.82049    -0.05000
     3.03788    -0.96839    -0.05000
     1.06802     1.04051    -0.05000
     1.18519     1.04264    -0.05000
     1.33333     1.04264    -0.05000
     1.48148     1.04264    -0.05000
     1.62963     1.04264    -0.05000
     1.77778     1.04264    -0.05000
     1.92593     1.04264    -0.05000
     2.07407     1.04264    -0.05000
     2.22222     1.04264    -0.05000
     2.37037     1.04264    -0.05000
     2.51852     1.04264    -0.05000
     2.66667     1.04264    -0.05000
     2.82049     1.03696    -0.05000
     2.96839     1.03788    -0.05000
     0.96880    -0.94160    -0.05000
     0.96674    -0.81767    -0.05000
     0.95736    -0.66667    -0.05000
     0.95736    -0.51852    -0.05000
     0.95736    -0.37037    -0.05000
     0.95736    -0.22222    -0.05000
     0.95736    -0.07407    -0.05000
     0.95736     0.07407    -0.05000
     0.95736     0.22222    -0.05000
     0.95736     0.37037    -0.05000
     0.95736     0.51852    -0.05000
     0.95736     0.66667    -0.05000
     0.96304     0.82049    -0.05000
     0.96212     0.96839    -0.05000
     2.90002    -0.90558    -0.05000
     2.74261    -0.91881    -0.05000
     2.59259    -0.92297    -0.05000
     2.44444    -0.92297    -0.05000
     2.29630    -0.92297    -0.05000
     2.14815    -0.92297    -0.05000
     2.00000    -0.92297    -0.05000
     1.85185    -0.92297    -0.05000
     1.70370    -0.92297    -0.05000
     1.55556    -0.92297    -0.05000
     1.40741    -0.92297    -0.05000
     1.25926    -0.92297    -0.05000
     1.09704    -0.90165    -0.05000
     2.90558     0.90002    -0.05000
     2.91881     0.74262    -0.05000
     2.92297     0.59259    -0.05000
     2.92297     0.44444    -0.05000
     2.92297     0.29630    -0.05000
     2.92297     0.14815    -0.05000
     2.92297     0.00000    -0.05000
     2.92297    -0.14815    -0.05000
     2.92297    -0.29630    -0.05000
     2.92297    -0.44444    -0.05000
     2.92297    -0.59259    -0.05000
     2.92297    -0.74074    -0.05000
     1.09998     0.90558    -0.05000
     1.25738     0.91881    -0.05000
     1.40741     0.92297    -0.05000
     1.55556     0.92297    -0.05000
     1.70370     0.92297    -0.05000
     1.85185     0.92297    -0.05000
     2.00000     0.92297    -0.05000
     2.14815     0.92297    -0.05000
     2.29630     0.92297    -0.05000
     2.44444     0.92297    -0.05000
     2.59259     0.92297    -0.05000
     2.74074     0.92297    -0.05000
     1.07947    -0.74151    -0.05000
     1.07703    -0.59259    -0.05000
     1.07703    -0.44444    -0.05000
     1.07703    -0.29630    -0.05000
     1.07703    -0.14815    -0.05000
     1.07703     0.00000    -0.05000
     1.07703     0.14815    -0.05000
     1.07703     0.29630    -0.05000
     1.07703     0.44444    -0.05000
     1.07703     0.59259    -0.05000
     1.07703     0.74074    -0.05000
     2.81481    -0.80330    -0.05000
     2.67803    -0.77077    -0.05000
     2.51852    -0.80330    -0.05000
     2.37037    -0.80330    -0.05000
     2.22222    -0.80330    -0.05000
     2.07407    -0.80330    -0.05000
     1.92593    -0.80330    -0.05000
     1.77778    -0.80330    -0.05000
     1.62963    -0.80330    -0.05000
     1.48148    -0.80330    -0.05000
     1.32291    -0.80047    -0.05000
     1.19647    -0.80836    -0.05000
     2.80330     0.81481    -0.05000
     2.77077     0.67803    -0.05000
     2.80330     0.51852    -0.05000
     2.80330     0.37037    -0.05000
     2.80330     0.22222    -0.05000
     2.80330     0.07407    -0.05000
     2.80330    -0.07407    -0.05000
     2.80330    -0.22222    -0.05000
     2.80330    -0.37037    -0.05000
     2.80330    -0.51852    -0.05000
     2.80330    -0.66667    -0.05000
     1.18519     0.80330    -0.05000
     1.32197     0.77077    -0.05000
     1.48148     0.80330    -0.05000
     1.62963     0.80330    -0.05000
     1.77778     0.80330    -0.05000
     1.92593     0.80330    -0.05000
     2.07407     0.80330    -0.05000
     2.22222     0.80330    -0.05000
     2.37037     0.80330    -0.05000
     2.51852     0.80330    -0.05000
     2.66667     0.80330    -0.05000
     1.22609    -0.67598    -0.05000
     1.19670    -0.51852    -0.05000
     1.19670    -0.37037    -0.05000
     1.19670    -0.22222    -0.05000
     1.19670    -0.07407    -0.05000
     1.19670     0.07407    -0.05000
     1.19670     0.22222    -0.05000
     1.19670     0.37037    -0.05000
     1.19670     0.51852    -0.05000
     1.19670     0.66667    -0.05000
     2.56863    -0.68285    -0.05000
     2.44444    -0.68363    -0.05000
     2.29630    -0.68363    -0.05000
     2.14815    -0.68363    -0.05000
     2.00000    -0.68363    -0.05000
     1.85185    -0.68363    -0.05000
     1.70370    -0.68363    -0.05000
     1.55556    -0.68363    -0.05000
     1.39732    -0.68665    -0.05000
     2.68285     0.56863    -0.05000
     2.68363     0.44444    -0.05000
     2.68363     0.29630    -0.05000
     2.68363     0.14815    -0.05000
     2.68363     0.00000    -0.05000
     2.68363    -0.14815    -0.05000
     2.68363    -0.29630    -0.05000
     2.67605    -0.45202    -0.05000
     2.67464    -0.60913    -0.05000
     1.43137     0.68285    -0.05000
     1.55556     0.68363    -0.05000
     1.70370     0.68363    -0.05000
     1.85185     0.68363    -0.05000
     2.00000     0.68363    -0.05000
     2.14815     0.68363    -0.05000
     2.29630     0.68363    -0.05000
     2.45202     0.67605    -0.05000
     2.60913     0.67464    -0.05000
     1.32089    -0.57453    -0.05000
     1.32455    -0.45079    -0.05000
     1.31637    -0.29630    -0.05000
     1.31637    -0.14815    -0.05000
     1.31637     0.00000    -0.05000
     1.31637     0.14815    -0.05000
     1.31637     0.29630    -0.05000
     1.32395     0.45202    -0.05000
     1.32536     0.60913    -0.05000
     2.53465    -0.54375    -0.05000
     2.37293    -0.55929    -0.05000
     2.22222    -0.56396    -0.05000
     2.07407    -0.56396    -0.05000
     1.92593    -0.56396    -0.05000
     1.77778    -0.56396    -0.05000
     1.62963    -0.56396    -0.05000
     1.45980    -0.54071    -0.05000
     2.54375     0.53465    -0.05000
     2.55929     0.37293    -0.05000
     2.56396     0.22222    -0.05000
     2.56396     0.07407    -0.05000
     2.56396    -0.07407    -0.05000
     2.56396    -0.22222    -0.05000
     2.55784    -0.37581    -0.05000
     1.46535     0.54375    -0.05000
     1.62707     0.55929    -0.05000
     1.77778     0.56396    -0.05000
     1.92593     0.56396    -0.05000
     2.07407     0.56396    -0.05000
     2.22222     0.56396    -0.05000
     2.37581     0.55784    -0.05000
     1.44152    -0.37389    -0.05000
     1.44383    -0.22578    -0.05000
     1.43604    -0.07407    -0.05000
     1.43604     0.07407    -0.05000
     1.43604     0.22222    -0.05000
     1.44216     0.37581    -0.05000
     2.44444    -0.44429    -0.05000
     2.31090    -0.40852    -0.05000
     2.14815    -0.44429    -0.05000
     2.00000    -0.44429    -0.05000
     1.85185    -0.44429    -0.05000
     1.69138    -0.43957    -0.05000
     1.55556    -0.44429    -0.05000
     2.44429     0.44444    -0.05000
     2.40852     0.31090    -0.05000
     2.44429     0.14815    -0.05000
     2.44429     0.00000    -0.05000
     2.43974    -0.15472    -0.05000
     2.44101    -0.30353    -0.05000
     1.55556     0.44429    -0.05000
     1.68910     0.40852    -0.05000
     1.85185     0.44429    -0.05000
     2.00000     0.44429    -0.05000
     2.15472     0.43974    -0.05000
     2.30353     0.44101    -0.05000
     1.58970    -0.31020    -0.05000
     1.56296    -0.15204    -0.05000
     1.55571     0.00000    -0.05000
     1.55571     0.14815    -0.05000
     1.55899     0.30353    -0.05000
     2.20118    -0.32092    -0.05000
     2.07161    -0.31629    -0.05000
     1.91913    -0.32005    -0.05000
     1.75866    -0.31903    -0.05000
     2.32092     0.20118    -0.05000
     2.31723     0.07193    -0.05000
     2.31515    -0.08354    -0.05000
     2.31011    -0.24493    -0.05000
     1.79882     0.32092    -0.05000
     1.92795     0.31707    -0.05000
     2.08354     0.31515    -0.05000
     2.24493     0.31011    -0.05000
     1.68413    -0.20853    -0.05000
     1.68505    -0.07554    -0.05000
     1.68239     0.07916    -0.05000
     1.68923     0.24401    -0.05000
     2.16850    -0.18060    -0.05000
     1.99268    -0.18758    -0.05000
     1.82196    -0.16981    -0.05000
     2.18060     0.16850    -0.05000
     2.19650    -0.00250    -0.05000
     1.83103     0.17943    -0.05000
     2.00925     0.18490    -0.05000
     1.80462    -0.00089    -0.05000
     2.05063    -0.05237    -0.05000
     1.91922    -0.06998    -0.05000
     2.07718     0.07064    -0.05000
     1.94728     0.05492    -0.05000
     0.09703     1.90759    -0.05000
     3.90759     1.90297    -0.05000
     0.09671    -1.90728    -0.05000
     3.90297    -1.90759    -0.05000
     0.00000    -2.00000     0.05000
     4.00000    -2.00000     0.05000
     0.14815    -2.00000     0.05000
     0.29630    -2.00000     0.05000
     0.44444    -2.00000     0.05000
     0.59259    -2.00000     0.05000
     0.74074    -2.00000     0.05000
     0.88889    -2.00000     0.05000
     1.03704    -2.00000     0.05000
     1.18519    -2.00000     0.05000
     1.33333    -2.00000     0.05000
     1.48148    -2.00000     0.05000
     1.62963    -2.00000     0.05000
     1.77778    -2.00000     0.05000
     1.92593    -2.00000     0.05000
     2.07407    -2.00000     0.05000
     2.22222    -2.00000     0.05000
     2.37037    -2.00000     0.05000
     2.51852    -2.00000     0.05000
     2.66667    -2.00000     0.05000
     2.81481    -2.00000     0.05000
     2.96296    -2.00000     0.05000
     3.11111    -2.00000     0.05000
     3.25926    -2.00000     0.05000
     3.40741    -2.00000     0.05000
     3.55556    -2.00000     0.05000
     3.70370    -2.00000     0.05000
     3.85185    -2.00000     0.05000
     4.00000     2.00000     0.05000
     4.00000    -1.85185     0.05000
     4.00000    -1.70370     0.05000
     4.00000    -1.55556     0.05000
     4.00000    -1.40741     0.05000
     4.00000    -1.25926     0.05000
     4.00000    -1.11111     0.05000
     4.00000    -0.96296     0.05000
     4.00000    -0.81481     0.05000
     4.00000    -0.66667     0.05000
     4.00000    -0.51852     0.05000
     4.00000    -0.37037     0.05000
     4.00000    -0.22222     0.05000
     4.00000    -0.07407     0.05000
     4.00000     0.07407     0.05000
     4.00000     0.22222     0.05000
     4.00000     0.37037     0.05000
     4.00000     0.51852     0.05000
     4.00000     0.66667     0.05000
     4.00000     0.81481     0.05000
     4.00000     0.96296     0.05000
     4.00000     1.11111     0.05000
     4.00000     1.25926     0.05000
     4.00000     1.40741     0.05000
     4.00000     1.55556     0.05000
     4.00000     1.70370     0.05000
     4.00000     1.85185     0.05000
     0.00000     2.00000     0.05000
     3.85185     2.00000     0.05000
     3.70370     2.00000     0.05000
     3.55556     2.00000     0.05000
     3.40741     2.00000     0.05000
     3.25926     2.00000     0.05000
     3.11111     2.00000     0.05000
     2.96296     2.00000     0.05000
     2.81481     2.00000     0.05000
     2.66667     2.00000     0.05000
     2.51852     2.00000     0.05000
     2.37037     2.00000     0.05000
     2.22222     2.00000     0.05000
     2.07407     2.00000     0.05000
     1.92593     2.00000     0.05000
     1.77778     2.00000     0.05000
     1.62963     2.00000     0.05000
     1.48148     2.00000     0.05000
     1.33333     2.00000     0.05000
     1.18519     2.00000     0.05000
     1.03704     2.00000     0.05000
     0.88889     2.00000     0.05000
     0.74074     2.00000     0.05000
     0.59259     2.00000     0.05000
     0.44444     2.00000     0.05000
     0.29630     2.00000     0.05000
     0.14815     2.00000     0.05000
     0.00000     1.85185     0.05000
     0.00000     1.70370     0.05000
     0.00000     1.55556     0.05000
     0.00000     1.40741     0.05000
     0.00000     1.25926     0.05000
     0.00000     1.11111     0.05000
     0.00000     0.96296     0.05000
     0.00000     0.81481     0.05000
     0.00000     0.66667     0.05000
     0.00000     0.51852     0.05000
     0.00000     0.37037     0.05000
     0.00000     0.22222     0.05000
     0.00000     0.07407     0.05000
     0.00000    -0.07407     0.05000
     0.00000    -0.22222     0.05000
     0.00000    -0.37037     0.05000
     0.00000    -0.51852     0.05000
     0.00000    -0.66667     0.05000
     0.00000    -0.81481     0.05000
     0.00000    -0.96296     0.05000
     0.00000    -1.11111     0.05000
     0.00000    -1.25926     0.05000
     0.00000    -1.40741     0.05000
     0.00000    -1.55556     0.05000
     0.00000    -1.70370     0.05000
     0.00000    -1.85185     0.05000
     0.11203    -1.78920     0.05000
     0.12121    -1.63821     0.05000
     0.11967    -1.48148     0.05000
     0.11967    -1.33333     0.05000
     0.11967    -1.18519     0.05000
     0.11967    -1.03704     0.05000
     0.11967    -0.88889     0.05000
     0.11967    -0.74074     0.05000
     0.11967    -0.59259     0.05000
     0.11967    -0.44444     0.05000
     0.11967    -0.29630     0.05000
     0.11967    -0.14815     0.05000
     0.11967     0.00000     0.05000
     0.11967     0.14815     0.05000
     0.11967     0.29630     0.05000
     0.11967     0.44444     0.05000
     0.11967     0.59259     0.05000
     0.11967     0.74074     0.05000
     0.11967     0.88889     0.05000
     0.11967     1.03704     0.05000
     0.11967     1.18519     0.05000
     0.11967     1.33333     0.05000
     0.11967     1.48148     0.05000
     0.11967     1.62963     0.05000
     0.10922     1.78252     0.05000
     0.20624     1.88208     0.05000
     0.35821     1.87113     0.05000
     0.51852     1.88033     0.05000
     0.66667     1.88033     0.05000
     0.81481     1.88033     0.05000
     0.96296     1.88033     0.05000
     1.11111     1.88033     0.05000
     1.25926     1.88033     0.05000
     1.40741     1.88033     0.05000
     1.55556     1.88033     0.05000
     1.70370     1.88033     0.05000
     1.85185     1.88033     0.05000
     2.00000     1.88033     0.05000
     2.14815     1.88033     0.05000
     2.29630     1.88033     0.05000
     2.44444     1.88033     0.05000
     2.59259     1.88033     0.05000
     2.74074     1.88033     0.05000
     2.88889     1.88033     0.05000
     3.03704     1.88033     0.05000
     3.18519     1.88033     0.05000
     3.33333     1.88033     0.05000
     3.48148     1.88033     0.05000
     3.62963     1.88033     0.05000
     3.78252     1.89078     0.05000
     3.88208     1.79376     0.05000
     3.87113     1.64179     0.05000
     3.88033     1.48148     0.05000
     3.88033     1.33333     0.05000
     3.88033     1.18519     0.05000
     3.88033     1.03704     0.05000
     3.88033     0.88889     0.05000
     3.88033     0.74074     0.05000
     3.88033     0.59259     0.05000
     3.88033     0.44444     0.05000
     3.88033     0.29630     0.05000
     3.88033     0.14815     0.05000
     3.88033     0.00000     0.05000
     3.88033    -0.14815     0.05000
     3.88033    -0.29630     0.05000
     3.88033    -0.44444     0.05000
     3.88033    -0.59259     0.05000
     3.88033    -0.74074     0.05000
     3.88033    -0.88889     0.05000
     3.88033    -1.03704     0.05000
     3.88033    -1.18519     0.05000
     3.88033    -1.33333     0.05000
     3.88033    -1.48148     0.05000
     3.88033    -1.62963     0.05000
     3.89078    -1.78252     0.05000
     3.79376    -1.88208     0.05000
     3.64179    -1.87113     0.05000
     3.48148    -1.88033     0.05000
     3.33333    -1.88033     0.05000
     3.18519    -1.88033     0.05000
     3.03704    -1.88033     0.05000
     2.88889    -1.88033     0.05000
     2.74074    -1.88033     0.05000
     2.59259    -1.88033     0.05000
     2.44444    -1.88033     0.05000
     2.29630    -1.88033     0.05000
     2.14815    -1.88033     0.05000
     2.00000    -1.88033     0.05000
     1.85185    -1.88033     0.05000
     1.70370    -1.88033     0.05000
     1.55556    -1.88033     0.05000
     1.40741    -1.88033     0.05000
     1.25926    -1.88033     0.05000
     1.11111    -1.88033     0.05000
     0.96296    -1.88033     0.05000
     0.81481    -1.88033     0.05000
     0.66667    -1.88033     0.05000
     0.51852    -1.88033     0.05000
     0.35995    -1.87862     0.05000
     0.20953    -1.88987     0.05000
     0.26146    -1.73706     0.05000
     0.24674    -1.56702     0.05000
     0.24603    -1.41253     0.05000
     0.23934    -1.25926     0.05000
     0.23934    -1.11111     0.05000
     0.23934    -0.96296     0.05000
     0.23934    -0.81481     0.05000
     0.23934    -0.66667     0.05000
     0.23934    -0.51852     0.05000
     0.23934    -0.37037     0.05000
     0.23934    -0.22222     0.05000
     0.23934    -0.07407     0.05000
     0.23934     0.07407     0.05000
     0.23934     0.22222     0.05000
     0.23934     0.37037     0.05000
     0.23934     0.51852     0.05000
     0.23934     0.66667     0.05000
     0.23934     0.81481     0.05000
     0.23934     0.96296     0.05000
     0.23934     1.11111     0.05000
     0.23934     1.25926     0.05000
     0.23934     1.40741     0.05000
     0.24427     1.56234     0.05000
     0.26231     1.73017     0.05000
     0.43403     1.75049     0.05000
     0.58698     1.75121     0.05000
     0.74074     1.76066     0.05000
     0.88889     1.76066     0.05000
     1.03704     1.76066     0.05000
     1.18519     1.76066     0.05000
     1.33333     1.76066     0.05000
     1.48148     1.76066     0.05000
     1.62963     1.76066     0.05000
     1.77778     1.76066     0.05000
     1.92593     1.76066     0.05000
     2.07407     1.76066     0.05000
     2.22222     1.76066     0.05000
     2.37037     1.76066     0.05000
     2.51852     1.76066     0.05000
     2.66667     1.76066     0.05000
     2.81481     1.76066     0.05000
     2.96296     1.76066     0.05000
     3.11111     1.76066     0.05000
     3.25926     1.76066     0.05000
     3.40741     1.76066     0.05000
     3.56234     1.75573     0.05000
     3.73017     1.73769     0.05000
     3.75049     1.56597     0.05000
     3.75121     1.41302     0.05000
     3.76066     1.25926     0.05000
     3.76066     1.11111     0.05000
     3.76066     0.96296     0.05000
     3.76066     0.81481     0.05000
     3.76066     0.66667     0.05000
     3.76066     0.51852     0.05000
     3.76066     0.37037     0.05000
     3.76066     0.22222     0.05000
     3.76066     0.07407     0.05000
     3.76066    -0.07407     0.05000
     3.76066    -0.22222     0.05000
     3.76066    -0.37037     0.05000
     3.76066    -0.51852     0.05000
     3.76066    -0.66667     0.05000
     3.76066    -0.81481     0.05000
     3.76066    -0.96296     0.05000
     3.76066    -1.11111     0.05000
     3.76066    -1.25926     0.05000
     3.76066    -1.40741     0.05000
     3.75573    -1.56234     0.05000
     3.73769    -1.73017     0.05000
     3.56597    -1.75049     0.05000
     3.41302    -1.75121     0.05000
     3.25926    -1.76066     0.05000
     3.11111    -1.76066     0.05000
     2.96296    -1.76066     0.05000
     2.81481    -1.76066     0.05000
     2.66667    -1.76066     0.05000
     2.51852    -1.76066     0.05000
     2.37037    -1.76066     0.05000
     2.22222    -1.76066     0.05000
     2.07407    -1.76066     0.05000
     1.92593    -1.76066     0.05000
     1.77778    -1.76066     0.05000
     1.62963    -1.76066     0.05000
     1.48148    -1.76066     0.05000
     1.33333    -1.76066     0.05000
     1.18519    -1.76066     0.05000
     1.03704    -1.76066     0.05000
     0.88889    -1.76066     0.05000
     0.74074    -1.76066     0.05000
     0.59259    -1.76066     0.05000
     0.43465    -1.75773     0.05000
     0.36810    -1.63996     0.05000
     0.39729    -1.50232     0.05000
     0.36903    -1.33755     0.05000
     0.35901    -1.18519     0.05000
     0.35901    -1.03704     0.05000
     0.35901    -0.88889     0.05000
     0.35901    -0.74074     0.05000
     0.35901    -0.59259     0.05000
     0.35901    -0.44444     0.05000
     0.35901    -0.29630     0.05000
     0.35901    -0.14815     0.05000
     0.35901     0.00000     0.05000
     0.35901     0.14815     0.05000
     0.35901     0.29630     0.05000
     0.35901     0.44444     0.05000
     0.35901     0.59259     0.05000
     0.35901     0.74074     0.05000
     0.35901     0.88889     0.05000
     0.35901     1.03704     0.05000
     0.35901     1.18519     0.05000
     0.36274     1.34096     0.05000
     0.36565     1.49572     0.05000
     0.35901     1.62963     0.05000
     0.49858     1.60113     0.05000
     0.66334     1.63435     0.05000
     0.81481     1.64099     0.05000
     0.96296     1.64099     0.05000
     1.11111     1.64099     0.05000
     1.25926     1.64099     0.05000
     1.40741     1.64099     0.05000
     1.55556     1.64099     0.05000
     1.70370     1.64099     0.05000
     1.85185     1.64099     0.05000
     2.00000     1.64099     0.05000
     2.14815     1.64099     0.05000
     2.29630     1.64099     0.05000
     2.44444     1.64099     0.05000
     2.59259     1.64099     0.05000
     2.74074     1.64099     0.05000
     2.88889     1.64099     0.05000
     3.03704     1.64099     0.05000
     3.18519     1.64099     0.05000
     3.34096     1.63726     0.05000
     3.49572     1.63435     0.05000
     3.62963     1.64099     0.05000
     3.60113     1.50142     0.05000
     3.63435     1.33666     0.05000
     3.64099     1.18519     0.05000
     3.64099     1.03704     0.05000
     3.64099     0.88889     0.05000
     3.64099     0.74074     0.05000
     3.64099     0.59259     0.05000
     3.64099     0.44444     0.05000
     3.64099     0.29630     0.05000
     3.64099     0.14815     0.05000
     3.64099     0.00000     0.05000
     3.64099    -0.14815     0.05000
     3.64099    -0.29630     0.05000
     3.64099    -0.44444     0.05000
     3.64099    -0.59259     0.05000
     3.64099    -0.74074     0.05000
     3.64099    -0.88889     0.05000
     3.64099    -1.03704     0.05000
     3.64099    -1.18519     0.05000
     3.63726    -1.34096     0.05000
     3.63435    -1.49572     0.05000
     3.64099    -1.62963     0.05000
     3.50142    -1.60113     0.05000
     3.33666    -1.63435     0.05000
     3.18519    -1.64099     0.05000
     3.03704    -1.64099     0.05000
     2.88889    -1.64099     0.05000
     2.74074    -1.64099     0.05000
     2.59259    -1.64099     0.05000
     2.44444    -1.64099     0.05000
     2.29630    -1.64099     0.05000
     2.14815    -1.64099     0.05000
     2.00000    -1.64099     0.05000
     1.85185    -1.64099     0.05000
     1.70370    -1.64099     0.05000
     1.55556    -1.64099     0.05000
     1.40741    -1.64099     0.05000
     1.25926    -1.64099     0.05000
     1.11111    -1.64099     0.05000
     0.96296    -1.64099     0.05000
     0.81481    -1.64099     0.05000
     0.65911    -1.63854     0.05000
     0.50591    -1.63722     0.05000
     0.48896    -1.39980     0.05000
     0.48354    -1.26623     0.05000
     0.47868    -1.11111     0.05000
     0.47868    -0.96296     0.05000
     0.47868    -0.81481     0.05000
     0.47868    -0.66667     0.05000
     0.47868    -0.51852     0.05000
     0.47868    -0.37037     0.05000
     0.47868    -0.22222     0.05000
     0.47868    -0.07407     0.05000
     0.47868     0.07407     0.05000
     0.47868     0.22222     0.05000
     0.47868     0.37037     0.05000
     0.47868     0.51852     0.05000
     0.47868     0.66667     0.05000
     0.47868     0.81481     0.05000
     0.47868     0.96296     0.05000
     0.47868     1.11111     0.05000
     0.48461     1.26741     0.05000
     0.48849     1.43076     0.05000
     0.60194     1.50814     0.05000
     0.72880     1.50883     0.05000
     0.88889     1.52132     0.05000
     1.03704     1.52132     0.05000
     1.18519     1.52132     0.05000
     1.33333     1.52132     0.05000
     1.48148     1.52132     0.05000
     1.62963     1.52132     0.05000
     1.77778     1.52132     0.05000
     1.92593     1.52132     0.05000
     2.07407     1.52132     0.05000
     2.22222     1.52132     0.05000
     2.37037     1.52132     0.05000
     2.51852     1.52132     0.05000
     2.66667     1.52132     0.05000
     2.81481     1.52132     0.05000
     2.96296     1.52132     0.05000
     3.11111     1.52132     0.05000
     3.26741     1.51539     0.05000
     3.43076     1.51151     0.05000
     3.50814     1.39806     0.05000
     3.50883     1.27120     0.05000
     3.52132     1.11111     0.05000
     3.52132     0.96296     0.05000
     3.52132     0.81481     0.05000
     3.52132     0.66667     0.05000
     3.52132     0.51852     0.05000
     3.52132     0.37037     0.05000
     3.52132     0.22222     0.05000
     3.52132     0.07407     0.05000
     3.52132    -0.07407     0.05000
     3.52132    -0.22222     0.05000
     3.52132    -0.37037     0.05000
     3.52132    -0.51852     0.05000
     3.52132    -0.66667     0.05000
     3.52132    -0.81481     0.05000
     3.52132    -0.96296     0.05000
     3.52132    -1.11111     0.05000
     3.51539    -1.26741     0.05000
     3.51151    -1.43076     0.05000
     3.39806    -1.50814     0.05000
     3.27120    -1.50883     0.05000
     3.11111    -1.52132     0.05000
     2.96296    -1.52132     0.05000
     2.81481    -1.52132     0.05000
     2.66667    -1.52132     0.05000
     2.51852    -1.52132     0.05000
     2.37037    -1.52132     0.05000
     2.22222    -1.52132     0.05000
     2.07407    -1.52132     0.05000
     1.92593    -1.52132     0.05000
     1.77778    -1.52132     0.05000
     1.62963    -1.52132     0.05000
     1.48148    -1.52132     0.05000
     1.33333    -1.52132     0.05000
     1.18519    -1.52132     0.05000
     1.03704    -1.52132     0.05000
     0.88889    -1.52132     0.05000
     0.72665    -1.51230     0.05000
     0.56810    -1.51354     0.05000
     0.62763    -1.36558     0.05000
     0.60911    -1.19836     0.05000
     0.60818    -1.04402     0.05000
     0.59835    -0.88889     0.05000
     0.59835    -0.74074     0.05000
     0.59835    -0.59259     0.05000
     0.59835    -0.44444     0.05000
     0.59835    -0.29630     0.05000
     0.59835    -0.14815     0.05000
     0.59835     0.00000     0.05000
     0.59835     0.14815     0.05000
     0.59835     0.29630     0.05000
     0.59835     0.44444     0.05000
     0.59835     0.59259     0.05000
     0.59835     0.74074     0.05000
     0.59835     0.88889     0.05000
     0.59835     1.03704     0.05000
     0.60949     1.19070     0.05000
     0.63049     1.36564     0.05000
     0.80301     1.38978     0.05000
     0.95435     1.40074     0.05000
     1.10404     1.39714     0.05000
     1.25926     1.40165     0.05000
     1.40741     1.40165     0.05000
     1.55556     1.40165     0.05000
     1.70370     1.40165     0.05000
     1.85185     1.40165     0.05000
     2.00000     1.40165     0.05000
     2.14815     1.40165     0.05000
     2.29630     1.40165     0.05000
     2.44444     1.40165     0.05000
     2.59259     1.40165     0.05000
     2.74074     1.40165     0.05000
     2.88889     1.40165     0.05000
     3.03704     1.40165     0.05000
     3.19070     1.39051     0.05000
     3.36564     1.36951     0.05000
     3.38978     1.19699     0.05000
     3.40074     1.04565     0.05000
     3.39714     0.89596     0.05000
     3.40165     0.74074     0.05000
     3.40165     0.59259     0.05000
     3.40165     0.44444     0.05000
     3.40165     0.29630     0.05000
     3.40165     0.14815     0.05000
     3.40165     0.00000     0.05000
     3.40165    -0.14815     0.05000
     3.40165    -0.29630     0.05000
     3.40165    -0.44444     0.05000
     3.40165    -0.59259     0.05000
     3.40165    -0.74074     0.05000
     3.40165    -0.88889     0.05000
     3.40165    -1.03704     0.05000
     3.39051    -1.19070     0.05000
     3.36951    -1.36564     0.05000
     3.19699    -1.38978     0.05000
     3.04565    -1.40074     0.05000
     2.89596    -1.39714     0.05000
     2.74074    -1.40165     0.05000
     2.59259    -1.40165     0.05000
     2.44444    -1.40165     0.05000
     2.29630    -1.40165     0.05000
     2.14815    -1.40165     0.05000
     2.00000    -1.40165     0.05000
     1.85185    -1.40165     0.05000
     1.70370    -1.40165     0.05000
     1.55556    -1.40165     0.05000
     1.40741    -1.40165     0.05000
     1.25926    -1.40165     0.05000
     1.11111    -1.40165     0.05000
     0.96296    -1.40165     0.05000
     0.80134    -1.39386     0.05000
     0.73384    -1.27370     0.05000
     0.75933    -1.13572     0.05000
     0.72491    -0.96706     0.05000
     0.71802    -0.81481     0.05000
     0.71802    -0.66667     0.05000
     0.71802    -0.51852     0.05000
     0.71802    -0.37037     0.05000
     0.71802    -0.22222     0.05000
     0.71802    -0.07407     0.05000
     0.71802     0.07407     0.05000
     0.71802     0.22222     0.05000
     0.71802     0.37037     0.05000
     0.71802     0.51852     0.05000
     0.71802     0.66667     0.05000
     0.71802     0.81481     0.05000
     0.71802     0.96296     0.05000
     0.72855     1.11137     0.05000
     0.74679     1.25190     0.05000
     0.87836     1.30060     0.05000
     1.00868     1.26110     0.05000
     1.17972     1.27670     0.05000
     1.33333     1.28198     0.05000
     1.48148     1.28198     0.05000
     1.62963     1.28198     0.05000
     1.77778     1.28198     0.05000
     1.92593     1.28198     0.05000
     2.07407     1.28198     0.05000
     2.22222     1.28198     0.05000
     2.37037     1.28198     0.05000
     2.51852     1.28198     0.05000
     2.66667     1.28198     0.05000
     2.81481     1.28198     0.05000
     2.96296     1.28198     0.05000
     3.11137     1.27145     0.05000
     3.25190     1.25321     0.05000
     3.30060     1.12164     0.05000
     3.26110     0.99132     0.05000
     3.27670     0.82028     0.05000
     3.28198     0.66667     0.05000
     3.28198     0.51852     0.05000
     3.28198     0.37037     0.05000
     3.28198     0.22222     0.05000
     3.28198     0.07407     0.05000
     3.28198    -0.07407     0.05000
     3.28198    -0.22222     0.05000
     3.28198    -0.37037     0.05000
     3.28198    -0.51852     0.05000
     3.28198    -0.66667     0.05000
     3.28198    -0.81481     0.05000
     3.28198    -0.96296     0.05000
     3.27145    -1.11137     0.05000
     3.25321    -1.25190     0.05000
     3.12164    -1.30060     0.05000
     2.99132    -1.26110     0.05000
     2.82028    -1.27670     0.05000
     2.66667    -1.28198     0.05000
     2.51852    -1.28198     0.05000
     2.37037    -1.28198     0.05000
     2.22222    -1.28198     0.05000
     2.07407    -1.28198     0.05000
     1.92593    -1.28198     0.05000
     1.77778    -1.28198     0.05000
     1.62963    -1.28198     0.05000
     1.48148    -1.28198     0.05000
     1.33333    -1.28198     0.05000
     1.18519    -1.28198     0.05000
     1.02738    -1.27848     0.05000
     0.87180    -1.27500     0.05000
     0.84641    -1.03480     0.05000
     0.84346    -0.89932     0.05000
     0.83769    -0.74074     0.05000
     0.83769    -0.59259     0.05000
     0.83769    -0.44444     0.05000
     0.83769    -0.29630     0.05000
     0.83769    -0.14815     0.05000
     0.83769     0.00000     0.05000
     0.83769     0.14815     0.05000
     0.83769     0.29630     0.05000
     0.83769     0.44444     0.05000
     0.83769     0.59259     0.05000
     0.83769     0.74074     0.05000
     0.83769     0.88889     0.05000
     0.84445     1.03623     0.05000
     0.97248     1.10405     0.05000
     1.10668     1.15154     0.05000
     1.25926     1.16231     0.05000
     1.40741     1.16231     0.05000
     1.55556     1.16231     0.05000
     1.70370     1.16231     0.05000
     1.85185     1.16231     0.05000
     2.00000     1.16231     0.05000
     2.14815     1.16231     0.05000
     2.29630     1.16231     0.05000
     2.44444     1.16231     0.05000
     2.59259     1.16231     0.05000
     2.74074     1.16231     0.05000
     2.88889     1.16231     0.05000
     3.03623     1.15555     0.05000
     3.10405     1.02752     0.05000
     3.15154     0.89332     0.05000
     3.16231     0.74074     0.05000
     3.16231     0.59259     0.05000
     3.16231     0.44444     0.05000
     3.16231     0.29630     0.05000
     3.16231     0.14815     0.05000
     3.16231     0.00000     0.05000
     3.16231    -0.14815     0.05000
     3.16231    -0.29630     0.05000
     3.16231    -0.44444     0.05000
     3.16231    -0.59259     0.05000
     3.16231    -0.74074     0.05000
     3.16231    -0.88889     0.05000
     3.15555    -1.03623     0.05000
     3.02752    -1.10405     0.05000
     2.89332    -1.15154     0.05000
     2.74074    -1.16231     0.05000
     2.59259    -1.16231     0.05000
     2.44444    -1.16231     0.05000
     2.29630    -1.16231     0.05000
     2.14815    -1.16231     0.05000
     2.00000    -1.16231     0.05000
     1.85185    -1.16231     0.05000
     1.70370    -1.16231     0.05000
     1.55556    -1.16231     0.05000
     1.40741    -1.16231     0.05000
     1.25926    -1.16231     0.05000
     1.09229    -1.15354     0.05000
     0.93202    -1.15168     0.05000
     0.85933     1.18127     0.05000
     3.18127     1.14067     0.05000
     3.14067    -1.18127     0.05000
     0.99199    -0.99989     0.05000
     0.96869    -0.82384     0.05000
     0.95736    -0.66667     0.05000
     0.95736    -0.51852     0.05000
     0.95736    -0.37037     0.05000
     0.95736    -0.22222     0.05000
     0.95736    -0.07407     0.05000
     0.95736     0.07407     0.05000
     0.95736     0.22222     0.05000
     0.95736     0.37037     0.05000
     0.95736     0.51852     0.05000
     0.95736     0.66667     0.05000
     0.95736     0.81481     0.05000
     0.95736     0.96296     0.05000
     1.05840     1.03120     0.05000
     1.18233     1.03326     0.05000
     1.33333     1.04264     0.05000
     1.48148     1.04264     0.05000
     1.62963     1.04264     0.05000
     1.77778     1.04264     0.05000
     1.92593     1.04264     0.05000
     2.07407     1.04264     0.05000
     2.22222     1.04264     0.05000
     2.37037     1.04264     0.05000
     2.51852     1.04264     0.05000
     2.66667     1.04264     0.05000
     2.81481     1.04264     0.05000
     2.96296     1.04264     0.05000
     3.03120     0.94160     0.05000
     3.03326     0.81767     0.05000
     3.04264     0.66667     0.05000
     3.04264     0.51852     0.05000
     3.04264     0.37037     0.05000
     3.04264     0.22222     0.05000
     3.04264     0.07407     0.05000
     3.04264    -0.07407     0.05000
     3.04264    -0.22222     0.05000
     3.04264    -0.37037     0.05000
     3.04264    -0.51852     0.05000
     3.04264    -0.66667     0.05000
     3.04264    -0.81481     0.05000
     3.04264    -0.96296     0.05000
     2.94160    -1.03120     0.05000
     2.81767    -1.03326     0.05000
     2.66667    -1.04264     0.05000
     2.51852    -1.04264     0.05000
     2.37037    -1.04264     0.05000
     2.22222    -1.04264     0.05000
     2.07407    -1.04264     0.05000
     1.92593    -1.04264     0.05000
     1.77778    -1.04264     0.05000
     1.62963    -1.04264     0.05000
     1.48148    -1.04264     0.05000
     1.33333    -1.04264     0.05000
     1.17346    -1.02950     0.05000
     1.10570    -0.89468     0.05000
     1.08846    -0.74356     0.05000
     1.08430    -0.59474     0.05000
     1.07703    -0.44444     0.05000
     1.07703    -0.29630     0.05000
     1.07703    -0.14815     0.05000
     1.07703     0.00000     0.05000
     1.07703     0.14815     0.05000
     1.07703     0.29630     0.05000
     1.07703     0.44444     0.05000
     1.07703     0.59259     0.05000
     1.07703     0.74074     0.05000
     1.09835     0.90296     0.05000
     1.25849     0.92053     0.05000
     1.40741     0.92297     0.05000
     1.55556     0.92297     0.05000
     1.70370     0.92297     0.05000
     1.85185     0.92297     0.05000
     2.00000     0.92297     0.05000
     2.14815     0.92297     0.05000
     2.29630     0.92297     0.05000
     2.44444     0.92297     0.05000
     2.59259     0.92297     0.05000
     2.74074     0.92297     0.05000
     2.90296     0.90165     0.05000
     2.92053     0.74151     0.05000
     2.92297     0.59259     0.05000
     2.92297     0.44444     0.05000
     2.92297     0.29630     0.05000
     2.92297     0.14815     0.05000
     2.92297     0.00000     0.05000
     2.92297    -0.14815     0.05000
     2.92297    -0.29630     0.05000
     2.92297    -0.44444     0.05000
     2.92297    -0.59259     0.05000
     2.92297    -0.74074     0.05000
     2.90165    -0.90296     0.05000
     2.74151    -0.92053     0.05000
     2.59259    -0.92297     0.05000
     2.44444    -0.92297     0.05000
     2.29630    -0.92297     0.05000
     2.14815    -0.92297     0.05000
     2.00000    -0.92297     0.05000
     1.85185    -0.92297     0.05000
     1.70370    -0.92297     0.05000
     1.55556    -0.92297     0.05000
     1.40741    -0.92297     0.05000
     1.25926    -0.92297     0.05000
     1.19854    -0.80716     0.05000
     1.22887    -0.67675     0.05000
     1.19670    -0.51852     0.05000
     1.19670    -0.37037     0.05000
     1.19670    -0.22222     0.05000
     1.19670    -0.07407     0.05000
     1.19670     0.07407     0.05000
     1.19670     0.22222     0.05000
     1.19670     0.37037     0.05000
     1.19670     0.51852     0.05000
     1.19953     0.67709     0.05000
     1.19164     0.80353     0.05000
     1.32402     0.77391     0.05000
     1.48148     0.80330     0.05000
     1.62963     0.80330     0.05000
     1.77778     0.80330     0.05000
     1.92593     0.80330     0.05000
     2.07407     0.80330     0.05000
     2.22222     0.80330     0.05000
     2.37037     0.80330     0.05000
     2.51852     0.80330     0.05000
     2.67709     0.80047     0.05000
     2.80353     0.80836     0.05000
     2.77391     0.67598     0.05000
     2.80330     0.51852     0.05000
     2.80330     0.37037     0.05000
     2.80330     0.22222     0.05000
     2.80330     0.07407     0.05000
     2.80330    -0.07407     0.05000
     2.80330    -0.22222     0.05000
     2.80330    -0.37037     0.05000
     2.80330    -0.51852     0.05000
     2.80047    -0.67709     0.05000
     2.80836    -0.80353     0.05000
     2.67598    -0.77391     0.05000
     2.51852    -0.80330     0.05000
     2.37037    -0.80330     0.05000
     2.22222    -0.80330     0.05000
     2.07407    -0.80330     0.05000
     1.92593    -0.80330     0.05000
     1.77778    -0.80330     0.05000
     1.62963    -0.80330     0.05000
     1.48148    -0.80330     0.05000
     1.33333    -0.80330     0.05000
     1.31995    -0.57459     0.05000
     1.31637    -0.44444     0.05000
     1.31637    -0.29630     0.05000
     1.31637    -0.14815     0.05000
     1.31637     0.00000     0.05000
     1.31637     0.14815     0.05000
     1.31637     0.29630     0.05000
     1.31637     0.44444     0.05000
     1.31335     0.60268     0.05000
     1.42547     0.67911     0.05000
     1.54921     0.67545     0.05000
     1.70370     0.68363     0.05000
     1.85185     0.68363     0.05000
     2.00000     0.68363     0.05000
     2.14815     0.68363     0.05000
     2.29630     0.68363     0.05000
     2.44444     0.68363     0.05000
     2.60268     0.68665     0.05000
     2.67911     0.57453     0.05000
     2.67545     0.45079     0.05000
     2.68363     0.29630     0.05000
     2.68363     0.14815     0.05000
     2.68363     0.00000     0.05000
     2.68363    -0.14815     0.05000
     2.68363    -0.29630     0.05000
     2.68363    -0.44444     0.05000
     2.68665    -0.60268     0.05000
     2.57453    -0.67911     0.05000
     2.45079    -0.67545     0.05000
     2.29630    -0.68363     0.05000
     2.14815    -0.68363     0.05000
     2.00000    -0.68363     0.05000
     1.85185    -0.68363     0.05000
     1.70370    -0.68363     0.05000
     1.54845    -0.68071     0.05000
     1.39493    -0.68186     0.05000
     1.45955    -0.53916     0.05000
     1.44368    -0.37907     0.05000
     1.44317    -0.22627     0.05000
     1.43604    -0.07407     0.05000
     1.43604     0.07407     0.05000
     1.43604     0.22222     0.05000
     1.43604     0.37037     0.05000
     1.45929     0.54020     0.05000
     1.62611     0.55848     0.05000
     1.77422     0.55617     0.05000
     1.92593     0.56396     0.05000
     2.07407     0.56396     0.05000
     2.22222     0.56396     0.05000
     2.37037     0.56396     0.05000
     2.54020     0.54071     0.05000
     2.55848     0.37389     0.05000
     2.55617     0.22578     0.05000
     2.56396     0.07407     0.05000
     2.56396    -0.07407     0.05000
     2.56396    -0.22222     0.05000
     2.56396    -0.37037     0.05000
     2.54071    -0.54020     0.05000
     2.37389    -0.55848     0.05000
     2.22578    -0.55617     0.05000
     2.07407    -0.56396     0.05000
     1.92593    -0.56396     0.05000
     1.77778    -0.56396     0.05000
     1.62963    -0.56396     0.05000
     1.56383    -0.44949     0.05000
     1.59083    -0.31189     0.05000
     1.55571    -0.14815     0.05000
     1.55571     0.00000     0.05000
     1.55571     0.14815     0.05000
     1.56043     0.30862     0.05000
     1.55571     0.44444     0.05000
     1.68980     0.41030     0.05000
     1.84796     0.43704     0.05000
     2.00000     0.44429     0.05000
     2.14815     0.44429     0.05000
     2.30862     0.43957     0.05000
     2.44444     0.44429     0.05000
     2.41030     0.31020     0.05000
     2.43704     0.15204     0.05000
     2.44429     0.00000     0.05000
     2.44429    -0.14815     0.05000
     2.43957    -0.30862     0.05000
     2.44429    -0.44444     0.05000
     2.31020    -0.41030     0.05000
     2.15204    -0.43704     0.05000
     2.00000    -0.44429     0.05000
     1.85185    -0.44429     0.05000
     1.69584    -0.44233     0.05000
     1.68233    -0.20936     0.05000
     1.67538    -0.07407     0.05000
     1.67538     0.07407     0.05000
     1.67569     0.23565     0.05000
     1.79048     0.31452     0.05000
     1.91646     0.31515     0.05000
     2.07948     0.31491     0.05000
     2.23565     0.32431     0.05000
     2.31449     0.20934     0.05000
     2.31515     0.08354     0.05000
     2.32462    -0.07407     0.05000
     2.32431    -0.23565     0.05000
     2.20934    -0.31449     0.05000
     2.07428    -0.31346     0.05000
     1.91883    -0.31836     0.05000
     1.76109    -0.32042     0.05000
     1.82171    -0.17203     0.05000
     1.80073    -0.00666     0.05000
     1.82524     0.17130     0.05000
     2.00230     0.18479     0.05000
     2.17431     0.17663     0.05000
     2.19639     0.00819     0.05000
     2.16988    -0.17031     0.05000
     1.99559    -0.19628     0.05000
     1.92136    -0.07846     0.05000
     1.94639     0.04835     0.05000
     2.07881     0.07110     0.05000
     2.05094    -0.05606     0.05000
     3.90728    -1.90329     0.05000
     3.90329     1.90728     0.05000
     0.09272     1.90329     0.05000
     0.09394    -1.90618     0.05000
     0.07407    -2.00000     0.00000
     3.92593    -2.00000     0.00000
     3.92593     2.00000     0.00000
     0.07407     2.00000     0.00000
     0.00000    -1.92593     0.00000
     0.00000     1.92593     0.00000
     4.00000    -1.92593     0.00000
     4.00000     1.92593     0.00000
     1.70370     1.94016     0.00000
     1.99898    -0.00148     0.00000
