1	 2	 28	 27
2	 3	 29	 28
3	 4	 30	 29
4	 5	 31	 30
5	 6	 32	 31
6	 7	 33	 32
7	 8	 34	 33
8	 9	 35	 34
9	 10	 36	 35
10	 11	 37	 36
11	 12	 38	 37
12	 13	 39	 38
13	 14	 40	 39
14	 15	 41	 40
15	 16	 42	 41
16	 17	 43	 42
17	 18	 44	 43
18	 19	 45	 44
19	 20	 46	 45
20	 21	 47	 46
21	 22	 48	 47
22	 23	 49	 48
23	 24	 50	 49
24	 25	 51	 50
25	 26	 52	 51
27	 28	 54	 53
28	 29	 55	 54
29	 30	 56	 55
30	 31	 57	 56
31	 32	 58	 57
32	 33	 59	 58
33	 34	 60	 59
34	 35	 61	 60
35	 36	 62	 61
36	 37	 63	 62
37	 38	 64	 63
38	 39	 65	 64
39	 40	 66	 65
40	 41	 67	 66
41	 42	 68	 67
42	 43	 69	 68
43	 44	 70	 69
44	 45	 71	 70
45	 46	 72	 71
46	 47	 73	 72
47	 48	 74	 73
48	 49	 75	 74
49	 50	 76	 75
50	 51	 77	 76
51	 52	 78	 77
53	 54	 80	 79
54	 55	 81	 80
55	 56	 82	 81
56	 57	 83	 82
57	 58	 84	 83
58	 59	 85	 84
59	 60	 86	 85
60	 61	 87	 86
61	 62	 88	 87
62	 63	 89	 88
63	 64	 90	 89
64	 65	 91	 90
65	 66	 92	 91
66	 67	 93	 92
67	 68	 94	 93
68	 69	 95	 94
69	 70	 96	 95
70	 71	 97	 96
71	 72	 98	 97
72	 73	 99	 98
73	 74	 100	 99
74	 75	 101	 100
75	 76	 102	 101
76	 77	 103	 102
77	 78	 104	 103
79	 80	 106	 105
80	 81	 107	 106
81	 82	 108	 107
82	 83	 109	 108
83	 84	 110	 109
84	 85	 111	 110
85	 86	 112	 111
86	 87	 113	 112
87	 88	 114	 113
88	 89	 115	 114
89	 90	 116	 115
90	 91	 117	 116
91	 92	 118	 117
92	 93	 119	 118
93	 94	 120	 119
94	 95	 121	 120
95	 96	 122	 121
96	 97	 123	 122
97	 98	 124	 123
98	 99	 125	 124
99	 100	 126	 125
100	 101	 127	 126
101	 102	 128	 127
102	 103	 129	 128
103	 104	 130	 129
105	 106	 132	 131
106	 107	 133	 132
107	 108	 134	 133
108	 109	 135	 134
109	 110	 136	 135
110	 111	 137	 136
111	 112	 138	 137
112	 113	 139	 138
113	 114	 140	 139
114	 115	 141	 140
115	 116	 142	 141
116	 117	 143	 142
117	 118	 144	 143
118	 119	 145	 144
119	 120	 146	 145
120	 121	 147	 146
121	 122	 148	 147
122	 123	 149	 148
123	 124	 150	 149
124	 125	 151	 150
125	 126	 152	 151
126	 127	 153	 152
127	 128	 154	 153
128	 129	 155	 154
129	 130	 156	 155
131	 132	 158	 157
132	 133	 159	 158
133	 134	 160	 159
134	 135	 161	 160
135	 136	 162	 161
136	 137	 163	 162
137	 138	 164	 163
138	 139	 165	 164
139	 140	 166	 165
140	 141	 167	 166
141	 142	 168	 167
142	 143	 169	 168
143	 144	 170	 169
144	 145	 171	 170
145	 146	 172	 171
146	 147	 173	 172
147	 148	 174	 173
148	 149	 175	 174
149	 150	 176	 175
150	 151	 177	 176
151	 152	 178	 177
152	 153	 179	 178
153	 154	 180	 179
154	 155	 181	 180
155	 156	 182	 181
157	 158	 184	 183
158	 159	 185	 184
159	 160	 186	 185
160	 161	 187	 186
161	 162	 188	 187
162	 163	 189	 188
163	 164	 190	 189
164	 165	 191	 190
165	 166	 192	 191
166	 167	 193	 192
167	 168	 194	 193
168	 169	 195	 194
169	 170	 196	 195
170	 171	 197	 196
171	 172	 198	 197
172	 173	 199	 198
173	 174	 200	 199
174	 175	 201	 200
175	 176	 202	 201
176	 177	 203	 202
177	 178	 204	 203
178	 179	 205	 204
179	 180	 206	 205
180	 181	 207	 206
181	 182	 208	 207
183	 184	 210	 209
184	 185	 211	 210
185	 186	 212	 211
186	 187	 213	 212
187	 188	 214	 213
188	 189	 215	 214
189	 190	 216	 215
190	 191	 217	 216
191	 192	 218	 217
192	 193	 219	 218
193	 194	 220	 219
194	 195	 221	 220
195	 196	 222	 221
196	 197	 223	 222
197	 198	 224	 223
198	 199	 225	 224
199	 200	 226	 225
200	 201	 227	 226
201	 202	 228	 227
202	 203	 229	 228
203	 204	 230	 229
204	 205	 231	 230
205	 206	 232	 231
206	 207	 233	 232
207	 208	 234	 233
209	 210	 236	 235
210	 211	 237	 236
211	 212	 238	 237
212	 213	 239	 238
213	 214	 240	 239
214	 215	 241	 240
215	 216	 242	 241
216	 217	 243	 242
217	 218	 244	 243
218	 219	 245	 244
219	 220	 246	 245
220	 221	 247	 246
221	 222	 248	 247
222	 223	 249	 248
223	 224	 250	 249
224	 225	 251	 250
225	 226	 252	 251
226	 227	 253	 252
227	 228	 254	 253
228	 229	 255	 254
229	 230	 256	 255
230	 231	 257	 256
231	 232	 258	 257
232	 233	 259	 258
233	 234	 260	 259
235	 236	 262	 261
236	 237	 263	 262
237	 238	 264	 263
238	 239	 265	 264
239	 240	 266	 265
240	 241	 267	 266
241	 242	 268	 267
242	 243	 269	 268
243	 244	 270	 269
244	 245	 271	 270
245	 246	 272	 271
246	 247	 273	 272
247	 248	 274	 273
248	 249	 275	 274
249	 250	 276	 275
250	 251	 277	 276
251	 252	 278	 277
252	 253	 279	 278
253	 254	 280	 279
254	 255	 281	 280
255	 256	 282	 281
256	 257	 283	 282
257	 258	 284	 283
258	 259	 285	 284
259	 260	 286	 285
261	 262	 288	 287
262	 263	 289	 288
263	 264	 290	 289
264	 265	 291	 290
265	 266	 292	 291
266	 267	 293	 292
267	 268	 294	 293
268	 269	 295	 294
269	 270	 296	 295
270	 271	 297	 296
271	 272	 298	 297
272	 273	 299	 298
273	 274	 300	 299
274	 275	 301	 300
275	 276	 302	 301
276	 277	 303	 302
277	 278	 304	 303
278	 279	 305	 304
279	 280	 306	 305
280	 281	 307	 306
281	 282	 308	 307
282	 283	 309	 308
283	 284	 310	 309
284	 285	 311	 310
285	 286	 312	 311
287	 288	 314	 313
288	 289	 315	 314
289	 290	 316	 315
290	 291	 317	 316
291	 292	 318	 317
292	 293	 319	 318
293	 294	 320	 319
294	 295	 321	 320
295	 296	 322	 321
296	 297	 323	 322
297	 298	 324	 323
298	 299	 325	 324
299	 300	 326	 325
300	 301	 327	 326
301	 302	 328	 327
302	 303	 329	 328
303	 304	 330	 329
304	 305	 331	 330
305	 306	 332	 331
306	 307	 333	 332
307	 308	 334	 333
308	 309	 335	 334
309	 310	 336	 335
310	 311	 337	 336
311	 312	 338	 337
313	 314	 340	 339
314	 315	 341	 340
315	 316	 342	 341
316	 317	 343	 342
317	 318	 344	 343
318	 319	 345	 344
319	 320	 346	 345
320	 321	 347	 346
321	 322	 348	 347
322	 323	 349	 348
323	 324	 350	 349
324	 325	 351	 350
325	 326	 352	 351
326	 327	 353	 352
327	 328	 354	 353
328	 329	 355	 354
329	 330	 356	 355
330	 331	 357	 356
331	 332	 358	 357
332	 333	 359	 358
333	 334	 360	 359
334	 335	 361	 360
335	 336	 362	 361
336	 337	 363	 362
337	 338	 364	 363
339	 340	 366	 365
340	 341	 367	 366
341	 342	 368	 367
342	 343	 369	 368
343	 344	 370	 369
344	 345	 371	 370
345	 346	 372	 371
346	 347	 373	 372
347	 348	 374	 373
348	 349	 375	 374
349	 350	 376	 375
350	 351	 377	 376
351	 352	 378	 377
352	 353	 379	 378
353	 354	 380	 379
354	 355	 381	 380
355	 356	 382	 381
356	 357	 383	 382
357	 358	 384	 383
358	 359	 385	 384
359	 360	 386	 385
360	 361	 387	 386
361	 362	 388	 387
362	 363	 389	 388
363	 364	 390	 389
365	 366	 392	 391
366	 367	 393	 392
367	 368	 394	 393
368	 369	 395	 394
369	 370	 396	 395
370	 371	 397	 396
371	 372	 398	 397
372	 373	 399	 398
373	 374	 400	 399
374	 375	 401	 400
375	 376	 402	 401
376	 377	 403	 402
377	 378	 404	 403
378	 379	 405	 404
379	 380	 406	 405
380	 381	 407	 406
381	 382	 408	 407
382	 383	 409	 408
383	 384	 410	 409
384	 385	 411	 410
385	 386	 412	 411
386	 387	 413	 412
387	 388	 414	 413
388	 389	 415	 414
389	 390	 416	 415
391	 392	 418	 417
392	 393	 419	 418
393	 394	 420	 419
394	 395	 421	 420
395	 396	 422	 421
396	 397	 423	 422
397	 398	 424	 423
398	 399	 425	 424
399	 400	 426	 425
400	 401	 427	 426
401	 402	 428	 427
402	 403	 429	 428
403	 404	 430	 429
404	 405	 431	 430
405	 406	 432	 431
406	 407	 433	 432
407	 408	 434	 433
408	 409	 435	 434
409	 410	 436	 435
410	 411	 437	 436
411	 412	 438	 437
412	 413	 439	 438
413	 414	 440	 439
414	 415	 441	 440
415	 416	 442	 441
417	 418	 444	 443
418	 419	 445	 444
419	 420	 446	 445
420	 421	 447	 446
421	 422	 448	 447
422	 423	 449	 448
423	 424	 450	 449
424	 425	 451	 450
425	 426	 452	 451
426	 427	 453	 452
427	 428	 454	 453
428	 429	 455	 454
429	 430	 456	 455
430	 431	 457	 456
431	 432	 458	 457
432	 433	 459	 458
433	 434	 460	 459
434	 435	 461	 460
435	 436	 462	 461
436	 437	 463	 462
437	 438	 464	 463
438	 439	 465	 464
439	 440	 466	 465
440	 441	 467	 466
441	 442	 468	 467
443	 444	 470	 469
444	 445	 471	 470
445	 446	 472	 471
446	 447	 473	 472
447	 448	 474	 473
448	 449	 475	 474
449	 450	 476	 475
450	 451	 477	 476
451	 452	 478	 477
452	 453	 479	 478
453	 454	 480	 479
454	 455	 481	 480
455	 456	 482	 481
456	 457	 483	 482
457	 458	 484	 483
458	 459	 485	 484
459	 460	 486	 485
460	 461	 487	 486
461	 462	 488	 487
462	 463	 489	 488
463	 464	 490	 489
464	 465	 491	 490
465	 466	 492	 491
466	 467	 493	 492
467	 468	 494	 493
469	 470	 496	 495
470	 471	 497	 496
471	 472	 498	 497
472	 473	 499	 498
473	 474	 500	 499
474	 475	 501	 500
475	 476	 502	 501
476	 477	 503	 502
477	 478	 504	 503
478	 479	 505	 504
479	 480	 506	 505
480	 481	 507	 506
481	 482	 508	 507
482	 483	 509	 508
483	 484	 510	 509
484	 485	 511	 510
485	 486	 512	 511
486	 487	 513	 512
487	 488	 514	 513
488	 489	 515	 514
489	 490	 516	 515
490	 491	 517	 516
491	 492	 518	 517
492	 493	 519	 518
493	 494	 520	 519
495	 496	 522	 521
496	 497	 523	 522
497	 498	 524	 523
498	 499	 525	 524
499	 500	 526	 525
500	 501	 527	 526
501	 502	 528	 527
502	 503	 529	 528
503	 504	 530	 529
504	 505	 531	 530
505	 506	 532	 531
506	 507	 533	 532
507	 508	 534	 533
508	 509	 535	 534
509	 510	 536	 535
510	 511	 537	 536
511	 512	 538	 537
512	 513	 539	 538
513	 514	 540	 539
514	 515	 541	 540
515	 516	 542	 541
516	 517	 543	 542
517	 518	 544	 543
518	 519	 545	 544
519	 520	 546	 545
521	 522	 548	 547
522	 523	 549	 548
523	 524	 550	 549
524	 525	 551	 550
525	 526	 552	 551
526	 527	 553	 552
527	 528	 554	 553
528	 529	 555	 554
529	 530	 556	 555
530	 531	 557	 556
531	 532	 558	 557
532	 533	 559	 558
533	 534	 560	 559
534	 535	 561	 560
535	 536	 562	 561
536	 537	 563	 562
537	 538	 564	 563
538	 539	 565	 564
539	 540	 566	 565
540	 541	 567	 566
541	 542	 568	 567
542	 543	 569	 568
543	 544	 570	 569
544	 545	 571	 570
545	 546	 572	 571
547	 548	 574	 573
548	 549	 575	 574
549	 550	 576	 575
550	 551	 577	 576
551	 552	 578	 577
552	 553	 579	 578
553	 554	 580	 579
554	 555	 581	 580
555	 556	 582	 581
556	 557	 583	 582
557	 558	 584	 583
558	 559	 585	 584
559	 560	 586	 585
560	 561	 587	 586
561	 562	 588	 587
562	 563	 589	 588
563	 564	 590	 589
564	 565	 591	 590
565	 566	 592	 591
566	 567	 593	 592
567	 568	 594	 593
568	 569	 595	 594
569	 570	 596	 595
570	 571	 597	 596
571	 572	 598	 597
573	 574	 600	 599
574	 575	 601	 600
575	 576	 602	 601
576	 577	 603	 602
577	 578	 604	 603
578	 579	 605	 604
579	 580	 606	 605
580	 581	 607	 606
581	 582	 608	 607
582	 583	 609	 608
583	 584	 610	 609
584	 585	 611	 610
585	 586	 612	 611
586	 587	 613	 612
587	 588	 614	 613
588	 589	 615	 614
589	 590	 616	 615
590	 591	 617	 616
591	 592	 618	 617
592	 593	 619	 618
593	 594	 620	 619
594	 595	 621	 620
595	 596	 622	 621
596	 597	 623	 622
597	 598	 624	 623
599	 600	 626	 625
600	 601	 627	 626
601	 602	 628	 627
602	 603	 629	 628
603	 604	 630	 629
604	 605	 631	 630
605	 606	 632	 631
606	 607	 633	 632
607	 608	 634	 633
608	 609	 635	 634
609	 610	 636	 635
610	 611	 637	 636
611	 612	 638	 637
612	 613	 639	 638
613	 614	 640	 639
614	 615	 641	 640
615	 616	 642	 641
616	 617	 643	 642
617	 618	 644	 643
618	 619	 645	 644
619	 620	 646	 645
620	 621	 647	 646
621	 622	 648	 647
622	 623	 649	 648
623	 624	 650	 649
625	 626	 652	 651
626	 627	 653	 652
627	 628	 654	 653
628	 629	 655	 654
629	 630	 656	 655
630	 631	 657	 656
631	 632	 658	 657
632	 633	 659	 658
633	 634	 660	 659
634	 635	 661	 660
635	 636	 662	 661
636	 637	 663	 662
637	 638	 664	 663
638	 639	 665	 664
639	 640	 666	 665
640	 641	 667	 666
641	 642	 668	 667
642	 643	 669	 668
643	 644	 670	 669
644	 645	 671	 670
645	 646	 672	 671
646	 647	 673	 672
647	 648	 674	 673
648	 649	 675	 674
649	 650	 676	 675
651	 652	 678	 677
652	 653	 679	 678
653	 654	 680	 679
654	 655	 681	 680
655	 656	 682	 681
656	 657	 683	 682
657	 658	 684	 683
658	 659	 685	 684
659	 660	 686	 685
660	 661	 687	 686
661	 662	 688	 687
662	 663	 689	 688
663	 664	 690	 689
664	 665	 691	 690
665	 666	 692	 691
666	 667	 693	 692
667	 668	 694	 693
668	 669	 695	 694
669	 670	 696	 695
670	 671	 697	 696
671	 672	 698	 697
672	 673	 699	 698
673	 674	 700	 699
674	 675	 701	 700
675	 676	 702	 701
677	 678	 704	 703
678	 679	 705	 704
679	 680	 706	 705
680	 681	 707	 706
681	 682	 708	 707
682	 683	 709	 708
683	 684	 710	 709
684	 685	 711	 710
685	 686	 712	 711
686	 687	 713	 712
687	 688	 714	 713
688	 689	 715	 714
689	 690	 716	 715
690	 691	 717	 716
691	 692	 718	 717
692	 693	 719	 718
693	 694	 720	 719
694	 695	 721	 720
695	 696	 722	 721
696	 697	 723	 722
697	 698	 724	 723
698	 699	 725	 724
699	 700	 726	 725
700	 701	 727	 726
701	 702	 728	 727
703	 704	 730	 729
704	 705	 731	 730
705	 706	 732	 731
706	 707	 733	 732
707	 708	 734	 733
708	 709	 735	 734
709	 710	 736	 735
710	 711	 737	 736
711	 712	 738	 737
712	 713	 739	 738
713	 714	 740	 739
714	 715	 741	 740
715	 716	 742	 741
716	 717	 743	 742
717	 718	 744	 743
718	 719	 745	 744
719	 720	 746	 745
720	 721	 747	 746
721	 722	 748	 747
722	 723	 749	 748
723	 724	 750	 749
724	 725	 751	 750
725	 726	 752	 751
726	 727	 753	 752
727	 728	 754	 753
729	 730	 756	 755
730	 731	 757	 756
731	 732	 758	 757
732	 733	 759	 758
733	 734	 760	 759
734	 735	 761	 760
735	 736	 762	 761
736	 737	 763	 762
737	 738	 764	 763
738	 739	 765	 764
739	 740	 766	 765
740	 741	 767	 766
741	 742	 768	 767
742	 743	 769	 768
743	 744	 770	 769
744	 745	 771	 770
745	 746	 772	 771
746	 747	 773	 772
747	 748	 774	 773
748	 749	 775	 774
749	 750	 776	 775
750	 751	 777	 776
751	 752	 778	 777
752	 753	 779	 778
753	 754	 780	 779
755	 756	 782	 781
756	 757	 783	 782
757	 758	 784	 783
758	 759	 785	 784
759	 760	 786	 785
760	 761	 787	 786
761	 762	 788	 787
762	 763	 789	 788
763	 764	 790	 789
764	 765	 791	 790
765	 766	 792	 791
766	 767	 793	 792
767	 768	 794	 793
768	 769	 795	 794
769	 770	 796	 795
770	 771	 797	 796
771	 772	 798	 797
772	 773	 799	 798
773	 774	 800	 799
774	 775	 801	 800
775	 776	 802	 801
776	 777	 803	 802
777	 778	 804	 803
778	 779	 805	 804
779	 780	 806	 805
781	 782	 808	 807
782	 783	 809	 808
783	 784	 810	 809
784	 785	 811	 810
785	 786	 812	 811
786	 787	 813	 812
787	 788	 814	 813
788	 789	 815	 814
789	 790	 816	 815
790	 791	 817	 816
791	 792	 818	 817
792	 793	 819	 818
793	 794	 820	 819
794	 795	 821	 820
795	 796	 822	 821
796	 797	 823	 822
797	 798	 824	 823
798	 799	 825	 824
799	 800	 826	 825
800	 801	 827	 826
801	 802	 828	 827
802	 803	 829	 828
803	 804	 830	 829
804	 805	 831	 830
805	 806	 832	 831
807	 808	 834	 833
808	 809	 835	 834
809	 810	 836	 835
810	 811	 837	 836
811	 812	 838	 837
812	 813	 839	 838
813	 814	 840	 839
814	 815	 841	 840
815	 816	 842	 841
816	 817	 843	 842
817	 818	 844	 843
818	 819	 845	 844
819	 820	 846	 845
820	 821	 847	 846
821	 822	 848	 847
822	 823	 849	 848
823	 824	 850	 849
824	 825	 851	 850
825	 826	 852	 851
826	 827	 853	 852
827	 828	 854	 853
828	 829	 855	 854
829	 830	 856	 855
830	 831	 857	 856
831	 832	 858	 857
833	 834	 860	 859
834	 835	 861	 860
835	 836	 862	 861
836	 837	 863	 862
837	 838	 864	 863
838	 839	 865	 864
839	 840	 866	 865
840	 841	 867	 866
841	 842	 868	 867
842	 843	 869	 868
843	 844	 870	 869
844	 845	 871	 870
845	 846	 872	 871
846	 847	 873	 872
847	 848	 874	 873
848	 849	 875	 874
849	 850	 876	 875
850	 851	 877	 876
851	 852	 878	 877
852	 853	 879	 878
853	 854	 880	 879
854	 855	 881	 880
855	 856	 882	 881
856	 857	 883	 882
857	 858	 884	 883
859	 860	 886	 885
860	 861	 887	 886
861	 862	 888	 887
862	 863	 889	 888
863	 864	 890	 889
864	 865	 891	 890
865	 866	 892	 891
866	 867	 893	 892
867	 868	 894	 893
868	 869	 895	 894
869	 870	 896	 895
870	 871	 897	 896
871	 872	 898	 897
872	 873	 899	 898
873	 874	 900	 899
874	 875	 901	 900
875	 876	 902	 901
876	 877	 903	 902
877	 878	 904	 903
878	 879	 905	 904
879	 880	 906	 905
880	 881	 907	 906
881	 882	 908	 907
882	 883	 909	 908
883	 884	 910	 909
885	 886	 912	 911
886	 887	 913	 912
887	 888	 914	 913
888	 889	 915	 914
889	 890	 916	 915
890	 891	 917	 916
891	 892	 918	 917
892	 893	 919	 918
893	 894	 920	 919
894	 895	 921	 920
895	 896	 922	 921
896	 897	 923	 922
897	 898	 924	 923
898	 899	 925	 924
899	 900	 926	 925
900	 901	 927	 926
901	 902	 928	 927
902	 903	 929	 928
903	 904	 930	 929
904	 905	 931	 930
905	 906	 932	 931
906	 907	 933	 932
907	 908	 934	 933
908	 909	 935	 934
909	 910	 936	 935
911	 912	 938	 937
912	 913	 939	 938
913	 914	 940	 939
914	 915	 941	 940
915	 916	 942	 941
916	 917	 943	 942
917	 918	 944	 943
918	 919	 945	 944
919	 920	 946	 945
920	 921	 947	 946
921	 922	 948	 947
922	 923	 949	 948
923	 924	 950	 949
924	 925	 951	 950
925	 926	 952	 951
926	 927	 953	 952
927	 928	 954	 953
928	 929	 955	 954
929	 930	 956	 955
930	 931	 957	 956
931	 932	 958	 957
932	 933	 959	 958
933	 934	 960	 959
934	 935	 961	 960
935	 936	 962	 961
937	 938	 964	 963
938	 939	 965	 964
939	 940	 966	 965
940	 941	 967	 966
941	 942	 968	 967
942	 943	 969	 968
943	 944	 970	 969
944	 945	 971	 970
945	 946	 972	 971
946	 947	 973	 972
947	 948	 974	 973
948	 949	 975	 974
949	 950	 976	 975
950	 951	 977	 976
951	 952	 978	 977
952	 953	 979	 978
953	 954	 980	 979
954	 955	 981	 980
955	 956	 982	 981
956	 957	 983	 982
957	 958	 984	 983
958	 959	 985	 984
959	 960	 986	 985
960	 961	 987	 986
961	 962	 988	 987
963	 964	 990	 989
964	 965	 991	 990
965	 966	 992	 991
966	 967	 993	 992
967	 968	 994	 993
968	 969	 995	 994
969	 970	 996	 995
970	 971	 997	 996
971	 972	 998	 997
972	 973	 999	 998
973	 974	 1000	 999
974	 975	 1001	 1000
975	 976	 1002	 1001
976	 977	 1003	 1002
977	 978	 1004	 1003
978	 979	 1005	 1004
979	 980	 1006	 1005
980	 981	 1007	 1006
981	 982	 1008	 1007
982	 983	 1009	 1008
983	 984	 1010	 1009
984	 985	 1011	 1010
985	 986	 1012	 1011
986	 987	 1013	 1012
987	 988	 1014	 1013
989	 990	 1016	 1015
990	 991	 1017	 1016
991	 992	 1018	 1017
992	 993	 1019	 1018
993	 994	 1020	 1019
994	 995	 1021	 1020
995	 996	 1022	 1021
996	 997	 1023	 1022
997	 998	 1024	 1023
998	 999	 1025	 1024
999	 1000	 1026	 1025
1000	 1001	 1027	 1026
1001	 1002	 1028	 1027
1002	 1003	 1029	 1028
1003	 1004	 1030	 1029
1004	 1005	 1031	 1030
1005	 1006	 1032	 1031
1006	 1007	 1033	 1032
1007	 1008	 1034	 1033
1008	 1009	 1035	 1034
1009	 1010	 1036	 1035
1010	 1011	 1037	 1036
1011	 1012	 1038	 1037
1012	 1013	 1039	 1038
1013	 1014	 1040	 1039
1015	 1016	 1042	 1041
1016	 1017	 1043	 1042
1017	 1018	 1044	 1043
1018	 1019	 1045	 1044
1019	 1020	 1046	 1045
1020	 1021	 1047	 1046
1021	 1022	 1048	 1047
1022	 1023	 1049	 1048
1023	 1024	 1050	 1049
1024	 1025	 1051	 1050
1025	 1026	 1052	 1051
1026	 1027	 1053	 1052
1027	 1028	 1054	 1053
1028	 1029	 1055	 1054
1029	 1030	 1056	 1055
1030	 1031	 1057	 1056
1031	 1032	 1058	 1057
1032	 1033	 1059	 1058
1033	 1034	 1060	 1059
1034	 1035	 1061	 1060
1035	 1036	 1062	 1061
1036	 1037	 1063	 1062
1037	 1038	 1064	 1063
1038	 1039	 1065	 1064
1039	 1040	 1066	 1065
1041	 1042	 1068	 1067
1042	 1043	 1069	 1068
1043	 1044	 1070	 1069
1044	 1045	 1071	 1070
1045	 1046	 1072	 1071
1046	 1047	 1073	 1072
1047	 1048	 1074	 1073
1048	 1049	 1075	 1074
1049	 1050	 1076	 1075
1050	 1051	 1077	 1076
1051	 1052	 1078	 1077
1052	 1053	 1079	 1078
1053	 1054	 1080	 1079
1054	 1055	 1081	 1080
1055	 1056	 1082	 1081
1056	 1057	 1083	 1082
1057	 1058	 1084	 1083
1058	 1059	 1085	 1084
1059	 1060	 1086	 1085
1060	 1061	 1087	 1086
1061	 1062	 1088	 1087
1062	 1063	 1089	 1088
1063	 1064	 1090	 1089
1064	 1065	 1091	 1090
1065	 1066	 1092	 1091
1067	 1068	 1094	 1093
1068	 1069	 1095	 1094
1069	 1070	 1096	 1095
1070	 1071	 1097	 1096
1071	 1072	 1098	 1097
1072	 1073	 1099	 1098
1073	 1074	 1100	 1099
1074	 1075	 1101	 1100
1075	 1076	 1102	 1101
1076	 1077	 1103	 1102
1077	 1078	 1104	 1103
1078	 1079	 1105	 1104
1079	 1080	 1106	 1105
1080	 1081	 1107	 1106
1081	 1082	 1108	 1107
1082	 1083	 1109	 1108
1083	 1084	 1110	 1109
1084	 1085	 1111	 1110
1085	 1086	 1112	 1111
1086	 1087	 1113	 1112
1087	 1088	 1114	 1113
1088	 1089	 1115	 1114
1089	 1090	 1116	 1115
1090	 1091	 1117	 1116
1091	 1092	 1118	 1117
1093	 1094	 1120	 1119
1094	 1095	 1121	 1120
1095	 1096	 1122	 1121
1096	 1097	 1123	 1122
1097	 1098	 1124	 1123
1098	 1099	 1125	 1124
1099	 1100	 1126	 1125
1100	 1101	 1127	 1126
1101	 1102	 1128	 1127
1102	 1103	 1129	 1128
1103	 1104	 1130	 1129
1104	 1105	 1131	 1130
1105	 1106	 1132	 1131
1106	 1107	 1133	 1132
1107	 1108	 1134	 1133
1108	 1109	 1135	 1134
1109	 1110	 1136	 1135
1110	 1111	 1137	 1136
1111	 1112	 1138	 1137
1112	 1113	 1139	 1138
1113	 1114	 1140	 1139
1114	 1115	 1141	 1140
1115	 1116	 1142	 1141
1116	 1117	 1143	 1142
1117	 1118	 1144	 1143
1119	 1120	 1146	 1145
1120	 1121	 1147	 1146
1121	 1122	 1148	 1147
1122	 1123	 1149	 1148
1123	 1124	 1150	 1149
1124	 1125	 1151	 1150
1125	 1126	 1152	 1151
1126	 1127	 1153	 1152
1127	 1128	 1154	 1153
1128	 1129	 1155	 1154
1129	 1130	 1156	 1155
1130	 1131	 1157	 1156
1131	 1132	 1158	 1157
1132	 1133	 1159	 1158
1133	 1134	 1160	 1159
1134	 1135	 1161	 1160
1135	 1136	 1162	 1161
1136	 1137	 1163	 1162
1137	 1138	 1164	 1163
1138	 1139	 1165	 1164
1139	 1140	 1166	 1165
1140	 1141	 1167	 1166
1141	 1142	 1168	 1167
1142	 1143	 1169	 1168
1143	 1144	 1170	 1169
1145	 1146	 1172	 1171
1146	 1147	 1173	 1172
1147	 1148	 1174	 1173
1148	 1149	 1175	 1174
1149	 1150	 1176	 1175
1150	 1151	 1177	 1176
1151	 1152	 1178	 1177
1152	 1153	 1179	 1178
1153	 1154	 1180	 1179
1154	 1155	 1181	 1180
1155	 1156	 1182	 1181
1156	 1157	 1183	 1182
1157	 1158	 1184	 1183
1158	 1159	 1185	 1184
1159	 1160	 1186	 1185
1160	 1161	 1187	 1186
1161	 1162	 1188	 1187
1162	 1163	 1189	 1188
1163	 1164	 1190	 1189
1164	 1165	 1191	 1190
1165	 1166	 1192	 1191
1166	 1167	 1193	 1192
1167	 1168	 1194	 1193
1168	 1169	 1195	 1194
1169	 1170	 1196	 1195
1171	 1172	 1198	 1197
1172	 1173	 1199	 1198
1173	 1174	 1200	 1199
1174	 1175	 1201	 1200
1175	 1176	 1202	 1201
1176	 1177	 1203	 1202
1177	 1178	 1204	 1203
1178	 1179	 1205	 1204
1179	 1180	 1206	 1205
1180	 1181	 1207	 1206
1181	 1182	 1208	 1207
1182	 1183	 1209	 1208
1183	 1184	 1210	 1209
1184	 1185	 1211	 1210
1185	 1186	 1212	 1211
1186	 1187	 1213	 1212
1187	 1188	 1214	 1213
1188	 1189	 1215	 1214
1189	 1190	 1216	 1215
1190	 1191	 1217	 1216
1191	 1192	 1218	 1217
1192	 1193	 1219	 1218
1193	 1194	 1220	 1219
1194	 1195	 1221	 1220
1195	 1196	 1222	 1221
1197	 1198	 1224	 1223
1198	 1199	 1225	 1224
1199	 1200	 1226	 1225
1200	 1201	 1227	 1226
1201	 1202	 1228	 1227
1202	 1203	 1229	 1228
1203	 1204	 1230	 1229
1204	 1205	 1231	 1230
1205	 1206	 1232	 1231
1206	 1207	 1233	 1232
1207	 1208	 1234	 1233
1208	 1209	 1235	 1234
1209	 1210	 1236	 1235
1210	 1211	 1237	 1236
1211	 1212	 1238	 1237
1212	 1213	 1239	 1238
1213	 1214	 1240	 1239
1214	 1215	 1241	 1240
1215	 1216	 1242	 1241
1216	 1217	 1243	 1242
1217	 1218	 1244	 1243
1218	 1219	 1245	 1244
1219	 1220	 1246	 1245
1220	 1221	 1247	 1246
1221	 1222	 1248	 1247
1223	 1224	 1250	 1249
1224	 1225	 1251	 1250
1225	 1226	 1252	 1251
1226	 1227	 1253	 1252
1227	 1228	 1254	 1253
1228	 1229	 1255	 1254
1229	 1230	 1256	 1255
1230	 1231	 1257	 1256
1231	 1232	 1258	 1257
1232	 1233	 1259	 1258
1233	 1234	 1260	 1259
1234	 1235	 1261	 1260
1235	 1236	 1262	 1261
1236	 1237	 1263	 1262
1237	 1238	 1264	 1263
1238	 1239	 1265	 1264
1239	 1240	 1266	 1265
1240	 1241	 1267	 1266
1241	 1242	 1268	 1267
1242	 1243	 1269	 1268
1243	 1244	 1270	 1269
1244	 1245	 1271	 1270
1245	 1246	 1272	 1271
1246	 1247	 1273	 1272
1247	 1248	 1274	 1273
1249	 1250	 1276	 1275
1250	 1251	 1277	 1276
1251	 1252	 1278	 1277
1252	 1253	 1279	 1278
1253	 1254	 1280	 1279
1254	 1255	 1281	 1280
1255	 1256	 1282	 1281
1256	 1257	 1283	 1282
1257	 1258	 1284	 1283
1258	 1259	 1285	 1284
1259	 1260	 1286	 1285
1260	 1261	 1287	 1286
1261	 1262	 1288	 1287
1262	 1263	 1289	 1288
1263	 1264	 1290	 1289
1264	 1265	 1291	 1290
1265	 1266	 1292	 1291
1266	 1267	 1293	 1292
1267	 1268	 1294	 1293
1268	 1269	 1295	 1294
1269	 1270	 1296	 1295
1270	 1271	 1297	 1296
1271	 1272	 1298	 1297
1272	 1273	 1299	 1298
1273	 1274	 1300	 1299
1275	 1276	 1302	 1301
1276	 1277	 1303	 1302
1277	 1278	 1304	 1303
1278	 1279	 1305	 1304
1279	 1280	 1306	 1305
1280	 1281	 1307	 1306
1281	 1282	 1308	 1307
1282	 1283	 1309	 1308
1283	 1284	 1310	 1309
1284	 1285	 1311	 1310
1285	 1286	 1312	 1311
1286	 1287	 1313	 1312
1287	 1288	 1314	 1313
1288	 1289	 1315	 1314
1289	 1290	 1316	 1315
1290	 1291	 1317	 1316
1291	 1292	 1318	 1317
1292	 1293	 1319	 1318
1293	 1294	 1320	 1319
1294	 1295	 1321	 1320
1295	 1296	 1322	 1321
1296	 1297	 1323	 1322
1297	 1298	 1324	 1323
1298	 1299	 1325	 1324
1299	 1300	 1326	 1325
1301	 1302	 1328	 1327
1302	 1303	 1329	 1328
1303	 1304	 1330	 1329
1304	 1305	 1331	 1330
1305	 1306	 1332	 1331
1306	 1307	 1333	 1332
1307	 1308	 1334	 1333
1308	 1309	 1335	 1334
1309	 1310	 1336	 1335
1310	 1311	 1337	 1336
1311	 1312	 1338	 1337
1312	 1313	 1339	 1338
1313	 1314	 1340	 1339
1314	 1315	 1341	 1340
1315	 1316	 1342	 1341
1316	 1317	 1343	 1342
1317	 1318	 1344	 1343
1318	 1319	 1345	 1344
1319	 1320	 1346	 1345
1320	 1321	 1347	 1346
1321	 1322	 1348	 1347
1322	 1323	 1349	 1348
1323	 1324	 1350	 1349
1324	 1325	 1351	 1350
1325	 1326	 1352	 1351
1327	 1328	 1354	 1353
1328	 1329	 1355	 1354
1329	 1330	 1356	 1355
1330	 1331	 1357	 1356
1331	 1332	 1358	 1357
1332	 1333	 1359	 1358
1333	 1334	 1360	 1359
1334	 1335	 1361	 1360
1335	 1336	 1362	 1361
1336	 1337	 1363	 1362
1337	 1338	 1364	 1363
1338	 1339	 1365	 1364
1339	 1340	 1366	 1365
1340	 1341	 1367	 1366
1341	 1342	 1368	 1367
1342	 1343	 1369	 1368
1343	 1344	 1370	 1369
1344	 1345	 1371	 1370
1345	 1346	 1372	 1371
1346	 1347	 1373	 1372
1347	 1348	 1374	 1373
1348	 1349	 1375	 1374
1349	 1350	 1376	 1375
1350	 1351	 1377	 1376
1351	 1352	 1378	 1377
1353	 1354	 1380	 1379
1354	 1355	 1381	 1380
1355	 1356	 1382	 1381
1356	 1357	 1383	 1382
1357	 1358	 1384	 1383
1358	 1359	 1385	 1384
1359	 1360	 1386	 1385
1360	 1361	 1387	 1386
1361	 1362	 1388	 1387
1362	 1363	 1389	 1388
1363	 1364	 1390	 1389
1364	 1365	 1391	 1390
1365	 1366	 1392	 1391
1366	 1367	 1393	 1392
1367	 1368	 1394	 1393
1368	 1369	 1395	 1394
1369	 1370	 1396	 1395
1370	 1371	 1397	 1396
1371	 1372	 1398	 1397
1372	 1373	 1399	 1398
1373	 1374	 1400	 1399
1374	 1375	 1401	 1400
1375	 1376	 1402	 1401
1376	 1377	 1403	 1402
1377	 1378	 1404	 1403
1379	 1380	 1406	 1405
1380	 1381	 1407	 1406
1381	 1382	 1408	 1407
1382	 1383	 1409	 1408
1383	 1384	 1410	 1409
1384	 1385	 1411	 1410
1385	 1386	 1412	 1411
1386	 1387	 1413	 1412
1387	 1388	 1414	 1413
1388	 1389	 1415	 1414
1389	 1390	 1416	 1415
1390	 1391	 1417	 1416
1391	 1392	 1418	 1417
1392	 1393	 1419	 1418
1393	 1394	 1420	 1419
1394	 1395	 1421	 1420
1395	 1396	 1422	 1421
1396	 1397	 1423	 1422
1397	 1398	 1424	 1423
1398	 1399	 1425	 1424
1399	 1400	 1426	 1425
1400	 1401	 1427	 1426
1401	 1402	 1428	 1427
1402	 1403	 1429	 1428
1403	 1404	 1430	 1429
1405	 1406	 1432	 1431
1406	 1407	 1433	 1432
1407	 1408	 1434	 1433
1408	 1409	 1435	 1434
1409	 1410	 1436	 1435
1410	 1411	 1437	 1436
1411	 1412	 1438	 1437
1412	 1413	 1439	 1438
1413	 1414	 1440	 1439
1414	 1415	 1441	 1440
1415	 1416	 1442	 1441
1416	 1417	 1443	 1442
1417	 1418	 1444	 1443
1418	 1419	 1445	 1444
1419	 1420	 1446	 1445
1420	 1421	 1447	 1446
1421	 1422	 1448	 1447
1422	 1423	 1449	 1448
1423	 1424	 1450	 1449
1424	 1425	 1451	 1450
1425	 1426	 1452	 1451
1426	 1427	 1453	 1452
1427	 1428	 1454	 1453
1428	 1429	 1455	 1454
1429	 1430	 1456	 1455
1431	 1432	 1458	 1457
1432	 1433	 1459	 1458
1433	 1434	 1460	 1459
1434	 1435	 1461	 1460
1435	 1436	 1462	 1461
1436	 1437	 1463	 1462
1437	 1438	 1464	 1463
1438	 1439	 1465	 1464
1439	 1440	 1466	 1465
1440	 1441	 1467	 1466
1441	 1442	 1468	 1467
1442	 1443	 1469	 1468
1443	 1444	 1470	 1469
1444	 1445	 1471	 1470
1445	 1446	 1472	 1471
1446	 1447	 1473	 1472
1447	 1448	 1474	 1473
1448	 1449	 1475	 1474
1449	 1450	 1476	 1475
1450	 1451	 1477	 1476
1451	 1452	 1478	 1477
1452	 1453	 1479	 1478
1453	 1454	 1480	 1479
1454	 1455	 1481	 1480
1455	 1456	 1482	 1481
1457	 1458	 1484	 1483
1458	 1459	 1485	 1484
1459	 1460	 1486	 1485
1460	 1461	 1487	 1486
1461	 1462	 1488	 1487
1462	 1463	 1489	 1488
1463	 1464	 1490	 1489
1464	 1465	 1491	 1490
1465	 1466	 1492	 1491
1466	 1467	 1493	 1492
1467	 1468	 1494	 1493
1468	 1469	 1495	 1494
1469	 1470	 1496	 1495
1470	 1471	 1497	 1496
1471	 1472	 1498	 1497
1472	 1473	 1499	 1498
1473	 1474	 1500	 1499
1474	 1475	 1501	 1500
1475	 1476	 1502	 1501
1476	 1477	 1503	 1502
1477	 1478	 1504	 1503
1478	 1479	 1505	 1504
1479	 1480	 1506	 1505
1480	 1481	 1507	 1506
1481	 1482	 1508	 1507
1483	 1484	 1510	 1509
1484	 1485	 1511	 1510
1485	 1486	 1512	 1511
1486	 1487	 1513	 1512
1487	 1488	 1514	 1513
1488	 1489	 1515	 1514
1489	 1490	 1516	 1515
1490	 1491	 1517	 1516
1491	 1492	 1518	 1517
1492	 1493	 1519	 1518
1493	 1494	 1520	 1519
1494	 1495	 1521	 1520
1495	 1496	 1522	 1521
1496	 1497	 1523	 1522
1497	 1498	 1524	 1523
1498	 1499	 1525	 1524
1499	 1500	 1526	 1525
1500	 1501	 1527	 1526
1501	 1502	 1528	 1527
1502	 1503	 1529	 1528
1503	 1504	 1530	 1529
1504	 1505	 1531	 1530
1505	 1506	 1532	 1531
1506	 1507	 1533	 1532
1507	 1508	 1534	 1533
1509	 1510	 1536	 1535
1510	 1511	 1537	 1536
1511	 1512	 1538	 1537
1512	 1513	 1539	 1538
1513	 1514	 1540	 1539
1514	 1515	 1541	 1540
1515	 1516	 1542	 1541
1516	 1517	 1543	 1542
1517	 1518	 1544	 1543
1518	 1519	 1545	 1544
1519	 1520	 1546	 1545
1520	 1521	 1547	 1546
1521	 1522	 1548	 1547
1522	 1523	 1549	 1548
1523	 1524	 1550	 1549
1524	 1525	 1551	 1550
1525	 1526	 1552	 1551
1526	 1527	 1553	 1552
1527	 1528	 1554	 1553
1528	 1529	 1555	 1554
1529	 1530	 1556	 1555
1530	 1531	 1557	 1556
1531	 1532	 1558	 1557
1532	 1533	 1559	 1558
1533	 1534	 1560	 1559
1535	 1536	 1562	 1561
1536	 1537	 1563	 1562
1537	 1538	 1564	 1563
1538	 1539	 1565	 1564
1539	 1540	 1566	 1565
1540	 1541	 1567	 1566
1541	 1542	 1568	 1567
1542	 1543	 1569	 1568
1543	 1544	 1570	 1569
1544	 1545	 1571	 1570
1545	 1546	 1572	 1571
1546	 1547	 1573	 1572
1547	 1548	 1574	 1573
1548	 1549	 1575	 1574
1549	 1550	 1576	 1575
1550	 1551	 1577	 1576
1551	 1552	 1578	 1577
1552	 1553	 1579	 1578
1553	 1554	 1580	 1579
1554	 1555	 1581	 1580
1555	 1556	 1582	 1581
1556	 1557	 1583	 1582
1557	 1558	 1584	 1583
1558	 1559	 1585	 1584
1559	 1560	 1586	 1585
1561	 1562	 1588	 1587
1562	 1563	 1589	 1588
1563	 1564	 1590	 1589
1564	 1565	 1591	 1590
1565	 1566	 1592	 1591
1566	 1567	 1593	 1592
1567	 1568	 1594	 1593
1568	 1569	 1595	 1594
1569	 1570	 1596	 1595
1570	 1571	 1597	 1596
1571	 1572	 1598	 1597
1572	 1573	 1599	 1598
1573	 1574	 1600	 1599
1574	 1575	 1601	 1600
1575	 1576	 1602	 1601
1576	 1577	 1603	 1602
1577	 1578	 1604	 1603
1578	 1579	 1605	 1604
1579	 1580	 1606	 1605
1580	 1581	 1607	 1606
1581	 1582	 1608	 1607
1582	 1583	 1609	 1608
1583	 1584	 1610	 1609
1584	 1585	 1611	 1610
1585	 1586	 1612	 1611
1587	 1588	 1614	 1613
1588	 1589	 1615	 1614
1589	 1590	 1616	 1615
1590	 1591	 1617	 1616
1591	 1592	 1618	 1617
1592	 1593	 1619	 1618
1593	 1594	 1620	 1619
1594	 1595	 1621	 1620
1595	 1596	 1622	 1621
1596	 1597	 1623	 1622
1597	 1598	 1624	 1623
1598	 1599	 1625	 1624
1599	 1600	 1626	 1625
1600	 1601	 1627	 1626
1601	 1602	 1628	 1627
1602	 1603	 1629	 1628
1603	 1604	 1630	 1629
1604	 1605	 1631	 1630
1605	 1606	 1632	 1631
1606	 1607	 1633	 1632
1607	 1608	 1634	 1633
1608	 1609	 1635	 1634
1609	 1610	 1636	 1635
1610	 1611	 1637	 1636
1611	 1612	 1638	 1637
1613	 1614	 1640	 1639
1614	 1615	 1641	 1640
1615	 1616	 1642	 1641
1616	 1617	 1643	 1642
1617	 1618	 1644	 1643
1618	 1619	 1645	 1644
1619	 1620	 1646	 1645
1620	 1621	 1647	 1646
1621	 1622	 1648	 1647
1622	 1623	 1649	 1648
1623	 1624	 1650	 1649
1624	 1625	 1651	 1650
1625	 1626	 1652	 1651
1626	 1627	 1653	 1652
1627	 1628	 1654	 1653
1628	 1629	 1655	 1654
1629	 1630	 1656	 1655
1630	 1631	 1657	 1656
1631	 1632	 1658	 1657
1632	 1633	 1659	 1658
1633	 1634	 1660	 1659
1634	 1635	 1661	 1660
1635	 1636	 1662	 1661
1636	 1637	 1663	 1662
1637	 1638	 1664	 1663
1639	 1640	 1666	 1665
1640	 1641	 1667	 1666
1641	 1642	 1668	 1667
1642	 1643	 1669	 1668
1643	 1644	 1670	 1669
1644	 1645	 1671	 1670
1645	 1646	 1672	 1671
1646	 1647	 1673	 1672
1647	 1648	 1674	 1673
1648	 1649	 1675	 1674
1649	 1650	 1676	 1675
1650	 1651	 1677	 1676
1651	 1652	 1678	 1677
1652	 1653	 1679	 1678
1653	 1654	 1680	 1679
1654	 1655	 1681	 1680
1655	 1656	 1682	 1681
1656	 1657	 1683	 1682
1657	 1658	 1684	 1683
1658	 1659	 1685	 1684
1659	 1660	 1686	 1685
1660	 1661	 1687	 1686
1661	 1662	 1688	 1687
1662	 1663	 1689	 1688
1663	 1664	 1690	 1689
1665	 1666	 1692	 1691
1666	 1667	 1693	 1692
1667	 1668	 1694	 1693
1668	 1669	 1695	 1694
1669	 1670	 1696	 1695
1670	 1671	 1697	 1696
1671	 1672	 1698	 1697
1672	 1673	 1699	 1698
1673	 1674	 1700	 1699
1674	 1675	 1701	 1700
1675	 1676	 1702	 1701
1676	 1677	 1703	 1702
1677	 1678	 1704	 1703
1678	 1679	 1705	 1704
1679	 1680	 1706	 1705
1680	 1681	 1707	 1706
1681	 1682	 1708	 1707
1682	 1683	 1709	 1708
1683	 1684	 1710	 1709
1684	 1685	 1711	 1710
1685	 1686	 1712	 1711
1686	 1687	 1713	 1712
1687	 1688	 1714	 1713
1688	 1689	 1715	 1714
1689	 1690	 1716	 1715
1691	 1692	 1718	 1717
1692	 1693	 1719	 1718
1693	 1694	 1720	 1719
1694	 1695	 1721	 1720
1695	 1696	 1722	 1721
1696	 1697	 1723	 1722
1697	 1698	 1724	 1723
1698	 1699	 1725	 1724
1699	 1700	 1726	 1725
1700	 1701	 1727	 1726
1701	 1702	 1728	 1727
1702	 1703	 1729	 1728
1703	 1704	 1730	 1729
1704	 1705	 1731	 1730
1705	 1706	 1732	 1731
1706	 1707	 1733	 1732
1707	 1708	 1734	 1733
1708	 1709	 1735	 1734
1709	 1710	 1736	 1735
1710	 1711	 1737	 1736
1711	 1712	 1738	 1737
1712	 1713	 1739	 1738
1713	 1714	 1740	 1739
1714	 1715	 1741	 1740
1715	 1716	 1742	 1741
1717	 1718	 1744	 1743
1718	 1719	 1745	 1744
1719	 1720	 1746	 1745
1720	 1721	 1747	 1746
1721	 1722	 1748	 1747
1722	 1723	 1749	 1748
1723	 1724	 1750	 1749
1724	 1725	 1751	 1750
1725	 1726	 1752	 1751
1726	 1727	 1753	 1752
1727	 1728	 1754	 1753
1728	 1729	 1755	 1754
1729	 1730	 1756	 1755
1730	 1731	 1757	 1756
1731	 1732	 1758	 1757
1732	 1733	 1759	 1758
1733	 1734	 1760	 1759
1734	 1735	 1761	 1760
1735	 1736	 1762	 1761
1736	 1737	 1763	 1762
1737	 1738	 1764	 1763
1738	 1739	 1765	 1764
1739	 1740	 1766	 1765
1740	 1741	 1767	 1766
1741	 1742	 1768	 1767
1743	 1744	 1770	 1769
1744	 1745	 1771	 1770
1745	 1746	 1772	 1771
1746	 1747	 1773	 1772
1747	 1748	 1774	 1773
1748	 1749	 1775	 1774
1749	 1750	 1776	 1775
1750	 1751	 1777	 1776
1751	 1752	 1778	 1777
1752	 1753	 1779	 1778
1753	 1754	 1780	 1779
1754	 1755	 1781	 1780
1755	 1756	 1782	 1781
1756	 1757	 1783	 1782
1757	 1758	 1784	 1783
1758	 1759	 1785	 1784
1759	 1760	 1786	 1785
1760	 1761	 1787	 1786
1761	 1762	 1788	 1787
1762	 1763	 1789	 1788
1763	 1764	 1790	 1789
1764	 1765	 1791	 1790
1765	 1766	 1792	 1791
1766	 1767	 1793	 1792
1767	 1768	 1794	 1793
1769	 1770	 1796	 1795
1770	 1771	 1797	 1796
1771	 1772	 1798	 1797
1772	 1773	 1799	 1798
1773	 1774	 1800	 1799
1774	 1775	 1801	 1800
1775	 1776	 1802	 1801
1776	 1777	 1803	 1802
1777	 1778	 1804	 1803
1778	 1779	 1805	 1804
1779	 1780	 1806	 1805
1780	 1781	 1807	 1806
1781	 1782	 1808	 1807
1782	 1783	 1809	 1808
1783	 1784	 1810	 1809
1784	 1785	 1811	 1810
1785	 1786	 1812	 1811
1786	 1787	 1813	 1812
1787	 1788	 1814	 1813
1788	 1789	 1815	 1814
1789	 1790	 1816	 1815
1790	 1791	 1817	 1816
1791	 1792	 1818	 1817
1792	 1793	 1819	 1818
1793	 1794	 1820	 1819
1795	 1796	 1822	 1821
1796	 1797	 1823	 1822
1797	 1798	 1824	 1823
1798	 1799	 1825	 1824
1799	 1800	 1826	 1825
1800	 1801	 1827	 1826
1801	 1802	 1828	 1827
1802	 1803	 1829	 1828
1803	 1804	 1830	 1829
1804	 1805	 1831	 1830
1805	 1806	 1832	 1831
1806	 1807	 1833	 1832
1807	 1808	 1834	 1833
1808	 1809	 1835	 1834
1809	 1810	 1836	 1835
1810	 1811	 1837	 1836
1811	 1812	 1838	 1837
1812	 1813	 1839	 1838
1813	 1814	 1840	 1839
1814	 1815	 1841	 1840
1815	 1816	 1842	 1841
1816	 1817	 1843	 1842
1817	 1818	 1844	 1843
1818	 1819	 1845	 1844
1819	 1820	 1846	 1845
1821	 1822	 1848	 1847
1822	 1823	 1849	 1848
1823	 1824	 1850	 1849
1824	 1825	 1851	 1850
1825	 1826	 1852	 1851
1826	 1827	 1853	 1852
1827	 1828	 1854	 1853
1828	 1829	 1855	 1854
1829	 1830	 1856	 1855
1830	 1831	 1857	 1856
1831	 1832	 1858	 1857
1832	 1833	 1859	 1858
1833	 1834	 1860	 1859
1834	 1835	 1861	 1860
1835	 1836	 1862	 1861
1836	 1837	 1863	 1862
1837	 1838	 1864	 1863
1838	 1839	 1865	 1864
1839	 1840	 1866	 1865
1840	 1841	 1867	 1866
1841	 1842	 1868	 1867
1842	 1843	 1869	 1868
1843	 1844	 1870	 1869
1844	 1845	 1871	 1870
1845	 1846	 1872	 1871
1847	 1848	 1874	 1873
1848	 1849	 1875	 1874
1849	 1850	 1876	 1875
1850	 1851	 1877	 1876
1851	 1852	 1878	 1877
1852	 1853	 1879	 1878
1853	 1854	 1880	 1879
1854	 1855	 1881	 1880
1855	 1856	 1882	 1881
1856	 1857	 1883	 1882
1857	 1858	 1884	 1883
1858	 1859	 1885	 1884
1859	 1860	 1886	 1885
1860	 1861	 1887	 1886
1861	 1862	 1888	 1887
1862	 1863	 1889	 1888
1863	 1864	 1890	 1889
1864	 1865	 1891	 1890
1865	 1866	 1892	 1891
1866	 1867	 1893	 1892
1867	 1868	 1894	 1893
1868	 1869	 1895	 1894
1869	 1870	 1896	 1895
1870	 1871	 1897	 1896
1871	 1872	 1898	 1897
1873	 1874	 1900	 1899
1874	 1875	 1901	 1900
1875	 1876	 1902	 1901
1876	 1877	 1903	 1902
1877	 1878	 1904	 1903
1878	 1879	 1905	 1904
1879	 1880	 1906	 1905
1880	 1881	 1907	 1906
1881	 1882	 1908	 1907
1882	 1883	 1909	 1908
1883	 1884	 1910	 1909
1884	 1885	 1911	 1910
1885	 1886	 1912	 1911
1886	 1887	 1913	 1912
1887	 1888	 1914	 1913
1888	 1889	 1915	 1914
1889	 1890	 1916	 1915
1890	 1891	 1917	 1916
1891	 1892	 1918	 1917
1892	 1893	 1919	 1918
1893	 1894	 1920	 1919
1894	 1895	 1921	 1920
1895	 1896	 1922	 1921
1896	 1897	 1923	 1922
1897	 1898	 1924	 1923
1899	 1900	 1926	 1925
1900	 1901	 1927	 1926
1901	 1902	 1928	 1927
1902	 1903	 1929	 1928
1903	 1904	 1930	 1929
1904	 1905	 1931	 1930
1905	 1906	 1932	 1931
1906	 1907	 1933	 1932
1907	 1908	 1934	 1933
1908	 1909	 1935	 1934
1909	 1910	 1936	 1935
1910	 1911	 1937	 1936
1911	 1912	 1938	 1937
1912	 1913	 1939	 1938
1913	 1914	 1940	 1939
1914	 1915	 1941	 1940
1915	 1916	 1942	 1941
1916	 1917	 1943	 1942
1917	 1918	 1944	 1943
1918	 1919	 1945	 1944
1919	 1920	 1946	 1945
1920	 1921	 1947	 1946
1921	 1922	 1948	 1947
1922	 1923	 1949	 1948
1923	 1924	 1950	 1949
1925	 1926	 1952	 1951
1926	 1927	 1953	 1952
1927	 1928	 1954	 1953
1928	 1929	 1955	 1954
1929	 1930	 1956	 1955
1930	 1931	 1957	 1956
1931	 1932	 1958	 1957
1932	 1933	 1959	 1958
1933	 1934	 1960	 1959
1934	 1935	 1961	 1960
1935	 1936	 1962	 1961
1936	 1937	 1963	 1962
1937	 1938	 1964	 1963
1938	 1939	 1965	 1964
1939	 1940	 1966	 1965
1940	 1941	 1967	 1966
1941	 1942	 1968	 1967
1942	 1943	 1969	 1968
1943	 1944	 1970	 1969
1944	 1945	 1971	 1970
1945	 1946	 1972	 1971
1946	 1947	 1973	 1972
1947	 1948	 1974	 1973
1948	 1949	 1975	 1974
1949	 1950	 1976	 1975
1951	 1952	 1978	 1977
1952	 1953	 1979	 1978
1953	 1954	 1980	 1979
1954	 1955	 1981	 1980
1955	 1956	 1982	 1981
1956	 1957	 1983	 1982
1957	 1958	 1984	 1983
1958	 1959	 1985	 1984
1959	 1960	 1986	 1985
1960	 1961	 1987	 1986
1961	 1962	 1988	 1987
1962	 1963	 1989	 1988
1963	 1964	 1990	 1989
1964	 1965	 1991	 1990
1965	 1966	 1992	 1991
1966	 1967	 1993	 1992
1967	 1968	 1994	 1993
1968	 1969	 1995	 1994
1969	 1970	 1996	 1995
1970	 1971	 1997	 1996
1971	 1972	 1998	 1997
1972	 1973	 1999	 1998
1973	 1974	 2000	 1999
1974	 1975	 2001	 2000
1975	 1976	 2002	 2001
1977	 1978	 2004	 2003
1978	 1979	 2005	 2004
1979	 1980	 2006	 2005
1980	 1981	 2007	 2006
1981	 1982	 2008	 2007
1982	 1983	 2009	 2008
1983	 1984	 2010	 2009
1984	 1985	 2011	 2010
1985	 1986	 2012	 2011
1986	 1987	 2013	 2012
1987	 1988	 2014	 2013
1988	 1989	 2015	 2014
1989	 1990	 2016	 2015
1990	 1991	 2017	 2016
1991	 1992	 2018	 2017
1992	 1993	 2019	 2018
1993	 1994	 2020	 2019
1994	 1995	 2021	 2020
1995	 1996	 2022	 2021
1996	 1997	 2023	 2022
1997	 1998	 2024	 2023
1998	 1999	 2025	 2024
1999	 2000	 2026	 2025
2000	 2001	 2027	 2026
2001	 2002	 2028	 2027
2003	 2004	 2030	 2029
2004	 2005	 2031	 2030
2005	 2006	 2032	 2031
2006	 2007	 2033	 2032
2007	 2008	 2034	 2033
2008	 2009	 2035	 2034
2009	 2010	 2036	 2035
2010	 2011	 2037	 2036
2011	 2012	 2038	 2037
2012	 2013	 2039	 2038
2013	 2014	 2040	 2039
2014	 2015	 2041	 2040
2015	 2016	 2042	 2041
2016	 2017	 2043	 2042
2017	 2018	 2044	 2043
2018	 2019	 2045	 2044
2019	 2020	 2046	 2045
2020	 2021	 2047	 2046
2021	 2022	 2048	 2047
2022	 2023	 2049	 2048
2023	 2024	 2050	 2049
2024	 2025	 2051	 2050
2025	 2026	 2052	 2051
2026	 2027	 2053	 2052
2027	 2028	 2054	 2053
2029	 2030	 2056	 2055
2030	 2031	 2057	 2056
2031	 2032	 2058	 2057
2032	 2033	 2059	 2058
2033	 2034	 2060	 2059
2034	 2035	 2061	 2060
2035	 2036	 2062	 2061
2036	 2037	 2063	 2062
2037	 2038	 2064	 2063
2038	 2039	 2065	 2064
2039	 2040	 2066	 2065
2040	 2041	 2067	 2066
2041	 2042	 2068	 2067
2042	 2043	 2069	 2068
2043	 2044	 2070	 2069
2044	 2045	 2071	 2070
2045	 2046	 2072	 2071
2046	 2047	 2073	 2072
2047	 2048	 2074	 2073
2048	 2049	 2075	 2074
2049	 2050	 2076	 2075
2050	 2051	 2077	 2076
2051	 2052	 2078	 2077
2052	 2053	 2079	 2078
2053	 2054	 2080	 2079
2055	 2056	 2082	 2081
2056	 2057	 2083	 2082
2057	 2058	 2084	 2083
2058	 2059	 2085	 2084
2059	 2060	 2086	 2085
2060	 2061	 2087	 2086
2061	 2062	 2088	 2087
2062	 2063	 2089	 2088
2063	 2064	 2090	 2089
2064	 2065	 2091	 2090
2065	 2066	 2092	 2091
2066	 2067	 2093	 2092
2067	 2068	 2094	 2093
2068	 2069	 2095	 2094
2069	 2070	 2096	 2095
2070	 2071	 2097	 2096
2071	 2072	 2098	 2097
2072	 2073	 2099	 2098
2073	 2074	 2100	 2099
2074	 2075	 2101	 2100
2075	 2076	 2102	 2101
2076	 2077	 2103	 2102
2077	 2078	 2104	 2103
2078	 2079	 2105	 2104
2079	 2080	 2106	 2105
2081	 2082	 2108	 2107
2082	 2083	 2109	 2108
2083	 2084	 2110	 2109
2084	 2085	 2111	 2110
2085	 2086	 2112	 2111
2086	 2087	 2113	 2112
2087	 2088	 2114	 2113
2088	 2089	 2115	 2114
2089	 2090	 2116	 2115
2090	 2091	 2117	 2116
2091	 2092	 2118	 2117
2092	 2093	 2119	 2118
2093	 2094	 2120	 2119
2094	 2095	 2121	 2120
2095	 2096	 2122	 2121
2096	 2097	 2123	 2122
2097	 2098	 2124	 2123
2098	 2099	 2125	 2124
2099	 2100	 2126	 2125
2100	 2101	 2127	 2126
2101	 2102	 2128	 2127
2102	 2103	 2129	 2128
2103	 2104	 2130	 2129
2104	 2105	 2131	 2130
2105	 2106	 2132	 2131
2107	 2108	 2134	 2133
2108	 2109	 2135	 2134
2109	 2110	 2136	 2135
2110	 2111	 2137	 2136
2111	 2112	 2138	 2137
2112	 2113	 2139	 2138
2113	 2114	 2140	 2139
2114	 2115	 2141	 2140
2115	 2116	 2142	 2141
2116	 2117	 2143	 2142
2117	 2118	 2144	 2143
2118	 2119	 2145	 2144
2119	 2120	 2146	 2145
2120	 2121	 2147	 2146
2121	 2122	 2148	 2147
2122	 2123	 2149	 2148
2123	 2124	 2150	 2149
2124	 2125	 2151	 2150
2125	 2126	 2152	 2151
2126	 2127	 2153	 2152
2127	 2128	 2154	 2153
2128	 2129	 2155	 2154
2129	 2130	 2156	 2155
2130	 2131	 2157	 2156
2131	 2132	 2158	 2157
2133	 2134	 2160	 2159
2134	 2135	 2161	 2160
2135	 2136	 2162	 2161
2136	 2137	 2163	 2162
2137	 2138	 2164	 2163
2138	 2139	 2165	 2164
2139	 2140	 2166	 2165
2140	 2141	 2167	 2166
2141	 2142	 2168	 2167
2142	 2143	 2169	 2168
2143	 2144	 2170	 2169
2144	 2145	 2171	 2170
2145	 2146	 2172	 2171
2146	 2147	 2173	 2172
2147	 2148	 2174	 2173
2148	 2149	 2175	 2174
2149	 2150	 2176	 2175
2150	 2151	 2177	 2176
2151	 2152	 2178	 2177
2152	 2153	 2179	 2178
2153	 2154	 2180	 2179
2154	 2155	 2181	 2180
2155	 2156	 2182	 2181
2156	 2157	 2183	 2182
2157	 2158	 2184	 2183
2159	 2160	 2186	 2185
2160	 2161	 2187	 2186
2161	 2162	 2188	 2187
2162	 2163	 2189	 2188
2163	 2164	 2190	 2189
2164	 2165	 2191	 2190
2165	 2166	 2192	 2191
2166	 2167	 2193	 2192
2167	 2168	 2194	 2193
2168	 2169	 2195	 2194
2169	 2170	 2196	 2195
2170	 2171	 2197	 2196
2171	 2172	 2198	 2197
2172	 2173	 2199	 2198
2173	 2174	 2200	 2199
2174	 2175	 2201	 2200
2175	 2176	 2202	 2201
2176	 2177	 2203	 2202
2177	 2178	 2204	 2203
2178	 2179	 2205	 2204
2179	 2180	 2206	 2205
2180	 2181	 2207	 2206
2181	 2182	 2208	 2207
2182	 2183	 2209	 2208
2183	 2184	 2210	 2209
2185	 2186	 2212	 2211
2186	 2187	 2213	 2212
2187	 2188	 2214	 2213
2188	 2189	 2215	 2214
2189	 2190	 2216	 2215
2190	 2191	 2217	 2216
2191	 2192	 2218	 2217
2192	 2193	 2219	 2218
2193	 2194	 2220	 2219
2194	 2195	 2221	 2220
2195	 2196	 2222	 2221
2196	 2197	 2223	 2222
2197	 2198	 2224	 2223
2198	 2199	 2225	 2224
2199	 2200	 2226	 2225
2200	 2201	 2227	 2226
2201	 2202	 2228	 2227
2202	 2203	 2229	 2228
2203	 2204	 2230	 2229
2204	 2205	 2231	 2230
2205	 2206	 2232	 2231
2206	 2207	 2233	 2232
2207	 2208	 2234	 2233
2208	 2209	 2235	 2234
2209	 2210	 2236	 2235
2211	 2212	 2238	 2237
2212	 2213	 2239	 2238
2213	 2214	 2240	 2239
2214	 2215	 2241	 2240
2215	 2216	 2242	 2241
2216	 2217	 2243	 2242
2217	 2218	 2244	 2243
2218	 2219	 2245	 2244
2219	 2220	 2246	 2245
2220	 2221	 2247	 2246
2221	 2222	 2248	 2247
2222	 2223	 2249	 2248
2223	 2224	 2250	 2249
2224	 2225	 2251	 2250
2225	 2226	 2252	 2251
2226	 2227	 2253	 2252
2227	 2228	 2254	 2253
2228	 2229	 2255	 2254
2229	 2230	 2256	 2255
2230	 2231	 2257	 2256
2231	 2232	 2258	 2257
2232	 2233	 2259	 2258
2233	 2234	 2260	 2259
2234	 2235	 2261	 2260
2235	 2236	 2262	 2261
2237	 2238	 2264	 2263
2238	 2239	 2265	 2264
2239	 2240	 2266	 2265
2240	 2241	 2267	 2266
2241	 2242	 2268	 2267
2242	 2243	 2269	 2268
2243	 2244	 2270	 2269
2244	 2245	 2271	 2270
2245	 2246	 2272	 2271
2246	 2247	 2273	 2272
2247	 2248	 2274	 2273
2248	 2249	 2275	 2274
2249	 2250	 2276	 2275
2250	 2251	 2277	 2276
2251	 2252	 2278	 2277
2252	 2253	 2279	 2278
2253	 2254	 2280	 2279
2254	 2255	 2281	 2280
2255	 2256	 2282	 2281
2256	 2257	 2283	 2282
2257	 2258	 2284	 2283
2258	 2259	 2285	 2284
2259	 2260	 2286	 2285
2260	 2261	 2287	 2286
2261	 2262	 2288	 2287
2263	 2264	 2290	 2289
2264	 2265	 2291	 2290
2265	 2266	 2292	 2291
2266	 2267	 2293	 2292
2267	 2268	 2294	 2293
2268	 2269	 2295	 2294
2269	 2270	 2296	 2295
2270	 2271	 2297	 2296
2271	 2272	 2298	 2297
2272	 2273	 2299	 2298
2273	 2274	 2300	 2299
2274	 2275	 2301	 2300
2275	 2276	 2302	 2301
2276	 2277	 2303	 2302
2277	 2278	 2304	 2303
2278	 2279	 2305	 2304
2279	 2280	 2306	 2305
2280	 2281	 2307	 2306
2281	 2282	 2308	 2307
2282	 2283	 2309	 2308
2283	 2284	 2310	 2309
2284	 2285	 2311	 2310
2285	 2286	 2312	 2311
2286	 2287	 2313	 2312
2287	 2288	 2314	 2313
2289	 2290	 2316	 2315
2290	 2291	 2317	 2316
2291	 2292	 2318	 2317
2292	 2293	 2319	 2318
2293	 2294	 2320	 2319
2294	 2295	 2321	 2320
2295	 2296	 2322	 2321
2296	 2297	 2323	 2322
2297	 2298	 2324	 2323
2298	 2299	 2325	 2324
2299	 2300	 2326	 2325
2300	 2301	 2327	 2326
2301	 2302	 2328	 2327
2302	 2303	 2329	 2328
2303	 2304	 2330	 2329
2304	 2305	 2331	 2330
2305	 2306	 2332	 2331
2306	 2307	 2333	 2332
2307	 2308	 2334	 2333
2308	 2309	 2335	 2334
2309	 2310	 2336	 2335
2310	 2311	 2337	 2336
2311	 2312	 2338	 2337
2312	 2313	 2339	 2338
2313	 2314	 2340	 2339
2315	 2316	 2342	 2341
2316	 2317	 2343	 2342
2317	 2318	 2344	 2343
2318	 2319	 2345	 2344
2319	 2320	 2346	 2345
2320	 2321	 2347	 2346
2321	 2322	 2348	 2347
2322	 2323	 2349	 2348
2323	 2324	 2350	 2349
2324	 2325	 2351	 2350
2325	 2326	 2352	 2351
2326	 2327	 2353	 2352
2327	 2328	 2354	 2353
2328	 2329	 2355	 2354
2329	 2330	 2356	 2355
2330	 2331	 2357	 2356
2331	 2332	 2358	 2357
2332	 2333	 2359	 2358
2333	 2334	 2360	 2359
2334	 2335	 2361	 2360
2335	 2336	 2362	 2361
2336	 2337	 2363	 2362
2337	 2338	 2364	 2363
2338	 2339	 2365	 2364
2339	 2340	 2366	 2365
2341	 2342	 2368	 2367
2342	 2343	 2369	 2368
2343	 2344	 2370	 2369
2344	 2345	 2371	 2370
2345	 2346	 2372	 2371
2346	 2347	 2373	 2372
2347	 2348	 2374	 2373
2348	 2349	 2375	 2374
2349	 2350	 2376	 2375
2350	 2351	 2377	 2376
2351	 2352	 2378	 2377
2352	 2353	 2379	 2378
2353	 2354	 2380	 2379
2354	 2355	 2381	 2380
2355	 2356	 2382	 2381
2356	 2357	 2383	 2382
2357	 2358	 2384	 2383
2358	 2359	 2385	 2384
2359	 2360	 2386	 2385
2360	 2361	 2387	 2386
2361	 2362	 2388	 2387
2362	 2363	 2389	 2388
2363	 2364	 2390	 2389
2364	 2365	 2391	 2390
2365	 2366	 2392	 2391
2367	 2368	 2394	 2393
2368	 2369	 2395	 2394
2369	 2370	 2396	 2395
2370	 2371	 2397	 2396
2371	 2372	 2398	 2397
2372	 2373	 2399	 2398
2373	 2374	 2400	 2399
2374	 2375	 2401	 2400
2375	 2376	 2402	 2401
2376	 2377	 2403	 2402
2377	 2378	 2404	 2403
2378	 2379	 2405	 2404
2379	 2380	 2406	 2405
2380	 2381	 2407	 2406
2381	 2382	 2408	 2407
2382	 2383	 2409	 2408
2383	 2384	 2410	 2409
2384	 2385	 2411	 2410
2385	 2386	 2412	 2411
2386	 2387	 2413	 2412
2387	 2388	 2414	 2413
2388	 2389	 2415	 2414
2389	 2390	 2416	 2415
2390	 2391	 2417	 2416
2391	 2392	 2418	 2417
2393	 2394	 2420	 2419
2394	 2395	 2421	 2420
2395	 2396	 2422	 2421
2396	 2397	 2423	 2422
2397	 2398	 2424	 2423
2398	 2399	 2425	 2424
2399	 2400	 2426	 2425
2400	 2401	 2427	 2426
2401	 2402	 2428	 2427
2402	 2403	 2429	 2428
2403	 2404	 2430	 2429
2404	 2405	 2431	 2430
2405	 2406	 2432	 2431
2406	 2407	 2433	 2432
2407	 2408	 2434	 2433
2408	 2409	 2435	 2434
2409	 2410	 2436	 2435
2410	 2411	 2437	 2436
2411	 2412	 2438	 2437
2412	 2413	 2439	 2438
2413	 2414	 2440	 2439
2414	 2415	 2441	 2440
2415	 2416	 2442	 2441
2416	 2417	 2443	 2442
2417	 2418	 2444	 2443
2419	 2420	 2446	 2445
2420	 2421	 2447	 2446
2421	 2422	 2448	 2447
2422	 2423	 2449	 2448
2423	 2424	 2450	 2449
2424	 2425	 2451	 2450
2425	 2426	 2452	 2451
2426	 2427	 2453	 2452
2427	 2428	 2454	 2453
2428	 2429	 2455	 2454
2429	 2430	 2456	 2455
2430	 2431	 2457	 2456
2431	 2432	 2458	 2457
2432	 2433	 2459	 2458
2433	 2434	 2460	 2459
2434	 2435	 2461	 2460
2435	 2436	 2462	 2461
2436	 2437	 2463	 2462
2437	 2438	 2464	 2463
2438	 2439	 2465	 2464
2439	 2440	 2466	 2465
2440	 2441	 2467	 2466
2441	 2442	 2468	 2467
2442	 2443	 2469	 2468
2443	 2444	 2470	 2469
2445	 2446	 2472	 2471
2446	 2447	 2473	 2472
2447	 2448	 2474	 2473
2448	 2449	 2475	 2474
2449	 2450	 2476	 2475
2450	 2451	 2477	 2476
2451	 2452	 2478	 2477
2452	 2453	 2479	 2478
2453	 2454	 2480	 2479
2454	 2455	 2481	 2480
2455	 2456	 2482	 2481
2456	 2457	 2483	 2482
2457	 2458	 2484	 2483
2458	 2459	 2485	 2484
2459	 2460	 2486	 2485
2460	 2461	 2487	 2486
2461	 2462	 2488	 2487
2462	 2463	 2489	 2488
2463	 2464	 2490	 2489
2464	 2465	 2491	 2490
2465	 2466	 2492	 2491
2466	 2467	 2493	 2492
2467	 2468	 2494	 2493
2468	 2469	 2495	 2494
2469	 2470	 2496	 2495
2471	 2472	 2498	 2497
2472	 2473	 2499	 2498
2473	 2474	 2500	 2499
2474	 2475	 2501	 2500
2475	 2476	 2502	 2501
2476	 2477	 2503	 2502
2477	 2478	 2504	 2503
2478	 2479	 2505	 2504
2479	 2480	 2506	 2505
2480	 2481	 2507	 2506
2481	 2482	 2508	 2507
2482	 2483	 2509	 2508
2483	 2484	 2510	 2509
2484	 2485	 2511	 2510
2485	 2486	 2512	 2511
2486	 2487	 2513	 2512
2487	 2488	 2514	 2513
2488	 2489	 2515	 2514
2489	 2490	 2516	 2515
2490	 2491	 2517	 2516
2491	 2492	 2518	 2517
2492	 2493	 2519	 2518
2493	 2494	 2520	 2519
2494	 2495	 2521	 2520
2495	 2496	 2522	 2521
2497	 2498	 2524	 2523
2498	 2499	 2525	 2524
2499	 2500	 2526	 2525
2500	 2501	 2527	 2526
2501	 2502	 2528	 2527
2502	 2503	 2529	 2528
2503	 2504	 2530	 2529
2504	 2505	 2531	 2530
2505	 2506	 2532	 2531
2506	 2507	 2533	 2532
2507	 2508	 2534	 2533
2508	 2509	 2535	 2534
2509	 2510	 2536	 2535
2510	 2511	 2537	 2536
2511	 2512	 2538	 2537
2512	 2513	 2539	 2538
2513	 2514	 2540	 2539
2514	 2515	 2541	 2540
2515	 2516	 2542	 2541
2516	 2517	 2543	 2542
2517	 2518	 2544	 2543
2518	 2519	 2545	 2544
2519	 2520	 2546	 2545
2520	 2521	 2547	 2546
2521	 2522	 2548	 2547
2523	 2524	 2550	 2549
2524	 2525	 2551	 2550
2525	 2526	 2552	 2551
2526	 2527	 2553	 2552
2527	 2528	 2554	 2553
2528	 2529	 2555	 2554
2529	 2530	 2556	 2555
2530	 2531	 2557	 2556
2531	 2532	 2558	 2557
2532	 2533	 2559	 2558
2533	 2534	 2560	 2559
2534	 2535	 2561	 2560
2535	 2536	 2562	 2561
2536	 2537	 2563	 2562
2537	 2538	 2564	 2563
2538	 2539	 2565	 2564
2539	 2540	 2566	 2565
2540	 2541	 2567	 2566
2541	 2542	 2568	 2567
2542	 2543	 2569	 2568
2543	 2544	 2570	 2569
2544	 2545	 2571	 2570
2545	 2546	 2572	 2571
2546	 2547	 2573	 2572
2547	 2548	 2574	 2573
2549	 2550	 2576	 2575
2550	 2551	 2577	 2576
2551	 2552	 2578	 2577
2552	 2553	 2579	 2578
2553	 2554	 2580	 2579
2554	 2555	 2581	 2580
2555	 2556	 2582	 2581
2556	 2557	 2583	 2582
2557	 2558	 2584	 2583
2558	 2559	 2585	 2584
2559	 2560	 2586	 2585
2560	 2561	 2587	 2586
2561	 2562	 2588	 2587
2562	 2563	 2589	 2588
2563	 2564	 2590	 2589
2564	 2565	 2591	 2590
2565	 2566	 2592	 2591
2566	 2567	 2593	 2592
2567	 2568	 2594	 2593
2568	 2569	 2595	 2594
2569	 2570	 2596	 2595
2570	 2571	 2597	 2596
2571	 2572	 2598	 2597
2572	 2573	 2599	 2598
2573	 2574	 2600	 2599
2575	 2576	 2602	 2601
2576	 2577	 2603	 2602
2577	 2578	 2604	 2603
2578	 2579	 2605	 2604
2579	 2580	 2606	 2605
2580	 2581	 2607	 2606
2581	 2582	 2608	 2607
2582	 2583	 2609	 2608
2583	 2584	 2610	 2609
2584	 2585	 2611	 2610
2585	 2586	 2612	 2611
2586	 2587	 2613	 2612
2587	 2588	 2614	 2613
2588	 2589	 2615	 2614
2589	 2590	 2616	 2615
2590	 2591	 2617	 2616
2591	 2592	 2618	 2617
2592	 2593	 2619	 2618
2593	 2594	 2620	 2619
2594	 2595	 2621	 2620
2595	 2596	 2622	 2621
2596	 2597	 2623	 2622
2597	 2598	 2624	 2623
2598	 2599	 2625	 2624
2599	 2600	 2626	 2625
