       1      21      24      17      16      22      25      18
      16      22      25      18       5      23      26      19
      17      24      27       4      18      25      28      20
      18      25      28      20      19      26      29       8
      21       2      31      24      22      30      32      25
      22      30      32      25      23       6      33      26
      24      31       3      27      25      32      34      28
      25      32      34      28      26      33       7      29
       2      35      38      31      30      36      39      32
      30      36      39      32       6      37      40      33
      31      38      41       3      32      39      42      34
      32      39      42      34      33      40      43       7
      35       9      45      38      36      44      46      39
      36      44      46      39      37      13      47      40
      38      45      10      41      39      46      48      42
      39      46      48      42      40      47      14      43
       4      27      53      49      20      28      54      50
      20      28      54      50       8      29      55      51
      49      53      56      11      50      54      57      52
      50      54      57      52      51      55      58      15
      27       3      41      53      28      34      42      54
      28      34      42      54      29       7      43      55
      53      41      10      56      54      42      48      57
      54      42      48      57      55      43      14      58
       5      23      26      19      59      62      64      60
      59      62      64      60      12      63      65      61
      19      26      29       8      60      64      55      51
      60      64      55      51      61      65      58      15
      23       6      33      26      62      37      40      64
      62      37      40      64      63      13      47      65
      26      33       7      29      64      40      43      55
      64      40      43      55      65      47      14      58
       1      17      77      74      16      18      78      75
      16      18      78      75       5      19      79      76
      17       4      80      77      18      20      81      78
      18      20      81      78      19       8      82      79
      74      77      84      66      75      78      85      83
      75      78      85      83      76      79      86      68
      77      80      67      84      78      81      87      85
      78      81      87      85      79      82      69      86
      66      84      91      88      83      85      92      89
      83      85      92      89      68      86      93      90
      84      67      94      91      85      87      95      92
      85      87      95      92      86      69      96      93
      88      91      98      70      89      92      99      97
      89      92      99      97      90      93     100      72
      91      94      71      98      92      95     101      99
      92      95     101      99      93      96      73     100
       4      49     102      80      20      50     103      81
      20      50     103      81       8      51     104      82
      49      11     105     102      50      52     106     103
      50      52     106     103      51      15     107     104
      80     102      94      67      81     103      95      87
      81     103      95      87      82     104      96      69
     102     105      71      94     103     106     101      95
     103     106     101      95     104     107      73      96
       5      19      79      76      59      60     110     108
      59      60     110     108      12      61     111     109
      19       8      82      79      60      51     104     110
      60      51     104     110      61      15     107     111
      76      79      86      68     108     110      93      90
     108     110      93      90     109     111     100      72
      79      82      69      86     110     104      96      93
     110     104      96      93     111     107      73     100
       1     120     124      21      16     121     125      22
      16     121     125      22       5     122     126      23
     120     113     127     124     121     123     128     125
     121     123     128     125     122     115     129     126
      21     124     130       2      22     125     131      30
      22     125     131      30      23     126     132       6
     124     127     112     130     125     128     133     131
     125     128     133     131     126     129     114     132
       2     130     134      35      30     131     135      36
      30     131     135      36       6     132     136      37
     130     112     137     134     131     133     138     135
     131     133     138     135     132     114     139     136
      35     134     140       9      36     135     141      44
      36     135     141      44      37     136     142      13
     134     137     116     140     135     138     143     141
     135     138     143     141     136     139     118     142
     113     144     148     127     123     145     149     128
     123     145     149     128     115     146     150     129
     144     117     151     148     145     147     152     149
     145     147     152     149     146     119     153     150
     127     148     137     112     128     149     138     133
     128     149     138     133     129     150     139     114
     148     151     116     137     149     152     143     138
     149     152     143     138     150     153     118     139
       5     122     126      23      59     154     156      62
      59     154     156      62      12     155     157      63
     122     115     129     126     154     146     150     156
     154     146     150     156     155     119     153     157
      23     126     132       6      62     156     136      37
      62     156     136      37      63     157     142      13
     126     129     114     132     156     150     139     136
     156     150     139     136     157     153     118     142
       1      74     162     120      16      75     163     121
      16      75     163     121       5      76     164     122
     120     162     165     113     121     163     166     123
     121     163     166     123     122     164     167     115
      74      66     168     162      75      83     169     163
      75      83     169     163      76      68     170     164
     162     168     158     165     163     169     171     166
     163     169     171     166     164     170     159     167
      66      88     172     168      83      89     173     169
      83      89     173     169      68      90     174     170
     168     172     175     158     169     173     176     171
     169     173     176     171     170     174     177     159
      88      70     178     172      89      97     179     173
      89      97     179     173      90      72     180     174
     172     178     160     175     173     179     181     176
     173     179     181     176     174     180     161     177
     113     165     182     144     123     166     183     145
     123     166     183     145     115     167     184     146
     144     182     185     117     145     183     186     147
     145     183     186     147     146     184     187     119
     165     158     175     182     166     171     176     183
     166     171     176     183     167     159     177     184
     182     175     160     185     183     176     181     186
     183     176     181     186     184     177     161     187
       5      76     164     122      59     108     188     154
      59     108     188     154      12     109     189     155
     122     164     167     115     154     188     184     146
     154     188     184     146     155     189     187     119
      76      68     170     164     108      90     174     188
     108      90     174     188     109      72     180     189
     164     170     159     167     188     174     177     184
     188     174     177     184     189     180     161     187
       1      17      24      21     198     199     204     202
     198     199     204     202     190     200     205     203
      17       4      27      24     199     201     206     204
     199     201     206     204     200     193     207     205
      21      24      31       2     202     204     209     208
     202     204     209     208     203     205     210     191
      24      27       3      31     204     206     211     209
     204     206     211     209     205     207     192     210
       2      31      38      35     208     209     214     212
     208     209     214     212     191     210     215     213
      31       3      41      38     209     211     216     214
     209     211     216     214     210     192     217     215
      35      38      45       9     212     214     219     218
     212     214     219     218     213     215     220     195
      38      41      10      45     214     216     221     219
     214     216     221     219     215     217     196     220
       4      49      53      27     201     222     225     206
     201     222     225     206     193     223     226     207
      49      11      56      53     222     224     227     225
     222     224     227     225     223     197     228     226
      27      53      41       3     206     225     216     211
     206     225     216     211     207     226     217     192
      53      56      10      41     225     227     221     216
     225     227     221     216     226     228     196     217
     190     200     205     203     229     230     234     232
     229     230     234     232     194     231     235     233
     200     193     207     205     230     223     226     234
     230     223     226     234     231     197     228     235
     203     205     210     191     232     234     215     213
     232     234     215     213     233     235     220     195
     205     207     192     210     234     226     217     215
     234     226     217     215     235     228     196     220
       1      74      77      17     198     240     242     199
     198     240     242     199     190     241     243     200
      17      77      80       4     199     242     244     201
     199     242     244     201     200     243     245     193
      74      66      84      77     240     246     247     242
     240     246     247     242     241     236     248     243
      77      84      67      80     242     247     249     244
     242     247     249     244     243     248     237     245
      66      88      91      84     246     250     252     247
     246     250     252     247     236     251     253     248
      84      91      94      67     247     252     254     249
     247     252     254     249     248     253     255     237
      88      70      98      91     250     256     257     252
     250     256     257     252     251     238     258     253
      91      98      71      94     252     257     259     254
     252     257     259     254     253     258     239     255
       4      80     102      49     201     244     260     222
     201     244     260     222     193     245     261     223
      49     102     105      11     222     260     262     224
     222     260     262     224     223     261     263     197
      80      67      94     102     244     249     254     260
     244     249     254     260     245     237     255     261
     102      94      71     105     260     254     259     262
     260     254     259     262     261     255     239     263
     190     241     243     200     229     264     266     230
     229     264     266     230     194     265     267     231
     200     243     245     193     230     266     261     223
     230     266     261     223     231     267     263     197
     241     236     248     243     264     251     253     266
     264     251     253     266     265     238     258     267
     243     248     237     245     266     253     255     261
     266     253     255     261     267     258     239     263
       1      21     124     120     198     202     275     272
     198     202     275     272     190     203     276     273
     120     124     127     113     272     275     277     274
     272     275     277     274     273     276     278     269
      21       2     130     124     202     208     279     275
     202     208     279     275     203     191     280     276
     124     130     112     127     275     279     281     277
     275     279     281     277     276     280     268     278
       2      35     134     130     208     212     282     279
     208     212     282     279     191     213     283     280
     130     134     137     112     279     282     284     281
     279     282     284     281     280     283     285     268
      35       9     140     134     212     218     286     282
     212     218     286     282     213     195     287     283
     134     140     116     137     282     286     288     284
     282     286     288     284     283     287     270     285
     113     127     148     144     274     277     292     289
     274     277     292     289     269     278     293     290
     144     148     151     117     289     292     294     291
     289     292     294     291     290     293     295     271
     127     112     137     148     277     281     284     292
     277     281     284     292     278     268     285     293
     148     137     116     151     292     284     288     294
     292     284     288     294     293     285     270     295
     190     203     276     273     229     232     298     296
     229     232     298     296     194     233     299     297
     273     276     278     269     296     298     293     290
     296     298     293     290     297     299     295     271
     203     191     280     276     232     213     283     298
     232     213     283     298     233     195     287     299
     276     280     268     278     298     283     285     293
     298     283     285     293     299     287     270     295
       1     120     162      74     198     272     302     240
     198     272     302     240     190     273     303     241
     120     113     165     162     272     274     304     302
     272     274     304     302     273     269     305     303
      74     162     168      66     240     302     306     246
     240     302     306     246     241     303     307     236
     162     165     158     168     302     304     308     306
     302     304     308     306     303     305     300     307
      66     168     172      88     246     306     309     250
     246     306     309     250     236     307     310     251
     168     158     175     172     306     308     311     309
     306     308     311     309     307     300     312     310
      88     172     178      70     250     309     313     256
     250     309     313     256     251     310     314     238
     172     175     160     178     309     311     315     313
     309     311     315     313     310     312     301     314
     113     144     182     165     274     289     316     304
     274     289     316     304     269     290     317     305
     144     117     185     182     289     291     318     316
     289     291     318     316     290     271     319     317
     165     182     175     158     304     316     311     308
     304     316     311     308     305     317     312     300
     182     185     160     175     316     318     315     311
     316     318     315     311     317     319     301     312
     190     273     303     241     229     296     320     264
     229     296     320     264     194     297     321     265
     273     269     305     303     296     290     317     320
     296     290     317     320     297     271     319     321
     241     303     307     236     264     320     310     251
     264     320     310     251     265     321     314     238
     303     305     300     307     320     317     312     310
     320     317     312     310     321     319     301     314
