     0.0000   0.0000   0.0000
     0.4639   0.0000   0.0000
     0.3887   0.3887   0.0000
     0.0000   0.4639   0.0000
     0.0000   0.0000   0.4639
     0.3887   0.0000   0.3887
     0.3503   0.3503   0.3503
     0.0000   0.3887   0.3887
     1.0000   0.0000   0.0000
     0.7071   0.7071   0.0000
     0.0000   1.0000   0.0000
     0.0000   0.0000   1.0000
     0.7071   0.0000   0.7071
     0.5774   0.5774   0.5774
     0.0000   0.7071   0.7071
     0.0000   0.0000   0.2185
     0.0000   0.2185   0.0000
     0.0000   0.2063   0.2063
     0.0000   0.2080   0.4422
     0.0000   0.4422   0.2080
     0.2185   0.0000   0.0000
     0.2063   0.0000   0.2063
     0.2080   0.0000   0.4422
     0.2063   0.2063   0.0000
     0.1974   0.1974   0.1974
     0.2008   0.2008   0.4246
     0.2080   0.4422   0.0000
     0.2008   0.4246   0.2008
     0.1947   0.3769   0.3769
     0.4422   0.0000   0.2080
     0.4422   0.2080   0.0000
     0.4246   0.2008   0.2008
     0.3769   0.1947   0.3769
     0.3769   0.3769   0.1947
     0.7220   0.0000   0.0000
     0.6788   0.0000   0.2755
     0.5268   0.0000   0.5268
     0.6788   0.2755   0.0000
     0.6437   0.2630   0.2630
     0.5059   0.2477   0.5059
     0.5268   0.5268   0.0000
     0.5059   0.5059   0.2477
     0.4501   0.4501   0.4501
     0.9239   0.0000   0.3827
     0.9239   0.3827   0.0000
     0.8548   0.3670   0.3670
     0.6739   0.3029   0.6739
     0.6739   0.6739   0.3029
     0.0000   0.7220   0.0000
     0.0000   0.6788   0.2755
     0.0000   0.5268   0.5268
     0.0000   0.9239   0.3827
     0.2755   0.6788   0.0000
     0.2630   0.6437   0.2630
     0.2477   0.5059   0.5059
     0.3827   0.9239   0.0000
     0.3670   0.8548   0.3670
     0.3029   0.6739   0.6739
     0.0000   0.0000   0.7220
     0.0000   0.2755   0.6788
     0.0000   0.3827   0.9239
     0.2755   0.0000   0.6788
     0.3827   0.0000   0.9239
     0.2630   0.2630   0.6437
     0.3670   0.3670   0.8548
    -0.4639   0.0000   0.0000
    -0.3887   0.3887   0.0000
    -0.3887   0.0000   0.3887
    -0.3503   0.3503   0.3503
    -1.0000   0.0000   0.0000
    -0.7071   0.7071   0.0000
    -0.7071   0.0000   0.7071
    -0.5774   0.5774   0.5774
    -0.2185   0.0000   0.0000
    -0.2063   0.0000   0.2063
    -0.2080   0.0000   0.4422
    -0.2063   0.2063   0.0000
    -0.1974   0.1974   0.1974
    -0.2008   0.2008   0.4246
    -0.2080   0.4422   0.0000
    -0.2008   0.4246   0.2008
    -0.1947   0.3769   0.3769
    -0.4422   0.0000   0.2080
    -0.4422   0.2080   0.0000
    -0.4246   0.2008   0.2008
    -0.3769   0.1947   0.3769
    -0.3769   0.3769   0.1947
    -0.7220   0.0000   0.0000
    -0.6788   0.0000   0.2755
    -0.5268   0.0000   0.5268
    -0.6788   0.2755   0.0000
    -0.6437   0.2630   0.2630
    -0.5059   0.2477   0.5059
    -0.5268   0.5268   0.0000
    -0.5059   0.5059   0.2477
    -0.4501   0.4501   0.4501
    -0.9239   0.0000   0.3827
    -0.9239   0.3827   0.0000
    -0.8548   0.3670   0.3670
    -0.6739   0.3029   0.6739
    -0.6739   0.6739   0.3029
    -0.2755   0.6788   0.0000
    -0.2630   0.6437   0.2630
    -0.2477   0.5059   0.5059
    -0.3827   0.9239   0.0000
    -0.3670   0.8548   0.3670
    -0.3029   0.6739   0.6739
    -0.2755   0.0000   0.6788
    -0.3827   0.0000   0.9239
    -0.2630   0.2630   0.6437
    -0.3670   0.3670   0.8548
     0.3887  -0.3887   0.0000
     0.0000  -0.4639   0.0000
     0.3503  -0.3503   0.3503
     0.0000  -0.3887   0.3887
     0.7071  -0.7071   0.0000
     0.0000  -1.0000   0.0000
     0.5774  -0.5774   0.5774
     0.0000  -0.7071   0.7071
     0.0000  -0.2185   0.0000
     0.0000  -0.2063   0.2063
     0.0000  -0.2080   0.4422
     0.0000  -0.4422   0.2080
     0.2063  -0.2063   0.0000
     0.1974  -0.1974   0.1974
     0.2008  -0.2008   0.4246
     0.2080  -0.4422   0.0000
     0.2008  -0.4246   0.2008
     0.1947  -0.3769   0.3769
     0.4422  -0.2080   0.0000
     0.4246  -0.2008   0.2008
     0.3769  -0.1947   0.3769
     0.3769  -0.3769   0.1947
     0.6788  -0.2755   0.0000
     0.6437  -0.2630   0.2630
     0.5059  -0.2477   0.5059
     0.5268  -0.5268   0.0000
     0.5059  -0.5059   0.2477
     0.4501  -0.4501   0.4501
     0.9239  -0.3827   0.0000
     0.8548  -0.3670   0.3670
     0.6739  -0.3029   0.6739
     0.6739  -0.6739   0.3029
     0.0000  -0.7220   0.0000
     0.0000  -0.6788   0.2755
     0.0000  -0.5268   0.5268
     0.0000  -0.9239   0.3827
     0.2755  -0.6788   0.0000
     0.2630  -0.6437   0.2630
     0.2477  -0.5059   0.5059
     0.3827  -0.9239   0.0000
     0.3670  -0.8548   0.3670
     0.3029  -0.6739   0.6739
     0.0000  -0.2755   0.6788
     0.0000  -0.3827   0.9239
     0.2630  -0.2630   0.6437
     0.3670  -0.3670   0.8548
    -0.3887  -0.3887   0.0000
    -0.3503  -0.3503   0.3503
    -0.7071  -0.7071   0.0000
    -0.5774  -0.5774   0.5774
    -0.2063  -0.2063   0.0000
    -0.1974  -0.1974   0.1974
    -0.2008  -0.2008   0.4246
    -0.2080  -0.4422   0.0000
    -0.2008  -0.4246   0.2008
    -0.1947  -0.3769   0.3769
    -0.4422  -0.2080   0.0000
    -0.4246  -0.2008   0.2008
    -0.3769  -0.1947   0.3769
    -0.3769  -0.3769   0.1947
    -0.6788  -0.2755   0.0000
    -0.6437  -0.2630   0.2630
    -0.5059  -0.2477   0.5059
    -0.5268  -0.5268   0.0000
    -0.5059  -0.5059   0.2477
    -0.4501  -0.4501   0.4501
    -0.9239  -0.3827   0.0000
    -0.8548  -0.3670   0.3670
    -0.6739  -0.3029   0.6739
    -0.6739  -0.6739   0.3029
    -0.2755  -0.6788   0.0000
    -0.2630  -0.6437   0.2630
    -0.2477  -0.5059   0.5059
    -0.3827  -0.9239   0.0000
    -0.3670  -0.8548   0.3670
    -0.3029  -0.6739   0.6739
    -0.2630  -0.2630   0.6437
    -0.3670  -0.3670   0.8548
     0.0000   0.0000  -0.4639
     0.3887   0.0000  -0.3887
     0.3503   0.3503  -0.3503
     0.0000   0.3887  -0.3887
     0.0000   0.0000  -1.0000
     0.7071   0.0000  -0.7071
     0.5774   0.5774  -0.5774
     0.0000   0.7071  -0.7071
     0.0000   0.0000  -0.2185
     0.0000   0.2063  -0.2063
     0.0000   0.2080  -0.4422
     0.0000   0.4422  -0.2080
     0.2063   0.0000  -0.2063
     0.2080   0.0000  -0.4422
     0.1974   0.1974  -0.1974
     0.2008   0.2008  -0.4246
     0.2008   0.4246  -0.2008
     0.1947   0.3769  -0.3769
     0.4422   0.0000  -0.2080
     0.4246   0.2008  -0.2008
     0.3769   0.1947  -0.3769
     0.3769   0.3769  -0.1947
     0.6788   0.0000  -0.2755
     0.5268   0.0000  -0.5268
     0.6437   0.2630  -0.2630
     0.5059   0.2477  -0.5059
     0.5059   0.5059  -0.2477
     0.4501   0.4501  -0.4501
     0.9239   0.0000  -0.3827
     0.8548   0.3670  -0.3670
     0.6739   0.3029  -0.6739
     0.6739   0.6739  -0.3029
     0.0000   0.6788  -0.2755
     0.0000   0.5268  -0.5268
     0.0000   0.9239  -0.3827
     0.2630   0.6437  -0.2630
     0.2477   0.5059  -0.5059 
     0.3670   0.8548  -0.3670
     0.3029   0.6739  -0.6739
     0.0000   0.0000  -0.7220
     0.0000   0.2755  -0.6788
     0.0000   0.3827  -0.9239
     0.2755   0.0000  -0.6788
     0.3827   0.0000  -0.9239
     0.2630   0.2630  -0.6437
     0.3670   0.3670  -0.8548
    -0.3887   0.0000  -0.3887
    -0.3503   0.3503  -0.3503
    -0.7071   0.0000  -0.7071
    -0.5774   0.5774  -0.5774
    -0.2063   0.0000  -0.2063
    -0.2080   0.0000  -0.4422
    -0.1974   0.1974  -0.1974
    -0.2008   0.2008  -0.4246
    -0.2008   0.4246  -0.2008
    -0.1947   0.3769  -0.3769
    -0.4422   0.0000  -0.2080
    -0.4246   0.2008  -0.2008
    -0.3769   0.1947  -0.3769
    -0.3769   0.3769  -0.1947
    -0.6788   0.0000  -0.2755
    -0.5268   0.0000  -0.5268
    -0.6437   0.2630  -0.2630
    -0.5059   0.2477  -0.5059
    -0.5059   0.5059  -0.2477
    -0.4501   0.4501  -0.4501
    -0.9239   0.0000  -0.3827
    -0.8548   0.3670  -0.3670
    -0.6739   0.3029  -0.6739
    -0.6739   0.6739  -0.3029
    -0.2630   0.6437  -0.2630
    -0.2477   0.5059  -0.5059
    -0.3670   0.8548  -0.3670
    -0.3029   0.6739  -0.6739
    -0.2755   0.0000  -0.6788
    -0.3827   0.0000  -0.9239
    -0.2630   0.2630  -0.6437
    -0.3670   0.3670  -0.8548
     0.3503  -0.3503  -0.3503
     0.0000  -0.3887  -0.3887
     0.5774  -0.5774  -0.5774
     0.0000  -0.7071  -0.7071
     0.0000  -0.2063  -0.2063
     0.0000  -0.2080  -0.4422
     0.0000  -0.4422  -0.2080
     0.1974  -0.1974  -0.1974
     0.2008  -0.2008  -0.4246
     0.2008  -0.4246  -0.2008
     0.1947  -0.3769  -0.3769
     0.4246  -0.2008  -0.2008
     0.3769  -0.1947  -0.3769
     0.3769  -0.3769  -0.1947
     0.6437  -0.2630  -0.2630
     0.5059  -0.2477  -0.5059
     0.5059  -0.5059  -0.2477
     0.4501  -0.4501  -0.4501
     0.8548  -0.3670  -0.3670
     0.6739  -0.3029  -0.6739
     0.6739  -0.6739  -0.3029
     0.0000  -0.6788  -0.2755
     0.0000  -0.5268  -0.5268
     0.0000  -0.9239  -0.3827
     0.2630  -0.6437  -0.2630
     0.2477  -0.5059  -0.5059
     0.3670  -0.8548  -0.3670
     0.3029  -0.6739  -0.6739
     0.0000  -0.2755  -0.6788
     0.0000  -0.3827  -0.9239
     0.2630  -0.2630  -0.6437
     0.3670  -0.3670  -0.8548
    -0.3503  -0.3503  -0.3503
    -0.5774  -0.5774  -0.5774
    -0.1974  -0.1974  -0.1974
    -0.2008  -0.2008  -0.4246
    -0.2008  -0.4246  -0.2008
    -0.1947  -0.3769  -0.3769
    -0.4246  -0.2008  -0.2008
    -0.3769  -0.1947  -0.3769
    -0.3769  -0.3769  -0.1947
    -0.6437  -0.2630  -0.2630
    -0.5059  -0.2477  -0.5059
    -0.5059  -0.5059  -0.2477
    -0.4501  -0.4501  -0.4501
    -0.8548  -0.3670  -0.3670
    -0.6739  -0.3029  -0.6739
    -0.6739  -0.6739  -0.3029
    -0.2630  -0.6437  -0.2630
    -0.2477  -0.5059  -0.5059
    -0.3670  -0.8548  -0.3670
    -0.3029  -0.6739  -0.6739
    -0.2630  -0.2630  -0.6437
    -0.3670  -0.3670  -0.8548
