1	 253	 163	 162	 0
2	 253	 246	 252	 0
3	 349	 160	 34	 0
4	 255	 254	 244	 0
5	 255	 161	 254	 0
6	 252	 36	 163	 0
7	 256	 36	 252	 0
8	 257	 37	 165	 0
9	 258	 164	 256	 0
10	 356	 257	 258	 0
11	 259	 83	 75	 0
12	 261	 259	 242	 0
13	 260	 240	 241	 0
14	 261	 159	 259	 0
15	 338	 232	 233	 0
16	 338	 151	 150	 0
17	 357	 31	 153	 0
18	 236	 84	 72	 0
19	 264	 84	 236	 0
20	 265	 237	 73	 0
21	 266	 265	 73	 0
22	 358	 267	 74	 0
23	 358	 240	 260	 0
24	 339	 152	 30	 0
25	 269	 231	 70	 0
26	 270	 269	 149	 0
27	 271	 229	 69	 0
28	 272	 271	 147	 0
29	 277	 67	 226	 0
30	 273	 66	 224	 0
31	 274	 273	 142	 0
32	 275	 274	 25	 0
33	 275	 65	 222	 0
34	 275	 223	 274	 0
35	 276	 225	 86	 0
36	 276	 143	 273	 0
37	 272	 68	 228	 0
38	 346	 272	 146	 0
39	 85	 27	 145	 0
40	 277	 145	 144	 0
41	 345	 221	 65	 0
42	 279	 91	 139	 0
43	 280	 63	 218	 0
44	 281	 280	 218	 0
45	 281	 138	 23	 0
46	 282	 216	 217	 0
47	 283	 216	 282	 0
48	 354	 135	 285	 0
49	 284	 61	 214	 0
50	 133	 81	 21	 0
51	 285	 214	 215	 0
52	 354	 215	 62	 0
53	 286	 60	 212	 0
54	 337	 212	 213	 0
55	 287	 286	 20	 0
56	 344	 209	 59	 0
57	 289	 287	 131	 0
58	 290	 288	 129	 0
59	 291	 207	 58	 0
60	 292	 207	 291	 0
61	 293	 204	 205	 0
62	 301	 123	 15	 0
63	 295	 200	 201	 0
64	 296	 14	 120	 0
65	 297	 197	 53	 0
66	 298	 198	 296	 0
67	 333	 117	 12	 0
68	 300	 118	 299	 0
69	 301	 295	 201	 0
70	 302	 87	 54	 0
71	 302	 295	 122	 0
72	 304	 3	 98	 0
73	 304	 174	 303	 0
74	 304	 303	 3	 0
75	 329	 2	 328	 0
76	 306	 171	 40	 0
77	 308	 39	 170	 0
78	 308	 307	 39	 0
79	 309	 93	 38	 0
80	 310	 309	 38	 0
81	 311	 310	 167	 0
82	 312	 99	 303	 0
83	 313	 312	 42	 0
84	 314	 92	 102	 0
85	 359	 179	 44	 0
86	 316	 104	 103	 0
87	 320	 182	 183	 0
88	 318	 45	 317	 0
89	 319	 318	 6	 0
90	 319	 181	 318	 0
91	 320	 7	 106	 0
92	 326	 46	 184	 0
93	 321	 184	 185	 0
94	 322	 109	 8	 0
95	 323	 109	 322	 0
96	 324	 110	 323	 0
97	 323	 322	 186	 0
98	 325	 108	 321	 0
99	 326	 184	 321	 0
100	 315	 102	 92	 0
101	 308	 1	 307	 0
102	 327	 171	 306	 0
103	 328	 306	 40	 0
104	 329	 173	 305	 0
105	 43	 178	 92	 0
106	 320	 183	 90	 0
107	 330	 9	 324	 0
108	 343	 112	 111	 0
109	 332	 10	 331	 0
110	 334	 88	 11	 0
111	 116	 89	 12	 0
112	 194	 89	 51	 0
113	 333	 195	 299	 0
114	 352	 334	 114	 0
115	 334	 11	 114	 0
116	 334	 192	 88	 0
117	 335	 193	 51	 0
118	 298	 120	 119	 0
119	 353	 294	 202	 0
120	 336	 204	 293	 0
121	 360	 57	 206	 0
122	 292	 291	 128	 0
123	 337	 286	 212	 0
124	 285	 284	 214	 0
125	 64	 220	 91	 0
126	 277	 86	 67	 0
127	 271	 228	 229	 0
128	 338	 263	 151	 0
129	 339	 30	 263	 0
130	 268	 234	 235	 0
131	 357	 268	 235	 0
132	 358	 157	 267	 0
133	 340	 126	 293	 0
134	 340	 17	 126	 0
135	 335	 88	 193	 0
136	 319	 180	 181	 0
137	 91	 24	 139	 0
138	 313	 100	 312	 0
139	 309	 80	 168	 0
140	 341	 309	 168	 0
141	 327	 95	 308	 0
142	 329	 97	 2	 0
143	 342	 313	 176	 0
144	 314	 102	 101	 0
145	 315	 103	 5	 0
146	 107	 7	 90	 0
147	 326	 321	 108	 0
148	 325	 322	 8	 0
149	 330	 324	 48	 0
150	 343	 331	 112	 0
151	 332	 331	 49	 0
152	 115	 11	 88	 0
153	 335	 116	 115	 0
154	 333	 89	 194	 0
155	 299	 195	 52	 0
156	 297	 196	 197	 0
157	 298	 119	 297	 0
158	 121	 14	 87	 0
159	 302	 200	 295	 0
160	 295	 15	 122	 0
161	 294	 55	 202	 0
162	 336	 293	 125	 0
163	 127	 17	 82	 0
164	 360	 292	 82	 0
165	 290	 208	 288	 0
166	 344	 289	 130	 0
167	 344	 210	 289	 0
168	 337	 132	 286	 0
169	 284	 21	 81	 0
170	 283	 282	 22	 0
171	 281	 279	 138	 0
172	 278	 24	 91	 0
173	 345	 141	 140	 0
174	 144	 26	 86	 0
175	 277	 144	 86	 0
176	 346	 27	 85	 0
177	 347	 28	 271	 0
178	 347	 230	 270	 0
179	 269	 262	 29	 0
180	 339	 268	 152	 0
181	 264	 31	 84	 0
182	 265	 154	 264	 0
183	 348	 32	 266	 0
184	 348	 239	 267	 0
185	 260	 158	 33	 0
186	 259	 158	 83	 0
187	 349	 261	 243	 0
188	 349	 34	 261	 0
189	 350	 255	 245	 0
190	 253	 252	 163	 0
191	 256	 252	 247	 0
192	 258	 257	 165	 0
193	 351	 311	 166	 0
194	 341	 93	 309	 0
195	 307	 169	 39	 0
196	 328	 96	 306	 0
197	 305	 41	 304	 0
198	 303	 99	 3	 0
199	 312	 303	 175	 0
200	 342	 314	 101	 0
201	 314	 177	 43	 0
202	 315	 178	 179	 0
203	 359	 316	 103	 0
204	 318	 317	 105	 0
205	 317	 45	 182	 0
206	 320	 317	 182	 0
207	 183	 46	 90	 0
208	 325	 47	 322	 0
209	 324	 323	 187	 0
210	 343	 111	 330	 0
211	 331	 189	 49	 0
212	 352	 113	 332	 0
213	 352	 50	 334	 0
214	 192	 193	 88	 0
215	 335	 51	 89	 0
216	 333	 299	 117	 0
217	 300	 299	 52	 0
218	 298	 297	 53	 0
219	 296	 199	 87	 0
220	 199	 54	 87	 0
221	 301	 294	 123	 0
222	 353	 124	 294	 0
223	 361	 336	 353	 0
224	 340	 293	 205	 0
225	 340	 57	 82	 0
226	 291	 290	 18	 0
227	 288	 19	 129	 0
228	 344	 288	 209	 0
229	 289	 211	 287	 0
230	 287	 60	 286	 0
231	 337	 81	 133	 0
232	 362	 61	 284	 0
233	 354	 285	 215	 0
234	 355	 137	 136	 0
235	 355	 63	 280	 0
236	 281	 23	 280	 0
237	 279	 219	 64	 0
238	 278	 220	 221	 0
239	 345	 278	 221	 0
240	 274	 66	 273	 0
241	 276	 273	 224	 0
242	 276	 86	 26	 0
243	 225	 67	 86	 0
244	 226	 227	 85	 0
245	 346	 227	 68	 0
246	 347	 271	 69	 0
247	 270	 231	 269	 0
248	 269	 70	 262	 0
249	 338	 150	 262	 0
250	 263	 233	 71	 0
251	 357	 72	 84	 0
252	 264	 236	 237	 0
253	 266	 155	 265	 0
254	 267	 157	 156	 0
255	 260	 241	 83	 0
256	 241	 75	 83	 0
257	 349	 76	 254	 0
258	 350	 245	 77	 0
259	 350	 77	 253	 0
260	 258	 256	 78	 0
261	 351	 37	 257	 0
262	 311	 251	 310	 0
263	 310	 80	 309	 0
264	 252	 246	 247	 0
265	 256	 247	 78	 0
266	 350	 162	 35	 0
267	 253	 77	 246	 0
268	 254	 76	 244	 0
269	 254	 161	 160	 0
270	 255	 244	 245	 0
271	 255	 35	 161	 0
272	 258	 78	 248	 0
273	 256	 164	 36	 0
274	 257	 249	 79	 0
275	 351	 250	 311	 0
276	 356	 258	 248	 0
277	 258	 165	 164	 0
278	 259	 159	 158	 0
279	 259	 75	 242	 0
280	 260	 83	 158	 0
281	 260	 33	 157	 0
282	 261	 242	 243	 0
283	 261	 34	 159	 0
284	 262	 150	 29	 0
285	 262	 70	 232	 0
286	 339	 71	 234	 0
287	 263	 30	 151	 0
288	 265	 264	 237	 0
289	 264	 154	 31	 0
290	 266	 73	 238	 0
291	 265	 155	 154	 0
292	 348	 238	 239	 0
293	 266	 32	 155	 0
294	 348	 267	 156	 0
295	 267	 239	 74	 0
296	 357	 235	 72	 0
297	 268	 153	 152	 0
298	 269	 29	 149	 0
299	 270	 149	 148	 0
300	 347	 148	 28	 0
301	 270	 230	 231	 0
302	 271	 28	 147	 0
303	 272	 147	 146	 0
304	 346	 146	 27	 0
305	 272	 228	 271	 0
306	 273	 143	 142	 0
307	 274	 142	 25	 0
308	 275	 25	 141	 0
309	 274	 223	 66	 0
310	 345	 140	 278	 0
311	 275	 222	 223	 0
312	 276	 26	 143	 0
313	 276	 224	 225	 0
314	 277	 226	 85	 0
315	 277	 85	 145	 0
316	 278	 140	 24	 0
317	 278	 91	 220	 0
318	 279	 64	 91	 0
319	 279	 139	 138	 0
320	 280	 23	 137	 0
321	 355	 136	 282	 0
322	 281	 218	 219	 0
323	 281	 219	 279	 0
324	 355	 282	 217	 0
325	 282	 136	 22	 0
326	 354	 22	 135	 0
327	 283	 62	 216	 0
328	 284	 134	 21	 0
329	 362	 284	 81	 0
330	 285	 135	 134	 0
331	 285	 134	 284	 0
332	 286	 132	 20	 0
333	 287	 20	 131	 0
334	 289	 131	 130	 0
335	 287	 211	 60	 0
336	 290	 129	 18	 0
337	 288	 208	 209	 0
338	 344	 130	 19	 0
339	 289	 210	 211	 0
340	 291	 18	 128	 0
341	 290	 58	 208	 0
342	 291	 58	 290	 0
343	 292	 128	 127	 0
344	 292	 127	 82	 0
345	 292	 206	 207	 0
346	 293	 126	 125	 0
347	 336	 125	 16	 0
348	 353	 202	 203	 0
349	 294	 124	 123	 0
350	 301	 201	 55	 0
351	 302	 122	 121	 0
352	 296	 198	 199	 0
353	 296	 87	 14	 0
354	 297	 119	 13	 0
355	 300	 13	 118	 0
356	 298	 53	 198	 0
357	 298	 296	 120	 0
358	 300	 52	 196	 0
359	 299	 118	 117	 0
360	 300	 196	 297	 0
361	 300	 297	 13	 0
362	 301	 55	 294	 0
363	 301	 15	 295	 0
364	 302	 121	 87	 0
365	 302	 54	 200	 0
366	 303	 174	 175	 0
367	 312	 175	 42	 0
368	 305	 304	 98	 0
369	 304	 41	 174	 0
370	 305	 173	 41	 0
371	 305	 98	 97	 0
372	 328	 40	 172	 0
373	 306	 96	 95	 0
374	 307	 1	 94	 0
375	 341	 94	 93	 0
376	 327	 308	 170	 0
377	 308	 95	 1	 0
378	 310	 38	 167	 0
379	 341	 168	 169	 0
380	 311	 167	 166	 0
381	 310	 251	 80	 0
382	 351	 166	 37	 0
383	 311	 250	 251	 0
384	 313	 42	 176	 0
385	 312	 100	 99	 0
386	 342	 176	 177	 0
387	 313	 4	 100	 0
388	 314	 43	 92	 0
389	 342	 101	 4	 0
390	 315	 5	 102	 0
391	 315	 92	 178	 0
392	 359	 103	 315	 0
393	 316	 44	 180	 0
394	 317	 106	 105	 0
395	 318	 105	 6	 0
396	 319	 6	 104	 0
397	 318	 181	 45	 0
398	 319	 104	 316	 0
399	 319	 316	 180	 0
400	 320	 90	 7	 0
401	 320	 106	 317	 0
402	 325	 185	 47	 0
403	 326	 108	 107	 0
404	 322	 47	 186	 0
405	 323	 186	 187	 0
406	 324	 187	 48	 0
407	 323	 110	 109	 0
408	 330	 48	 188	 0
409	 324	 9	 110	 0
410	 325	 8	 108	 0
411	 325	 321	 185	 0
412	 326	 107	 90	 0
413	 326	 90	 46	 0
414	 327	 170	 171	 0
415	 327	 306	 95	 0
416	 329	 328	 172	 0
417	 328	 2	 96	 0
418	 329	 172	 173	 0
419	 329	 305	 97	 0
420	 343	 188	 189	 0
421	 330	 111	 9	 0
422	 332	 49	 190	 0
423	 331	 10	 112	 0
424	 332	 190	 191	 0
425	 332	 113	 10	 0
426	 333	 12	 89	 0
427	 333	 194	 195	 0
428	 352	 114	 113	 0
429	 334	 50	 192	 0
430	 335	 89	 116	 0
431	 335	 115	 88	 0
432	 353	 336	 16	 0
433	 336	 56	 204	 0
434	 362	 337	 213	 0
435	 337	 133	 132	 0
436	 338	 262	 232	 0
437	 338	 233	 263	 0
438	 339	 263	 71	 0
439	 339	 234	 268	 0
440	 340	 205	 57	 0
441	 340	 82	 17	 0
442	 341	 169	 307	 0
443	 341	 307	 94	 0
444	 342	 177	 314	 0
445	 342	 4	 313	 0
446	 343	 330	 188	 0
447	 343	 189	 331	 0
448	 344	 19	 288	 0
449	 344	 59	 210	 0
450	 345	 65	 275	 0
451	 345	 275	 141	 0
452	 346	 85	 227	 0
453	 346	 68	 272	 0
454	 347	 69	 230	 0
455	 347	 270	 148	 0
456	 348	 156	 32	 0
457	 348	 266	 238	 0
458	 349	 243	 76	 0
459	 349	 254	 160	 0
460	 350	 253	 162	 0
461	 350	 35	 255	 0
462	 351	 257	 79	 0
463	 351	 79	 250	 0
464	 352	 332	 191	 0
465	 352	 191	 50	 0
466	 361	 353	 203	 0
467	 353	 16	 124	 0
468	 354	 62	 283	 0
469	 354	 283	 22	 0
470	 355	 217	 63	 0
471	 355	 280	 137	 0
472	 356	 248	 249	 0
473	 356	 249	 257	 0
474	 357	 84	 31	 0
475	 357	 153	 268	 0
476	 358	 74	 240	 0
477	 358	 260	 157	 0
478	 359	 315	 179	 0
479	 359	 44	 316	 0
480	 360	 82	 57	 0
481	 360	 206	 292	 0
482	 361	 203	 56	 0
483	 361	 56	 336	 0
484	 362	 213	 61	 0
485	 362	 81	 337	 0
