1	 0.887507	 0.149434	
2	 0.850377	 0.294719	
3	 0.789638	 0.431823	
4	 0.706979	 0.556939	
5	 0.604693	 0.666593	
6	 0.485620	 0.757742	
7	 0.353065	 0.827856	
8	 0.210709	 0.874987	
9	 0.062503	 0.897827	
10	 -0.087437	 0.895743	
11	 -0.234951	 0.868791	
12	 -0.375941	 0.817721	
13	 -0.506496	 0.743950	
14	 -0.622989	 0.649526	
15	 -0.722187	 0.537071	
16	 -0.801337	 0.409706	
17	 -0.858241	 0.270967	
18	 -0.891319	 0.124705	
19	 -0.899652	 0.025018	
20	 -0.891319	 -0.124705	
21	 -0.858241	 -0.270967	
22	 -0.801337	 -0.409706	
23	 -0.722187	 -0.537071	
24	 -0.622989	 -0.649526	
25	 -0.506496	 -0.743950	
26	 -0.375941	 -0.817721	
27	 -0.234951	 -0.868791	
28	 -0.087437	 -0.895743	
29	 0.062503	 -0.897827	
30	 0.210709	 -0.874987	
31	 0.353065	 -0.827856	
32	 0.485620	 -0.757742	
33	 0.604693	 -0.666593	
34	 0.706979	 -0.556939	
35	 0.789638	 -0.431823	
36	 0.850377	 -0.294719	
37	 0.887507	 -0.149434	
38	 0.900000	 0.000000	
39	 0.988831	 0.149042	
40	 0.955573	 0.294755	
41	 0.900969	 0.433884	
42	 0.826239	 0.563320	
43	 0.733052	 0.680173	
44	 0.623490	 0.781832	
45	 0.500000	 0.866025	
46	 0.365341	 0.930874	
47	 0.222521	 0.974928	
48	 0.074730	 0.997204	
49	 -0.074730	 0.997204	
50	 -0.222521	 0.974928	
51	 -0.365341	 0.930874	
52	 -0.500000	 0.866025	
53	 -0.623490	 0.781832	
54	 -0.733052	 0.680173	
55	 -0.826239	 0.563320	
56	 -0.900969	 0.433884	
57	 -0.955573	 0.294755	
58	 -0.988831	 0.149042	
59	 -1.000000	 0.000000	
60	 -0.988831	 -0.149042	
61	 -0.955573	 -0.294755	
62	 -0.900969	 -0.433884	
63	 -0.826239	 -0.563320	
64	 -0.733052	 -0.680173	
65	 -0.623490	 -0.781832	
66	 -0.500000	 -0.866025	
67	 -0.365341	 -0.930874	
68	 -0.222521	 -0.974928	
69	 -0.074730	 -0.997204	
70	 0.074730	 -0.997204	
71	 0.222521	 -0.974928	
72	 0.365341	 -0.930874	
73	 0.500000	 -0.866025	
74	 0.623490	 -0.781832	
75	 0.733052	 -0.680173	
76	 0.826239	 -0.563320	
77	 0.900969	 -0.433884	
78	 0.955573	 -0.294755	
79	 0.988831	 -0.149042	
80	 1.000000	 0.000000	
81	 -0.897041	 -0.253602	
82	 -0.908007	 0.260937	
83	 0.682749	 -0.672565	
84	 0.374491	 -0.883783	
85	 -0.276261	 -0.907814	
86	 -0.370173	 -0.873820	
87	 -0.677831	 0.664595	
88	 -0.276062	 0.907665	
89	 -0.370171	 0.873791	
90	 0.359138	 0.878552	
91	 -0.677347	 -0.664713	
92	 0.683536	 0.672314	
93	 0.898609	 0.050017	
94	 0.894441	 0.099880	
95	 0.877831	 0.198526	
96	 0.865441	 0.247004	
97	 0.832683	 0.341523	
98	 0.812416	 0.387272	
99	 0.764420	 0.475040	
100	 0.736838	 0.516788	
101	 0.674934	 0.595368	
102	 0.640804	 0.631958	
103	 0.566712	 0.699169	
104	 0.526980	 0.729583	
105	 0.442758	 0.783560	
106	 0.398527	 0.806955	
107	 0.306512	 0.846198	
108	 0.259011	 0.861924	
109	 0.161756	 0.885345	
110	 0.112303	 0.892966	
111	 0.012510	 0.899913	
112	 -0.037521	 0.899218	
113	 -0.137083	 0.889499	
114	 -0.186305	 0.880506	
115	 -0.282870	 0.854391	
116	 -0.329916	 0.837350	
117	 -0.420805	 0.795565	
118	 -0.464368	 0.770949	
119	 -0.547058	 0.714652	
120	 -0.585929	 0.683145	
121	 -0.658123	 0.613900	
122	 -0.691224	 0.576376	
123	 -0.750919	 0.496106	
124	 -0.777329	 0.453607	
125	 -0.822868	 0.364538	
126	 -0.841855	 0.318244	
127	 -0.871973	 0.222851	
128	 -0.883011	 0.174047	
129	 -0.896871	 0.074978	
130	 -0.899652	 -0.025018	
131	 -0.896871	 -0.074978	
132	 -0.883011	 -0.174047	
133	 -0.871973	 -0.222851	
134	 -0.841855	 -0.318244	
135	 -0.822868	 -0.364538	
136	 -0.777329	 -0.453607	
137	 -0.750919	 -0.496106	
138	 -0.691224	 -0.576376	
139	 -0.658123	 -0.613900	
140	 -0.585929	 -0.683145	
141	 -0.547058	 -0.714652	
142	 -0.464368	 -0.770949	
143	 -0.420805	 -0.795565	
144	 -0.329916	 -0.837350	
145	 -0.282870	 -0.854391	
146	 -0.186305	 -0.880506	
147	 -0.137083	 -0.889499	
148	 -0.037521	 -0.899218	
149	 0.012510	 -0.899913	
150	 0.112303	 -0.892966	
151	 0.161756	 -0.885345	
152	 0.259011	 -0.861924	
153	 0.306512	 -0.846198	
154	 0.398527	 -0.806955	
155	 0.442758	 -0.783560	
156	 0.526980	 -0.729583	
157	 0.566712	 -0.699169	
158	 0.640804	 -0.631958	
159	 0.674934	 -0.595368	
160	 0.736838	 -0.516788	
161	 0.764420	 -0.475040	
162	 0.812416	 -0.387272	
163	 0.832683	 -0.341523	
164	 0.865441	 -0.247004	
165	 0.877831	 -0.198526	
166	 0.894441	 -0.099880	
167	 0.898609	 -0.050017	
168	 0.998757	 0.049846	
169	 0.995031	 0.099568	
170	 0.980173	 0.198146	
171	 0.969077	 0.246757	
172	 0.939693	 0.342020	
173	 0.921476	 0.388435	
174	 0.878222	 0.478254	
175	 0.853291	 0.521435	
176	 0.797132	 0.603804	
177	 0.766044	 0.642788	
178	 0.698237	 0.715867	
179	 0.661686	 0.749781	
180	 0.583744	 0.811938	
181	 0.542546	 0.840026	
182	 0.456211	 0.889872	
183	 0.411287	 0.911506	
184	 0.318487	 0.947927	
185	 0.270840	 0.962624	
186	 0.173648	 0.984808	
187	 0.124344	 0.992239	
188	 0.024931	 0.999689	
189	 -0.024931	 0.999689	
190	 -0.124344	 0.992239	
191	 -0.173648	 0.984808	
192	 -0.270840	 0.962624	
193	 -0.318487	 0.947927	
194	 -0.411287	 0.911506	
195	 -0.456211	 0.889872	
196	 -0.542546	 0.840026	
197	 -0.583744	 0.811938	
198	 -0.661686	 0.749781	
199	 -0.698237	 0.715867	
200	 -0.766044	 0.642788	
201	 -0.797132	 0.603804	
202	 -0.853291	 0.521435	
203	 -0.878222	 0.478254	
204	 -0.921476	 0.388435	
205	 -0.939693	 0.342020	
206	 -0.969077	 0.246757	
207	 -0.980173	 0.198146	
208	 -0.995031	 0.099568	
209	 -0.998757	 0.049846	
210	 -0.998757	 -0.049846	
211	 -0.995031	 -0.099568	
212	 -0.980173	 -0.198146	
213	 -0.969077	 -0.246757	
214	 -0.939693	 -0.342020	
215	 -0.921476	 -0.388435	
216	 -0.878222	 -0.478254	
217	 -0.853291	 -0.521435	
218	 -0.797132	 -0.603804	
219	 -0.766044	 -0.642788	
220	 -0.698237	 -0.715867	
221	 -0.661686	 -0.749781	
222	 -0.583744	 -0.811938	
223	 -0.542546	 -0.840026	
224	 -0.456211	 -0.889872	
225	 -0.411287	 -0.911506	
226	 -0.318487	 -0.947927	
227	 -0.270840	 -0.962624	
228	 -0.173648	 -0.984808	
229	 -0.124344	 -0.992239	
230	 -0.024931	 -0.999689	
231	 0.024931	 -0.999689	
232	 0.124344	 -0.992239	
233	 0.173648	 -0.984808	
234	 0.270840	 -0.962624	
235	 0.318487	 -0.947927	
236	 0.411287	 -0.911506	
237	 0.456211	 -0.889872	
238	 0.542546	 -0.840026	
239	 0.583744	 -0.811938	
240	 0.661686	 -0.749781	
241	 0.698237	 -0.715867	
242	 0.766044	 -0.642788	
243	 0.797132	 -0.603804	
244	 0.853291	 -0.521435	
245	 0.878222	 -0.478254	
246	 0.921476	 -0.388435	
247	 0.939693	 -0.342020	
248	 0.969077	 -0.246757	
249	 0.980173	 -0.198146	
250	 0.995031	 -0.099568	
251	 0.998757	 -0.049846	
252	 0.885250	 -0.340942	
253	 0.866196	 -0.387395	
254	 0.794313	 -0.518731	
255	 0.820711	 -0.476266	
256	 0.903092	 -0.293134	
257	 0.935668	 -0.182301	
258	 0.922627	 -0.239810	
259	 0.705300	 -0.637131	
260	 0.638241	 -0.696127	
261	 0.735993	 -0.599335	
262	 0.093196	 -0.944252	
263	 0.192062	 -0.929281	
264	 0.407393	 -0.859500	
265	 0.449492	 -0.836093	
266	 0.492430	 -0.811327	
267	 0.574649	 -0.757332	
268	 0.288336	 -0.904192	
269	 0.043308	 -0.947766	
270	 -0.006715	 -0.949001	
271	 -0.118917	 -0.948457	
272	 -0.177648	 -0.933196	
273	 -0.460222	 -0.829703	
274	 -0.505165	 -0.804334	
275	 -0.558719	 -0.775825	
276	 -0.415773	 -0.853031	
277	 -0.323841	 -0.892029	
278	 -0.641454	 -0.699513	
279	 -0.711609	 -0.628046	
280	 -0.773665	 -0.550015	
281	 -0.743644	 -0.589683	
282	 -0.827967	 -0.468243	
283	 -0.854553	 -0.437495	
284	 -0.900774	 -0.298811	
285	 -0.881823	 -0.351573	
286	 -0.934935	 -0.161843	
287	 -0.942131	 -0.111679	
288	 -0.948147	 0.060252	
289	 -0.947971	 -0.060203	
290	 -0.942784	 0.111730	
291	 -0.935318	 0.162311	
292	 -0.926691	 0.217068	
293	 -0.880580	 0.354361	
294	 -0.802633	 0.507438	
295	 -0.743603	 0.589776	
296	 -0.641734	 0.699460	
297	 -0.558992	 0.775768	
298	 -0.603148	 0.734106	
299	 -0.460467	 0.829963	
300	 -0.505478	 0.804447	
301	 -0.773786	 0.549586	
302	 -0.711646	 0.627935	
303	 0.820984	 0.476158	
304	 0.844870	 0.432684	
305	 0.866359	 0.387629	
306	 0.917858	 0.249447	
307	 0.941243	 0.124006	
308	 0.935265	 0.172057	
309	 0.948601	 0.024751	
310	 0.948872	 -0.024851	
311	 0.946186	 -0.074927	
312	 0.795055	 0.518676	
313	 0.766516	 0.559781	
314	 0.705871	 0.636959	
315	 0.638353	 0.696091	
316	 0.574638	 0.757330	
317	 0.448869	 0.835890	
318	 0.492315	 0.811291	
319	 0.534307	 0.784652	
320	 0.404516	 0.858438	
321	 0.280491	 0.917677	
322	 0.191829	 0.929379	
323	 0.142757	 0.937990	
324	 0.093532	 0.944547	
325	 0.239234	 0.920253	
326	 0.314830	 0.897192	
327	 0.936041	 0.212987	
328	 0.902447	 0.294987	
329	 0.885506	 0.341552	
330	 0.043659	 0.948055	
331	 -0.058092	 0.948130	
332	 -0.118940	 0.948654	
333	 -0.415814	 0.853070	
334	 -0.227987	 0.921244	
335	 -0.323808	 0.892000	
336	 -0.861434	 0.407965	
337	 -0.923748	 -0.216938	
338	 0.142885	 -0.938148	
339	 0.240580	 -0.917989	
340	 -0.897325	 0.306881	
341	 0.946114	 0.074678	
342	 0.736246	 0.599273	
343	 -0.006574	 0.949116	
344	 -0.956134	 0.000007	
345	 -0.603056	 -0.734125	
346	 -0.228088	 -0.921310	
347	 -0.058375	 -0.948219	
348	 0.534328	 -0.784658	
349	 0.766249	 -0.559820	
350	 0.844692	 -0.432482	
351	 0.941277	 -0.125859	
352	 -0.177747	 0.933273	
353	 -0.834675	 0.460443	
354	 -0.863838	 -0.397605	
355	 -0.801568	 -0.508788	
356	 0.951886	 -0.216754	
357	 0.334372	 -0.890138	
358	 0.612956	 -0.736848	
359	 0.612976	 0.736840	
360	 -0.939837	 0.254880	
361	 -0.868825	 0.445136	
362	 -0.929243	 -0.262172	
