7	 8	 123	 121
8	 9	 124	 123
9	 10	 125	 124
10	 11	 126	 125
11	 12	 127	 126
12	 13	 128	 127
13	 14	 129	 128
14	 15	 130	 129
15	 16	 131	 130
16	 17	 132	 131
17	 1	 18	 132
121	 123	 133	 120
123	 124	 134	 133
124	 125	 135	 134
125	 126	 136	 135
126	 127	 137	 136
127	 128	 138	 137
128	 129	 139	 138
129	 130	 140	 139
130	 131	 141	 140
131	 132	 142	 141
132	 18	 19	 142
120	 133	 143	 119
133	 134	 144	 143
134	 135	 145	 144
135	 136	 146	 145
136	 137	 147	 146
137	 138	 148	 147
138	 139	 149	 148
139	 140	 150	 149
140	 141	 151	 150
141	 142	 152	 151
142	 19	 20	 152
119	 143	 153	 118
143	 144	 154	 153
144	 145	 155	 154
145	 146	 156	 155
146	 147	 157	 156
147	 148	 158	 157
148	 149	 159	 158
149	 150	 160	 159
150	 151	 161	 160
151	 152	 162	 161
152	 20	 21	 162
118	 153	 163	 117
153	 154	 164	 163
154	 155	 165	 164
155	 156	 166	 165
156	 157	 167	 166
157	 158	 168	 167
158	 159	 169	 168
159	 160	 170	 169
160	 161	 171	 170
161	 162	 172	 171
162	 21	 22	 172
117	 163	 173	 116
163	 164	 174	 173
164	 165	 175	 174
165	 166	 176	 175
166	 167	 177	 176
167	 168	 178	 177
168	 169	 179	 178
169	 170	 180	 179
170	 171	 181	 180
171	 172	 182	 181
172	 22	 23	 182
116	 173	 183	 115
173	 174	 184	 183
174	 175	 185	 184
175	 176	 186	 185
176	 177	 187	 186
177	 178	 188	 187
178	 179	 189	 188
179	 180	 190	 189
180	 181	 191	 190
181	 182	 192	 191
182	 23	 24	 192
115	 183	 114	 104
183	 184	 113	 114
184	 185	 112	 113
185	 186	 111	 112
186	 187	 110	 111
187	 188	 109	 110
188	 189	 108	 109
189	 190	 107	 108
190	 191	 106	 107
191	 192	 105	 106
192	 24	 25	 105
25	 26	 193	 105
26	 2	 27	 193
105	 193	 194	 106
193	 27	 28	 194
106	 194	 195	 107
194	 28	 29	 195
107	 195	 196	 108
195	 29	 30	 196
108	 196	 197	 109
196	 30	 31	 197
109	 197	 198	 110
197	 31	 32	 198
110	 198	 199	 111
198	 32	 33	 199
111	 199	 200	 112
199	 33	 34	 200
112	 200	 201	 113
200	 34	 35	 201
113	 201	 202	 114
201	 35	 36	 202
114	 202	 122	 104
202	 36	 37	 122
37	 38	 203	 122
38	 39	 204	 203
39	 40	 205	 204
40	 41	 206	 205
41	 42	 207	 206
42	 43	 208	 207
43	 44	 209	 208
44	 3	 6	 209
122	 203	 115	 104
203	 204	 116	 115
204	 205	 117	 116
205	 206	 118	 117
206	 207	 119	 118
207	 208	 120	 119
208	 209	 121	 120
209	 6	 7	 121
51	 52	 224	 217
52	 53	 225	 224
53	 54	 226	 225
54	 55	 227	 226
55	 56	 228	 227
56	 2	 26	 228
217	 224	 229	 216
224	 225	 230	 229
225	 226	 231	 230
226	 227	 232	 231
227	 228	 233	 232
228	 26	 25	 233
216	 229	 215	 210
229	 230	 214	 215
230	 231	 213	 214
231	 232	 212	 213
232	 233	 211	 212
233	 25	 24	 211
24	 23	 234	 211
23	 22	 235	 234
22	 21	 236	 235
21	 20	 237	 236
20	 19	 238	 237
19	 18	 239	 238
18	 1	 57	 239
211	 234	 240	 212
234	 235	 241	 240
235	 236	 242	 241
236	 237	 243	 242
237	 238	 244	 243
238	 239	 245	 244
239	 57	 58	 245
212	 240	 246	 213
240	 241	 247	 246
241	 242	 248	 247
242	 243	 249	 248
243	 244	 250	 249
244	 245	 251	 250
245	 58	 59	 251
213	 246	 252	 214
246	 247	 253	 252
247	 248	 254	 253
248	 249	 255	 254
249	 250	 256	 255
250	 251	 257	 256
251	 59	 60	 257
214	 252	 258	 215
252	 253	 259	 258
253	 254	 260	 259
254	 255	 261	 260
255	 256	 262	 261
256	 257	 263	 262
257	 60	 61	 263
215	 258	 223	 210
258	 259	 222	 223
259	 260	 221	 222
260	 261	 220	 221
261	 262	 219	 220
262	 263	 218	 219
263	 61	 62	 218
62	 63	 264	 218
63	 64	 265	 264
64	 4	 45	 265
218	 264	 266	 219
264	 265	 267	 266
265	 45	 46	 267
219	 266	 268	 220
266	 267	 269	 268
267	 46	 47	 269
220	 268	 270	 221
268	 269	 271	 270
269	 47	 48	 271
221	 270	 272	 222
270	 271	 273	 272
271	 48	 49	 273
222	 272	 274	 223
272	 273	 275	 274
273	 49	 50	 275
223	 274	 216	 210
274	 275	 217	 216
275	 50	 51	 217
72	 73	 295	 287
73	 74	 296	 295
74	 75	 297	 296
75	 76	 298	 297
76	 77	 299	 298
77	 78	 300	 299
78	 79	 301	 300
79	 80	 302	 301
80	 81	 303	 302
81	 82	 304	 303
82	 5	 83	 304
287	 295	 286	 276
295	 296	 285	 286
296	 297	 284	 285
297	 298	 283	 284
298	 299	 282	 283
299	 300	 281	 282
300	 301	 280	 281
301	 302	 279	 280
302	 303	 278	 279
303	 304	 277	 278
304	 83	 84	 277
84	 85	 305	 277
85	 86	 306	 305
86	 87	 307	 306
87	 88	 308	 307
88	 89	 309	 308
89	 90	 310	 309
90	 91	 311	 310
91	 1	 17	 311
277	 305	 312	 278
305	 306	 313	 312
306	 307	 314	 313
307	 308	 315	 314
308	 309	 316	 315
309	 310	 317	 316
310	 311	 318	 317
311	 17	 16	 318
278	 312	 319	 279
312	 313	 320	 319
313	 314	 321	 320
314	 315	 322	 321
315	 316	 323	 322
316	 317	 324	 323
317	 318	 325	 324
318	 16	 15	 325
279	 319	 326	 280
319	 320	 327	 326
320	 321	 328	 327
321	 322	 329	 328
322	 323	 330	 329
323	 324	 331	 330
324	 325	 332	 331
325	 15	 14	 332
280	 326	 333	 281
326	 327	 334	 333
327	 328	 335	 334
328	 329	 336	 335
329	 330	 337	 336
330	 331	 338	 337
331	 332	 339	 338
332	 14	 13	 339
281	 333	 340	 282
333	 334	 341	 340
334	 335	 342	 341
335	 336	 343	 342
336	 337	 344	 343
337	 338	 345	 344
338	 339	 346	 345
339	 13	 12	 346
282	 340	 347	 283
340	 341	 348	 347
341	 342	 349	 348
342	 343	 350	 349
343	 344	 351	 350
344	 345	 352	 351
345	 346	 353	 352
346	 12	 11	 353
283	 347	 354	 284
347	 348	 355	 354
348	 349	 356	 355
349	 350	 357	 356
350	 351	 358	 357
351	 352	 359	 358
352	 353	 360	 359
353	 11	 10	 360
284	 354	 361	 285
354	 355	 362	 361
355	 356	 363	 362
356	 357	 364	 363
357	 358	 365	 364
358	 359	 366	 365
359	 360	 367	 366
360	 10	 9	 367
285	 361	 368	 286
361	 362	 369	 368
362	 363	 370	 369
363	 364	 371	 370
364	 365	 372	 371
365	 366	 373	 372
366	 367	 374	 373
367	 9	 8	 374
286	 368	 294	 276
368	 369	 293	 294
369	 370	 292	 293
370	 371	 291	 292
371	 372	 290	 291
372	 373	 289	 290
373	 374	 288	 289
374	 8	 7	 288
7	 6	 375	 288
6	 3	 65	 375
288	 375	 376	 289
375	 65	 66	 376
289	 376	 377	 290
376	 66	 67	 377
290	 377	 378	 291
377	 67	 68	 378
291	 378	 379	 292
378	 68	 69	 379
292	 379	 380	 293
379	 69	 70	 380
293	 380	 381	 294
380	 70	 71	 381
294	 381	 287	 276
381	 71	 72	 287
62	 61	 396	 393
61	 60	 397	 396
60	 59	 398	 397
59	 58	 399	 398
58	 57	 400	 399
57	 1	 91	 400
393	 396	 401	 392
396	 397	 402	 401
397	 398	 403	 402
398	 399	 404	 403
399	 400	 405	 404
400	 91	 90	 405
392	 401	 406	 391
401	 402	 407	 406
402	 403	 408	 407
403	 404	 409	 408
404	 405	 410	 409
405	 90	 89	 410
391	 406	 411	 390
406	 407	 412	 411
407	 408	 413	 412
408	 409	 414	 413
409	 410	 415	 414
410	 89	 88	 415
390	 411	 416	 389
411	 412	 417	 416
412	 413	 418	 417
413	 414	 419	 418
414	 415	 420	 419
415	 88	 87	 420
389	 416	 421	 388
416	 417	 422	 421
417	 418	 423	 422
418	 419	 424	 423
419	 420	 425	 424
420	 87	 86	 425
388	 421	 387	 382
421	 422	 386	 387
422	 423	 385	 386
423	 424	 384	 385
424	 425	 383	 384
425	 86	 85	 383
85	 84	 426	 383
84	 83	 427	 426
83	 5	 92	 427
383	 426	 428	 384
426	 427	 429	 428
427	 92	 93	 429
384	 428	 430	 385
428	 429	 431	 430
429	 93	 94	 431
385	 430	 432	 386
430	 431	 433	 432
431	 94	 95	 433
386	 432	 434	 387
432	 433	 435	 434
433	 95	 96	 435
387	 434	 395	 382
434	 435	 394	 395
435	 96	 97	 394
97	 98	 436	 394
98	 99	 437	 436
99	 100	 438	 437
100	 101	 439	 438
101	 102	 440	 439
102	 103	 441	 440
103	 4	 64	 441
394	 436	 442	 395
436	 437	 443	 442
437	 438	 444	 443
438	 439	 445	 444
439	 440	 446	 445
440	 441	 447	 446
441	 64	 63	 447
395	 442	 388	 382
442	 443	 389	 388
443	 444	 390	 389
444	 445	 391	 390
445	 446	 392	 391
446	 447	 393	 392
447	 63	 62	 393
