0.000008	 0.051490	
-0.236609	 0.080722	
-0.000700	 -0.249999	
0.000000	 0.250000	
0.236817	 0.080109	
-0.000356	 -0.225622	
0.000000	 -0.203846	
-0.000111	 -0.179298	
-0.000193	 -0.155953	
-0.000241	 -0.132880	
-0.000247	 -0.109804	
-0.000134	 -0.087404	
-0.000148	 -0.063860	
-0.000120	 -0.040741	
0.000000	 -0.019231	
-0.000028	 0.005497	
-0.000008	 0.029144	
-0.023821	 0.052791	
-0.047640	 0.054915	
-0.071432	 0.057328	
-0.095172	 0.059806	
-0.118825	 0.062281	
-0.142355	 0.064767	
-0.165741	 0.067375	
-0.188964	 0.070470	
-0.212307	 0.074694	
-0.243589	 0.056251	
-0.248096	 0.030796	
-0.249954	 0.004804	
-0.249092	 -0.021289	
-0.245524	 -0.047096	
-0.239325	 -0.072273	
-0.230632	 -0.096481	
-0.219679	 -0.119337	
-0.206859	 -0.140391	
-0.192742	 -0.159219	
-0.177873	 -0.175673	
-0.161747	 -0.190625	
-0.143697	 -0.204576	
-0.123534	 -0.217346	
-0.101431	 -0.228499	
-0.077717	 -0.237613	
-0.052758	 -0.244370	
-0.026964	 -0.248542	
-0.024478	 0.248799	
-0.048784	 0.245194	
-0.072563	 0.239237	
-0.095479	 0.231049	
-0.117177	 0.220838	
-0.137330	 0.208903	
-0.155862	 0.195466	
-0.173005	 0.180470	
-0.188871	 0.163792	
-0.203363	 0.145408	
-0.216267	 0.125414	
-0.227376	 0.103925	
0.000031	 0.074199	
0.000079	 0.096569	
0.000120	 0.118625	
0.000115	 0.140449	
0.000105	 0.162107	
0.000183	 0.183624	
0.000195	 0.204968	
0.000113	 0.226786	
0.025495	 -0.248697	
0.051390	 -0.244661	
0.076640	 -0.237963	
0.100870	 -0.228747	
0.123662	 -0.217274	
0.144542	 -0.203979	
0.163131	 -0.189442	
0.179296	 -0.174222	
0.193897	 -0.157810	
0.207465	 -0.139494	
0.219809	 -0.119097	
0.230486	 -0.096831	
0.239085	 -0.073063	
0.245314	 -0.048177	
0.248983	 -0.022532	
0.249975	 0.003525	
0.248236	 0.029650	
0.243784	 0.055401	
0.212582	 0.074553	
0.189158	 0.070651	
0.165830	 0.067491	
0.142334	 0.064620	
0.118822	 0.061953	
0.095206	 0.059408	
0.071483	 0.056941	
0.047688	 0.054530	
0.023854	 0.052638	
0.227594	 0.103445	
0.216278	 0.125395	
0.203058	 0.145834	
0.188199	 0.164563	
0.171992	 0.181436	
0.154712	 0.196378	
0.136121	 0.209693	
0.116169	 0.221370	
0.094882	 0.231295	
0.072414	 0.239283	
0.048975	 0.245156	
0.024769	 0.248770	
-0.164722	 -0.160827	
-0.193742	 0.048437	
-0.197160	 0.025665	
-0.199064	 0.002475	
-0.199279	 -0.020824	
-0.197688	 -0.044021	
-0.194274	 -0.066907	
-0.189157	 -0.089224	
-0.182653	 -0.110586	
-0.175479	 -0.130499	
-0.168776	 -0.148005	
-0.151919	 -0.165296	
-0.134842	 -0.172385	
-0.115174	 -0.180125	
-0.093774	 -0.187341	
-0.071221	 -0.193365	
-0.047916	 -0.197956	
-0.024152	 -0.201162	
-0.169509	 -0.166469	
-0.024099	 -0.178058	
-0.024469	 -0.155041	
-0.024976	 -0.132028	
-0.025443	 -0.108939	
-0.025739	 -0.086016	
-0.025878	 -0.062724	
-0.025797	 -0.039508	
-0.025481	 -0.016672	
-0.025016	 0.006917	
-0.024435	 0.030265	
-0.047954	 -0.175418	
-0.048676	 -0.152767	
-0.049653	 -0.129943	
-0.050572	 -0.106939	
-0.051225	 -0.083865	
-0.051515	 -0.060614	
-0.051386	 -0.037332	
-0.050834	 -0.014137	
-0.049936	 0.009193	
-0.048820	 0.032311	
-0.071445	 -0.171428	
-0.072585	 -0.149231	
-0.074072	 -0.126722	
-0.075469	 -0.103924	
-0.076486	 -0.080924	
-0.076959	 -0.057759	
-0.076810	 -0.034521	
-0.076041	 -0.011293	
-0.074754	 0.011900	
-0.073143	 0.034806	
-0.094272	 -0.166185	
-0.095906	 -0.144614	
-0.097969	 -0.122573	
-0.099908	 -0.100114	
-0.101345	 -0.077345	
-0.102060	 -0.054366	
-0.101952	 -0.031281	
-0.101026	 -0.008178	
-0.099421	 0.014839	
-0.097371	 0.037497	
-0.115996	 -0.160121	
-0.118220	 -0.139437	
-0.120979	 -0.118032	
-0.123580	 -0.096020	
-0.125553	 -0.073567	
-0.126623	 -0.050829	
-0.126668	 -0.027942	
-0.125701	 -0.005013	
-0.123886	 0.017816	
-0.121474	 0.040225	
-0.136070	 -0.154160	
-0.139063	 -0.134644	
-0.142732	 -0.113974	
-0.146203	 -0.092420	
-0.148905	 -0.070253	
-0.150512	 -0.047700	
-0.150884	 -0.024941	
-0.150041	 -0.002106	
-0.148157	 0.020624	
-0.145446	 0.042870	
-0.153822	 -0.149637	
-0.158039	 -0.131438	
-0.163015	 -0.111414	
-0.167694	 -0.090158	
-0.171408	 -0.068088	
-0.173798	 -0.045513	
-0.174716	 -0.022662	
-0.174177	 0.000296	
-0.172323	 0.023112	
-0.169313	 0.045448	
-0.217968	 0.051821	
-0.221829	 0.028051	
-0.223675	 0.003793	
-0.223375	 -0.020601	
-0.220867	 -0.044835	
-0.216174	 -0.068632	
-0.209417	 -0.091688	
-0.200862	 -0.113604	
-0.191032	 -0.133932	
-0.180514	 -0.151906	
-0.154975	 -0.177886	
-0.137572	 -0.188548	
-0.117869	 -0.198563	
-0.096379	 -0.207461	
-0.073542	 -0.214816	
-0.049740	 -0.220340	
-0.025303	 -0.223916	
-0.129137	 0.167417	
-0.160634	 0.087955	
-0.154630	 0.107548	
-0.147791	 0.126095	
-0.140605	 0.143091	
-0.133929	 0.157466	
-0.135651	 0.173815	
-0.144986	 0.183422	
-0.020774	 0.183391	
-0.041221	 0.183085	
-0.062212	 0.180888	
-0.082391	 0.177984	
-0.101269	 0.174327	
-0.117663	 0.170394	
-0.159660	 0.169820	
-0.172893	 0.154031	
-0.184863	 0.136401	
-0.195463	 0.117292	
-0.204507	 0.096866	
-0.146648	 0.162011	
-0.156767	 0.147233	
-0.166232	 0.130247	
-0.174802	 0.111660	
-0.182227	 0.091738	
-0.138161	 0.085321	
-0.115436	 0.083150	
-0.092509	 0.081110	
-0.069449	 0.079020	
-0.046315	 0.076857	
-0.023145	 0.075205	
-0.133342	 0.105114	
-0.111628	 0.103387	
-0.089575	 0.101883	
-0.067297	 0.100288	
-0.044897	 0.098570	
-0.022426	 0.097309	
-0.128040	 0.124008	
-0.107582	 0.122876	
-0.086546	 0.122051	
-0.065131	 0.121092	
-0.043500	 0.119950	
-0.021734	 0.119107	
-0.122893	 0.141542	
-0.103925	 0.141289	
-0.083955	 0.141412	
-0.063347	 0.141333	
-0.042379	 0.140952	
-0.021199	 0.140634	
-0.118966	 0.157051	
-0.101583	 0.158276	
-0.082499	 0.159813	
-0.062399	 0.161003	
-0.041699	 0.161767	
-0.020892	 0.161975	
-0.021438	 0.204426	
-0.022727	 0.225889	
-0.042869	 0.202808	
-0.045420	 0.223250	
-0.063713	 0.200173	
-0.067641	 0.218865	
-0.084693	 0.195158	
-0.089296	 0.212439	
-0.104154	 0.189153	
-0.109723	 0.204329	
-0.121433	 0.182061	
-0.128368	 0.194679	
0.164953	 -0.160636	
0.194029	 0.048473	
0.197563	 0.025519	
0.200142	 0.002737	
0.199863	 -0.021037	
0.198098	 -0.044408	
0.194549	 -0.067389	
0.189258	 -0.089762	
0.182576	 -0.111106	
0.175335	 -0.130861	
0.168779	 -0.148048	
0.170220	 -0.165750	
0.023650	 -0.201205	
0.047238	 -0.197930	
0.070477	 -0.193314	
0.093071	 -0.187268	
0.114599	 -0.180018	
0.134538	 -0.172268	
0.151993	 -0.165129	
0.181242	 -0.151049	
0.191473	 -0.133469	
0.201031	 -0.113620	
0.209415	 -0.092071	
0.216127	 -0.069286	
0.220857	 -0.045651	
0.223467	 -0.021466	
0.223988	 0.003059	
0.222068	 0.027378	
0.218116	 0.051451	
0.169957	 0.045641	
0.145899	 0.042736	
0.121777	 0.039831	
0.097553	 0.037001	
0.073231	 0.034290	
0.048841	 0.031803	
0.024417	 0.029996	
0.173146	 0.023032	
0.148737	 0.020148	
0.124207	 0.017104	
0.099528	 0.014104	
0.074721	 0.011271	
0.049829	 0.008713	
0.024896	 0.006817	
0.175249	 0.000184	
0.150622	 -0.002758	
0.125869	 -0.005920	
0.100915	 -0.009041	
0.075786	 -0.011939	
0.050541	 -0.014528	
0.025247	 -0.016719	
0.175671	 -0.022980	
0.151269	 -0.025833	
0.126561	 -0.029072	
0.101552	 -0.032287	
0.076300	 -0.035227	
0.050889	 -0.037740	
0.025393	 -0.039635	
0.174553	 -0.046059	
0.150594	 -0.048879	
0.126172	 -0.052207	
0.101337	 -0.055521	
0.076185	 -0.058505	
0.050829	 -0.061027	
0.025342	 -0.062705	
0.171855	 -0.068866	
0.148573	 -0.071720	
0.124676	 -0.075178	
0.100251	 -0.078623	
0.075428	 -0.081682	
0.050341	 -0.084162	
0.025102	 -0.085908	
0.167700	 -0.091152	
0.145358	 -0.094116	
0.122225	 -0.097777	
0.098428	 -0.101426	
0.074139	 -0.104633	
0.049519	 -0.107170	
0.024679	 -0.108806	
0.162536	 -0.112499	
0.141419	 -0.115707	
0.119254	 -0.119718	
0.096236	 -0.123718	
0.072602	 -0.127216	
0.048552	 -0.129961	
0.024219	 -0.131712	
0.157294	 -0.132409	
0.137604	 -0.136099	
0.116474	 -0.140725	
0.094238	 -0.145330	
0.071228	 -0.149353	
0.047705	 -0.152506	
0.023839	 -0.154555	
0.153262	 -0.150178	
0.135015	 -0.154920	
0.114759	 -0.160638	
0.093099	 -0.166246	
0.070489	 -0.171106	
0.047265	 -0.174898	
0.023661	 -0.177489	
0.024220	 -0.224131	
0.048651	 -0.220583	
0.072622	 -0.215031	
0.095795	 -0.207552	
0.117738	 -0.198381	
0.137990	 -0.188040	
0.155834	 -0.177090	
0.128836	 0.167570	
0.160718	 0.087812	
0.154754	 0.107295	
0.147996	 0.125794	
0.140785	 0.142843	
0.133908	 0.157401	
0.117409	 0.170656	
0.101246	 0.174421	
0.082670	 0.177893	
0.062794	 0.180544	
0.042219	 0.182228	
0.021292	 0.183100	
0.144162	 0.184116	
0.135087	 0.174177	
0.021172	 0.162057	
0.021536	 0.140734	
0.022099	 0.119165	
0.022688	 0.097326	
0.023267	 0.075276	
0.042191	 0.161864	
0.042960	 0.141117	
0.044086	 0.120039	
0.045286	 0.098644	
0.046481	 0.076861	
0.062964	 0.161099	
0.064213	 0.141163	
0.065948	 0.120787	
0.067792	 0.100008	
0.069629	 0.078700	
0.083152	 0.159699	
0.085003	 0.140844	
0.087468	 0.121370	
0.090071	 0.101342	
0.092638	 0.080624	
0.102192	 0.158009	
0.104902	 0.140532	
0.108365	 0.122082	
0.111964	 0.102823	
0.115430	 0.082670	
0.119313	 0.156775	
0.123458	 0.140893	
0.128398	 0.123398	
0.133353	 0.104699	
0.137959	 0.084950	
0.182803	 0.091288	
0.204794	 0.096417	
0.175231	 0.111145	
0.195417	 0.117204	
0.166478	 0.129940	
0.184499	 0.136719	
0.156744	 0.147198	
0.172192	 0.154645	
0.146266	 0.162219	
0.158653	 0.170604	
0.127391	 0.195509	
0.108852	 0.204992	
0.088820	 0.212775	
0.067651	 0.218849	
0.045657	 0.223178	
0.023084	 0.225772	
0.120836	 0.182558	
0.103826	 0.189383	
0.084862	 0.194967	
0.064620	 0.199262	
0.043573	 0.202256	
0.022036	 0.204024	
