     1    72    28    73    24     0
     2    28    37    73    24     0
     3    70    36    73    28     0
     4    36    37    73    28     0
     5    70    41    73    36     0
     6    41    40    73    36     0
     7    76    39    73    41     0
     8    39    40    73    41     0
     9    70    73    41    76     0
    10    40    73    36    37     0
    11    70    28    73    72     0
    12    42    59    84    43     0
    13    59    81    84    43     0
    14    81    59    84    50     0
    15    59    42    84    50     0
    16    37    73    24    23     0
    17    73    75    24    23     0
    18    75    72    73    24     0
    19    42    43    84     9     0
    20    43    82    84     9     0
    21    82    81    43    84     0
    22    58    53    83    75     0
    23    53    72    83    75     0
    24    72    68    53    83     0
    25    68    62    53    83     0
    26    72    52    53    68     0
    27    68    52    53    62     0
    28    83    62    53    58     0
    29    17    18    84    76     0
    30    18    82    84    76     0
    31    82    18    84     9     0
    32    18    17    84     9     0
    33    68    81    67    50     0
    34    81    84    67    50     0
    35    81    69    67    84     0
    36    68    67    81    71     0
    37    67    69    81    71     0
    38     5    77     2    21     0
    39    77    78     2    21     0
    40    79    46    77     2     0
    41    46     5    77     2     0
    42    79    78     2    77     0
    43    65    83    66    64     0
    44    83    81    66    64     0
    45    68    62    83    66     0
    46    62    65    83    66     0
    47    68    66    83    81     0
    48    70    72    73    71     0
    49    72    74    73    71     0
    50    74    75    72    73     0
    51    69    84    70    67     0
    52    84    25    70    67     0
    53    25    84    70    76     0
    54    84    69    70    76     0
    55    67    84    11    50     0
    56    84    12    11    50     0
    57    67    11    84    25     0
    58    11    12    84    25     0
    59     6    84     9    42     0
    60    84     6     9    17     0
    61    54    81    44    55     0
    62    81    79    44    55     0
    63    82    43    81    44     0
    64    43    54    81    44     0
    65    44    79    81    82     0
    66    54    59    43    81     0
    67    82    19    76    18     0
    68    19    30    76    18     0
    69    30    31    19    76     0
    70    31    78    19    76     0
    71    19    82    76    78     0
    72    79    80    81    82     0
    73    80    79    81    83     0
    74    79    55    81    83     0
    75    29    76    17    25     0
    76    76    84    17    25     0
    77    69    84    81    82     0
    78    69    82    76    84     0
    79    78    76    31    73     0
    80    76    39    31    73     0
    81    74    83    71    72     0
    82    83    68    71    72     0
    83    69    82    81    71     0
    84    82    80    81    71     0
    85    79    83    46    55     0
    86    83    56    46    55     0
    87    74    83    72    75     0
    88     8    44    82     7     0
    89    44    79    82     7     0
    90    78    73    31    21     0
    91    73    32    31    21     0
    92    67    70    26    25     0
    93    72    15    53    16     0
    94    67    11    25    26     0
    95    77    48     3     4     0
    96    68    51    60    50     0
    97    68    81    60    66     0
    98    81    64    63    66     0
    99    77     4    23    22     0
   100    75    48    58    49     0
   101    77    21     5    22     0
   102    76    30    29    18     0
   103    83    64    56    55     0
   104    82     8    19    18     0
   105    70    76    69    71     0
   106    72    75    53    14     0
   107    84    17    12    13     0
   108    75    24    23     3     0
   109    77    83    75    48     0
   110    67    27    10    26     0
   111    68    61    62    66     0
   112    73    39    31    32     0
   113    70    25    34    26     0
   114    70    34    35    26     0
   115    73    33    23    37     0
   116    76    34    29    38     0
   117    84    25    12    17     0
   118    76    38    39    41     0
   119    83    48    58    75     0
   120    70    27    35    36     0
   121    73    37    40    33     0
   122    73    71    78    76     0
   123    73    22    23    33     0
   124    70    36    35    41     0
   125    70    76    34    25     0
   126    78    21    20     2     0
   127    79    78    82     7     0
   128    67    10    51    11     0
   129    80    78    71    82     0
   130    78    20    31    19     0
   131    78    20    19     7     0
   132    72    15    24    14     0
   133    73    21    22    32     0
   134    67    10    11    26     0
   135    77     4     5    47     0
   136    78     2    20     7     0
   137    79     7    45     2     0
   138    77    23     4     3     0
   139    75    24     1    14     0
   140    75    14     1    49     0
   141    72    16    28    15     0
   142    67    52    10    16     0
   143    82     9     8    18     0
   144    82    43     8     9     0
   145    75     3     1    24     0
   146    75    49     1     3     0
   147    77     4    22     5     0
   148    82    19     8     7     0
   149    70    26    35    27     0
   150    75    49    53    14     0
   151    75    48    49     3     0
   152    75    58    53    49     0
   153    70    41    35    34     0
   154    79    45     7    44     0
   155    83    81    71    68     0
   156    67    52    51    10     0
   157    81    59    63    54     0
   158    83    65    58    57     0
   159    81    64    54    63     0
   160    81    54    64    55     0
   161    68    51    61    60     0
   162    68    66    60    61     0
   163    83    64    65    56     0
   164    82     8    43    44     0
   165    81    50    60    59     0
   166    81    60    66    63     0
   167    77    83    74    75     0
   168    72    53    52    16     0
   169    83    57    47    56     0
   170    77    47    48     4     0
   171    83    46    56    47     0
   172    77    47     5    46     0
   173    79    45    46     2     0
   174    79    46    45    55     0
   175    79    55    45    44     0
   176    84     6    13    42     0
   177    77    23     3    75     0
   178    84    12    50    42     0
   179    76    41    34    38     0
   180    67    11    51    50     0
   181    83    57    56    65     0
   182    72    28    16    27     0
   183    83    65    62    58     0
   184    84    12    42    13     0
   185    68    52    62    61     0
   186    68    61    51    52     0
   187    77    78    71    80     0
   188    83    58    48    57     0
   189    72    15    14    53     0
   190    83    80    71    81     0
   191    72    28    24    15     0
   192    83    47    57    48     0
   193    77    83    48    47     0
   194    78    31    20    21     0
   195    76    30    38    29     0
   196    76    18    29    17     0
   197    79    82    78    80     0
   198    76    31    39    30     0
   199    84    13     6    17     0
   200    73    39    32    40     0
   201    73    32    22    33     0
   202    76    30    39    38     0
   203    77     3    48    75     0
   204    78    82     7    19     0
   205    73    32    33    40     0
   206    79    46    83    77     0
   207    76    25    29    34     0
   208    72    28    27    70     0
   209    70    27    36    28     0
   210    73    77    74    75     0
   211    76    82    71    78     0
   212    70    41    34    76     0
   213    67    16    10    27     0
   214    72    75    14    24     0
   215    68    81    50    60     0
   216    76    69    71    82     0
   217    67    72    71    68     0
   218    67    72    68    52     0
   219    67    72    27    70     0
   220    77    83    71    74     0
   221    83    64    55    81     0
   222    77    47    46    83     0
   223    73    77    21    78     0
   224    79    77    80    78     0
   225    73    77    71    74     0
   226    77    83    80    71     0
   227    73    22    21    77     0
   228    79     7     2    78     0
   229    79    77    83    80     0
   230    81    63    59    60     0
   231    73    70    71    76     0
   232    73    77    78    71     0
   233    73    75    23    77     0
   234    73    77    23    22     0
   235    67    72    70    71     0
   236    67    68    51    52     0
   237    67    52    16    72     0
   238    67    27    26    70     0
   239    67    16    27    72     0
   240    67    69    71    70     0
