    1    0.000000    0.000000   -0.500000  0
    2   -0.500000    0.000000    0.000000  0
    3   -0.191342    0.000000   -0.461940  0
    4   -0.353553    0.000000   -0.353553  0
    5   -0.461940    0.000000   -0.191342  0
    6    0.000000    0.000000    0.500000  0
    7   -0.461940    0.000000    0.191342  0
    8   -0.353553    0.000000    0.353553  0
    9   -0.191342    0.000000    0.461940  0
   10    0.500000    0.000000    0.000000  0
   11    0.461940    0.000000    0.191342  0
   12    0.353553    0.000000    0.353553  0
   13    0.191342    0.000000    0.461940  0
   14    0.191342    0.000000   -0.461940  0
   15    0.353553    0.000000   -0.353553  0
   16    0.461940    0.000000   -0.191342  0
   17    0.108572    0.140729    0.467341  0
   18   -0.180742    0.191382    0.425094  0
   19   -0.372330    0.198322    0.268401  0
   20   -0.462616    0.160719    0.100774  0
   21   -0.447792    0.207338   -0.080580  0
   22   -0.347916    0.221090   -0.282972  0
   23   -0.166007    0.200878   -0.426720  0
   24    0.097685    0.124642   -0.474259  0
   25    0.302657    0.198914    0.344721  0
   26    0.425065    0.222746    0.140371  0
   27    0.440002    0.224316   -0.077979  0
   28    0.332307    0.210244   -0.308820  0
   29    0.051211    0.327438    0.374382  0
   30   -0.190294    0.370125    0.277121  0
   31   -0.354702    0.341422    0.087280  0
   32   -0.277853    0.394556   -0.130858  0
   33   -0.165510    0.362496   -0.301998  0
   34    0.222258    0.380620    0.236071  0
   35    0.322567    0.379715    0.042042  0
   36    0.248621    0.404973   -0.155515  0
   37    0.062758    0.345457   -0.355979  0
   38    0.014947    0.449550    0.218360  0
   39   -0.136702    0.477715    0.055686  0
   40   -0.028214    0.472482   -0.161135  0
   41    0.121182    0.483061    0.044352  0
   42    0.110129   -0.124295    0.471617  0
   43   -0.156448   -0.208630    0.426612  0
   44   -0.358770   -0.213694    0.274988  0
   45   -0.457925   -0.170223    0.106437  0
   46   -0.447643   -0.208323   -0.078851  0
   47   -0.359340   -0.204256   -0.281343  0
   48   -0.195341   -0.179385   -0.423867  0
   49    0.022468   -0.125785   -0.483398  0
   50    0.333882   -0.204987    0.310650  0
   51    0.441387   -0.215111    0.094365  0
   52    0.427727   -0.217367   -0.140717  0
   53    0.282738   -0.172375   -0.374628  0
   54   -0.154051   -0.398348    0.259975  0
   55   -0.343832   -0.352847    0.085317  0
   56   -0.282963   -0.386144   -0.144307  0
   57   -0.188589   -0.337059   -0.317531  0
   58    0.020343   -0.314574   -0.388110  0
   59    0.089716   -0.345688    0.349930  0
   60    0.263183   -0.391393    0.165971  0
   61    0.331535   -0.373144   -0.029125  0
   62    0.224983   -0.382050   -0.231128  0
   63    0.049982   -0.465808    0.174713  0
   64   -0.113647   -0.485852    0.032121  0
   65   -0.039518   -0.453932   -0.205875  0
   66    0.135065   -0.481090   -0.017591  0
   67    0.282177   -0.013504    0.066803  0
   68    0.212991   -0.220610   -0.032881  0
   69    0.049792    0.023502    0.137648  0
   70    0.193671    0.194720    0.040792  0
   71   -0.008138   -0.003748   -0.000976  0
   72    0.185855    0.007977   -0.199415  0
   73   -0.083950    0.183125   -0.153155  0
   74   -0.041059   -0.012223   -0.171322  0
   75   -0.013473   -0.036120   -0.345829  0
   76   -0.030275    0.224111    0.188847  0
   77   -0.240227   -0.005688   -0.181174  0
   78   -0.239484    0.082522    0.052163  0
   79   -0.312218   -0.116517    0.072556  0
   80   -0.142025   -0.068701    0.022963  0
   81   -0.015294   -0.219449    0.142589  0
   82   -0.170141   -0.009229    0.216645  0
   83   -0.080316   -0.220515   -0.144851  0
   84    0.096547   -0.008390    0.308834  0
