      1      2     43     42
     42     43     84     83
     83     84    125    124
    124    125    166    165
    165    166    207    206
    206    207    248    247
    247    248    289    288
    288    289    330    329
    329    330    371    370
    370    371    412    411
      2      3     44     43
     43     44     85     84
     84     85    126    125
    125    126    167    166
    166    167    208    207
    207    208    249    248
    248    249    290    289
    289    290    331    330
    330    331    372    371
    371    372    413    412
      3      4     45     44
     44     45     86     85
     85     86    127    126
    126    127    168    167
    167    168    209    208
    208    209    250    249
    249    250    291    290
    290    291    332    331
    331    332    373    372
    372    373    414    413
      4      5     46     45
     45     46     87     86
     86     87    128    127
    127    128    169    168
    168    169    210    209
    209    210    251    250
    250    251    292    291
    291    292    333    332
    332    333    374    373
    373    374    415    414
      5      6     47     46
     46     47     88     87
     87     88    129    128
    128    129    170    169
    169    170    211    210
    210    211    252    251
    251    252    293    292
    292    293    334    333
    333    334    375    374
    374    375    416    415
      6      7     48     47
     47     48     89     88
     88     89    130    129
    129    130    171    170
    170    171    212    211
    211    212    253    252
    252    253    294    293
    293    294    335    334
    334    335    376    375
    375    376    417    416
      7      8     49     48
     48     49     90     89
     89     90    131    130
    130    131    172    171
    171    172    213    212
    212    213    254    253
    253    254    295    294
    294    295    336    335
    335    336    377    376
    376    377    418    417
      8      9     50     49
     49     50     91     90
     90     91    132    131
    131    132    173    172
    172    173    214    213
    213    214    255    254
    254    255    296    295
    295    296    337    336
    336    337    378    377
    377    378    419    418
      9     10     51     50
     50     51     92     91
     91     92    133    132
    132    133    174    173
    173    174    215    214
    214    215    256    255
    255    256    297    296
    296    297    338    337
    337    338    379    378
    378    379    420    419
     10     11     52     51
     51     52     93     92
     92     93    134    133
    133    134    175    174
    174    175    216    215
    215    216    257    256
    256    257    298    297
    297    298    339    338
    338    339    380    379
    379    380    421    420
     11     12     53     52
     52     53     94     93
     93     94    135    134
    134    135    176    175
    175    176    217    216
    216    217    258    257
    257    258    299    298
    298    299    340    339
    339    340    381    380
    380    381    422    421
     12     13     54     53
     53     54     95     94
     94     95    136    135
    135    136    177    176
    176    177    218    217
    217    218    259    258
    258    259    300    299
    299    300    341    340
    340    341    382    381
    381    382    423    422
     13     14     55     54
     54     55     96     95
     95     96    137    136
    136    137    178    177
    177    178    219    218
    218    219    260    259
    259    260    301    300
    300    301    342    341
    341    342    383    382
    382    383    424    423
     14     15     56     55
     55     56     97     96
     96     97    138    137
    137    138    179    178
    178    179    220    219
    219    220    261    260
    260    261    302    301
    301    302    343    342
    342    343    384    383
    383    384    425    424
     15     16     57     56
     56     57     98     97
     97     98    139    138
    138    139    180    179
    179    180    221    220
    220    221    262    261
    261    262    303    302
    302    303    344    343
    343    344    385    384
    384    385    426    425
     16     17     58     57
     57     58     99     98
     98     99    140    139
    139    140    181    180
    180    181    222    221
    221    222    263    262
    262    263    304    303
    303    304    345    344
    344    345    386    385
    385    386    427    426
     17     18     59     58
     58     59    100     99
     99    100    141    140
    140    141    182    181
    181    182    223    222
    222    223    264    263
    263    264    305    304
    304    305    346    345
    345    346    387    386
    386    387    428    427
     18     19     60     59
     59     60    101    100
    100    101    142    141
    141    142    183    182
    182    183    224    223
    223    224    265    264
    264    265    306    305
    305    306    347    346
    346    347    388    387
    387    388    429    428
     19     20     61     60
     60     61    102    101
    101    102    143    142
    142    143    184    183
    183    184    225    224
    224    225    266    265
    265    266    307    306
    306    307    348    347
    347    348    389    388
    388    389    430    429
     20     21     62     61
     61     62    103    102
    102    103    144    143
    143    144    185    184
    184    185    226    225
    225    226    267    266
    266    267    308    307
    307    308    349    348
    348    349    390    389
    389    390    431    430
     21     22     63     62
     62     63    104    103
    103    104    145    144
    144    145    186    185
    185    186    227    226
    226    227    268    267
    267    268    309    308
    308    309    350    349
    349    350    391    390
    390    391    432    431
     22     23     64     63
     63     64    105    104
    104    105    146    145
    145    146    187    186
    186    187    228    227
    227    228    269    268
    268    269    310    309
    309    310    351    350
    350    351    392    391
    391    392    433    432
     23     24     65     64
     64     65    106    105
    105    106    147    146
    146    147    188    187
    187    188    229    228
    228    229    270    269
    269    270    311    310
    310    311    352    351
    351    352    393    392
    392    393    434    433
     24     25     66     65
     65     66    107    106
    106    107    148    147
    147    148    189    188
    188    189    230    229
    229    230    271    270
    270    271    312    311
    311    312    353    352
    352    353    394    393
    393    394    435    434
     25     26     67     66
     66     67    108    107
    107    108    149    148
    148    149    190    189
    189    190    231    230
    230    231    272    271
    271    272    313    312
    312    313    354    353
    353    354    395    394
    394    395    436    435
     26     27     68     67
     67     68    109    108
    108    109    150    149
    149    150    191    190
    190    191    232    231
    231    232    273    272
    272    273    314    313
    313    314    355    354
    354    355    396    395
    395    396    437    436
     27     28     69     68
     68     69    110    109
    109    110    151    150
    150    151    192    191
    191    192    233    232
    232    233    274    273
    273    274    315    314
    314    315    356    355
    355    356    397    396
    396    397    438    437
     28     29     70     69
     69     70    111    110
    110    111    152    151
    151    152    193    192
    192    193    234    233
    233    234    275    274
    274    275    316    315
    315    316    357    356
    356    357    398    397
    397    398    439    438
     29     30     71     70
     70     71    112    111
    111    112    153    152
    152    153    194    193
    193    194    235    234
    234    235    276    275
    275    276    317    316
    316    317    358    357
    357    358    399    398
    398    399    440    439
     30     31     72     71
     71     72    113    112
    112    113    154    153
    153    154    195    194
    194    195    236    235
    235    236    277    276
    276    277    318    317
    317    318    359    358
    358    359    400    399
    399    400    441    440
     31     32     73     72
     72     73    114    113
    113    114    155    154
    154    155    196    195
    195    196    237    236
    236    237    278    277
    277    278    319    318
    318    319    360    359
    359    360    401    400
    400    401    442    441
     32     33     74     73
     73     74    115    114
    114    115    156    155
    155    156    197    196
    196    197    238    237
    237    238    279    278
    278    279    320    319
    319    320    361    360
    360    361    402    401
    401    402    443    442
     33     34     75     74
     74     75    116    115
    115    116    157    156
    156    157    198    197
    197    198    239    238
    238    239    280    279
    279    280    321    320
    320    321    362    361
    361    362    403    402
    402    403    444    443
     34     35     76     75
     75     76    117    116
    116    117    158    157
    157    158    199    198
    198    199    240    239
    239    240    281    280
    280    281    322    321
    321    322    363    362
    362    363    404    403
    403    404    445    444
     35     36     77     76
     76     77    118    117
    117    118    159    158
    158    159    200    199
    199    200    241    240
    240    241    282    281
    281    282    323    322
    322    323    364    363
    363    364    405    404
    404    405    446    445
     36     37     78     77
     77     78    119    118
    118    119    160    159
    159    160    201    200
    200    201    242    241
    241    242    283    282
    282    283    324    323
    323    324    365    364
    364    365    406    405
    405    406    447    446
     37     38     79     78
     78     79    120    119
    119    120    161    160
    160    161    202    201
    201    202    243    242
    242    243    284    283
    283    284    325    324
    324    325    366    365
    365    366    407    406
    406    407    448    447
     38     39     80     79
     79     80    121    120
    120    121    162    161
    161    162    203    202
    202    203    244    243
    243    244    285    284
    284    285    326    325
    325    326    367    366
    366    367    408    407
    407    408    449    448
     39     40     81     80
     80     81    122    121
    121    122    163    162
    162    163    204    203
    203    204    245    244
    244    245    286    285
    285    286    327    326
    326    327    368    367
    367    368    409    408
    408    409    450    449
     40     41     82     81
     81     82    123    122
    122    123    164    163
    163    164    205    204
    204    205    246    245
    245    246    287    286
    286    287    328    327
    327    328    369    368
    368    369    410    409
    409    410    451    450
