      1      2     13     12
     12     13     24     23
     23     24     35     34
     34     35     46     45
     45     46     57     56
     56     57     68     67
     67     68     79     78
     78     79     90     89
     89     90    101    100
    100    101    112    111
      2      3     14     13
     13     14     25     24
     24     25     36     35
     35     36     47     46
     46     47     58     57
     57     58     69     68
     68     69     80     79
     79     80     91     90
     90     91    102    101
    101    102    113    112
      3      4     15     14
     14     15     26     25
     25     26     37     36
     36     37     48     47
     47     48     59     58
     58     59     70     69
     69     70     81     80
     80     81     92     91
     91     92    103    102
    102    103    114    113
      4      5     16     15
     15     16     27     26
     26     27     38     37
     37     38     49     48
     48     49     60     59
     59     60     71     70
     70     71     82     81
     81     82     93     92
     92     93    104    103
    103    104    115    114
      5      6     17     16
     16     17     28     27
     27     28     39     38
     38     39     50     49
     49     50     61     60
     60     61     72     71
     71     72     83     82
     82     83     94     93
     93     94    105    104
    104    105    116    115
      6      7     18     17
     17     18     29     28
     28     29     40     39
     39     40     51     50
     50     51     62     61
     61     62     73     72
     72     73     84     83
     83     84     95     94
     94     95    106    105
    105    106    117    116
      7      8     19     18
     18     19     30     29
     29     30     41     40
     40     41     52     51
     51     52     63     62
     62     63     74     73
     73     74     85     84
     84     85     96     95
     95     96    107    106
    106    107    118    117
      8      9     20     19
     19     20     31     30
     30     31     42     41
     41     42     53     52
     52     53     64     63
     63     64     75     74
     74     75     86     85
     85     86     97     96
     96     97    108    107
    107    108    119    118
      9     10     21     20
     20     21     32     31
     31     32     43     42
     42     43     54     53
     53     54     65     64
     64     65     76     75
     75     76     87     86
     86     87     98     97
     97     98    109    108
    108    109    120    119
     10     11     22     21
     21     22     33     32
     32     33     44     43
     43     44     55     54
     54     55     66     65
     65     66     77     76
     76     77     88     87
     87     88     99     98
     98     99    110    109
    109    110    121    120
