   0.00000   0.00000
   0.20000   0.00000
   0.40000   0.00000
   0.60000   0.00000
   0.80000   0.00000
   1.00000   0.00000
   1.20000   0.00000
   1.40000   0.00000
   1.60000   0.00000
   1.80000   0.00000
   2.00000   0.00000
   0.00000   0.20000
   0.20000   0.20000
   0.40000   0.20000
   0.60000   0.20000
   0.80000   0.20000
   1.00000   0.20000
   1.20000   0.20000
   1.40000   0.20000
   1.60000   0.20000
   1.80000   0.20000
   2.00000   0.20000
   0.00000   0.40000
   0.20000   0.40000
   0.40000   0.40000
   0.60000   0.40000
   0.80000   0.40000
   1.00000   0.40000
   1.20000   0.40000
   1.40000   0.40000
   1.60000   0.40000
   1.80000   0.40000
   2.00000   0.40000
   0.00000   0.60000
   0.20000   0.60000
   0.40000   0.60000
   0.60000   0.60000
   0.80000   0.60000
   1.00000   0.60000
   1.20000   0.60000
   1.40000   0.60000
   1.60000   0.60000
   1.80000   0.60000
   2.00000   0.60000
   0.00000   0.80000
   0.20000   0.80000
   0.40000   0.80000
   0.60000   0.80000
   0.80000   0.80000
   1.00000   0.80000
   1.20000   0.80000
   1.40000   0.80000
   1.60000   0.80000
   1.80000   0.80000
   2.00000   0.80000
   0.00000   1.00000
   0.20000   1.00000
   0.40000   1.00000
   0.60000   1.00000
   0.80000   1.00000
   1.00000   1.00000
   1.20000   1.00000
   1.40000   1.00000
   1.60000   1.00000
   1.80000   1.00000
   2.00000   1.00000
   0.00000   1.20000
   0.20000   1.20000
   0.40000   1.20000
   0.60000   1.20000
   0.80000   1.20000
   1.00000   1.20000
   1.20000   1.20000
   1.40000   1.20000
   1.60000   1.20000
   1.80000   1.20000
   2.00000   1.20000
   0.00000   1.40000
   0.20000   1.40000
   0.40000   1.40000
   0.60000   1.40000
   0.80000   1.40000
   1.00000   1.40000
   1.20000   1.40000
   1.40000   1.40000
   1.60000   1.40000
   1.80000   1.40000
   2.00000   1.40000
   0.00000   1.60000
   0.20000   1.60000
   0.40000   1.60000
   0.60000   1.60000
   0.80000   1.60000
   1.00000   1.60000
   1.20000   1.60000
   1.40000   1.60000
   1.60000   1.60000
   1.80000   1.60000
   2.00000   1.60000
   0.00000   1.80000
   0.20000   1.80000
   0.40000   1.80000
   0.60000   1.80000
   0.80000   1.80000
   1.00000   1.80000
   1.20000   1.80000
   1.40000   1.80000
   1.60000   1.80000
   1.80000   1.80000
   2.00000   1.80000
   0.00000   2.00000
   0.20000   2.00000
   0.40000   2.00000
   0.60000   2.00000
   0.80000   2.00000
   1.00000   2.00000
   1.20000   2.00000
   1.40000   2.00000
   1.60000   2.00000
   1.80000   2.00000
   2.00000   2.00000
