       1       2      43      42       1
       2       3      44      43       1
       3       4      45      44       1
       4       5      46      45       1
       5       6      47      46       1
       6       7      48      47       1
       7       8      49      48       1
       8       9      50      49       1
       9      10      51      50       1
      10      11      52      51       1
      11      12      53      52       1
      12      13      54      53       1
      13      14      55      54       1
      14      15      56      55       1
      15      16      57      56       1
      16      17      58      57       1
      17      18      59      58       1
      18      19      60      59       1
      19      20      61      60       1
      20      21      62      61       1
      21      22      63      62       1
      22      23      64      63       1
      23      24      65      64       1
      24      25      66      65       1
      25      26      67      66       1
      26      27      68      67       1
      27      28      69      68       1
      28      29      70      69       1
      29      30      71      70       1
      30      31      72      71       1
      31      32      73      72       1
      32      33      74      73       1
      33      34      75      74       1
      34      35      76      75       1
      35      36      77      76       1
      36      37      78      77       1
      37      38      79      78       1
      38      39      80      79       1
      39      40      81      80       1
      40      41      82      81       1
      42      43      84      83       1
      43      44      85      84       1
      44      45      86      85       1
      45      46      87      86       1
      46      47      88      87       1
      47      48      89      88       1
      48      49      90      89       1
      49      50      91      90       1
      50      51      92      91       1
      51      52      93      92       1
      52      53      94      93       1
      53      54      95      94       1
      54      55      96      95       1
      55      56      97      96       1
      56      57      98      97       1
      57      58      99      98       1
      58      59     100      99       1
      59      60     101     100       1
      60      61     102     101       1
      61      62     103     102       1
      62      63     104     103       1
      63      64     105     104       1
      64      65     106     105       1
      65      66     107     106       1
      66      67     108     107       1
      67      68     109     108       1
      68      69     110     109       1
      69      70     111     110       1
      70      71     112     111       1
      71      72     113     112       1
      72      73     114     113       1
      73      74     115     114       1
      74      75     116     115       1
      75      76     117     116       1
      76      77     118     117       1
      77      78     119     118       1
      78      79     120     119       1
      79      80     121     120       1
      80      81     122     121       1
      81      82     123     122       1
      83      84     125     124       1
      84      85     126     125       1
      85      86     127     126       1
      86      87     128     127       1
      87      88     129     128       1
      88      89     130     129       1
      89      90     131     130       1
      90      91     132     131       1
      91      92     133     132       1
      92      93     134     133       1
      93      94     135     134       1
      94      95     136     135       1
      95      96     137     136       1
      96      97     138     137       1
      97      98     139     138       1
      98      99     140     139       1
      99     100     141     140       1
     100     101     142     141       1
     101     102     143     142       1
     102     103     144     143       1
     103     104     145     144       1
     104     105     146     145       1
     105     106     147     146       1
     106     107     148     147       1
     107     108     149     148       1
     108     109     150     149       1
     109     110     151     150       1
     110     111     152     151       1
     111     112     153     152       1
     112     113     154     153       1
     113     114     155     154       1
     114     115     156     155       1
     115     116     157     156       1
     116     117     158     157       1
     117     118     159     158       1
     118     119     160     159       1
     119     120     161     160       1
     120     121     162     161       1
     121     122     163     162       1
     122     123     164     163       1
     124     125     166     165       1
     125     126     167     166       1
     126     127     168     167       1
     127     128     169     168       1
     128     129     170     169       1
     129     130     171     170       1
     130     131     172     171       1
     131     132     173     172       1
     132     133     174     173       1
     133     134     175     174       1
     134     135     176     175       1
     135     136     177     176       1
     136     137     178     177       1
     137     138     179     178       1
     138     139     180     179       1
     139     140     181     180       1
     140     141     182     181       1
     141     142     183     182       1
     142     143     184     183       1
     143     144     185     184       1
     144     145     186     185       1
     145     146     187     186       1
     146     147     188     187       1
     147     148     189     188       1
     148     149     190     189       1
     149     150     191     190       1
     150     151     192     191       1
     151     152     193     192       1
     152     153     194     193       1
     153     154     195     194       1
     154     155     196     195       1
     155     156     197     196       1
     156     157     198     197       1
     157     158     199     198       1
     158     159     200     199       1
     159     160     201     200       1
     160     161     202     201       1
     161     162     203     202       1
     162     163     204     203       1
     163     164     205     204       1
     165     166     207     206       1
     166     167     208     207       1
     167     168     209     208       1
     168     169     210     209       1
     169     170     211     210       1
     170     171     212     211       1
     171     172     213     212       1
     172     173     214     213       1
     173     174     215     214       1
     174     175     216     215       1
     175     176     217     216       1
     176     177     218     217       1
     177     178     219     218       1
     178     179     220     219       1
     179     180     221     220       1
     180     181     222     221       1
     181     182     223     222       1
     182     183     224     223       1
     183     184     225     224       1
     184     185     226     225       1
     185     186     227     226       1
     186     187     228     227       1
     187     188     229     228       1
     188     189     230     229       1
     189     190     231     230       1
     190     191     232     231       1
     191     192     233     232       1
     192     193     234     233       1
     193     194     235     234       1
     194     195     236     235       1
     195     196     237     236       1
     196     197     238     237       1
     197     198     239     238       1
     198     199     240     239       1
     199     200     241     240       1
     200     201     242     241       1
     201     202     243     242       1
     202     203     244     243       1
     203     204     245     244       1
     204     205     246     245       1
     206     207     248     247       1
     207     208     249     248       1
     208     209     250     249       1
     209     210     251     250       1
     210     211     252     251       1
     211     212     253     252       1
     212     213     254     253       1
     213     214     255     254       1
     214     215     256     255       1
     215     216     257     256       1
     216     217     258     257       1
     217     218     259     258       1
     218     219     260     259       1
     219     220     261     260       1
     220     221     262     261       1
     221     222     263     262       1
     222     223     264     263       1
     223     224     265     264       1
     224     225     266     265       1
     225     226     267     266       1
     226     227     268     267       1
     227     228     269     268       1
     228     229     270     269       1
     229     230     271     270       1
     230     231     272     271       1
     231     232     273     272       1
     232     233     274     273       1
     233     234     275     274       1
     234     235     276     275       1
     235     236     277     276       1
     236     237     278     277       1
     237     238     279     278       1
     238     239     280     279       1
     239     240     281     280       1
     240     241     282     281       1
     241     242     283     282       1
     242     243     284     283       1
     243     244     285     284       1
     244     245     286     285       1
     245     246     287     286       1
     247     248     289     288       1
     248     249     290     289       1
     249     250     291     290       1
     250     251     292     291       1
     251     252     293     292       1
     252     253     294     293       1
     253     254     295     294       1
     254     255     296     295       1
     255     256     297     296       1
     256     257     298     297       1
     257     258     299     298       1
     258     259     300     299       1
     259     260     301     300       1
     260     261     302     301       1
     261     262     303     302       1
     262     263     304     303       1
     263     264     305     304       1
     264     265     306     305       1
     265     266     307     306       1
     266     267     308     307       1
     267     268     309     308       1
     268     269     310     309       1
     269     270     311     310       1
     270     271     312     311       1
     271     272     313     312       1
     272     273     314     313       1
     273     274     315     314       1
     274     275     316     315       1
     275     276     317     316       1
     276     277     318     317       1
     277     278     319     318       1
     278     279     320     319       1
     279     280     321     320       1
     280     281     322     321       1
     281     282     323     322       1
     282     283     324     323       1
     283     284     325     324       1
     284     285     326     325       1
     285     286     327     326       1
     286     287     328     327       1
     288     289     330     329       1
     289     290     331     330       1
     290     291     332     331       1
     291     292     333     332       1
     292     293     334     333       1
     293     294     335     334       1
     294     295     336     335       1
     295     296     337     336       1
     296     297     338     337       1
     297     298     339     338       1
     298     299     340     339       1
     299     300     341     340       1
     300     301     342     341       1
     301     302     343     342       1
     302     303     344     343       1
     303     304     345     344       1
     304     305     346     345       1
     305     306     347     346       1
     306     307     348     347       1
     307     308     349     348       1
     308     309     350     349       1
     309     310     351     350       1
     310     311     352     351       1
     311     312     353     352       1
     312     313     354     353       1
     313     314     355     354       1
     314     315     356     355       1
     315     316     357     356       1
     316     317     358     357       1
     317     318     359     358       1
     318     319     360     359       1
     319     320     361     360       1
     320     321     362     361       1
     321     322     363     362       1
     322     323     364     363       1
     323     324     365     364       1
     324     325     366     365       1
     325     326     367     366       1
     326     327     368     367       1
     327     328     369     368       1
     329     330     371     370       1
     330     331     372     371       1
     331     332     373     372       1
     332     333     374     373       1
     333     334     375     374       1
     334     335     376     375       1
     335     336     377     376       1
     336     337     378     377       1
     337     338     379     378       1
     338     339     380     379       1
     339     340     381     380       1
     340     341     382     381       1
     341     342     383     382       1
     342     343     384     383       1
     343     344     385     384       1
     344     345     386     385       1
     345     346     387     386       1
     346     347     388     387       1
     347     348     389     388       1
     348     349     390     389       1
     349     350     391     390       1
     350     351     392     391       1
     351     352     393     392       1
     352     353     394     393       1
     353     354     395     394       1
     354     355     396     395       1
     355     356     397     396       1
     356     357     398     397       1
     357     358     399     398       1
     358     359     400     399       1
     359     360     401     400       1
     360     361     402     401       1
     361     362     403     402       1
     362     363     404     403       1
     363     364     405     404       1
     364     365     406     405       1
     365     366     407     406       1
     366     367     408     407       1
     367     368     409     408       1
     368     369     410     409       1
     370     371     412     411       1
     371     372     413     412       1
     372     373     414     413       1
     373     374     415     414       1
     374     375     416     415       1
     375     376     417     416       1
     376     377     418     417       1
     377     378     419     418       1
     378     379     420     419       1
     379     380     421     420       1
     380     381     422     421       1
     381     382     423     422       1
     382     383     424     423       1
     383     384     425     424       1
     384     385     426     425       1
     385     386     427     426       1
     386     387     428     427       1
     387     388     429     428       1
     388     389     430     429       1
     389     390     431     430       1
     390     391     432     431       1
     391     392     433     432       1
     392     393     434     433       1
     393     394     435     434       1
     394     395     436     435       1
     395     396     437     436       1
     396     397     438     437       1
     397     398     439     438       1
     398     399     440     439       1
     399     400     441     440       1
     400     401     442     441       1
     401     402     443     442       1
     402     403     444     443       1
     403     404     445     444       1
     404     405     446     445       1
     405     406     447     446       1
     406     407     448     447       1
     407     408     449     448       1
     408     409     450     449       1
     409     410     451     450       1
     411     412     453     452       1
     412     413     454     453       1
     413     414     455     454       1
     414     415     456     455       1
     415     416     457     456       1
     416     417     458     457       1
     417     418     459     458       1
     418     419     460     459       1
     419     420     461     460       1
     420     421     462     461       1
     421     422     463     462       1
     422     423     464     463       1
     423     424     465     464       1
     424     425     466     465       1
     425     426     467     466       1
     426     427     468     467       1
     427     428     469     468       1
     428     429     470     469       1
     429     430     471     470       1
     430     431     472     471       1
     431     432     473     472       1
     432     433     474     473       1
     433     434     475     474       1
     434     435     476     475       1
     435     436     477     476       1
     436     437     478     477       1
     437     438     479     478       1
     438     439     480     479       1
     439     440     481     480       1
     440     441     482     481       1
     441     442     483     482       1
     442     443     484     483       1
     443     444     485     484       1
     444     445     486     485       1
     445     446     487     486       1
     446     447     488     487       1
     447     448     489     488       1
     448     449     490     489       1
     449     450     491     490       1
     450     451     492     491       1
     452     453     494     493       1
     453     454     495     494       1
     454     455     496     495       1
     455     456     497     496       1
     456     457     498     497       1
     457     458     499     498       1
     458     459     500     499       1
     459     460     501     500       1
     460     461     502     501       1
     461     462     503     502       1
     462     463     504     503       1
     463     464     505     504       1
     464     465     506     505       1
     465     466     507     506       1
     466     467     508     507       1
     467     468     509     508       1
     468     469     510     509       1
     469     470     511     510       1
     470     471     512     511       1
     471     472     513     512       1
     472     473     514     513       1
     473     474     515     514       1
     474     475     516     515       1
     475     476     517     516       1
     476     477     518     517       1
     477     478     519     518       1
     478     479     520     519       1
     479     480     521     520       1
     480     481     522     521       1
     481     482     523     522       1
     482     483     524     523       1
     483     484     525     524       1
     484     485     526     525       1
     485     486     527     526       1
     486     487     528     527       1
     487     488     529     528       1
     488     489     530     529       1
     489     490     531     530       1
     490     491     532     531       1
     491     492     533     532       1
     493     494     535     534       1
     494     495     536     535       1
     495     496     537     536       1
     496     497     538     537       1
     497     498     539     538       1
     498     499     540     539       1
     499     500     541     540       1
     500     501     542     541       1
     501     502     543     542       1
     502     503     544     543       1
     503     504     545     544       1
     504     505     546     545       1
     505     506     547     546       1
     506     507     548     547       1
     507     508     549     548       1
     508     509     550     549       1
     509     510     551     550       1
     510     511     552     551       1
     511     512     553     552       1
     512     513     554     553       1
     513     514     555     554       1
     514     515     556     555       1
     515     516     557     556       1
     516     517     558     557       1
     517     518     559     558       1
     518     519     560     559       1
     519     520     561     560       1
     520     521     562     561       1
     521     522     563     562       1
     522     523     564     563       1
     523     524     565     564       1
     524     525     566     565       1
     525     526     567     566       1
     526     527     568     567       1
     527     528     569     568       1
     528     529     570     569       1
     529     530     571     570       1
     530     531     572     571       1
     531     532     573     572       1
     532     533     574     573       1
     534     535     576     575       1
     535     536     577     576       1
     536     537     578     577       1
     537     538     579     578       1
     538     539     580     579       1
     539     540     581     580       1
     540     541     582     581       1
     541     542     583     582       1
     542     543     584     583       1
     543     544     585     584       1
     544     545     586     585       1
     545     546     587     586       1
     546     547     588     587       1
     547     548     589     588       1
     548     549     590     589       1
     549     550     591     590       1
     550     551     592     591       1
     551     552     593     592       1
     552     553     594     593       1
     553     554     595     594       1
     554     555     596     595       1
     555     556     597     596       1
     556     557     598     597       1
     557     558     599     598       1
     558     559     600     599       1
     559     560     601     600       1
     560     561     602     601       1
     561     562     603     602       1
     562     563     604     603       1
     563     564     605     604       1
     564     565     606     605       1
     565     566     607     606       1
     566     567     608     607       1
     567     568     609     608       1
     568     569     610     609       1
     569     570     611     610       1
     570     571     612     611       1
     571     572     613     612       1
     572     573     614     613       1
     573     574     615     614       1
     575     576     617     616       1
     576     577     618     617       1
     577     578     619     618       1
     578     579     620     619       1
     579     580     621     620       1
     580     581     622     621       1
     581     582     623     622       1
     582     583     624     623       1
     583     584     625     624       1
     584     585     626     625       1
     585     586     627     626       1
     586     587     628     627       1
     587     588     629     628       1
     588     589     630     629       1
     589     590     631     630       1
     590     591     632     631       1
     591     592     633     632       1
     592     593     634     633       1
     593     594     635     634       1
     594     595     636     635       1
     595     596     637     636       1
     596     597     638     637       1
     597     598     639     638       1
     598     599     640     639       1
     599     600     641     640       1
     600     601     642     641       1
     601     602     643     642       1
     602     603     644     643       1
     603     604     645     644       1
     604     605     646     645       1
     605     606     647     646       1
     606     607     648     647       1
     607     608     649     648       1
     608     609     650     649       1
     609     610     651     650       1
     610     611     652     651       1
     611     612     653     652       1
     612     613     654     653       1
     613     614     655     654       1
     614     615     656     655       1
     616     617     658     657       1
     617     618     659     658       1
     618     619     660     659       1
     619     620     661     660       1
     620     621     662     661       1
     621     622     663     662       1
     622     623     664     663       1
     623     624     665     664       1
     624     625     666     665       1
     625     626     667     666       1
     626     627     668     667       1
     627     628     669     668       1
     628     629     670     669       1
     629     630     671     670       1
     630     631     672     671       1
     631     632     673     672       1
     632     633     674     673       1
     633     634     675     674       1
     634     635     676     675       1
     635     636     677     676       1
     636     637     678     677       1
     637     638     679     678       1
     638     639     680     679       1
     639     640     681     680       1
     640     641     682     681       1
     641     642     683     682       1
     642     643     684     683       1
     643     644     685     684       1
     644     645     686     685       1
     645     646     687     686       1
     646     647     688     687       1
     647     648     689     688       1
     648     649     690     689       1
     649     650     691     690       1
     650     651     692     691       1
     651     652     693     692       1
     652     653     694     693       1
     653     654     695     694       1
     654     655     696     695       1
     655     656     697     696       1
     657     658     699     698       1
     658     659     700     699       1
     659     660     701     700       1
     660     661     702     701       1
     661     662     703     702       1
     662     663     704     703       1
     663     664     705     704       1
     664     665     706     705       1
     665     666     707     706       1
     666     667     708     707       1
     667     668     709     708       1
     668     669     710     709       1
     669     670     711     710       1
     670     671     712     711       1
     671     672     713     712       1
     672     673     714     713       1
     673     674     715     714       1
     674     675     716     715       1
     675     676     717     716       1
     676     677     718     717       1
     677     678     719     718       1
     678     679     720     719       1
     679     680     721     720       1
     680     681     722     721       1
     681     682     723     722       1
     682     683     724     723       1
     683     684     725     724       1
     684     685     726     725       1
     685     686     727     726       1
     686     687     728     727       1
     687     688     729     728       1
     688     689     730     729       1
     689     690     731     730       1
     690     691     732     731       1
     691     692     733     732       1
     692     693     734     733       1
     693     694     735     734       1
     694     695     736     735       1
     695     696     737     736       1
     696     697     738     737       1
     698     699     740     739       1
     699     700     741     740       1
     700     701     742     741       1
     701     702     743     742       1
     702     703     744     743       1
     703     704     745     744       1
     704     705     746     745       1
     705     706     747     746       1
     706     707     748     747       1
     707     708     749     748       1
     708     709     750     749       1
     709     710     751     750       1
     710     711     752     751       1
     711     712     753     752       1
     712     713     754     753       1
     713     714     755     754       1
     714     715     756     755       1
     715     716     757     756       1
     716     717     758     757       1
     717     718     759     758       1
     718     719     760     759       1
     719     720     761     760       1
     720     721     762     761       1
     721     722     763     762       1
     722     723     764     763       1
     723     724     765     764       1
     724     725     766     765       1
     725     726     767     766       1
     726     727     768     767       1
     727     728     769     768       1
     728     729     770     769       1
     729     730     771     770       1
     730     731     772     771       1
     731     732     773     772       1
     732     733     774     773       1
     733     734     775     774       1
     734     735     776     775       1
     735     736     777     776       1
     736     737     778     777       1
     737     738     779     778       1
     739     740     781     780       1
     740     741     782     781       1
     741     742     783     782       1
     742     743     784     783       1
     743     744     785     784       1
     744     745     786     785       1
     745     746     787     786       1
     746     747     788     787       1
     747     748     789     788       1
     748     749     790     789       1
     749     750     791     790       1
     750     751     792     791       1
     751     752     793     792       1
     752     753     794     793       1
     753     754     795     794       1
     754     755     796     795       1
     755     756     797     796       1
     756     757     798     797       1
     757     758     799     798       1
     758     759     800     799       1
     759     760     801     800       1
     760     761     802     801       1
     761     762     803     802       1
     762     763     804     803       1
     763     764     805     804       1
     764     765     806     805       1
     765     766     807     806       1
     766     767     808     807       1
     767     768     809     808       1
     768     769     810     809       1
     769     770     811     810       1
     770     771     812     811       1
     771     772     813     812       1
     772     773     814     813       1
     773     774     815     814       1
     774     775     816     815       1
     775     776     817     816       1
     776     777     818     817       1
     777     778     819     818       1
     778     779     820     819       1
     780     781     822     821       1
     781     782     823     822       1
     782     783     824     823       1
     783     784     825     824       1
     784     785     826     825       1
     785     786     827     826       1
     786     787     828     827       1
     787     788     829     828       1
     788     789     830     829       1
     789     790     831     830       1
     790     791     832     831       1
     791     792     833     832       1
     792     793     834     833       1
     793     794     835     834       1
     794     795     836     835       1
     795     796     837     836       1
     796     797     838     837       1
     797     798     839     838       1
     798     799     840     839       1
     799     800     841     840       1
     800     801     842     841       1
     801     802     843     842       1
     802     803     844     843       1
     803     804     845     844       1
     804     805     846     845       1
     805     806     847     846       1
     806     807     848     847       1
     807     808     849     848       1
     808     809     850     849       1
     809     810     851     850       1
     810     811     852     851       1
     811     812     853     852       1
     812     813     854     853       1
     813     814     855     854       1
     814     815     856     855       1
     815     816     857     856       1
     816     817     858     857       1
     817     818     859     858       1
     818     819     860     859       1
     819     820     861     860       1
     821     822     863     862       1
     822     823     864     863       1
     823     824     865     864       1
     824     825     866     865       1
     825     826     867     866       1
     826     827     868     867       1
     827     828     869     868       1
     828     829     870     869       1
     829     830     871     870       1
     830     831     872     871       1
     831     832     873     872       1
     832     833     874     873       1
     833     834     875     874       1
     834     835     876     875       1
     835     836     877     876       1
     836     837     878     877       1
     837     838     879     878       1
     838     839     880     879       1
     839     840     881     880       1
     840     841     882     881       1
     841     842     883     882       1
     842     843     884     883       1
     843     844     885     884       1
     844     845     886     885       1
     845     846     887     886       1
     846     847     888     887       1
     847     848     889     888       1
     848     849     890     889       1
     849     850     891     890       1
     850     851     892     891       1
     851     852     893     892       1
     852     853     894     893       1
     853     854     895     894       1
     854     855     896     895       1
     855     856     897     896       1
     856     857     898     897       1
     857     858     899     898       1
     858     859     900     899       1
     859     860     901     900       1
     860     861     902     901       1
     862     863     904     903       1
     863     864     905     904       1
     864     865     906     905       1
     865     866     907     906       1
     866     867     908     907       1
     867     868     909     908       1
     868     869     910     909       1
     869     870     911     910       1
     870     871     912     911       1
     871     872     913     912       1
     872     873     914     913       1
     873     874     915     914       1
     874     875     916     915       1
     875     876     917     916       1
     876     877     918     917       1
     877     878     919     918       1
     878     879     920     919       1
     879     880     921     920       1
     880     881     922     921       1
     881     882     923     922       1
     882     883     924     923       1
     883     884     925     924       1
     884     885     926     925       1
     885     886     927     926       1
     886     887     928     927       1
     887     888     929     928       1
     888     889     930     929       1
     889     890     931     930       1
     890     891     932     931       1
     891     892     933     932       1
     892     893     934     933       1
     893     894     935     934       1
     894     895     936     935       1
     895     896     937     936       1
     896     897     938     937       1
     897     898     939     938       1
     898     899     940     939       1
     899     900     941     940       1
     900     901     942     941       1
     901     902     943     942       1
     903     904     945     944       1
     904     905     946     945       1
     905     906     947     946       1
     906     907     948     947       1
     907     908     949     948       1
     908     909     950     949       1
     909     910     951     950       1
     910     911     952     951       1
     911     912     953     952       1
     912     913     954     953       1
     913     914     955     954       1
     914     915     956     955       1
     915     916     957     956       1
     916     917     958     957       1
     917     918     959     958       1
     918     919     960     959       1
     919     920     961     960       1
     920     921     962     961       1
     921     922     963     962       1
     922     923     964     963       1
     923     924     965     964       1
     924     925     966     965       1
     925     926     967     966       1
     926     927     968     967       1
     927     928     969     968       1
     928     929     970     969       1
     929     930     971     970       1
     930     931     972     971       1
     931     932     973     972       1
     932     933     974     973       1
     933     934     975     974       1
     934     935     976     975       1
     935     936     977     976       1
     936     937     978     977       1
     937     938     979     978       1
     938     939     980     979       1
     939     940     981     980       1
     940     941     982     981       1
     941     942     983     982       1
     942     943     984     983       1
     944     945     986     985       1
     945     946     987     986       1
     946     947     988     987       1
     947     948     989     988       1
     948     949     990     989       1
     949     950     991     990       1
     950     951     992     991       1
     951     952     993     992       1
     952     953     994     993       1
     953     954     995     994       1
     954     955     996     995       1
     955     956     997     996       1
     956     957     998     997       1
     957     958     999     998       1
     958     959    1000     999       1
     959     960    1001    1000       1
     960     961    1002    1001       1
     961     962    1003    1002       1
     962     963    1004    1003       1
     963     964    1005    1004       1
     964     965    1006    1005       1
     965     966    1007    1006       1
     966     967    1008    1007       1
     967     968    1009    1008       1
     968     969    1010    1009       1
     969     970    1011    1010       1
     970     971    1012    1011       1
     971     972    1013    1012       1
     972     973    1014    1013       1
     973     974    1015    1014       1
     974     975    1016    1015       1
     975     976    1017    1016       1
     976     977    1018    1017       1
     977     978    1019    1018       1
     978     979    1020    1019       1
     979     980    1021    1020       1
     980     981    1022    1021       1
     981     982    1023    1022       1
     982     983    1024    1023       1
     983     984    1025    1024       1
     985     986    1027    1026       1
     986     987    1028    1027       1
     987     988    1029    1028       1
     988     989    1030    1029       1
     989     990    1031    1030       1
     990     991    1032    1031       1
     991     992    1033    1032       1
     992     993    1034    1033       1
     993     994    1035    1034       1
     994     995    1036    1035       1
     995     996    1037    1036       1
     996     997    1038    1037       1
     997     998    1039    1038       1
     998     999    1040    1039       1
     999    1000    1041    1040       1
    1000    1001    1042    1041       1
    1001    1002    1043    1042       1
    1002    1003    1044    1043       1
    1003    1004    1045    1044       1
    1004    1005    1046    1045       1
    1005    1006    1047    1046       1
    1006    1007    1048    1047       1
    1007    1008    1049    1048       1
    1008    1009    1050    1049       1
    1009    1010    1051    1050       1
    1010    1011    1052    1051       1
    1011    1012    1053    1052       1
    1012    1013    1054    1053       1
    1013    1014    1055    1054       1
    1014    1015    1056    1055       1
    1015    1016    1057    1056       1
    1016    1017    1058    1057       1
    1017    1018    1059    1058       1
    1018    1019    1060    1059       1
    1019    1020    1061    1060       1
    1020    1021    1062    1061       1
    1021    1022    1063    1062       1
    1022    1023    1064    1063       1
    1023    1024    1065    1064       1
    1024    1025    1066    1065       1
    1026    1027    1068    1067       1
    1027    1028    1069    1068       1
    1028    1029    1070    1069       1
    1029    1030    1071    1070       1
    1030    1031    1072    1071       1
    1031    1032    1073    1072       1
    1032    1033    1074    1073       1
    1033    1034    1075    1074       1
    1034    1035    1076    1075       1
    1035    1036    1077    1076       1
    1036    1037    1078    1077       1
    1037    1038    1079    1078       1
    1038    1039    1080    1079       1
    1039    1040    1081    1080       1
    1040    1041    1082    1081       1
    1041    1042    1083    1082       1
    1042    1043    1084    1083       1
    1043    1044    1085    1084       1
    1044    1045    1086    1085       1
    1045    1046    1087    1086       1
    1046    1047    1088    1087       1
    1047    1048    1089    1088       1
    1048    1049    1090    1089       1
    1049    1050    1091    1090       1
    1050    1051    1092    1091       1
    1051    1052    1093    1092       1
    1052    1053    1094    1093       1
    1053    1054    1095    1094       1
    1054    1055    1096    1095       1
    1055    1056    1097    1096       1
    1056    1057    1098    1097       1
    1057    1058    1099    1098       1
    1058    1059    1100    1099       1
    1059    1060    1101    1100       1
    1060    1061    1102    1101       1
    1061    1062    1103    1102       1
    1062    1063    1104    1103       1
    1063    1064    1105    1104       1
    1064    1065    1106    1105       1
    1065    1066    1107    1106       1
    1067    1068    1109    1108       1
    1068    1069    1110    1109       1
    1069    1070    1111    1110       1
    1070    1071    1112    1111       1
    1071    1072    1113    1112       1
    1072    1073    1114    1113       1
    1073    1074    1115    1114       1
    1074    1075    1116    1115       1
    1075    1076    1117    1116       1
    1076    1077    1118    1117       1
    1077    1078    1119    1118       1
    1078    1079    1120    1119       1
    1079    1080    1121    1120       1
    1080    1081    1122    1121       1
    1081    1082    1123    1122       1
    1082    1083    1124    1123       1
    1083    1084    1125    1124       1
    1084    1085    1126    1125       1
    1085    1086    1127    1126       1
    1086    1087    1128    1127       1
    1087    1088    1129    1128       1
    1088    1089    1130    1129       1
    1089    1090    1131    1130       1
    1090    1091    1132    1131       1
    1091    1092    1133    1132       1
    1092    1093    1134    1133       1
    1093    1094    1135    1134       1
    1094    1095    1136    1135       1
    1095    1096    1137    1136       1
    1096    1097    1138    1137       1
    1097    1098    1139    1138       1
    1098    1099    1140    1139       1
    1099    1100    1141    1140       1
    1100    1101    1142    1141       1
    1101    1102    1143    1142       1
    1102    1103    1144    1143       1
    1103    1104    1145    1144       1
    1104    1105    1146    1145       1
    1105    1106    1147    1146       1
    1106    1107    1148    1147       1
    1108    1109    1150    1149       1
    1109    1110    1151    1150       1
    1110    1111    1152    1151       1
    1111    1112    1153    1152       1
    1112    1113    1154    1153       1
    1113    1114    1155    1154       1
    1114    1115    1156    1155       1
    1115    1116    1157    1156       1
    1116    1117    1158    1157       1
    1117    1118    1159    1158       1
    1118    1119    1160    1159       1
    1119    1120    1161    1160       1
    1120    1121    1162    1161       1
    1121    1122    1163    1162       1
    1122    1123    1164    1163       1
    1123    1124    1165    1164       1
    1124    1125    1166    1165       1
    1125    1126    1167    1166       1
    1126    1127    1168    1167       1
    1127    1128    1169    1168       1
    1128    1129    1170    1169       1
    1129    1130    1171    1170       1
    1130    1131    1172    1171       1
    1131    1132    1173    1172       1
    1132    1133    1174    1173       1
    1133    1134    1175    1174       1
    1134    1135    1176    1175       1
    1135    1136    1177    1176       1
    1136    1137    1178    1177       1
    1137    1138    1179    1178       1
    1138    1139    1180    1179       1
    1139    1140    1181    1180       1
    1140    1141    1182    1181       1
    1141    1142    1183    1182       1
    1142    1143    1184    1183       1
    1143    1144    1185    1184       1
    1144    1145    1186    1185       1
    1145    1146    1187    1186       1
    1146    1147    1188    1187       1
    1147    1148    1189    1188       1
    1149    1150    1191    1190       1
    1150    1151    1192    1191       1
    1151    1152    1193    1192       1
    1152    1153    1194    1193       1
    1153    1154    1195    1194       1
    1154    1155    1196    1195       1
    1155    1156    1197    1196       1
    1156    1157    1198    1197       1
    1157    1158    1199    1198       1
    1158    1159    1200    1199       1
    1159    1160    1201    1200       1
    1160    1161    1202    1201       1
    1161    1162    1203    1202       1
    1162    1163    1204    1203       1
    1163    1164    1205    1204       1
    1164    1165    1206    1205       1
    1165    1166    1207    1206       1
    1166    1167    1208    1207       1
    1167    1168    1209    1208       1
    1168    1169    1210    1209       1
    1169    1170    1211    1210       1
    1170    1171    1212    1211       1
    1171    1172    1213    1212       1
    1172    1173    1214    1213       1
    1173    1174    1215    1214       1
    1174    1175    1216    1215       1
    1175    1176    1217    1216       1
    1176    1177    1218    1217       1
    1177    1178    1219    1218       1
    1178    1179    1220    1219       1
    1179    1180    1221    1220       1
    1180    1181    1222    1221       1
    1181    1182    1223    1222       1
    1182    1183    1224    1223       1
    1183    1184    1225    1224       1
    1184    1185    1226    1225       1
    1185    1186    1227    1226       1
    1186    1187    1228    1227       1
    1187    1188    1229    1228       1
    1188    1189    1230    1229       1
    1190    1191    1232    1231       1
    1191    1192    1233    1232       1
    1192    1193    1234    1233       1
    1193    1194    1235    1234       1
    1194    1195    1236    1235       1
    1195    1196    1237    1236       1
    1196    1197    1238    1237       1
    1197    1198    1239    1238       1
    1198    1199    1240    1239       1
    1199    1200    1241    1240       1
    1200    1201    1242    1241       1
    1201    1202    1243    1242       1
    1202    1203    1244    1243       1
    1203    1204    1245    1244       1
    1204    1205    1246    1245       1
    1205    1206    1247    1246       1
    1206    1207    1248    1247       1
    1207    1208    1249    1248       1
    1208    1209    1250    1249       1
    1209    1210    1251    1250       1
    1210    1211    1252    1251       1
    1211    1212    1253    1252       1
    1212    1213    1254    1253       1
    1213    1214    1255    1254       1
    1214    1215    1256    1255       1
    1215    1216    1257    1256       1
    1216    1217    1258    1257       1
    1217    1218    1259    1258       1
    1218    1219    1260    1259       1
    1219    1220    1261    1260       1
    1220    1221    1262    1261       1
    1221    1222    1263    1262       1
    1222    1223    1264    1263       1
    1223    1224    1265    1264       1
    1224    1225    1266    1265       1
    1225    1226    1267    1266       1
    1226    1227    1268    1267       1
    1227    1228    1269    1268       1
    1228    1229    1270    1269       1
    1229    1230    1271    1270       1
    1231    1232    1273    1272       1
    1232    1233    1274    1273       1
    1233    1234    1275    1274       1
    1234    1235    1276    1275       1
    1235    1236    1277    1276       1
    1236    1237    1278    1277       1
    1237    1238    1279    1278       1
    1238    1239    1280    1279       1
    1239    1240    1281    1280       1
    1240    1241    1282    1281       1
    1241    1242    1283    1282       1
    1242    1243    1284    1283       1
    1243    1244    1285    1284       1
    1244    1245    1286    1285       1
    1245    1246    1287    1286       1
    1246    1247    1288    1287       1
    1247    1248    1289    1288       1
    1248    1249    1290    1289       1
    1249    1250    1291    1290       1
    1250    1251    1292    1291       1
    1251    1252    1293    1292       1
    1252    1253    1294    1293       1
    1253    1254    1295    1294       1
    1254    1255    1296    1295       1
    1255    1256    1297    1296       1
    1256    1257    1298    1297       1
    1257    1258    1299    1298       1
    1258    1259    1300    1299       1
    1259    1260    1301    1300       1
    1260    1261    1302    1301       1
    1261    1262    1303    1302       1
    1262    1263    1304    1303       1
    1263    1264    1305    1304       1
    1264    1265    1306    1305       1
    1265    1266    1307    1306       1
    1266    1267    1308    1307       1
    1267    1268    1309    1308       1
    1268    1269    1310    1309       1
    1269    1270    1311    1310       1
    1270    1271    1312    1311       1
    1272    1273    1314    1313       1
    1273    1274    1315    1314       1
    1274    1275    1316    1315       1
    1275    1276    1317    1316       1
    1276    1277    1318    1317       1
    1277    1278    1319    1318       1
    1278    1279    1320    1319       1
    1279    1280    1321    1320       1
    1280    1281    1322    1321       1
    1281    1282    1323    1322       1
    1282    1283    1324    1323       1
    1283    1284    1325    1324       1
    1284    1285    1326    1325       1
    1285    1286    1327    1326       1
    1286    1287    1328    1327       1
    1287    1288    1329    1328       1
    1288    1289    1330    1329       1
    1289    1290    1331    1330       1
    1290    1291    1332    1331       1
    1291    1292    1333    1332       1
    1292    1293    1334    1333       1
    1293    1294    1335    1334       1
    1294    1295    1336    1335       1
    1295    1296    1337    1336       1
    1296    1297    1338    1337       1
    1297    1298    1339    1338       1
    1298    1299    1340    1339       1
    1299    1300    1341    1340       1
    1300    1301    1342    1341       1
    1301    1302    1343    1342       1
    1302    1303    1344    1343       1
    1303    1304    1345    1344       1
    1304    1305    1346    1345       1
    1305    1306    1347    1346       1
    1306    1307    1348    1347       1
    1307    1308    1349    1348       1
    1308    1309    1350    1349       1
    1309    1310    1351    1350       1
    1310    1311    1352    1351       1
    1311    1312    1353    1352       1
    1313    1314    1355    1354       1
    1314    1315    1356    1355       1
    1315    1316    1357    1356       1
    1316    1317    1358    1357       1
    1317    1318    1359    1358       1
    1318    1319    1360    1359       1
    1319    1320    1361    1360       1
    1320    1321    1362    1361       1
    1321    1322    1363    1362       1
    1322    1323    1364    1363       1
    1323    1324    1365    1364       1
    1324    1325    1366    1365       1
    1325    1326    1367    1366       1
    1326    1327    1368    1367       1
    1327    1328    1369    1368       1
    1328    1329    1370    1369       1
    1329    1330    1371    1370       1
    1330    1331    1372    1371       1
    1331    1332    1373    1372       1
    1332    1333    1374    1373       1
    1333    1334    1375    1374       1
    1334    1335    1376    1375       1
    1335    1336    1377    1376       1
    1336    1337    1378    1377       1
    1337    1338    1379    1378       1
    1338    1339    1380    1379       1
    1339    1340    1381    1380       1
    1340    1341    1382    1381       1
    1341    1342    1383    1382       1
    1342    1343    1384    1383       1
    1343    1344    1385    1384       1
    1344    1345    1386    1385       1
    1345    1346    1387    1386       1
    1346    1347    1388    1387       1
    1347    1348    1389    1388       1
    1348    1349    1390    1389       1
    1349    1350    1391    1390       1
    1350    1351    1392    1391       1
    1351    1352    1393    1392       1
    1352    1353    1394    1393       1
    1354    1355    1396    1395       1
    1355    1356    1397    1396       1
    1356    1357    1398    1397       1
    1357    1358    1399    1398       1
    1358    1359    1400    1399       1
    1359    1360    1401    1400       1
    1360    1361    1402    1401       1
    1361    1362    1403    1402       1
    1362    1363    1404    1403       1
    1363    1364    1405    1404       1
    1364    1365    1406    1405       1
    1365    1366    1407    1406       1
    1366    1367    1408    1407       1
    1367    1368    1409    1408       1
    1368    1369    1410    1409       1
    1369    1370    1411    1410       1
    1370    1371    1412    1411       1
    1371    1372    1413    1412       1
    1372    1373    1414    1413       1
    1373    1374    1415    1414       1
    1374    1375    1416    1415       1
    1375    1376    1417    1416       1
    1376    1377    1418    1417       1
    1377    1378    1419    1418       1
    1378    1379    1420    1419       1
    1379    1380    1421    1420       1
    1380    1381    1422    1421       1
    1381    1382    1423    1422       1
    1382    1383    1424    1423       1
    1383    1384    1425    1424       1
    1384    1385    1426    1425       1
    1385    1386    1427    1426       1
    1386    1387    1428    1427       1
    1387    1388    1429    1428       1
    1388    1389    1430    1429       1
    1389    1390    1431    1430       1
    1390    1391    1432    1431       1
    1391    1392    1433    1432       1
    1392    1393    1434    1433       1
    1393    1394    1435    1434       1
    1395    1396    1437    1436       1
    1396    1397    1438    1437       1
    1397    1398    1439    1438       1
    1398    1399    1440    1439       1
    1399    1400    1441    1440       1
    1400    1401    1442    1441       1
    1401    1402    1443    1442       1
    1402    1403    1444    1443       1
    1403    1404    1445    1444       1
    1404    1405    1446    1445       1
    1405    1406    1447    1446       1
    1406    1407    1448    1447       1
    1407    1408    1449    1448       1
    1408    1409    1450    1449       1
    1409    1410    1451    1450       1
    1410    1411    1452    1451       1
    1411    1412    1453    1452       1
    1412    1413    1454    1453       1
    1413    1414    1455    1454       1
    1414    1415    1456    1455       1
    1415    1416    1457    1456       1
    1416    1417    1458    1457       1
    1417    1418    1459    1458       1
    1418    1419    1460    1459       1
    1419    1420    1461    1460       1
    1420    1421    1462    1461       1
    1421    1422    1463    1462       1
    1422    1423    1464    1463       1
    1423    1424    1465    1464       1
    1424    1425    1466    1465       1
    1425    1426    1467    1466       1
    1426    1427    1468    1467       1
    1427    1428    1469    1468       1
    1428    1429    1470    1469       1
    1429    1430    1471    1470       1
    1430    1431    1472    1471       1
    1431    1432    1473    1472       1
    1432    1433    1474    1473       1
    1433    1434    1475    1474       1
    1434    1435    1476    1475       1
    1436    1437    1478    1477       1
    1437    1438    1479    1478       1
    1438    1439    1480    1479       1
    1439    1440    1481    1480       1
    1440    1441    1482    1481       1
    1441    1442    1483    1482       1
    1442    1443    1484    1483       1
    1443    1444    1485    1484       1
    1444    1445    1486    1485       1
    1445    1446    1487    1486       1
    1446    1447    1488    1487       1
    1447    1448    1489    1488       1
    1448    1449    1490    1489       1
    1449    1450    1491    1490       1
    1450    1451    1492    1491       1
    1451    1452    1493    1492       1
    1452    1453    1494    1493       1
    1453    1454    1495    1494       1
    1454    1455    1496    1495       1
    1455    1456    1497    1496       1
    1456    1457    1498    1497       1
    1457    1458    1499    1498       1
    1458    1459    1500    1499       1
    1459    1460    1501    1500       1
    1460    1461    1502    1501       1
    1461    1462    1503    1502       1
    1462    1463    1504    1503       1
    1463    1464    1505    1504       1
    1464    1465    1506    1505       1
    1465    1466    1507    1506       1
    1466    1467    1508    1507       1
    1467    1468    1509    1508       1
    1468    1469    1510    1509       1
    1469    1470    1511    1510       1
    1470    1471    1512    1511       1
    1471    1472    1513    1512       1
    1472    1473    1514    1513       1
    1473    1474    1515    1514       1
    1474    1475    1516    1515       1
    1475    1476    1517    1516       1
    1477    1478    1519    1518       1
    1478    1479    1520    1519       1
    1479    1480    1521    1520       1
    1480    1481    1522    1521       1
    1481    1482    1523    1522       1
    1482    1483    1524    1523       1
    1483    1484    1525    1524       1
    1484    1485    1526    1525       1
    1485    1486    1527    1526       1
    1486    1487    1528    1527       1
    1487    1488    1529    1528       1
    1488    1489    1530    1529       1
    1489    1490    1531    1530       1
    1490    1491    1532    1531       1
    1491    1492    1533    1532       1
    1492    1493    1534    1533       1
    1493    1494    1535    1534       1
    1494    1495    1536    1535       1
    1495    1496    1537    1536       1
    1496    1497    1538    1537       1
    1497    1498    1539    1538       1
    1498    1499    1540    1539       1
    1499    1500    1541    1540       1
    1500    1501    1542    1541       1
    1501    1502    1543    1542       1
    1502    1503    1544    1543       1
    1503    1504    1545    1544       1
    1504    1505    1546    1545       1
    1505    1506    1547    1546       1
    1506    1507    1548    1547       1
    1507    1508    1549    1548       1
    1508    1509    1550    1549       1
    1509    1510    1551    1550       1
    1510    1511    1552    1551       1
    1511    1512    1553    1552       1
    1512    1513    1554    1553       1
    1513    1514    1555    1554       1
    1514    1515    1556    1555       1
    1515    1516    1557    1556       1
    1516    1517    1558    1557       1
    1518    1519    1560    1559       1
    1519    1520    1561    1560       1
    1520    1521    1562    1561       1
    1521    1522    1563    1562       1
    1522    1523    1564    1563       1
    1523    1524    1565    1564       1
    1524    1525    1566    1565       1
    1525    1526    1567    1566       1
    1526    1527    1568    1567       1
    1527    1528    1569    1568       1
    1528    1529    1570    1569       1
    1529    1530    1571    1570       1
    1530    1531    1572    1571       1
    1531    1532    1573    1572       1
    1532    1533    1574    1573       1
    1533    1534    1575    1574       1
    1534    1535    1576    1575       1
    1535    1536    1577    1576       1
    1536    1537    1578    1577       1
    1537    1538    1579    1578       1
    1538    1539    1580    1579       1
    1539    1540    1581    1580       1
    1540    1541    1582    1581       1
    1541    1542    1583    1582       1
    1542    1543    1584    1583       1
    1543    1544    1585    1584       1
    1544    1545    1586    1585       1
    1545    1546    1587    1586       1
    1546    1547    1588    1587       1
    1547    1548    1589    1588       1
    1548    1549    1590    1589       1
    1549    1550    1591    1590       1
    1550    1551    1592    1591       1
    1551    1552    1593    1592       1
    1552    1553    1594    1593       1
    1553    1554    1595    1594       1
    1554    1555    1596    1595       1
    1555    1556    1597    1596       1
    1556    1557    1598    1597       1
    1557    1558    1599    1598       1
    1559    1560    1601    1600       1
    1560    1561    1602    1601       1
    1561    1562    1603    1602       1
    1562    1563    1604    1603       1
    1563    1564    1605    1604       1
    1564    1565    1606    1605       1
    1565    1566    1607    1606       1
    1566    1567    1608    1607       1
    1567    1568    1609    1608       1
    1568    1569    1610    1609       1
    1569    1570    1611    1610       1
    1570    1571    1612    1611       1
    1571    1572    1613    1612       1
    1572    1573    1614    1613       1
    1573    1574    1615    1614       1
    1574    1575    1616    1615       1
    1575    1576    1617    1616       1
    1576    1577    1618    1617       1
    1577    1578    1619    1618       1
    1578    1579    1620    1619       1
    1579    1580    1621    1620       1
    1580    1581    1622    1621       1
    1581    1582    1623    1622       1
    1582    1583    1624    1623       1
    1583    1584    1625    1624       1
    1584    1585    1626    1625       1
    1585    1586    1627    1626       1
    1586    1587    1628    1627       1
    1587    1588    1629    1628       1
    1588    1589    1630    1629       1
    1589    1590    1631    1630       1
    1590    1591    1632    1631       1
    1591    1592    1633    1632       1
    1592    1593    1634    1633       1
    1593    1594    1635    1634       1
    1594    1595    1636    1635       1
    1595    1596    1637    1636       1
    1596    1597    1638    1637       1
    1597    1598    1639    1638       1
    1598    1599    1640    1639       1
    1600    1601    1642    1641       1
    1601    1602    1643    1642       1
    1602    1603    1644    1643       1
    1603    1604    1645    1644       1
    1604    1605    1646    1645       1
    1605    1606    1647    1646       1
    1606    1607    1648    1647       1
    1607    1608    1649    1648       1
    1608    1609    1650    1649       1
    1609    1610    1651    1650       1
    1610    1611    1652    1651       1
    1611    1612    1653    1652       1
    1612    1613    1654    1653       1
    1613    1614    1655    1654       1
    1614    1615    1656    1655       1
    1615    1616    1657    1656       1
    1616    1617    1658    1657       1
    1617    1618    1659    1658       1
    1618    1619    1660    1659       1
    1619    1620    1661    1660       1
    1620    1621    1662    1661       1
    1621    1622    1663    1662       1
    1622    1623    1664    1663       1
    1623    1624    1665    1664       1
    1624    1625    1666    1665       1
    1625    1626    1667    1666       1
    1626    1627    1668    1667       1
    1627    1628    1669    1668       1
    1628    1629    1670    1669       1
    1629    1630    1671    1670       1
    1630    1631    1672    1671       1
    1631    1632    1673    1672       1
    1632    1633    1674    1673       1
    1633    1634    1675    1674       1
    1634    1635    1676    1675       1
    1635    1636    1677    1676       1
    1636    1637    1678    1677       1
    1637    1638    1679    1678       1
    1638    1639    1680    1679       1
    1639    1640    1681    1680       1
    1641    1642    1683    1682       1
    1642    1643    1684    1683       1
    1643    1644    1685    1684       1
    1644    1645    1686    1685       1
    1645    1646    1687    1686       1
    1646    1647    1688    1687       1
    1647    1648    1689    1688       1
    1648    1649    1690    1689       1
    1649    1650    1691    1690       1
    1650    1651    1692    1691       1
    1651    1652    1693    1692       1
    1652    1653    1694    1693       1
    1653    1654    1695    1694       1
    1654    1655    1696    1695       1
    1655    1656    1697    1696       1
    1656    1657    1698    1697       1
    1657    1658    1699    1698       1
    1658    1659    1700    1699       1
    1659    1660    1701    1700       1
    1660    1661    1702    1701       1
    1661    1662    1703    1702       1
    1662    1663    1704    1703       1
    1663    1664    1705    1704       1
    1664    1665    1706    1705       1
    1665    1666    1707    1706       1
    1666    1667    1708    1707       1
    1667    1668    1709    1708       1
    1668    1669    1710    1709       1
    1669    1670    1711    1710       1
    1670    1671    1712    1711       1
    1671    1672    1713    1712       1
    1672    1673    1714    1713       1
    1673    1674    1715    1714       1
    1674    1675    1716    1715       1
    1675    1676    1717    1716       1
    1676    1677    1718    1717       1
    1677    1678    1719    1718       1
    1678    1679    1720    1719       1
    1679    1680    1721    1720       1
    1680    1681    1722    1721       1
    1682    1683    1724    1723       1
    1683    1684    1725    1724       1
    1684    1685    1726    1725       1
    1685    1686    1727    1726       1
    1686    1687    1728    1727       1
    1687    1688    1729    1728       1
    1688    1689    1730    1729       1
    1689    1690    1731    1730       1
    1690    1691    1732    1731       1
    1691    1692    1733    1732       1
    1692    1693    1734    1733       1
    1693    1694    1735    1734       1
    1694    1695    1736    1735       1
    1695    1696    1737    1736       1
    1696    1697    1738    1737       1
    1697    1698    1739    1738       1
    1698    1699    1740    1739       1
    1699    1700    1741    1740       1
    1700    1701    1742    1741       1
    1701    1702    1743    1742       1
    1702    1703    1744    1743       1
    1703    1704    1745    1744       1
    1704    1705    1746    1745       1
    1705    1706    1747    1746       1
    1706    1707    1748    1747       1
    1707    1708    1749    1748       1
    1708    1709    1750    1749       1
    1709    1710    1751    1750       1
    1710    1711    1752    1751       1
    1711    1712    1753    1752       1
    1712    1713    1754    1753       1
    1713    1714    1755    1754       1
    1714    1715    1756    1755       1
    1715    1716    1757    1756       1
    1716    1717    1758    1757       1
    1717    1718    1759    1758       1
    1718    1719    1760    1759       1
    1719    1720    1761    1760       1
    1720    1721    1762    1761       1
    1721    1722    1763    1762       1
    1723    1724    1765    1764       1
    1724    1725    1766    1765       1
    1725    1726    1767    1766       1
    1726    1727    1768    1767       1
    1727    1728    1769    1768       1
    1728    1729    1770    1769       1
    1729    1730    1771    1770       1
    1730    1731    1772    1771       1
    1731    1732    1773    1772       1
    1732    1733    1774    1773       1
    1733    1734    1775    1774       1
    1734    1735    1776    1775       1
    1735    1736    1777    1776       1
    1736    1737    1778    1777       1
    1737    1738    1779    1778       1
    1738    1739    1780    1779       1
    1739    1740    1781    1780       1
    1740    1741    1782    1781       1
    1741    1742    1783    1782       1
    1742    1743    1784    1783       1
    1743    1744    1785    1784       1
    1744    1745    1786    1785       1
    1745    1746    1787    1786       1
    1746    1747    1788    1787       1
    1747    1748    1789    1788       1
    1748    1749    1790    1789       1
    1749    1750    1791    1790       1
    1750    1751    1792    1791       1
    1751    1752    1793    1792       1
    1752    1753    1794    1793       1
    1753    1754    1795    1794       1
    1754    1755    1796    1795       1
    1755    1756    1797    1796       1
    1756    1757    1798    1797       1
    1757    1758    1799    1798       1
    1758    1759    1800    1799       1
    1759    1760    1801    1800       1
    1760    1761    1802    1801       1
    1761    1762    1803    1802       1
    1762    1763    1804    1803       1
    1764    1765    1806    1805       1
    1765    1766    1807    1806       1
    1766    1767    1808    1807       1
    1767    1768    1809    1808       1
    1768    1769    1810    1809       1
    1769    1770    1811    1810       1
    1770    1771    1812    1811       1
    1771    1772    1813    1812       1
    1772    1773    1814    1813       1
    1773    1774    1815    1814       1
    1774    1775    1816    1815       1
    1775    1776    1817    1816       1
    1776    1777    1818    1817       1
    1777    1778    1819    1818       1
    1778    1779    1820    1819       1
    1779    1780    1821    1820       1
    1780    1781    1822    1821       1
    1781    1782    1823    1822       1
    1782    1783    1824    1823       1
    1783    1784    1825    1824       1
    1784    1785    1826    1825       1
    1785    1786    1827    1826       1
    1786    1787    1828    1827       1
    1787    1788    1829    1828       1
    1788    1789    1830    1829       1
    1789    1790    1831    1830       1
    1790    1791    1832    1831       1
    1791    1792    1833    1832       1
    1792    1793    1834    1833       1
    1793    1794    1835    1834       1
    1794    1795    1836    1835       1
    1795    1796    1837    1836       1
    1796    1797    1838    1837       1
    1797    1798    1839    1838       1
    1798    1799    1840    1839       1
    1799    1800    1841    1840       1
    1800    1801    1842    1841       1
    1801    1802    1843    1842       1
    1802    1803    1844    1843       1
    1803    1804    1845    1844       1
    1805    1806    1847    1846       1
    1806    1807    1848    1847       1
    1807    1808    1849    1848       1
    1808    1809    1850    1849       1
    1809    1810    1851    1850       1
    1810    1811    1852    1851       1
    1811    1812    1853    1852       1
    1812    1813    1854    1853       1
    1813    1814    1855    1854       1
    1814    1815    1856    1855       1
    1815    1816    1857    1856       1
    1816    1817    1858    1857       1
    1817    1818    1859    1858       1
    1818    1819    1860    1859       1
    1819    1820    1861    1860       1
    1820    1821    1862    1861       1
    1821    1822    1863    1862       1
    1822    1823    1864    1863       1
    1823    1824    1865    1864       1
    1824    1825    1866    1865       1
    1825    1826    1867    1866       1
    1826    1827    1868    1867       1
    1827    1828    1869    1868       1
    1828    1829    1870    1869       1
    1829    1830    1871    1870       1
    1830    1831    1872    1871       1
    1831    1832    1873    1872       1
    1832    1833    1874    1873       1
    1833    1834    1875    1874       1
    1834    1835    1876    1875       1
    1835    1836    1877    1876       1
    1836    1837    1878    1877       1
    1837    1838    1879    1878       1
    1838    1839    1880    1879       1
    1839    1840    1881    1880       1
    1840    1841    1882    1881       1
    1841    1842    1883    1882       1
    1842    1843    1884    1883       1
    1843    1844    1885    1884       1
    1844    1845    1886    1885       1
    1846    1847    1888    1887       1
    1847    1848    1889    1888       1
    1848    1849    1890    1889       1
    1849    1850    1891    1890       1
    1850    1851    1892    1891       1
    1851    1852    1893    1892       1
    1852    1853    1894    1893       1
    1853    1854    1895    1894       1
    1854    1855    1896    1895       1
    1855    1856    1897    1896       1
    1856    1857    1898    1897       1
    1857    1858    1899    1898       1
    1858    1859    1900    1899       1
    1859    1860    1901    1900       1
    1860    1861    1902    1901       1
    1861    1862    1903    1902       1
    1862    1863    1904    1903       1
    1863    1864    1905    1904       1
    1864    1865    1906    1905       1
    1865    1866    1907    1906       1
    1866    1867    1908    1907       1
    1867    1868    1909    1908       1
    1868    1869    1910    1909       1
    1869    1870    1911    1910       1
    1870    1871    1912    1911       1
    1871    1872    1913    1912       1
    1872    1873    1914    1913       1
    1873    1874    1915    1914       1
    1874    1875    1916    1915       1
    1875    1876    1917    1916       1
    1876    1877    1918    1917       1
    1877    1878    1919    1918       1
    1878    1879    1920    1919       1
    1879    1880    1921    1920       1
    1880    1881    1922    1921       1
    1881    1882    1923    1922       1
    1882    1883    1924    1923       1
    1883    1884    1925    1924       1
    1884    1885    1926    1925       1
    1885    1886    1927    1926       1
    1887    1888    1929    1928       1
    1888    1889    1930    1929       1
    1889    1890    1931    1930       1
    1890    1891    1932    1931       1
    1891    1892    1933    1932       1
    1892    1893    1934    1933       1
    1893    1894    1935    1934       1
    1894    1895    1936    1935       1
    1895    1896    1937    1936       1
    1896    1897    1938    1937       1
    1897    1898    1939    1938       1
    1898    1899    1940    1939       1
    1899    1900    1941    1940       1
    1900    1901    1942    1941       1
    1901    1902    1943    1942       1
    1902    1903    1944    1943       1
    1903    1904    1945    1944       1
    1904    1905    1946    1945       1
    1905    1906    1947    1946       1
    1906    1907    1948    1947       1
    1907    1908    1949    1948       1
    1908    1909    1950    1949       1
    1909    1910    1951    1950       1
    1910    1911    1952    1951       1
    1911    1912    1953    1952       1
    1912    1913    1954    1953       1
    1913    1914    1955    1954       1
    1914    1915    1956    1955       1
    1915    1916    1957    1956       1
    1916    1917    1958    1957       1
    1917    1918    1959    1958       1
    1918    1919    1960    1959       1
    1919    1920    1961    1960       1
    1920    1921    1962    1961       1
    1921    1922    1963    1962       1
    1922    1923    1964    1963       1
    1923    1924    1965    1964       1
    1924    1925    1966    1965       1
    1925    1926    1967    1966       1
    1926    1927    1968    1967       1
    1928    1929    1970    1969       1
    1929    1930    1971    1970       1
    1930    1931    1972    1971       1
    1931    1932    1973    1972       1
    1932    1933    1974    1973       1
    1933    1934    1975    1974       1
    1934    1935    1976    1975       1
    1935    1936    1977    1976       1
    1936    1937    1978    1977       1
    1937    1938    1979    1978       1
    1938    1939    1980    1979       1
    1939    1940    1981    1980       1
    1940    1941    1982    1981       1
    1941    1942    1983    1982       1
    1942    1943    1984    1983       1
    1943    1944    1985    1984       1
    1944    1945    1986    1985       1
    1945    1946    1987    1986       1
    1946    1947    1988    1987       1
    1947    1948    1989    1988       1
    1948    1949    1990    1989       1
    1949    1950    1991    1990       1
    1950    1951    1992    1991       1
    1951    1952    1993    1992       1
    1952    1953    1994    1993       1
    1953    1954    1995    1994       1
    1954    1955    1996    1995       1
    1955    1956    1997    1996       1
    1956    1957    1998    1997       1
    1957    1958    1999    1998       1
    1958    1959    2000    1999       1
    1959    1960    2001    2000       1
    1960    1961    2002    2001       1
    1961    1962    2003    2002       1
    1962    1963    2004    2003       1
    1963    1964    2005    2004       1
    1964    1965    2006    2005       1
    1965    1966    2007    2006       1
    1966    1967    2008    2007       1
    1967    1968    2009    2008       1
    1969    1970    2011    2010       1
    1970    1971    2012    2011       1
    1971    1972    2013    2012       1
    1972    1973    2014    2013       1
    1973    1974    2015    2014       1
    1974    1975    2016    2015       1
    1975    1976    2017    2016       1
    1976    1977    2018    2017       1
    1977    1978    2019    2018       1
    1978    1979    2020    2019       1
    1979    1980    2021    2020       1
    1980    1981    2022    2021       1
    1981    1982    2023    2022       1
    1982    1983    2024    2023       1
    1983    1984    2025    2024       1
    1984    1985    2026    2025       1
    1985    1986    2027    2026       1
    1986    1987    2028    2027       1
    1987    1988    2029    2028       1
    1988    1989    2030    2029       1
    1989    1990    2031    2030       1
    1990    1991    2032    2031       1
    1991    1992    2033    2032       1
    1992    1993    2034    2033       1
    1993    1994    2035    2034       1
    1994    1995    2036    2035       1
    1995    1996    2037    2036       1
    1996    1997    2038    2037       1
    1997    1998    2039    2038       1
    1998    1999    2040    2039       1
    1999    2000    2041    2040       1
    2000    2001    2042    2041       1
    2001    2002    2043    2042       1
    2002    2003    2044    2043       1
    2003    2004    2045    2044       1
    2004    2005    2046    2045       1
    2005    2006    2047    2046       1
    2006    2007    2048    2047       1
    2007    2008    2049    2048       1
    2008    2009    2050    2049       1
    2010    2011    2052    2051       1
    2011    2012    2053    2052       1
    2012    2013    2054    2053       1
    2013    2014    2055    2054       1
    2014    2015    2056    2055       1
    2015    2016    2057    2056       1
    2016    2017    2058    2057       1
    2017    2018    2059    2058       1
    2018    2019    2060    2059       1
    2019    2020    2061    2060       1
    2020    2021    2062    2061       1
    2021    2022    2063    2062       1
    2022    2023    2064    2063       1
    2023    2024    2065    2064       1
    2024    2025    2066    2065       1
    2025    2026    2067    2066       1
    2026    2027    2068    2067       1
    2027    2028    2069    2068       1
    2028    2029    2070    2069       1
    2029    2030    2071    2070       1
    2030    2031    2072    2071       1
    2031    2032    2073    2072       1
    2032    2033    2074    2073       1
    2033    2034    2075    2074       1
    2034    2035    2076    2075       1
    2035    2036    2077    2076       1
    2036    2037    2078    2077       1
    2037    2038    2079    2078       1
    2038    2039    2080    2079       1
    2039    2040    2081    2080       1
    2040    2041    2082    2081       1
    2041    2042    2083    2082       1
    2042    2043    2084    2083       1
    2043    2044    2085    2084       1
    2044    2045    2086    2085       1
    2045    2046    2087    2086       1
    2046    2047    2088    2087       1
    2047    2048    2089    2088       1
    2048    2049    2090    2089       1
    2049    2050    2091    2090       1
    2051    2052    2093    2092       1
    2052    2053    2094    2093       1
    2053    2054    2095    2094       1
    2054    2055    2096    2095       1
    2055    2056    2097    2096       1
    2056    2057    2098    2097       1
    2057    2058    2099    2098       1
    2058    2059    2100    2099       1
    2059    2060    2101    2100       1
    2060    2061    2102    2101       1
    2061    2062    2103    2102       1
    2062    2063    2104    2103       1
    2063    2064    2105    2104       1
    2064    2065    2106    2105       1
    2065    2066    2107    2106       1
    2066    2067    2108    2107       1
    2067    2068    2109    2108       1
    2068    2069    2110    2109       1
    2069    2070    2111    2110       1
    2070    2071    2112    2111       1
    2071    2072    2113    2112       1
    2072    2073    2114    2113       1
    2073    2074    2115    2114       1
    2074    2075    2116    2115       1
    2075    2076    2117    2116       1
    2076    2077    2118    2117       1
    2077    2078    2119    2118       1
    2078    2079    2120    2119       1
    2079    2080    2121    2120       1
    2080    2081    2122    2121       1
    2081    2082    2123    2122       1
    2082    2083    2124    2123       1
    2083    2084    2125    2124       1
    2084    2085    2126    2125       1
    2085    2086    2127    2126       1
    2086    2087    2128    2127       1
    2087    2088    2129    2128       1
    2088    2089    2130    2129       1
    2089    2090    2131    2130       1
    2090    2091    2132    2131       1
    2092    2093    2134    2133       1
    2093    2094    2135    2134       1
    2094    2095    2136    2135       1
    2095    2096    2137    2136       1
    2096    2097    2138    2137       1
    2097    2098    2139    2138       1
    2098    2099    2140    2139       1
    2099    2100    2141    2140       1
    2100    2101    2142    2141       1
    2101    2102    2143    2142       1
    2102    2103    2144    2143       1
    2103    2104    2145    2144       1
    2104    2105    2146    2145       1
    2105    2106    2147    2146       1
    2106    2107    2148    2147       1
    2107    2108    2149    2148       1
    2108    2109    2150    2149       1
    2109    2110    2151    2150       1
    2110    2111    2152    2151       1
    2111    2112    2153    2152       1
    2112    2113    2154    2153       1
    2113    2114    2155    2154       1
    2114    2115    2156    2155       1
    2115    2116    2157    2156       1
    2116    2117    2158    2157       1
    2117    2118    2159    2158       1
    2118    2119    2160    2159       1
    2119    2120    2161    2160       1
    2120    2121    2162    2161       1
    2121    2122    2163    2162       1
    2122    2123    2164    2163       1
    2123    2124    2165    2164       1
    2124    2125    2166    2165       1
    2125    2126    2167    2166       1
    2126    2127    2168    2167       1
    2127    2128    2169    2168       1
    2128    2129    2170    2169       1
    2129    2130    2171    2170       1
    2130    2131    2172    2171       1
    2131    2132    2173    2172       1
    2133    2134    2175    2174       1
    2134    2135    2176    2175       1
    2135    2136    2177    2176       1
    2136    2137    2178    2177       1
    2137    2138    2179    2178       1
    2138    2139    2180    2179       1
    2139    2140    2181    2180       1
    2140    2141    2182    2181       1
    2141    2142    2183    2182       1
    2142    2143    2184    2183       1
    2143    2144    2185    2184       1
    2144    2145    2186    2185       1
    2145    2146    2187    2186       1
    2146    2147    2188    2187       1
    2147    2148    2189    2188       1
    2148    2149    2190    2189       1
    2149    2150    2191    2190       1
    2150    2151    2192    2191       1
    2151    2152    2193    2192       1
    2152    2153    2194    2193       1
    2153    2154    2195    2194       1
    2154    2155    2196    2195       1
    2155    2156    2197    2196       1
    2156    2157    2198    2197       1
    2157    2158    2199    2198       1
    2158    2159    2200    2199       1
    2159    2160    2201    2200       1
    2160    2161    2202    2201       1
    2161    2162    2203    2202       1
    2162    2163    2204    2203       1
    2163    2164    2205    2204       1
    2164    2165    2206    2205       1
    2165    2166    2207    2206       1
    2166    2167    2208    2207       1
    2167    2168    2209    2208       1
    2168    2169    2210    2209       1
    2169    2170    2211    2210       1
    2170    2171    2212    2211       1
    2171    2172    2213    2212       1
    2172    2173    2214    2213       1
    2174    2175    2216    2215       1
    2175    2176    2217    2216       1
    2176    2177    2218    2217       1
    2177    2178    2219    2218       1
    2178    2179    2220    2219       1
    2179    2180    2221    2220       1
    2180    2181    2222    2221       1
    2181    2182    2223    2222       1
    2182    2183    2224    2223       1
    2183    2184    2225    2224       1
    2184    2185    2226    2225       1
    2185    2186    2227    2226       1
    2186    2187    2228    2227       1
    2187    2188    2229    2228       1
    2188    2189    2230    2229       1
    2189    2190    2231    2230       1
    2190    2191    2232    2231       1
    2191    2192    2233    2232       1
    2192    2193    2234    2233       1
    2193    2194    2235    2234       1
    2194    2195    2236    2235       1
    2195    2196    2237    2236       1
    2196    2197    2238    2237       1
    2197    2198    2239    2238       1
    2198    2199    2240    2239       1
    2199    2200    2241    2240       1
    2200    2201    2242    2241       1
    2201    2202    2243    2242       1
    2202    2203    2244    2243       1
    2203    2204    2245    2244       1
    2204    2205    2246    2245       1
    2205    2206    2247    2246       1
    2206    2207    2248    2247       1
    2207    2208    2249    2248       1
    2208    2209    2250    2249       1
    2209    2210    2251    2250       1
    2210    2211    2252    2251       1
    2211    2212    2253    2252       1
    2212    2213    2254    2253       1
    2213    2214    2255    2254       1
    2215    2216    2257    2256       1
    2216    2217    2258    2257       1
    2217    2218    2259    2258       1
    2218    2219    2260    2259       1
    2219    2220    2261    2260       1
    2220    2221    2262    2261       1
    2221    2222    2263    2262       1
    2222    2223    2264    2263       1
    2223    2224    2265    2264       1
    2224    2225    2266    2265       1
    2225    2226    2267    2266       1
    2226    2227    2268    2267       1
    2227    2228    2269    2268       1
    2228    2229    2270    2269       1
    2229    2230    2271    2270       1
    2230    2231    2272    2271       1
    2231    2232    2273    2272       1
    2232    2233    2274    2273       1
    2233    2234    2275    2274       1
    2234    2235    2276    2275       1
    2235    2236    2277    2276       1
    2236    2237    2278    2277       1
    2237    2238    2279    2278       1
    2238    2239    2280    2279       1
    2239    2240    2281    2280       1
    2240    2241    2282    2281       1
    2241    2242    2283    2282       1
    2242    2243    2284    2283       1
    2243    2244    2285    2284       1
    2244    2245    2286    2285       1
    2245    2246    2287    2286       1
    2246    2247    2288    2287       1
    2247    2248    2289    2288       1
    2248    2249    2290    2289       1
    2249    2250    2291    2290       1
    2250    2251    2292    2291       1
    2251    2252    2293    2292       1
    2252    2253    2294    2293       1
    2253    2254    2295    2294       1
    2254    2255    2296    2295       1
    2256    2257    2298    2297       1
    2257    2258    2299    2298       1
    2258    2259    2300    2299       1
    2259    2260    2301    2300       1
    2260    2261    2302    2301       1
    2261    2262    2303    2302       1
    2262    2263    2304    2303       1
    2263    2264    2305    2304       1
    2264    2265    2306    2305       1
    2265    2266    2307    2306       1
    2266    2267    2308    2307       1
    2267    2268    2309    2308       1
    2268    2269    2310    2309       1
    2269    2270    2311    2310       1
    2270    2271    2312    2311       1
    2271    2272    2313    2312       1
    2272    2273    2314    2313       1
    2273    2274    2315    2314       1
    2274    2275    2316    2315       1
    2275    2276    2317    2316       1
    2276    2277    2318    2317       1
    2277    2278    2319    2318       1
    2278    2279    2320    2319       1
    2279    2280    2321    2320       1
    2280    2281    2322    2321       1
    2281    2282    2323    2322       1
    2282    2283    2324    2323       1
    2283    2284    2325    2324       1
    2284    2285    2326    2325       1
    2285    2286    2327    2326       1
    2286    2287    2328    2327       1
    2287    2288    2329    2328       1
    2288    2289    2330    2329       1
    2289    2290    2331    2330       1
    2290    2291    2332    2331       1
    2291    2292    2333    2332       1
    2292    2293    2334    2333       1
    2293    2294    2335    2334       1
    2294    2295    2336    2335       1
    2295    2296    2337    2336       1
    2297    2298    2339    2338       1
    2298    2299    2340    2339       1
    2299    2300    2341    2340       1
    2300    2301    2342    2341       1
    2301    2302    2343    2342       1
    2302    2303    2344    2343       1
    2303    2304    2345    2344       1
    2304    2305    2346    2345       1
    2305    2306    2347    2346       1
    2306    2307    2348    2347       1
    2307    2308    2349    2348       1
    2308    2309    2350    2349       1
    2309    2310    2351    2350       1
    2310    2311    2352    2351       1
    2311    2312    2353    2352       1
    2312    2313    2354    2353       1
    2313    2314    2355    2354       1
    2314    2315    2356    2355       1
    2315    2316    2357    2356       1
    2316    2317    2358    2357       1
    2317    2318    2359    2358       1
    2318    2319    2360    2359       1
    2319    2320    2361    2360       1
    2320    2321    2362    2361       1
    2321    2322    2363    2362       1
    2322    2323    2364    2363       1
    2323    2324    2365    2364       1
    2324    2325    2366    2365       1
    2325    2326    2367    2366       1
    2326    2327    2368    2367       1
    2327    2328    2369    2368       1
    2328    2329    2370    2369       1
    2329    2330    2371    2370       1
    2330    2331    2372    2371       1
    2331    2332    2373    2372       1
    2332    2333    2374    2373       1
    2333    2334    2375    2374       1
    2334    2335    2376    2375       1
    2335    2336    2377    2376       1
    2336    2337    2378    2377       1
    2338    2339    2380    2379       1
    2339    2340    2381    2380       1
    2340    2341    2382    2381       1
    2341    2342    2383    2382       1
    2342    2343    2384    2383       1
    2343    2344    2385    2384       1
    2344    2345    2386    2385       1
    2345    2346    2387    2386       1
    2346    2347    2388    2387       1
    2347    2348    2389    2388       1
    2348    2349    2390    2389       1
    2349    2350    2391    2390       1
    2350    2351    2392    2391       1
    2351    2352    2393    2392       1
    2352    2353    2394    2393       1
    2353    2354    2395    2394       1
    2354    2355    2396    2395       1
    2355    2356    2397    2396       1
    2356    2357    2398    2397       1
    2357    2358    2399    2398       1
    2358    2359    2400    2399       1
    2359    2360    2401    2400       1
    2360    2361    2402    2401       1
    2361    2362    2403    2402       1
    2362    2363    2404    2403       1
    2363    2364    2405    2404       1
    2364    2365    2406    2405       1
    2365    2366    2407    2406       1
    2366    2367    2408    2407       1
    2367    2368    2409    2408       1
    2368    2369    2410    2409       1
    2369    2370    2411    2410       1
    2370    2371    2412    2411       1
    2371    2372    2413    2412       1
    2372    2373    2414    2413       1
    2373    2374    2415    2414       1
    2374    2375    2416    2415       1
    2375    2376    2417    2416       1
    2376    2377    2418    2417       1
    2377    2378    2419    2418       1
    2379    2380    2421    2420       1
    2380    2381    2422    2421       1
    2381    2382    2423    2422       1
    2382    2383    2424    2423       1
    2383    2384    2425    2424       1
    2384    2385    2426    2425       1
    2385    2386    2427    2426       1
    2386    2387    2428    2427       1
    2387    2388    2429    2428       1
    2388    2389    2430    2429       1
    2389    2390    2431    2430       1
    2390    2391    2432    2431       1
    2391    2392    2433    2432       1
    2392    2393    2434    2433       1
    2393    2394    2435    2434       1
    2394    2395    2436    2435       1
    2395    2396    2437    2436       1
    2396    2397    2438    2437       1
    2397    2398    2439    2438       1
    2398    2399    2440    2439       1
    2399    2400    2441    2440       1
    2400    2401    2442    2441       1
    2401    2402    2443    2442       1
    2402    2403    2444    2443       1
    2403    2404    2445    2444       1
    2404    2405    2446    2445       1
    2405    2406    2447    2446       1
    2406    2407    2448    2447       1
    2407    2408    2449    2448       1
    2408    2409    2450    2449       1
    2409    2410    2451    2450       1
    2410    2411    2452    2451       1
    2411    2412    2453    2452       1
    2412    2413    2454    2453       1
    2413    2414    2455    2454       1
    2414    2415    2456    2455       1
    2415    2416    2457    2456       1
    2416    2417    2458    2457       1
    2417    2418    2459    2458       1
    2418    2419    2460    2459       1
    2420    2421    2462    2461       1
    2421    2422    2463    2462       1
    2422    2423    2464    2463       1
    2423    2424    2465    2464       1
    2424    2425    2466    2465       1
    2425    2426    2467    2466       1
    2426    2427    2468    2467       1
    2427    2428    2469    2468       1
    2428    2429    2470    2469       1
    2429    2430    2471    2470       1
    2430    2431    2472    2471       1
    2431    2432    2473    2472       1
    2432    2433    2474    2473       1
    2433    2434    2475    2474       1
    2434    2435    2476    2475       1
    2435    2436    2477    2476       1
    2436    2437    2478    2477       1
    2437    2438    2479    2478       1
    2438    2439    2480    2479       1
    2439    2440    2481    2480       1
    2440    2441    2482    2481       1
    2441    2442    2483    2482       1
    2442    2443    2484    2483       1
    2443    2444    2485    2484       1
    2444    2445    2486    2485       1
    2445    2446    2487    2486       1
    2446    2447    2488    2487       1
    2447    2448    2489    2488       1
    2448    2449    2490    2489       1
    2449    2450    2491    2490       1
    2450    2451    2492    2491       1
    2451    2452    2493    2492       1
    2452    2453    2494    2493       1
    2453    2454    2495    2494       1
    2454    2455    2496    2495       1
    2455    2456    2497    2496       1
    2456    2457    2498    2497       1
    2457    2458    2499    2498       1
    2458    2459    2500    2499       1
    2459    2460    2501    2500       1
