       1       1       1       0       0     999
       2       1       1       0       0     999
       3       1       1       0       0     999
       4       1       1       0       0     999
       5       1       1       0       0     999
       6       1       1       0       0     999
       7       1       1       0       0     999
       8       1       1       0       0     999
       9       1       1       0       0     999
      10       1       1       0       0     999
      11       1       1       0       0     999
      12       1       1       0       0     999
      13       1       1       0       0     999
      14       1       1       0       0     999
      15       1       1       0       0     999
      16       1       1       0       0     999
      17       1       1       0       0     999
      18       1       1       0       0     999
      19       1       1       0       0     999
      20       1       1       0       0     999
      21       1       1       0       0     999
      22       1       1       0       0     999
      23       1       1       0       0     999
      24       1       1       0       0     999
      25       1       1       0       0     999
      26       1       1       0       0     999
      27       1       1       0       0     999
      28       1       1       0       0     999
      29       1       1       0       0     999
      30       1       1       0       0     999
      31       1       1       0       0     999
      32       1       1       0       0     999
      33       1       1       0       0     999
      34       1       1       0       0     999
      35       1       1       0       0     999
      36       1       1       0       0     999
      37       1       1       0       0     999
      38       1       1       0       0     999
      39       1       1       0       0     999
      40       1       1       0       0     999
       1       1       0       0       1    -999
      40       0       1       1       0    -999
      41       1       0       0       1    -999
      80       0       1       1       0    -999
      81       1       0       0       1    -999
     120       0       1       1       0    -999
     121       1       0       0       1    -999
     160       0       1       1       0    -999
     161       1       0       0       1    -999
     200       0       1       1       0    -999
     201       1       0       0       1    -999
     240       0       1       1       0    -999
     241       1       0       0       1    -999
     280       0       1       1       0    -999
     281       1       0       0       1    -999
     320       0       1       1       0    -999
     321       1       0       0       1    -999
     360       0       1       1       0    -999
     361       1       0       0       1    -999
     400       0       1       1       0    -999
     401       1       0       0       1    -999
     440       0       1       1       0    -999
     441       1       0       0       1    -999
     480       0       1       1       0    -999
     481       1       0       0       1    -999
     520       0       1       1       0    -999
     521       1       0       0       1    -999
     560       0       1       1       0    -999
     561       1       0       0       1    -999
     600       0       1       1       0    -999
     601       1       0       0       1    -999
     640       0       1       1       0    -999
     641       1       0       0       1    -999
     680       0       1       1       0    -999
     681       1       0       0       1    -999
     720       0       1       1       0    -999
     721       1       0       0       1    -999
     760       0       1       1       0    -999
     761       1       0       0       1    -999
     800       0       1       1       0    -999
     801       1       0       0       1    -999
     840       0       1       1       0    -999
     841       1       0       0       1    -999
     880       0       1       1       0    -999
     881       1       0       0       1    -999
     920       0       1       1       0    -999
     921       1       0       0       1    -999
     960       0       1       1       0    -999
     961       1       0       0       1    -999
    1000       0       1       1       0    -999
    1001       1       0       0       1    -999
    1040       0       1       1       0    -999
    1041       1       0       0       1    -999
    1080       0       1       1       0    -999
    1081       1       0       0       1    -999
    1120       0       1       1       0    -999
    1121       1       0       0       1    -999
    1160       0       1       1       0    -999
    1161       1       0       0       1    -999
    1200       0       1       1       0    -999
    1201       1       0       0       1    -999
    1240       0       1       1       0    -999
    1241       1       0       0       1    -999
    1280       0       1       1       0    -999
    1281       1       0       0       1    -999
    1320       0       1       1       0    -999
    1321       1       0       0       1    -999
    1360       0       1       1       0    -999
    1361       1       0       0       1    -999
    1400       0       1       1       0    -999
    1401       1       0       0       1    -999
    1440       0       1       1       0    -999
    1441       1       0       0       1    -999
    1480       0       1       1       0    -999
    1481       1       0       0       1    -999
    1520       0       1       1       0    -999
    1521       1       0       0       1    -999
    1560       0       1       1       0    -999
    1561       1       0       0       1    -999
    1600       0       1       1       0    -999
    1601       1       0       0       1    -999
    1640       0       1       1       0    -999
    1641       1       0       0       1    -999
    1680       0       1       1       0    -999
    1681       1       0       0       1    -999
    1720       0       1       1       0    -999
    1721       1       0       0       1    -999
    1760       0       1       1       0    -999
    1761       1       0       0       1    -999
    1800       0       1       1       0    -999
    1801       1       0       0       1    -999
    1840       0       1       1       0    -999
    1841       1       0       0       1    -999
    1880       0       1       1       0    -999
    1881       1       0       0       1    -999
    1920       0       1       1       0    -999
    1921       1       0       0       1    -999
    1960       0       1       1       0    -999
    1961       1       0       0       1    -999
    2000       0       1       1       0    -999
    2001       1       0       0       1    -999
    2040       0       1       1       0    -999
    2041       1       0       0       1    -999
    2080       0       1       1       0    -999
    2081       1       0       0       1    -999
    2120       0       1       1       0    -999
    2121       1       0       0       1    -999
    2160       0       1       1       0    -999
    2161       1       0       0       1    -999
    2200       0       1       1       0    -999
    2201       1       0       0       1    -999
    2240       0       1       1       0    -999
    2241       1       0       0       1    -999
    2280       0       1       1       0    -999
    2281       1       0       0       1    -999
    2320       0       1       1       0    -999
    2321       1       0       0       1    -999
    2360       0       1       1       0    -999
    2361       1       0       1       1    -999
    2362       0       0       1       1    -999
    2363       0       0       1       1    -999
    2364       0       0       1       1    -999
    2365       0       0       1       1    -999
    2366       0       0       1       1    -999
    2367       0       0       1       1    -999
    2368       0       0       1       1    -999
    2369       0       0       1       1    -999
    2370       0       0       1       1    -999
    2371       0       0       1       1    -999
    2372       0       0       1       1    -999
    2373       0       0       1       1    -999
    2374       0       0       1       1    -999
    2375       0       0       1       1    -999
    2376       0       0       1       1    -999
    2377       0       0       1       1    -999
    2378       0       0       1       1    -999
    2379       0       0       1       1    -999
    2380       0       0       1       1    -999
    2381       0       0       1       1    -999
    2382       0       0       1       1    -999
    2383       0       0       1       1    -999
    2384       0       0       1       1    -999
    2385       0       0       1       1    -999
    2386       0       0       1       1    -999
    2387       0       0       1       1    -999
    2388       0       0       1       1    -999
    2389       0       0       1       1    -999
    2390       0       0       1       1    -999
    2391       0       0       1       1    -999
    2392       0       0       1       1    -999
    2393       0       0       1       1    -999
    2394       0       0       1       1    -999
    2395       0       0       1       1    -999
    2396       0       0       1       1    -999
    2397       0       0       1       1    -999
    2398       0       0       1       1    -999
    2399       0       0       1       1    -999
    2400       0       1       1       1    -999
