1
2
3
4
5
6
7
8
9
10
11
12
13
14
15
16
17
18
19
20
21
22
23
24
25
26
27
28
29
30
31
32
33
34
35
36
37
38
39
40
41
1
41
42
82
83
123
124
164
165
205
206
246
247
287
288
328
329
369
370
410
411
451
452
492
493
533
534
574
575
615
616
656
657
697
698
738
739
779
780
820
821
861
862
902
903
943
944
984
985
1025
1026
1066
1067
1107
1108
1148
1149
1189
1190
1230
1231
1271
1272
1312
1313
1353
1354
1394
1395
1435
1436
1476
1477
1517
1518
1558
1559
1599
1600
1640
1641
1681
1682
1722
1723
1763
1764
1804
1805
1845
1846
1886
1887
1927
1928
1968
1969
2009
2010
2050
2051
2091
2092
2132
2133
2173
2174
2214
2215
2255
2256
2296
2297
2337
2338
2378
2379
2419
2420
2460
2461
2462
2463
2464
2465
2466
2467
2468
2469
2470
2471
2472
2473
2474
2475
2476
2477
2478
2479
2480
2481
2482
2483
2484
2485
2486
2487
2488
2489
2490
2491
2492
2493
2494
2495
2496
2497
2498
2499
2500
2501
