           1           1           2          71          48
           2           2           3          72          71
           3           3           4          73          72
           4           4           5          74          73
           5           5           6          75          74
           6           6           7          76          75
           7           7           8          77          76
           8           8           9          50          77
           9          48          71          78          47
          10          71          72          79          78
          11          72          73          80          79
          12          73          74          81          80
          13          74          75          82          81
          14          75          76          83          82
          15          76          77          84          83
          16          77          50          51          84
          17          47          78          85          46
          18          78          79          86          85
          19          79          80          87          86
          20          80          81          88          87
          21          81          82          89          88
          22          82          83          90          89
          23          83          84          91          90
          24          84          51          52          91
          25          46          85          92          45
          26          85          86          93          92
          27          86          87          94          93
          28          87          88          95          94
          29          88          89          96          95
          30          89          90          97          96
          31          90          91          98          97
          32          91          52          53          98
          33          45          92          99          44
          34          92          93         100          99
          35          93          94         101         100
          36          94          95         102         101
          37          95          96         103         102
          38          96          97         104         103
          39          97          98         105         104
          40          98          53          54         105
          41          44          99         106          43
          42          99         100         107         106
          43         100         101         108         107
          44         101         102         109         108
          45         102         103         110         109
          46         103         104         111         110
          47         104         105         112         111
          48         105          54          55         112
          49          43         106         113          42
          50         106         107         114         113
          51         107         108         115         114
          52         108         109         116         115
          53         109         110         117         116
          54         110         111         118         117
          55         111         112         119         118
          56         112          55          56         119
          57          42         113          64          41
          58         113         114          65          64
          59         114         115          66          65
          60         115         116          67          66
          61         116         117          68          67
          62         117         118          69          68
          63         118         119          70          69
          64         119          56          49          70
          65          16          17          18         120
          66         120          18          19         121
          67         121          19          20         122
          68         122          20          21         123
          69         123          21          22         124
          70         124          22          23         125
          71         125          23          24         126
          72         126          24          25          57
          73          15          16         120         127
          74         127         120         121         128
          75         128         121         122         129
          76         129         122         123         130
          77         130         123         124         131
          78         131         124         125         132
          79         132         125         126         133
          80         133         126          57          58
          81          14          15         127         134
          82         134         127         128         135
          83         135         128         129         136
          84         136         129         130         137
          85         137         130         131         138
          86         138         131         132         139
          87         139         132         133         140
          88         140         133          58          59
          89          13          14         134         141
          90         141         134         135         142
          91         142         135         136         143
          92         143         136         137         144
          93         144         137         138         145
          94         145         138         139         146
          95         146         139         140         147
          96         147         140          59          60
          97          12          13         141         148
          98         148         141         142         149
          99         149         142         143         150
         100         150         143         144         151
         101         151         144         145         152
         102         152         145         146         153
         103         153         146         147         154
         104         154         147          60          61
         105          11          12         148         155
         106         155         148         149         156
         107         156         149         150         157
         108         157         150         151         158
         109         158         151         152         159
         110         159         152         153         160
         111         160         153         154         161
         112         161         154          61          62
         113          10          11         155         162
         114         162         155         156         163
         115         163         156         157         164
         116         164         157         158         165
         117         165         158         159         166
         118         166         159         160         167
         119         167         160         161         168
         120         168         161          62          63
         121           9          10         162          50
         122          50         162         163          51
         123          51         163         164          52
         124          52         164         165          53
         125          53         165         166          54
         126          54         166         167          55
         127          55         167         168          56
         128          56         168          63          49
         129         169          32          33          34
         130          35         170         169          34
         131          36         171         170          35
         132          37         172         171          36
         133          38         173         172          37
         134          39         174         173          38
         135          40         175         174          39
         136          41          64         175          40
         137         176          31          32         169
         138         177         176         169         170
         139         171         178         177         170
         140         172         179         178         171
         141         173         180         179         172
         142         174         181         180         173
         143         175         182         181         174
         144          64          65         182         175
         145         183          30          31         176
         146         184         183         176         177
         147         185         184         177         178
         148         179         186         185         178
         149         180         187         186         179
         150         181         188         187         180
         151         182         189         188         181
         152          65          66         189         182
         153         190          29          30         183
         154         191         190         183         184
         155         192         191         184         185
         156         193         192         185         186
         157         187         194         193         186
         158         188         195         194         187
         159         189         196         195         188
         160          66          67         196         189
         161         197          28          29         190
         162         198         197         190         191
         163         199         198         191         192
         164         200         199         192         193
         165         201         200         193         194
         166         195         202         201         194
         167         196         203         202         195
         168          67          68         203         196
         169         204          27          28         197
         170         205         204         197         198
         171         206         205         198         199
         172         207         206         199         200
         173         208         207         200         201
         174         209         208         201         202
         175         203         210         209         202
         176          68          69         210         203
         177         211          26          27         204
         178         212         211         204         205
         179         213         212         205         206
         180         214         213         206         207
         181         215         214         207         208
         182         216         215         208         209
         183         217         216         209         210
         184          69          70         217         210
         185          57          25          26         211
         186          58          57         211         212
         187          59          58         212         213
         188          60          59         213         214
         189          61          60         214         215
         190          62          61         215         216
         191          63          62         216         217
         192          49          63         217          70
         193           1          48         271         248
         194          48          47         272         271
         195          47          46         273         272
         196          46          45         274         273
         197          45          44         275         274
         198          44          43         276         275
         199          43          42         277         276
         200          42          41         250         277
         201         248         271         278         247
         202         271         272         279         278
         203         272         273         280         279
         204         273         274         281         280
         205         274         275         282         281
         206         275         276         283         282
         207         276         277         284         283
         208         277         250         251         284
         209         247         278         285         246
         210         278         279         286         285
         211         279         280         287         286
         212         280         281         288         287
         213         281         282         289         288
         214         282         283         290         289
         215         283         284         291         290
         216         284         251         252         291
         217         246         285         292         245
         218         285         286         293         292
         219         286         287         294         293
         220         287         288         295         294
         221         288         289         296         295
         222         289         290         297         296
         223         290         291         298         297
         224         291         252         253         298
         225         245         292         299         244
         226         292         293         300         299
         227         293         294         301         300
         228         294         295         302         301
         229         295         296         303         302
         230         296         297         304         303
         231         297         298         305         304
         232         298         253         254         305
         233         244         299         306         243
         234         299         300         307         306
         235         300         301         308         307
         236         301         302         309         308
         237         302         303         310         309
         238         303         304         311         310
         239         304         305         312         311
         240         305         254         255         312
         241         243         306         313         242
         242         306         307         314         313
         243         307         308         315         314
         244         308         309         316         315
         245         309         310         317         316
         246         310         311         318         317
         247         311         312         319         318
         248         312         255         256         319
         249         242         313         264         241
         250         313         314         265         264
         251         314         315         266         265
         252         315         316         267         266
         253         316         317         268         267
         254         317         318         269         268
         255         318         319         270         269
         256         319         256         249         270
         257          34          33         218         320
         258         320         218         219         321
         259         321         219         220         322
         260         322         220         221         323
         261         323         221         222         324
         262         324         222         223         325
         263         325         223         224         326
         264         326         224         225         257
         265          35          34         320         327
         266         327         320         321         328
         267         328         321         322         329
         268         329         322         323         330
         269         330         323         324         331
         270         331         324         325         332
         271         332         325         326         333
         272         333         326         257         258
         273          36          35         327         334
         274         334         327         328         335
         275         335         328         329         336
         276         336         329         330         337
         277         337         330         331         338
         278         338         331         332         339
         279         339         332         333         340
         280         340         333         258         259
         281          37          36         334         341
         282         341         334         335         342
         283         342         335         336         343
         284         343         336         337         344
         285         344         337         338         345
         286         345         338         339         346
         287         346         339         340         347
         288         347         340         259         260
         289          38          37         341         348
         290         348         341         342         349
         291         349         342         343         350
         292         350         343         344         351
         293         351         344         345         352
         294         352         345         346         353
         295         353         346         347         354
         296         354         347         260         261
         297          39          38         348         355
         298         355         348         349         356
         299         356         349         350         357
         300         357         350         351         358
         301         358         351         352         359
         302         359         352         353         360
         303         360         353         354         361
         304         361         354         261         262
         305          40          39         355         362
         306         362         355         356         363
         307         363         356         357         364
         308         364         357         358         365
         309         365         358         359         366
         310         366         359         360         367
         311         367         360         361         368
         312         368         361         262         263
         313          41          40         362         250
         314         250         362         363         251
         315         251         363         364         252
         316         252         364         365         253
         317         253         365         366         254
         318         254         366         367         255
         319         255         367         368         256
         320         256         368         263         249
         321         369         232         233         234
         322         235         370         369         234
         323         236         371         370         235
         324         237         372         371         236
         325         238         373         372         237
         326         239         374         373         238
         327         240         375         374         239
         328         241         264         375         240
         329         376         231         232         369
         330         377         376         369         370
         331         371         378         377         370
         332         372         379         378         371
         333         373         380         379         372
         334         374         381         380         373
         335         375         382         381         374
         336         264         265         382         375
         337         383         230         231         376
         338         384         383         376         377
         339         385         384         377         378
         340         379         386         385         378
         341         380         387         386         379
         342         381         388         387         380
         343         382         389         388         381
         344         265         266         389         382
         345         390         229         230         383
         346         391         390         383         384
         347         392         391         384         385
         348         393         392         385         386
         349         387         394         393         386
         350         388         395         394         387
         351         389         396         395         388
         352         266         267         396         389
         353         397         228         229         390
         354         398         397         390         391
         355         399         398         391         392
         356         400         399         392         393
         357         401         400         393         394
         358         395         402         401         394
         359         396         403         402         395
         360         267         268         403         396
         361         404         227         228         397
         362         405         404         397         398
         363         406         405         398         399
         364         407         406         399         400
         365         408         407         400         401
         366         409         408         401         402
         367         403         410         409         402
         368         268         269         410         403
         369         411         226         227         404
         370         412         411         404         405
         371         413         412         405         406
         372         414         413         406         407
         373         415         414         407         408
         374         416         415         408         409
         375         417         416         409         410
         376         269         270         417         410
         377         257         225         226         411
         378         258         257         411         412
         379         259         258         412         413
         380         260         259         413         414
         381         261         260         414         415
         382         262         261         415         416
         383         263         262         416         417
         384         249         263         417         270
         385           1         248         471         448
         386         248         247         472         471
         387         247         246         473         472
         388         246         245         474         473
         389         245         244         475         474
         390         244         243         476         475
         391         243         242         477         476
         392         242         241         450         477
         393         448         471         478         447
         394         471         472         479         478
         395         472         473         480         479
         396         473         474         481         480
         397         474         475         482         481
         398         475         476         483         482
         399         476         477         484         483
         400         477         450         451         484
         401         447         478         485         446
         402         478         479         486         485
         403         479         480         487         486
         404         480         481         488         487
         405         481         482         489         488
         406         482         483         490         489
         407         483         484         491         490
         408         484         451         452         491
         409         446         485         492         445
         410         485         486         493         492
         411         486         487         494         493
         412         487         488         495         494
         413         488         489         496         495
         414         489         490         497         496
         415         490         491         498         497
         416         491         452         453         498
         417         445         492         499         444
         418         492         493         500         499
         419         493         494         501         500
         420         494         495         502         501
         421         495         496         503         502
         422         496         497         504         503
         423         497         498         505         504
         424         498         453         454         505
         425         444         499         506         443
         426         499         500         507         506
         427         500         501         508         507
         428         501         502         509         508
         429         502         503         510         509
         430         503         504         511         510
         431         504         505         512         511
         432         505         454         455         512
         433         443         506         513         442
         434         506         507         514         513
         435         507         508         515         514
         436         508         509         516         515
         437         509         510         517         516
         438         510         511         518         517
         439         511         512         519         518
         440         512         455         456         519
         441         442         513         464         441
         442         513         514         465         464
         443         514         515         466         465
         444         515         516         467         466
         445         516         517         468         467
         446         517         518         469         468
         447         518         519         470         469
         448         519         456         449         470
         449         234         233         418         520
         450         520         418         419         521
         451         521         419         420         522
         452         522         420         421         523
         453         523         421         422         524
         454         524         422         423         525
         455         525         423         424         526
         456         526         424         425         457
         457         235         234         520         527
         458         527         520         521         528
         459         528         521         522         529
         460         529         522         523         530
         461         530         523         524         531
         462         531         524         525         532
         463         532         525         526         533
         464         533         526         457         458
         465         236         235         527         534
         466         534         527         528         535
         467         535         528         529         536
         468         536         529         530         537
         469         537         530         531         538
         470         538         531         532         539
         471         539         532         533         540
         472         540         533         458         459
         473         237         236         534         541
         474         541         534         535         542
         475         542         535         536         543
         476         543         536         537         544
         477         544         537         538         545
         478         545         538         539         546
         479         546         539         540         547
         480         547         540         459         460
         481         238         237         541         548
         482         548         541         542         549
         483         549         542         543         550
         484         550         543         544         551
         485         551         544         545         552
         486         552         545         546         553
         487         553         546         547         554
         488         554         547         460         461
         489         239         238         548         555
         490         555         548         549         556
         491         556         549         550         557
         492         557         550         551         558
         493         558         551         552         559
         494         559         552         553         560
         495         560         553         554         561
         496         561         554         461         462
         497         240         239         555         562
         498         562         555         556         563
         499         563         556         557         564
         500         564         557         558         565
         501         565         558         559         566
         502         566         559         560         567
         503         567         560         561         568
         504         568         561         462         463
         505         241         240         562         450
         506         450         562         563         451
         507         451         563         564         452
         508         452         564         565         453
         509         453         565         566         454
         510         454         566         567         455
         511         455         567         568         456
         512         456         568         463         449
         513         569         432         433         434
         514         435         570         569         434
         515         436         571         570         435
         516         437         572         571         436
         517         438         573         572         437
         518         439         574         573         438
         519         440         575         574         439
         520         441         464         575         440
         521         576         431         432         569
         522         577         576         569         570
         523         571         578         577         570
         524         572         579         578         571
         525         573         580         579         572
         526         574         581         580         573
         527         575         582         581         574
         528         464         465         582         575
         529         583         430         431         576
         530         584         583         576         577
         531         585         584         577         578
         532         579         586         585         578
         533         580         587         586         579
         534         581         588         587         580
         535         582         589         588         581
         536         465         466         589         582
         537         590         429         430         583
         538         591         590         583         584
         539         592         591         584         585
         540         593         592         585         586
         541         587         594         593         586
         542         588         595         594         587
         543         589         596         595         588
         544         466         467         596         589
         545         597         428         429         590
         546         598         597         590         591
         547         599         598         591         592
         548         600         599         592         593
         549         601         600         593         594
         550         595         602         601         594
         551         596         603         602         595
         552         467         468         603         596
         553         604         427         428         597
         554         605         604         597         598
         555         606         605         598         599
         556         607         606         599         600
         557         608         607         600         601
         558         609         608         601         602
         559         603         610         609         602
         560         468         469         610         603
         561         611         426         427         604
         562         612         611         604         605
         563         613         612         605         606
         564         614         613         606         607
         565         615         614         607         608
         566         616         615         608         609
         567         617         616         609         610
         568         469         470         617         610
         569         457         425         426         611
         570         458         457         611         612
         571         459         458         612         613
         572         460         459         613         614
         573         461         460         614         615
         574         462         461         615         616
         575         463         462         616         617
         576         449         463         617         470
         577           1         448         655           2
         578         448         447         656         655
         579         447         446         657         656
         580         446         445         658         657
         581         445         444         659         658
         582         444         443         660         659
         583         443         442         661         660
         584         442         441         634         661
         585           2         655         662           3
         586         655         656         663         662
         587         656         657         664         663
         588         657         658         665         664
         589         658         659         666         665
         590         659         660         667         666
         591         660         661         668         667
         592         661         634         635         668
         593           3         662         669           4
         594         662         663         670         669
         595         663         664         671         670
         596         664         665         672         671
         597         665         666         673         672
         598         666         667         674         673
         599         667         668         675         674
         600         668         635         636         675
         601           4         669         676           5
         602         669         670         677         676
         603         670         671         678         677
         604         671         672         679         678
         605         672         673         680         679
         606         673         674         681         680
         607         674         675         682         681
         608         675         636         637         682
         609           5         676         683           6
         610         676         677         684         683
         611         677         678         685         684
         612         678         679         686         685
         613         679         680         687         686
         614         680         681         688         687
         615         681         682         689         688
         616         682         637         638         689
         617           6         683         690           7
         618         683         684         691         690
         619         684         685         692         691
         620         685         686         693         692
         621         686         687         694         693
         622         687         688         695         694
         623         688         689         696         695
         624         689         638         639         696
         625           7         690         697           8
         626         690         691         698         697
         627         691         692         699         698
         628         692         693         700         699
         629         693         694         701         700
         630         694         695         702         701
         631         695         696         703         702
         632         696         639         640         703
         633           8         697         648           9
         634         697         698         649         648
         635         698         699         650         649
         636         699         700         651         650
         637         700         701         652         651
         638         701         702         653         652
         639         702         703         654         653
         640         703         640         633         654
         641         434         433         618         704
         642         704         618         619         705
         643         705         619         620         706
         644         706         620         621         707
         645         707         621         622         708
         646         708         622         623         709
         647         709         623         624         710
         648         710         624         625         641
         649         435         434         704         711
         650         711         704         705         712
         651         712         705         706         713
         652         713         706         707         714
         653         714         707         708         715
         654         715         708         709         716
         655         716         709         710         717
         656         717         710         641         642
         657         436         435         711         718
         658         718         711         712         719
         659         719         712         713         720
         660         720         713         714         721
         661         721         714         715         722
         662         722         715         716         723
         663         723         716         717         724
         664         724         717         642         643
         665         437         436         718         725
         666         725         718         719         726
         667         726         719         720         727
         668         727         720         721         728
         669         728         721         722         729
         670         729         722         723         730
         671         730         723         724         731
         672         731         724         643         644
         673         438         437         725         732
         674         732         725         726         733
         675         733         726         727         734
         676         734         727         728         735
         677         735         728         729         736
         678         736         729         730         737
         679         737         730         731         738
         680         738         731         644         645
         681         439         438         732         739
         682         739         732         733         740
         683         740         733         734         741
         684         741         734         735         742
         685         742         735         736         743
         686         743         736         737         744
         687         744         737         738         745
         688         745         738         645         646
         689         440         439         739         746
         690         746         739         740         747
         691         747         740         741         748
         692         748         741         742         749
         693         749         742         743         750
         694         750         743         744         751
         695         751         744         745         752
         696         752         745         646         647
         697         441         440         746         634
         698         634         746         747         635
         699         635         747         748         636
         700         636         748         749         637
         701         637         749         750         638
         702         638         750         751         639
         703         639         751         752         640
         704         640         752         647         633
         705         753         632          17          16
         706          15         754         753          16
         707          14         755         754          15
         708          13         756         755          14
         709          12         757         756          13
         710          11         758         757          12
         711          10         759         758          11
         712           9         648         759          10
         713         760         631         632         753
         714         761         760         753         754
         715         755         762         761         754
         716         756         763         762         755
         717         757         764         763         756
         718         758         765         764         757
         719         759         766         765         758
         720         648         649         766         759
         721         767         630         631         760
         722         768         767         760         761
         723         769         768         761         762
         724         763         770         769         762
         725         764         771         770         763
         726         765         772         771         764
         727         766         773         772         765
         728         649         650         773         766
         729         774         629         630         767
         730         775         774         767         768
         731         776         775         768         769
         732         777         776         769         770
         733         771         778         777         770
         734         772         779         778         771
         735         773         780         779         772
         736         650         651         780         773
         737         781         628         629         774
         738         782         781         774         775
         739         783         782         775         776
         740         784         783         776         777
         741         785         784         777         778
         742         779         786         785         778
         743         780         787         786         779
         744         651         652         787         780
         745         788         627         628         781
         746         789         788         781         782
         747         790         789         782         783
         748         791         790         783         784
         749         792         791         784         785
         750         793         792         785         786
         751         787         794         793         786
         752         652         653         794         787
         753         795         626         627         788
         754         796         795         788         789
         755         797         796         789         790
         756         798         797         790         791
         757         799         798         791         792
         758         800         799         792         793
         759         801         800         793         794
         760         653         654         801         794
         761         641         625         626         795
         762         642         641         795         796
         763         643         642         796         797
         764         644         643         797         798
         765         645         644         798         799
         766         646         645         799         800
         767         647         646         800         801
         768         633         647         801         654
