           1   4.50000000000000        8.00000000000000     
           2   4.50000000000000        7.96875000000000     
           3   4.50000000000000        7.93750000000000     
           4   4.50000000000000        7.90625000000000     
           5   4.50000000000000        7.87500000000000     
           6   4.50000000000000        7.84375000000000     
           7   4.50000000000000        7.81250000000000     
           8   4.50000000000000        7.78125000000000     
           9   4.50000000000000        7.75000000000000     
          10   4.50000000000000        7.71875000000000     
          11   4.50000000000000        7.68750000000000     
          12   4.50000000000000        7.65625000000000     
          13   4.50000000000000        7.62500000000000     
          14   4.50000000000000        7.59375000000000     
          15   4.50000000000000        7.56250000000000     
          16   4.50000000000000        7.53125000000000     
          17   4.50000000000000        7.50000000000000     
          18   4.54900857016500        7.50240763666400     
          19   4.59754516100800        7.50960735979850     
          20   4.64514233862700        7.52152983213400     
          21   4.69134171618250        7.53806023374450     
          22   4.73569836841300        7.55903936782600     
          23   4.77778511651000        7.58426519384850     
          24   4.81719664208200        7.61349477331850     
          25   4.85355339059350        7.64644660940650     
          26   4.88650522668150        7.68280335791800     
          27   4.91573480615150        7.72221488349000     
          28   4.94096063217400        7.76430163158700     
          29   4.96193976625550        7.80865828381750     
          30   4.97847016786600        7.85485766137300     
          31   4.99039264020150        7.90245483899200     
          32   4.99759236333600        7.95099142983500     
          33   5.00000000000000        8.00000000000000     
          34   4.96875000000000        8.00000000000000     
          35   4.93750000000000        8.00000000000000     
          36   4.90625000000000        8.00000000000000     
          37   4.87500000000000        8.00000000000000     
          38   4.84375000000000        8.00000000000000     
          39   4.81250000000000        8.00000000000000     
          40   4.78125000000000        8.00000000000000     
          41   4.75000000000000        8.00000000000000     
          42   4.71875000000000        8.00000000000000     
          43   4.68750000000000        8.00000000000000     
          44   4.65625000000000        8.00000000000000     
          45   4.62500000000000        8.00000000000000     
          46   4.59375000000000        8.00000000000000     
          47   4.56250000000000        8.00000000000000     
          48   4.53125000000000        8.00000000000000     
          49   4.73570226039550        7.76429773960450     
          50   4.53263886290750        7.74163679653250     
          51   4.56481465907800        7.73703659111400     
          52   4.59619316531050        7.73571145040400     
          53   4.62654942390950        7.73721741352850     
          54   4.65574022768900        7.74115772803250     
          55   4.68368289134150        7.74718218925800     
          56   4.71033903087900        7.75498435621400     
          57   4.83882199931850        7.66117800068150     
          58   4.82409060804400        7.67590939195600     
          59   4.80935921676900        7.69064078323100     
          60   4.79462782549450        7.70537217450550     
          61   4.77989643421950        7.72010356578050     
          62   4.76516504294500        7.73483495705500     
          63   4.75043365167000        7.74956634833000     
          64   4.75836320346750        7.96736113709250     
          65   4.76296340888600        7.93518534092200     
          66   4.76428854959600        7.90380683468950     
          67   4.76278258647150        7.87345057609050     
          68   4.75884227196750        7.84425977231100     
          69   4.75281781074200        7.81631710865850     
          70   4.74501564378600        7.78966096912100     
          71   4.54235274991500        7.95764725008500     
          72   4.54308477154000        7.92264801749500     
          73   4.54199624408750        7.89059604377000     
          74   4.54037184541600        7.85986622388300     
          75   4.53854035173250        7.82983061118700     
          76   4.53661430455600        7.80020220640150     
          77   4.53463995495800        7.77083239167700     
          78   4.57735198250500        7.95691522846000     
          79   4.58102265201100        7.91897734798900     
          80   4.58065918636200        7.88480674377200     
          81   4.57856612280450        7.85301312260850     
          82   4.57563171532850        7.82275343339700     
          83   4.57224854480250        7.79352552149500     
          84   4.56860889208600        7.76501961784800     
          85   4.60940395623000        7.95800375591250     
          86   4.61519325622800        7.91934081363800     
          87   4.61600970628850        7.88399029371150     
          88   4.61414276793900        7.85124624869550     
          89   4.61073724741450        7.82046757690800     
          90   4.60640402337650        7.79117034589350     
          91   4.60148794687000        7.76300320298300     
          92   4.64013377611700        7.95962815458400     
          93   4.64698687739150        7.92143387719550     
          94   4.64875375130450        7.88585723206100     
          95   4.64731391274700        7.85268608725300     
          96   4.64379498085800        7.82156131419700     
          97   4.63889255825500        7.79213259692450     
          98   4.63304812383500        7.76409982791800     
          99   4.67016938881300        7.96145964826750     
         100   4.67724656660300        7.92436828467150     
         101   4.67953242309200        7.88926275258550     
         102   4.67843868580300        7.85620501914200     
         103   4.67493527138750        7.82506472861250     
         104   4.66969368275150        7.79564566395750     
         105   4.66318416759450        7.76774127490950     
         106   4.69979779359850        7.96338569544400     
         107   4.70647447850500        7.92775145519750     
         108   4.70882965410650        7.89359597662350     
         109   4.70786740307550        7.86110744174500     
         110   4.70435433604250        7.83030631724850     
         111   4.69887378220850        7.80112621779150     
         112   4.69187008624000        7.77345941725300     
         113   4.72916760832300        7.96536004504200     
         114   4.73498038215200        7.93139110791400     
         115   4.73699679701700        7.89851205313000     
         116   4.73590017208200        7.86695187616500     
         117   4.73225872509050        7.83681583240550     
         118   4.72654058274700        7.80812991376000     
         119   4.71912944521150        7.78087055478850     
         120   4.54696359030650        7.53229990139900     
         121   4.59346065231500        7.53800448389300     
         122   4.63903864302650        7.54825650374450     
         123   4.68326392504000        7.56290637671650     
         124   4.72572544440700        7.58176503326800     
         125   4.76603802377850        7.60460704822900     
         126   4.80384525736700        7.63117399823250     
         127   4.54491841692600        7.56219409170450     
         128   4.58937502488700        7.56640713413500     
         129   4.63293237677400        7.57499152260050     
         130   4.67518232271950        7.58776160527650     
         131   4.71574844143200        7.60449825374950     
         132   4.75428788899250        7.62495342271000     
         133   4.79049270366150        7.64885464196400     
         134   4.54287300251200        7.59209062885300     
         135   4.58528802182250        7.59481645240700     
         136   4.62682298957350        7.60173651273050     
         137   4.66709615129800        7.61262757991000     
         138   4.70576660857100        7.62724032454050     
         139   4.74253419560700        7.64530504427400     
         140   4.77713879855650        7.66653691902450     
         141   4.54082728284650        7.62199006664950     
         142   4.58119930197750        7.62323391832200     
         143   4.62070976342750        7.62849354832200     
         144   4.65900443892500        7.63750639153250     
         145   4.69577899930050        7.64999285459350     
         146   4.73077630335950        7.66566280448050     
         147   4.76378331963450        7.68422108944350     
         148   4.53878116905250        7.65189314799850     
         149   4.57710840275200        7.65166148398100     
         150   4.61459174405900        7.65526532116000     
         151   4.65090591911100        7.66240071043700     
         152   4.68578440362850        7.67275786749050     
         153   4.71901340895300        7.68602780878700     
         154   4.75042599286850        7.70190747151650     
         155   4.53673453469800        7.68180089312400     
         156   4.57301468145450        7.68010177881550     
         157   4.60846763597800        7.68205538870500     
         158   4.64279891071950        7.68731400159700     
         159   4.67578125000000        7.69553794398200     
         160   4.70724449076000        7.70640144469950     
         161   4.73706647674400        7.71959645908050     
         162   4.53468719396850        7.71171474226200     
         163   4.56891721950050        7.70855843103000     
         164   4.60233563674050        7.70886855203900     
         165   4.63468113454850        7.71225084350050     
         166   4.66576746006100        7.71833642755350     
         167   4.69546822944500        7.72678547772150     
         168   4.72370434013600        7.73728854532600     
         169   4.96770009860100        7.95303640969350     
         170   4.93780590829550        7.95508158307400     
         171   4.90790937114700        7.95712699748800     
         172   4.87800993335050        7.95917271715350     
         173   4.84810685200150        7.96121883094750     
         174   4.81819910687600        7.96326546530200     
         175   4.78828525773800        7.96531280603150     
         176   4.96199551610700        7.90653934768500     
         177   4.93359286586500        7.91062497511300     
         178   4.90518354759300        7.91471197817750     
         179   4.87676608167800        7.91880069802250     
         180   4.84833851601900        7.92289159724800     
         181   4.81989822118450        7.92698531854550     
         182   4.79144156897000        7.93108278049950     
         183   4.95174349625550        7.86096135697350     
         184   4.92500847739950        7.86706762322600     
         185   4.89826348726950        7.87317701042650     
         186   4.87150645167800        7.87929023657250     
         187   4.84473467884000        7.88540825594100     
         188   4.81794461129500        7.89153236402200     
         189   4.79113144796100        7.89766436325950     
         190   4.93709362328350        7.81673607496000     
         191   4.91223839472350        7.82481767728050     
         192   4.88737242009000        7.83290384870200     
         193   4.86249360846750        7.84099556107500     
         194   4.83759928956300        7.84909408088900     
         195   4.81268599840300        7.85720108928050     
         196   4.78774915649950        7.86531886545150     
         197   4.91823496673200        7.77427455559300     
         198   4.89550174625050        7.78425155856800     
         199   4.87275967545950        7.79423339142900     
         200   4.85000714540650        7.80422100069950     
         201   4.82724213250950        7.81421559637150     
         202   4.80446205601800        7.82421875000000     
         203   4.78166357244650        7.83423253993900     
         204   4.89539295177100        7.73396197622150     
         205   4.87504657729000        7.74571211100750     
         206   4.85469495572600        7.75746580439300     
         207   4.83433719551950        7.76922369664050     
         208   4.81397219121300        7.78098659104700     
         209   4.79359855530050        7.79275550924000     
         210   4.77321452227850        7.80453177055500     
         211   4.86882600176750        7.69615474263300     
         212   4.85114535803600        7.70950729633850     
         213   4.83346308097550        7.72286120144350     
         214   4.81577891055650        7.73621668036550     
         215   4.79809252848350        7.74957400713150     
         216   4.78040354091950        7.76293352325600     
         217   4.76271145467400        7.77629565986400     
         218   4.99759236333600        8.04900857016500     
         219   4.99039264020150        8.09754516100800     
         220   4.97847016786600        8.14514233862700     
         221   4.96193976625550        8.19134171618250     
         222   4.94096063217400        8.23569836841300     
         223   4.91573480615150        8.27778511651000     
         224   4.88650522668150        8.31719664208200     
         225   4.85355339059350        8.35355339059350     
         226   4.81719664208200        8.38650522668150     
         227   4.77778511651000        8.41573480615150     
         228   4.73569836841300        8.44096063217400     
         229   4.69134171618250        8.46193976625550     
         230   4.64514233862700        8.47847016786600     
         231   4.59754516100800        8.49039264020150     
         232   4.54900857016500        8.49759236333600     
         233   4.50000000000000        8.50000000000000     
         234   4.50000000000000        8.46875000000000     
         235   4.50000000000000        8.43750000000000     
         236   4.50000000000000        8.40625000000000     
         237   4.50000000000000        8.37500000000000     
         238   4.50000000000000        8.34375000000000     
         239   4.50000000000000        8.31250000000000     
         240   4.50000000000000        8.28125000000000     
         241   4.50000000000000        8.25000000000000     
         242   4.50000000000000        8.21875000000000     
         243   4.50000000000000        8.18750000000000     
         244   4.50000000000000        8.15625000000000     
         245   4.50000000000000        8.12500000000000     
         246   4.50000000000000        8.09375000000000     
         247   4.50000000000000        8.06250000000000     
         248   4.50000000000000        8.03125000000000     
         249   4.73570226039550        8.23570226039550     
         250   4.75836320346750        8.03263886290750     
         251   4.76296340888600        8.06481465907800     
         252   4.76428854959600        8.09619316531050     
         253   4.76278258647150        8.12654942390950     
         254   4.75884227196750        8.15574022768900     
         255   4.75281781074200        8.18368289134150     
         256   4.74501564378600        8.21033903087900     
         257   4.83882199931850        8.33882199931850     
         258   4.82409060804400        8.32409060804400     
         259   4.80935921676900        8.30935921676900     
         260   4.79462782549450        8.29462782549450     
         261   4.77989643421950        8.27989643421950     
         262   4.76516504294500        8.26516504294500     
         263   4.75043365167000        8.25043365167000     
         264   4.53263886290750        8.25836320346750     
         265   4.56481465907800        8.26296340888600     
         266   4.59619316531050        8.26428854959600     
         267   4.62654942390950        8.26278258647150     
         268   4.65574022768900        8.25884227196750     
         269   4.68368289134150        8.25281781074200     
         270   4.71033903087900        8.24501564378600     
         271   4.54235274991500        8.04235274991500     
         272   4.57735198250500        8.04308477154000     
         273   4.60940395623000        8.04199624408750     
         274   4.64013377611700        8.04037184541600     
         275   4.67016938881300        8.03854035173250     
         276   4.69979779359850        8.03661430455600     
         277   4.72916760832300        8.03463995495800     
         278   4.54308477154000        8.07735198250500     
         279   4.58102265201100        8.08102265201100     
         280   4.61519325622800        8.08065918636200     
         281   4.64698687739150        8.07856612280450     
         282   4.67724656660300        8.07563171532850     
         283   4.70647447850500        8.07224854480250     
         284   4.73498038215200        8.06860889208600     
         285   4.54199624408750        8.10940395623000     
         286   4.58065918636200        8.11519325622800     
         287   4.61600970628850        8.11600970628850     
         288   4.64875375130450        8.11414276793900     
         289   4.67953242309200        8.11073724741450     
         290   4.70882965410650        8.10640402337650     
         291   4.73699679701700        8.10148794687000     
         292   4.54037184541600        8.14013377611700     
         293   4.57856612280450        8.14698687739150     
         294   4.61414276793900        8.14875375130450     
         295   4.64731391274700        8.14731391274700     
         296   4.67843868580300        8.14379498085800     
         297   4.70786740307550        8.13889255825500     
         298   4.73590017208200        8.13304812383500     
         299   4.53854035173250        8.17016938881300     
         300   4.57563171532850        8.17724656660300     
         301   4.61073724741450        8.17953242309200     
         302   4.64379498085800        8.17843868580300     
         303   4.67493527138750        8.17493527138750     
         304   4.70435433604250        8.16969368275150     
         305   4.73225872509050        8.16318416759450     
         306   4.53661430455600        8.19979779359850     
         307   4.57224854480250        8.20647447850500     
         308   4.60640402337650        8.20882965410650     
         309   4.63889255825500        8.20786740307550     
         310   4.66969368275150        8.20435433604250     
         311   4.69887378220850        8.19887378220850     
         312   4.72654058274700        8.19187008624000     
         313   4.53463995495800        8.22916760832300     
         314   4.56860889208600        8.23498038215200     
         315   4.60148794687000        8.23699679701700     
         316   4.63304812383500        8.23590017208200     
         317   4.66318416759450        8.23225872509050     
         318   4.69187008624000        8.22654058274700     
         319   4.71912944521150        8.21912944521150     
         320   4.96770009860100        8.04696359030650     
         321   4.96199551610700        8.09346065231500     
         322   4.95174349625550        8.13903864302650     
         323   4.93709362328350        8.18326392504000     
         324   4.91823496673200        8.22572544440700     
         325   4.89539295177100        8.26603802377850     
         326   4.86882600176750        8.30384525736700     
         327   4.93780590829550        8.04491841692600     
         328   4.93359286586500        8.08937502488700     
         329   4.92500847739950        8.13293237677400     
         330   4.91223839472350        8.17518232271950     
         331   4.89550174625050        8.21574844143200     
         332   4.87504657729000        8.25428788899250     
         333   4.85114535803600        8.29049270366150     
         334   4.90790937114700        8.04287300251200     
         335   4.90518354759300        8.08528802182250     
         336   4.89826348726950        8.12682298957350     
         337   4.88737242009000        8.16709615129800     
         338   4.87275967545950        8.20576660857100     
         339   4.85469495572600        8.24253419560700     
         340   4.83346308097550        8.27713879855650     
         341   4.87800993335050        8.04082728284650     
         342   4.87676608167800        8.08119930197750     
         343   4.87150645167800        8.12070976342750     
         344   4.86249360846750        8.15900443892500     
         345   4.85000714540650        8.19577899930050     
         346   4.83433719551950        8.23077630335950     
         347   4.81577891055650        8.26378331963450     
         348   4.84810685200150        8.03878116905250     
         349   4.84833851601900        8.07710840275200     
         350   4.84473467884000        8.11459174405900     
         351   4.83759928956300        8.15090591911100     
         352   4.82724213250950        8.18578440362850     
         353   4.81397219121300        8.21901340895300     
         354   4.79809252848350        8.25042599286850     
         355   4.81819910687600        8.03673453469800     
         356   4.81989822118450        8.07301468145450     
         357   4.81794461129500        8.10846763597800     
         358   4.81268599840300        8.14279891071950     
         359   4.80446205601800        8.17578125000000     
         360   4.79359855530050        8.20724449076000     
         361   4.78040354091950        8.23706647674400     
         362   4.78828525773800        8.03468719396850     
         363   4.79144156897000        8.06891721950050     
         364   4.79113144796100        8.10233563674050     
         365   4.78774915649950        8.13468113454850     
         366   4.78166357244650        8.16576746006100     
         367   4.77321452227850        8.19546822944500     
         368   4.76271145467400        8.22370434013600     
         369   4.54696359030650        8.46770009860100     
         370   4.54491841692600        8.43780590829550     
         371   4.54287300251200        8.40790937114700     
         372   4.54082728284650        8.37800993335050     
         373   4.53878116905250        8.34810685200150     
         374   4.53673453469800        8.31819910687600     
         375   4.53468719396850        8.28828525773800     
         376   4.59346065231500        8.46199551610700     
         377   4.58937502488700        8.43359286586500     
         378   4.58528802182250        8.40518354759300     
         379   4.58119930197750        8.37676608167800     
         380   4.57710840275200        8.34833851601900     
         381   4.57301468145450        8.31989822118450     
         382   4.56891721950050        8.29144156897000     
         383   4.63903864302650        8.45174349625550     
         384   4.63293237677400        8.42500847739950     
         385   4.62682298957350        8.39826348726950     
         386   4.62070976342750        8.37150645167800     
         387   4.61459174405900        8.34473467884000     
         388   4.60846763597800        8.31794461129500     
         389   4.60233563674050        8.29113144796100     
         390   4.68326392504000        8.43709362328350     
         391   4.67518232271950        8.41223839472350     
         392   4.66709615129800        8.38737242009000     
         393   4.65900443892500        8.36249360846750     
         394   4.65090591911100        8.33759928956300     
         395   4.64279891071950        8.31268599840300     
         396   4.63468113454850        8.28774915649950     
         397   4.72572544440700        8.41823496673200     
         398   4.71574844143200        8.39550174625050     
         399   4.70576660857100        8.37275967545950     
         400   4.69577899930050        8.35000714540650     
         401   4.68578440362850        8.32724213250950     
         402   4.67578125000000        8.30446205601800     
         403   4.66576746006100        8.28166357244650     
         404   4.76603802377850        8.39539295177100     
         405   4.75428788899250        8.37504657729000     
         406   4.74253419560700        8.35469495572600     
         407   4.73077630335950        8.33433719551950     
         408   4.71901340895300        8.31397219121300     
         409   4.70724449076000        8.29359855530050     
         410   4.69546822944500        8.27321452227850     
         411   4.80384525736700        8.36882600176750     
         412   4.79049270366150        8.35114535803600     
         413   4.77713879855650        8.33346308097550     
         414   4.76378331963450        8.31577891055650     
         415   4.75042599286850        8.29809252848350     
         416   4.73706647674400        8.28040354091950     
         417   4.72370434013600        8.26271145467400     
         418   4.45099142983500        8.49759236333600     
         419   4.40245483899200        8.49039264020150     
         420   4.35485766137300        8.47847016786600     
         421   4.30865828381750        8.46193976625550     
         422   4.26430163158700        8.44096063217400     
         423   4.22221488349000        8.41573480615150     
         424   4.18280335791800        8.38650522668150     
         425   4.14644660940650        8.35355339059350     
         426   4.11349477331850        8.31719664208200     
         427   4.08426519384850        8.27778511651000     
         428   4.05903936782600        8.23569836841300     
         429   4.03806023374450        8.19134171618250     
         430   4.02152983213400        8.14514233862700     
         431   4.00960735979850        8.09754516100800     
         432   4.00240763666400        8.04900857016500     
         433   4.00000000000000        8.00000000000000     
         434   4.03125000000000        8.00000000000000     
         435   4.06250000000000        8.00000000000000     
         436   4.09375000000000        8.00000000000000     
         437   4.12500000000000        8.00000000000000     
         438   4.15625000000000        8.00000000000000     
         439   4.18750000000000        8.00000000000000     
         440   4.21875000000000        8.00000000000000     
         441   4.25000000000000        8.00000000000000     
         442   4.28125000000000        8.00000000000000     
         443   4.31250000000000        8.00000000000000     
         444   4.34375000000000        8.00000000000000     
         445   4.37500000000000        8.00000000000000     
         446   4.40625000000000        8.00000000000000     
         447   4.43750000000000        8.00000000000000     
         448   4.46875000000000        8.00000000000000     
         449   4.26429773960450        8.23570226039550     
         450   4.46736113709250        8.25836320346750     
         451   4.43518534092200        8.26296340888600     
         452   4.40380683468950        8.26428854959600     
         453   4.37345057609050        8.26278258647150     
         454   4.34425977231100        8.25884227196750     
         455   4.31631710865850        8.25281781074200     
         456   4.28966096912100        8.24501564378600     
         457   4.16117800068150        8.33882199931850     
         458   4.17590939195600        8.32409060804400     
         459   4.19064078323100        8.30935921676900     
         460   4.20537217450550        8.29462782549450     
         461   4.22010356578050        8.27989643421950     
         462   4.23483495705500        8.26516504294500     
         463   4.24956634833000        8.25043365167000     
         464   4.24163679653250        8.03263886290750     
         465   4.23703659111400        8.06481465907800     
         466   4.23571145040400        8.09619316531050     
         467   4.23721741352850        8.12654942390950     
         468   4.24115772803250        8.15574022768900     
         469   4.24718218925800        8.18368289134150     
         470   4.25498435621400        8.21033903087900     
         471   4.45764725008500        8.04235274991500     
         472   4.45691522846000        8.07735198250500     
         473   4.45800375591250        8.10940395623000     
         474   4.45962815458400        8.14013377611700     
         475   4.46145964826750        8.17016938881300     
         476   4.46338569544400        8.19979779359850     
         477   4.46536004504200        8.22916760832300     
         478   4.42264801749500        8.04308477154000     
         479   4.41897734798900        8.08102265201100     
         480   4.41934081363800        8.11519325622800     
         481   4.42143387719550        8.14698687739150     
         482   4.42436828467150        8.17724656660300     
         483   4.42775145519750        8.20647447850500     
         484   4.43139110791400        8.23498038215200     
         485   4.39059604377000        8.04199624408750     
         486   4.38480674377200        8.08065918636200     
         487   4.38399029371150        8.11600970628850     
         488   4.38585723206100        8.14875375130450     
         489   4.38926275258550        8.17953242309200     
         490   4.39359597662350        8.20882965410650     
         491   4.39851205313000        8.23699679701700     
         492   4.35986622388300        8.04037184541600     
         493   4.35301312260850        8.07856612280450     
         494   4.35124624869550        8.11414276793900     
         495   4.35268608725300        8.14731391274700     
         496   4.35620501914200        8.17843868580300     
         497   4.36110744174500        8.20786740307550     
         498   4.36695187616500        8.23590017208200     
         499   4.32983061118700        8.03854035173250     
         500   4.32275343339700        8.07563171532850     
         501   4.32046757690800        8.11073724741450     
         502   4.32156131419700        8.14379498085800     
         503   4.32506472861250        8.17493527138750     
         504   4.33030631724850        8.20435433604250     
         505   4.33681583240550        8.23225872509050     
         506   4.30020220640150        8.03661430455600     
         507   4.29352552149500        8.07224854480250     
         508   4.29117034589350        8.10640402337650     
         509   4.29213259692450        8.13889255825500     
         510   4.29564566395750        8.16969368275150     
         511   4.30112621779150        8.19887378220850     
         512   4.30812991376000        8.22654058274700     
         513   4.27083239167700        8.03463995495800     
         514   4.26501961784800        8.06860889208600     
         515   4.26300320298300        8.10148794687000     
         516   4.26409982791800        8.13304812383500     
         517   4.26774127490950        8.16318416759450     
         518   4.27345941725300        8.19187008624000     
         519   4.28087055478850        8.21912944521150     
         520   4.45303640969350        8.46770009860100     
         521   4.40653934768500        8.46199551610700     
         522   4.36096135697350        8.45174349625550     
         523   4.31673607496000        8.43709362328350     
         524   4.27427455559300        8.41823496673200     
         525   4.23396197622150        8.39539295177100     
         526   4.19615474263300        8.36882600176750     
         527   4.45508158307400        8.43780590829550     
         528   4.41062497511300        8.43359286586500     
         529   4.36706762322600        8.42500847739950     
         530   4.32481767728050        8.41223839472350     
         531   4.28425155856800        8.39550174625050     
         532   4.24571211100750        8.37504657729000     
         533   4.20950729633850        8.35114535803600     
         534   4.45712699748800        8.40790937114700     
         535   4.41471197817750        8.40518354759300     
         536   4.37317701042650        8.39826348726950     
         537   4.33290384870200        8.38737242009000     
         538   4.29423339142900        8.37275967545950     
         539   4.25746580439300        8.35469495572600     
         540   4.22286120144350        8.33346308097550     
         541   4.45917271715350        8.37800993335050     
         542   4.41880069802250        8.37676608167800     
         543   4.37929023657250        8.37150645167800     
         544   4.34099556107500        8.36249360846750     
         545   4.30422100069950        8.35000714540650     
         546   4.26922369664050        8.33433719551950     
         547   4.23621668036550        8.31577891055650     
         548   4.46121883094750        8.34810685200150     
         549   4.42289159724800        8.34833851601900     
         550   4.38540825594100        8.34473467884000     
         551   4.34909408088900        8.33759928956300     
         552   4.31421559637150        8.32724213250950     
         553   4.28098659104700        8.31397219121300     
         554   4.24957400713150        8.29809252848350     
         555   4.46326546530200        8.31819910687600     
         556   4.42698531854550        8.31989822118450     
         557   4.39153236402200        8.31794461129500     
         558   4.35720108928050        8.31268599840300     
         559   4.32421875000000        8.30446205601800     
         560   4.29275550924000        8.29359855530050     
         561   4.26293352325600        8.28040354091950     
         562   4.46531280603150        8.28828525773800     
         563   4.43108278049950        8.29144156897000     
         564   4.39766436325950        8.29113144796100     
         565   4.36531886545150        8.28774915649950     
         566   4.33423253993900        8.28166357244650     
         567   4.30453177055500        8.27321452227850     
         568   4.27629565986400        8.26271145467400     
         569   4.03229990139900        8.04696359030650     
         570   4.06219409170450        8.04491841692600     
         571   4.09209062885300        8.04287300251200     
         572   4.12199006664950        8.04082728284650     
         573   4.15189314799850        8.03878116905250     
         574   4.18180089312400        8.03673453469800     
         575   4.21171474226200        8.03468719396850     
         576   4.03800448389300        8.09346065231500     
         577   4.06640713413500        8.08937502488700     
         578   4.09481645240700        8.08528802182250     
         579   4.12323391832200        8.08119930197750     
         580   4.15166148398100        8.07710840275200     
         581   4.18010177881550        8.07301468145450     
         582   4.20855843103000        8.06891721950050     
         583   4.04825650374450        8.13903864302650     
         584   4.07499152260050        8.13293237677400     
         585   4.10173651273050        8.12682298957350     
         586   4.12849354832200        8.12070976342750     
         587   4.15526532116000        8.11459174405900     
         588   4.18205538870500        8.10846763597800     
         589   4.20886855203900        8.10233563674050     
         590   4.06290637671650        8.18326392504000     
         591   4.08776160527650        8.17518232271950     
         592   4.11262757991000        8.16709615129800     
         593   4.13750639153250        8.15900443892500     
         594   4.16240071043700        8.15090591911100     
         595   4.18731400159700        8.14279891071950     
         596   4.21225084350050        8.13468113454850     
         597   4.08176503326800        8.22572544440700     
         598   4.10449825374950        8.21574844143200     
         599   4.12724032454050        8.20576660857100     
         600   4.14999285459350        8.19577899930050     
         601   4.17275786749050        8.18578440362850     
         602   4.19553794398200        8.17578125000000     
         603   4.21833642755350        8.16576746006100     
         604   4.10460704822900        8.26603802377850     
         605   4.12495342271000        8.25428788899250     
         606   4.14530504427400        8.24253419560700     
         607   4.16566280448050        8.23077630335950     
         608   4.18602780878700        8.21901340895300     
         609   4.20640144469950        8.20724449076000     
         610   4.22678547772150        8.19546822944500     
         611   4.13117399823250        8.30384525736700     
         612   4.14885464196400        8.29049270366150     
         613   4.16653691902450        8.27713879855650     
         614   4.18422108944350        8.26378331963450     
         615   4.20190747151650        8.25042599286850     
         616   4.21959645908050        8.23706647674400     
         617   4.23728854532600        8.22370434013600     
         618   4.00240763666400        7.95099142983500     
         619   4.00960735979850        7.90245483899200     
         620   4.02152983213400        7.85485766137300     
         621   4.03806023374450        7.80865828381750     
         622   4.05903936782600        7.76430163158700     
         623   4.08426519384850        7.72221488349000     
         624   4.11349477331850        7.68280335791800     
         625   4.14644660940650        7.64644660940650     
         626   4.18280335791800        7.61349477331850     
         627   4.22221488349000        7.58426519384850     
         628   4.26430163158700        7.55903936782600     
         629   4.30865828381750        7.53806023374450     
         630   4.35485766137300        7.52152983213400     
         631   4.40245483899200        7.50960735979850     
         632   4.45099142983500        7.50240763666400     
         633   4.26429773960450        7.76429773960450     
         634   4.24163679653250        7.96736113709250     
         635   4.23703659111400        7.93518534092200     
         636   4.23571145040400        7.90380683468950     
         637   4.23721741352850        7.87345057609050     
         638   4.24115772803250        7.84425977231100     
         639   4.24718218925800        7.81631710865850     
         640   4.25498435621400        7.78966096912100     
         641   4.16117800068150        7.66117800068150     
         642   4.17590939195600        7.67590939195600     
         643   4.19064078323100        7.69064078323100     
         644   4.20537217450550        7.70537217450550     
         645   4.22010356578050        7.72010356578050     
         646   4.23483495705500        7.73483495705500     
         647   4.24956634833000        7.74956634833000     
         648   4.46736113709250        7.74163679653250     
         649   4.43518534092200        7.73703659111400     
         650   4.40380683468950        7.73571145040400     
         651   4.37345057609050        7.73721741352850     
         652   4.34425977231100        7.74115772803250     
         653   4.31631710865850        7.74718218925800     
         654   4.28966096912100        7.75498435621400     
         655   4.45764725008500        7.95764725008500     
         656   4.42264801749500        7.95691522846000     
         657   4.39059604377000        7.95800375591250     
         658   4.35986622388300        7.95962815458400     
         659   4.32983061118700        7.96145964826750     
         660   4.30020220640150        7.96338569544400     
         661   4.27083239167700        7.96536004504200     
         662   4.45691522846000        7.92264801749500     
         663   4.41897734798900        7.91897734798900     
         664   4.38480674377200        7.91934081363800     
         665   4.35301312260850        7.92143387719550     
         666   4.32275343339700        7.92436828467150     
         667   4.29352552149500        7.92775145519750     
         668   4.26501961784800        7.93139110791400     
         669   4.45800375591250        7.89059604377000     
         670   4.41934081363800        7.88480674377200     
         671   4.38399029371150        7.88399029371150     
         672   4.35124624869550        7.88585723206100     
         673   4.32046757690800        7.88926275258550     
         674   4.29117034589350        7.89359597662350     
         675   4.26300320298300        7.89851205313000     
         676   4.45962815458400        7.85986622388300     
         677   4.42143387719550        7.85301312260850     
         678   4.38585723206100        7.85124624869550     
         679   4.35268608725300        7.85268608725300     
         680   4.32156131419700        7.85620501914200     
         681   4.29213259692450        7.86110744174500     
         682   4.26409982791800        7.86695187616500     
         683   4.46145964826750        7.82983061118700     
         684   4.42436828467150        7.82275343339700     
         685   4.38926275258550        7.82046757690800     
         686   4.35620501914200        7.82156131419700     
         687   4.32506472861250        7.82506472861250     
         688   4.29564566395750        7.83030631724850     
         689   4.26774127490950        7.83681583240550     
         690   4.46338569544400        7.80020220640150     
         691   4.42775145519750        7.79352552149500     
         692   4.39359597662350        7.79117034589350     
         693   4.36110744174500        7.79213259692450     
         694   4.33030631724850        7.79564566395750     
         695   4.30112621779150        7.80112621779150     
         696   4.27345941725300        7.80812991376000     
         697   4.46536004504200        7.77083239167700     
         698   4.43139110791400        7.76501961784800     
         699   4.39851205313000        7.76300320298300     
         700   4.36695187616500        7.76409982791800     
         701   4.33681583240550        7.76774127490950     
         702   4.30812991376000        7.77345941725300     
         703   4.28087055478850        7.78087055478850     
         704   4.03229990139900        7.95303640969350     
         705   4.03800448389300        7.90653934768500     
         706   4.04825650374450        7.86096135697350     
         707   4.06290637671650        7.81673607496000     
         708   4.08176503326800        7.77427455559300     
         709   4.10460704822900        7.73396197622150     
         710   4.13117399823250        7.69615474263300     
         711   4.06219409170450        7.95508158307400     
         712   4.06640713413500        7.91062497511300     
         713   4.07499152260050        7.86706762322600     
         714   4.08776160527650        7.82481767728050     
         715   4.10449825374950        7.78425155856800     
         716   4.12495342271000        7.74571211100750     
         717   4.14885464196400        7.70950729633850     
         718   4.09209062885300        7.95712699748800     
         719   4.09481645240700        7.91471197817750     
         720   4.10173651273050        7.87317701042650     
         721   4.11262757991000        7.83290384870200     
         722   4.12724032454050        7.79423339142900     
         723   4.14530504427400        7.75746580439300     
         724   4.16653691902450        7.72286120144350     
         725   4.12199006664950        7.95917271715350     
         726   4.12323391832200        7.91880069802250     
         727   4.12849354832200        7.87929023657250     
         728   4.13750639153250        7.84099556107500     
         729   4.14999285459350        7.80422100069950     
         730   4.16566280448050        7.76922369664050     
         731   4.18422108944350        7.73621668036550     
         732   4.15189314799850        7.96121883094750     
         733   4.15166148398100        7.92289159724800     
         734   4.15526532116000        7.88540825594100     
         735   4.16240071043700        7.84909408088900     
         736   4.17275786749050        7.81421559637150     
         737   4.18602780878700        7.78098659104700     
         738   4.20190747151650        7.74957400713150     
         739   4.18180089312400        7.96326546530200     
         740   4.18010177881550        7.92698531854550     
         741   4.18205538870500        7.89153236402200     
         742   4.18731400159700        7.85720108928050     
         743   4.19553794398200        7.82421875000000     
         744   4.20640144469950        7.79275550924000     
         745   4.21959645908050        7.76293352325600     
         746   4.21171474226200        7.96531280603150     
         747   4.20855843103000        7.93108278049950     
         748   4.20886855203900        7.89766436325950     
         749   4.21225084350050        7.86531886545150     
         750   4.21833642755350        7.83423253993900     
         751   4.22678547772150        7.80453177055500     
         752   4.23728854532600        7.77629565986400     
         753   4.45303640969350        7.53229990139900     
         754   4.45508158307400        7.56219409170450     
         755   4.45712699748800        7.59209062885300     
         756   4.45917271715350        7.62199006664950     
         757   4.46121883094750        7.65189314799850     
         758   4.46326546530200        7.68180089312400     
         759   4.46531280603150        7.71171474226200     
         760   4.40653934768500        7.53800448389300     
         761   4.41062497511300        7.56640713413500     
         762   4.41471197817750        7.59481645240700     
         763   4.41880069802250        7.62323391832200     
         764   4.42289159724800        7.65166148398100     
         765   4.42698531854550        7.68010177881550     
         766   4.43108278049950        7.70855843103000     
         767   4.36096135697350        7.54825650374450     
         768   4.36706762322600        7.57499152260050     
         769   4.37317701042650        7.60173651273050     
         770   4.37929023657250        7.62849354832200     
         771   4.38540825594100        7.65526532116000     
         772   4.39153236402200        7.68205538870500     
         773   4.39766436325950        7.70886855203900     
         774   4.31673607496000        7.56290637671650     
         775   4.32481767728050        7.58776160527650     
         776   4.33290384870200        7.61262757991000     
         777   4.34099556107500        7.63750639153250     
         778   4.34909408088900        7.66240071043700     
         779   4.35720108928050        7.68731400159700     
         780   4.36531886545150        7.71225084350050     
         781   4.27427455559300        7.58176503326800     
         782   4.28425155856800        7.60449825374950     
         783   4.29423339142900        7.62724032454050     
         784   4.30422100069950        7.64999285459350     
         785   4.31421559637150        7.67275786749050     
         786   4.32421875000000        7.69553794398200     
         787   4.33423253993900        7.71833642755350     
         788   4.23396197622150        7.60460704822900     
         789   4.24571211100750        7.62495342271000     
         790   4.25746580439300        7.64530504427400     
         791   4.26922369664050        7.66566280448050     
         792   4.28098659104700        7.68602780878700     
         793   4.29275550924000        7.70640144469950     
         794   4.30453177055500        7.72678547772150     
         795   4.19615474263300        7.63117399823250     
         796   4.20950729633850        7.64885464196400     
         797   4.22286120144350        7.66653691902450     
         798   4.23621668036550        7.68422108944350     
         799   4.24957400713150        7.70190747151650     
         800   4.26293352325600        7.71959645908050     
         801   4.27629565986400        7.73728854532600     
