      1      2     83     82     10     11     92     91
      2      3     84     83     11     12     93     92
      3      4     85     84     12     13     94     93
      4      5     86     85     13     14     95     94
      5      6     87     86     14     15     96     95
      6      7     88     87     15     16     97     96
      7      8     89     88     16     17     98     97
      8      9     90     89     17     18     99     98
     10     11     92     91     19     20    101    100
     11     12     93     92     20     21    102    101
     12     13     94     93     21     22    103    102
     13     14     95     94     22     23    104    103
     14     15     96     95     23     24    105    104
     15     16     97     96     24     25    106    105
     16     17     98     97     25     26    107    106
     17     18     99     98     26     27    108    107
     19     20    101    100     28     29    110    109
     20     21    102    101     29     30    111    110
     21     22    103    102     30     31    112    111
     22     23    104    103     31     32    113    112
     23     24    105    104     32     33    114    113
     24     25    106    105     33     34    115    114
     25     26    107    106     34     35    116    115
     26     27    108    107     35     36    117    116
     28     29    110    109     37     38    119    118
     29     30    111    110     38     39    120    119
     30     31    112    111     39     40    121    120
     31     32    113    112     40     41    122    121
     32     33    114    113     41     42    123    122
     33     34    115    114     42     43    124    123
     34     35    116    115     43     44    125    124
     35     36    117    116     44     45    126    125
     37     38    119    118     46     47    128    127
     38     39    120    119     47     48    129    128
     39     40    121    120     48     49    130    129
     40     41    122    121     49     50    131    130
     41     42    123    122     50     51    132    131
     42     43    124    123     51     52    133    132
     43     44    125    124     52     53    134    133
     44     45    126    125     53     54    135    134
     46     47    128    127     55     56    137    136
     47     48    129    128     56     57    138    137
     48     49    130    129     57     58    139    138
     49     50    131    130     58     59    140    139
     50     51    132    131     59     60    141    140
     51     52    133    132     60     61    142    141
     52     53    134    133     61     62    143    142
     53     54    135    134     62     63    144    143
     55     56    137    136     64     65    146    145
     56     57    138    137     65     66    147    146
     57     58    139    138     66     67    148    147
     58     59    140    139     67     68    149    148
     59     60    141    140     68     69    150    149
     60     61    142    141     69     70    151    150
     61     62    143    142     70     71    152    151
     62     63    144    143     71     72    153    152
     64     65    146    145     73     74    155    154
     65     66    147    146     74     75    156    155
     66     67    148    147     75     76    157    156
     67     68    149    148     76     77    158    157
     68     69    150    149     77     78    159    158
     69     70    151    150     78     79    160    159
     70     71    152    151     79     80    161    160
     71     72    153    152     80     81    162    161
     82     83    164    163     91     92    173    172
     83     84    165    164     92     93    174    173
     84     85    166    165     93     94    175    174
     85     86    167    166     94     95    176    175
     86     87    168    167     95     96    177    176
     87     88    169    168     96     97    178    177
     88     89    170    169     97     98    179    178
     89     90    171    170     98     99    180    179
     91     92    173    172    100    101    182    181
     92     93    174    173    101    102    183    182
     93     94    175    174    102    103    184    183
     94     95    176    175    103    104    185    184
     95     96    177    176    104    105    186    185
     96     97    178    177    105    106    187    186
     97     98    179    178    106    107    188    187
     98     99    180    179    107    108    189    188
    100    101    182    181    109    110    191    190
    101    102    183    182    110    111    192    191
    102    103    184    183    111    112    193    192
    103    104    185    184    112    113    194    193
    104    105    186    185    113    114    195    194
    105    106    187    186    114    115    196    195
    106    107    188    187    115    116    197    196
    107    108    189    188    116    117    198    197
    109    110    191    190    118    119    200    199
    110    111    192    191    119    120    201    200
    111    112    193    192    120    121    202    201
    112    113    194    193    121    122    203    202
    113    114    195    194    122    123    204    203
    114    115    196    195    123    124    205    204
    115    116    197    196    124    125    206    205
    116    117    198    197    125    126    207    206
    118    119    200    199    127    128    209    208
    119    120    201    200    128    129    210    209
    120    121    202    201    129    130    211    210
    121    122    203    202    130    131    212    211
    122    123    204    203    131    132    213    212
    123    124    205    204    132    133    214    213
    124    125    206    205    133    134    215    214
    125    126    207    206    134    135    216    215
    127    128    209    208    136    137    218    217
    128    129    210    209    137    138    219    218
    129    130    211    210    138    139    220    219
    130    131    212    211    139    140    221    220
    131    132    213    212    140    141    222    221
    132    133    214    213    141    142    223    222
    133    134    215    214    142    143    224    223
    134    135    216    215    143    144    225    224
    136    137    218    217    145    146    227    226
    137    138    219    218    146    147    228    227
    138    139    220    219    147    148    229    228
    139    140    221    220    148    149    230    229
    140    141    222    221    149    150    231    230
    141    142    223    222    150    151    232    231
    142    143    224    223    151    152    233    232
    143    144    225    224    152    153    234    233
    145    146    227    226    154    155    236    235
    146    147    228    227    155    156    237    236
    147    148    229    228    156    157    238    237
    148    149    230    229    157    158    239    238
    149    150    231    230    158    159    240    239
    150    151    232    231    159    160    241    240
    151    152    233    232    160    161    242    241
    152    153    234    233    161    162    243    242
    163    164    245    244    172    173    254    253
    164    165    246    245    173    174    255    254
    165    166    247    246    174    175    256    255
    166    167    248    247    175    176    257    256
    167    168    249    248    176    177    258    257
    168    169    250    249    177    178    259    258
    169    170    251    250    178    179    260    259
    170    171    252    251    179    180    261    260
    172    173    254    253    181    182    263    262
    173    174    255    254    182    183    264    263
    174    175    256    255    183    184    265    264
    175    176    257    256    184    185    266    265
    176    177    258    257    185    186    267    266
    177    178    259    258    186    187    268    267
    178    179    260    259    187    188    269    268
    179    180    261    260    188    189    270    269
    181    182    263    262    190    191    272    271
    182    183    264    263    191    192    273    272
    183    184    265    264    192    193    274    273
    184    185    266    265    193    194    275    274
    185    186    267    266    194    195    276    275
    186    187    268    267    195    196    277    276
    187    188    269    268    196    197    278    277
    188    189    270    269    197    198    279    278
    190    191    272    271    199    200    281    280
    191    192    273    272    200    201    282    281
    192    193    274    273    201    202    283    282
    193    194    275    274    202    203    284    283
    194    195    276    275    203    204    285    284
    195    196    277    276    204    205    286    285
    196    197    278    277    205    206    287    286
    197    198    279    278    206    207    288    287
    199    200    281    280    208    209    290    289
    200    201    282    281    209    210    291    290
    201    202    283    282    210    211    292    291
    202    203    284    283    211    212    293    292
    203    204    285    284    212    213    294    293
    204    205    286    285    213    214    295    294
    205    206    287    286    214    215    296    295
    206    207    288    287    215    216    297    296
    208    209    290    289    217    218    299    298
    209    210    291    290    218    219    300    299
    210    211    292    291    219    220    301    300
    211    212    293    292    220    221    302    301
    212    213    294    293    221    222    303    302
    213    214    295    294    222    223    304    303
    214    215    296    295    223    224    305    304
    215    216    297    296    224    225    306    305
    217    218    299    298    226    227    308    307
    218    219    300    299    227    228    309    308
    219    220    301    300    228    229    310    309
    220    221    302    301    229    230    311    310
    221    222    303    302    230    231    312    311
    222    223    304    303    231    232    313    312
    223    224    305    304    232    233    314    313
    224    225    306    305    233    234    315    314
    226    227    308    307    235    236    317    316
    227    228    309    308    236    237    318    317
    228    229    310    309    237    238    319    318
    229    230    311    310    238    239    320    319
    230    231    312    311    239    240    321    320
    231    232    313    312    240    241    322    321
    232    233    314    313    241    242    323    322
    233    234    315    314    242    243    324    323
    244    245    326    325    253    254    335    334
    245    246    327    326    254    255    336    335
    246    247    328    327    255    256    337    336
    247    248    329    328    256    257    338    337
    248    249    330    329    257    258    339    338
    249    250    331    330    258    259    340    339
    250    251    332    331    259    260    341    340
    251    252    333    332    260    261    342    341
    253    254    335    334    262    263    344    343
    254    255    336    335    263    264    345    344
    255    256    337    336    264    265    346    345
    256    257    338    337    265    266    347    346
    257    258    339    338    266    267    348    347
    258    259    340    339    267    268    349    348
    259    260    341    340    268    269    350    349
    260    261    342    341    269    270    351    350
    262    263    344    343    271    272    353    352
    263    264    345    344    272    273    354    353
    264    265    346    345    273    274    355    354
    265    266    347    346    274    275    356    355
    266    267    348    347    275    276    357    356
    267    268    349    348    276    277    358    357
    268    269    350    349    277    278    359    358
    269    270    351    350    278    279    360    359
    271    272    353    352    280    281    362    361
    272    273    354    353    281    282    363    362
    273    274    355    354    282    283    364    363
    274    275    356    355    283    284    365    364
    275    276    357    356    284    285    366    365
    276    277    358    357    285    286    367    366
    277    278    359    358    286    287    368    367
    278    279    360    359    287    288    369    368
    280    281    362    361    289    290    371    370
    281    282    363    362    290    291    372    371
    282    283    364    363    291    292    373    372
    283    284    365    364    292    293    374    373
    284    285    366    365    293    294    375    374
    285    286    367    366    294    295    376    375
    286    287    368    367    295    296    377    376
    287    288    369    368    296    297    378    377
    289    290    371    370    298    299    380    379
    290    291    372    371    299    300    381    380
    291    292    373    372    300    301    382    381
    292    293    374    373    301    302    383    382
    293    294    375    374    302    303    384    383
    294    295    376    375    303    304    385    384
    295    296    377    376    304    305    386    385
    296    297    378    377    305    306    387    386
    298    299    380    379    307    308    389    388
    299    300    381    380    308    309    390    389
    300    301    382    381    309    310    391    390
    301    302    383    382    310    311    392    391
    302    303    384    383    311    312    393    392
    303    304    385    384    312    313    394    393
    304    305    386    385    313    314    395    394
    305    306    387    386    314    315    396    395
    307    308    389    388    316    317    398    397
    308    309    390    389    317    318    399    398
    309    310    391    390    318    319    400    399
    310    311    392    391    319    320    401    400
    311    312    393    392    320    321    402    401
    312    313    394    393    321    322    403    402
    313    314    395    394    322    323    404    403
    314    315    396    395    323    324    405    404
    325    326    407    406    334    335    416    415
    326    327    408    407    335    336    417    416
    327    328    409    408    336    337    418    417
    328    329    410    409    337    338    419    418
    329    330    411    410    338    339    420    419
    330    331    412    411    339    340    421    420
    331    332    413    412    340    341    422    421
    332    333    414    413    341    342    423    422
    334    335    416    415    343    344    425    424
    335    336    417    416    344    345    426    425
    336    337    418    417    345    346    427    426
    337    338    419    418    346    347    428    427
    338    339    420    419    347    348    429    428
    339    340    421    420    348    349    430    429
    340    341    422    421    349    350    431    430
    341    342    423    422    350    351    432    431
    343    344    425    424    352    353    434    433
    344    345    426    425    353    354    435    434
    345    346    427    426    354    355    436    435
    346    347    428    427    355    356    437    436
    347    348    429    428    356    357    438    437
    348    349    430    429    357    358    439    438
    349    350    431    430    358    359    440    439
    350    351    432    431    359    360    441    440
    352    353    434    433    361    362    443    442
    353    354    435    434    362    363    444    443
    354    355    436    435    363    364    445    444
    355    356    437    436    364    365    446    445
    356    357    438    437    365    366    447    446
    357    358    439    438    366    367    448    447
    358    359    440    439    367    368    449    448
    359    360    441    440    368    369    450    449
    361    362    443    442    370    371    452    451
    362    363    444    443    371    372    453    452
    363    364    445    444    372    373    454    453
    364    365    446    445    373    374    455    454
    365    366    447    446    374    375    456    455
    366    367    448    447    375    376    457    456
    367    368    449    448    376    377    458    457
    368    369    450    449    377    378    459    458
    370    371    452    451    379    380    461    460
    371    372    453    452    380    381    462    461
    372    373    454    453    381    382    463    462
    373    374    455    454    382    383    464    463
    374    375    456    455    383    384    465    464
    375    376    457    456    384    385    466    465
    376    377    458    457    385    386    467    466
    377    378    459    458    386    387    468    467
    379    380    461    460    388    389    470    469
    380    381    462    461    389    390    471    470
    381    382    463    462    390    391    472    471
    382    383    464    463    391    392    473    472
    383    384    465    464    392    393    474    473
    384    385    466    465    393    394    475    474
    385    386    467    466    394    395    476    475
    386    387    468    467    395    396    477    476
    388    389    470    469    397    398    479    478
    389    390    471    470    398    399    480    479
    390    391    472    471    399    400    481    480
    391    392    473    472    400    401    482    481
    392    393    474    473    401    402    483    482
    393    394    475    474    402    403    484    483
    394    395    476    475    403    404    485    484
    395    396    477    476    404    405    486    485
    406    407    488    487    415    416    497    496
    407    408    489    488    416    417    498    497
    408    409    490    489    417    418    499    498
    409    410    491    490    418    419    500    499
    410    411    492    491    419    420    501    500
    411    412    493    492    420    421    502    501
    412    413    494    493    421    422    503    502
    413    414    495    494    422    423    504    503
    415    416    497    496    424    425    506    505
    416    417    498    497    425    426    507    506
    417    418    499    498    426    427    508    507
    418    419    500    499    427    428    509    508
    419    420    501    500    428    429    510    509
    420    421    502    501    429    430    511    510
    421    422    503    502    430    431    512    511
    422    423    504    503    431    432    513    512
    424    425    506    505    433    434    515    514
    425    426    507    506    434    435    516    515
    426    427    508    507    435    436    517    516
    427    428    509    508    436    437    518    517
    428    429    510    509    437    438    519    518
    429    430    511    510    438    439    520    519
    430    431    512    511    439    440    521    520
    431    432    513    512    440    441    522    521
    433    434    515    514    442    443    524    523
    434    435    516    515    443    444    525    524
    435    436    517    516    444    445    526    525
    436    437    518    517    445    446    527    526
    437    438    519    518    446    447    528    527
    438    439    520    519    447    448    529    528
    439    440    521    520    448    449    530    529
    440    441    522    521    449    450    531    530
    442    443    524    523    451    452    533    532
    443    444    525    524    452    453    534    533
    444    445    526    525    453    454    535    534
    445    446    527    526    454    455    536    535
    446    447    528    527    455    456    537    536
    447    448    529    528    456    457    538    537
    448    449    530    529    457    458    539    538
    449    450    531    530    458    459    540    539
    451    452    533    532    460    461    542    541
    452    453    534    533    461    462    543    542
    453    454    535    534    462    463    544    543
    454    455    536    535    463    464    545    544
    455    456    537    536    464    465    546    545
    456    457    538    537    465    466    547    546
    457    458    539    538    466    467    548    547
    458    459    540    539    467    468    549    548
    460    461    542    541    469    470    551    550
    461    462    543    542    470    471    552    551
    462    463    544    543    471    472    553    552
    463    464    545    544    472    473    554    553
    464    465    546    545    473    474    555    554
    465    466    547    546    474    475    556    555
    466    467    548    547    475    476    557    556
    467    468    549    548    476    477    558    557
    469    470    551    550    478    479    560    559
    470    471    552    551    479    480    561    560
    471    472    553    552    480    481    562    561
    472    473    554    553    481    482    563    562
    473    474    555    554    482    483    564    563
    474    475    556    555    483    484    565    564
    475    476    557    556    484    485    566    565
    476    477    558    557    485    486    567    566
    487    488    569    568    496    497    578    577
    488    489    570    569    497    498    579    578
    489    490    571    570    498    499    580    579
    490    491    572    571    499    500    581    580
    491    492    573    572    500    501    582    581
    492    493    574    573    501    502    583    582
    493    494    575    574    502    503    584    583
    494    495    576    575    503    504    585    584
    496    497    578    577    505    506    587    586
    497    498    579    578    506    507    588    587
    498    499    580    579    507    508    589    588
    499    500    581    580    508    509    590    589
    500    501    582    581    509    510    591    590
    501    502    583    582    510    511    592    591
    502    503    584    583    511    512    593    592
    503    504    585    584    512    513    594    593
    505    506    587    586    514    515    596    595
    506    507    588    587    515    516    597    596
    507    508    589    588    516    517    598    597
    508    509    590    589    517    518    599    598
    509    510    591    590    518    519    600    599
    510    511    592    591    519    520    601    600
    511    512    593    592    520    521    602    601
    512    513    594    593    521    522    603    602
    514    515    596    595    523    524    605    604
    515    516    597    596    524    525    606    605
    516    517    598    597    525    526    607    606
    517    518    599    598    526    527    608    607
    518    519    600    599    527    528    609    608
    519    520    601    600    528    529    610    609
    520    521    602    601    529    530    611    610
    521    522    603    602    530    531    612    611
    523    524    605    604    532    533    614    613
    524    525    606    605    533    534    615    614
    525    526    607    606    534    535    616    615
    526    527    608    607    535    536    617    616
    527    528    609    608    536    537    618    617
    528    529    610    609    537    538    619    618
    529    530    611    610    538    539    620    619
    530    531    612    611    539    540    621    620
    532    533    614    613    541    542    623    622
    533    534    615    614    542    543    624    623
    534    535    616    615    543    544    625    624
    535    536    617    616    544    545    626    625
    536    537    618    617    545    546    627    626
    537    538    619    618    546    547    628    627
    538    539    620    619    547    548    629    628
    539    540    621    620    548    549    630    629
    541    542    623    622    550    551    632    631
    542    543    624    623    551    552    633    632
    543    544    625    624    552    553    634    633
    544    545    626    625    553    554    635    634
    545    546    627    626    554    555    636    635
    546    547    628    627    555    556    637    636
    547    548    629    628    556    557    638    637
    548    549    630    629    557    558    639    638
    550    551    632    631    559    560    641    640
    551    552    633    632    560    561    642    641
    552    553    634    633    561    562    643    642
    553    554    635    634    562    563    644    643
    554    555    636    635    563    564    645    644
    555    556    637    636    564    565    646    645
    556    557    638    637    565    566    647    646
    557    558    639    638    566    567    648    647
    568    569    650    649    577    578    659    658
    569    570    651    650    578    579    660    659
    570    571    652    651    579    580    661    660
    571    572    653    652    580    581    662    661
    572    573    654    653    581    582    663    662
    573    574    655    654    582    583    664    663
    574    575    656    655    583    584    665    664
    575    576    657    656    584    585    666    665
    577    578    659    658    586    587    668    667
    578    579    660    659    587    588    669    668
    579    580    661    660    588    589    670    669
    580    581    662    661    589    590    671    670
    581    582    663    662    590    591    672    671
    582    583    664    663    591    592    673    672
    583    584    665    664    592    593    674    673
    584    585    666    665    593    594    675    674
    586    587    668    667    595    596    677    676
    587    588    669    668    596    597    678    677
    588    589    670    669    597    598    679    678
    589    590    671    670    598    599    680    679
    590    591    672    671    599    600    681    680
    591    592    673    672    600    601    682    681
    592    593    674    673    601    602    683    682
    593    594    675    674    602    603    684    683
    595    596    677    676    604    605    686    685
    596    597    678    677    605    606    687    686
    597    598    679    678    606    607    688    687
    598    599    680    679    607    608    689    688
    599    600    681    680    608    609    690    689
    600    601    682    681    609    610    691    690
    601    602    683    682    610    611    692    691
    602    603    684    683    611    612    693    692
    604    605    686    685    613    614    695    694
    605    606    687    686    614    615    696    695
    606    607    688    687    615    616    697    696
    607    608    689    688    616    617    698    697
    608    609    690    689    617    618    699    698
    609    610    691    690    618    619    700    699
    610    611    692    691    619    620    701    700
    611    612    693    692    620    621    702    701
    613    614    695    694    622    623    704    703
    614    615    696    695    623    624    705    704
    615    616    697    696    624    625    706    705
    616    617    698    697    625    626    707    706
    617    618    699    698    626    627    708    707
    618    619    700    699    627    628    709    708
    619    620    701    700    628    629    710    709
    620    621    702    701    629    630    711    710
    622    623    704    703    631    632    713    712
    623    624    705    704    632    633    714    713
    624    625    706    705    633    634    715    714
    625    626    707    706    634    635    716    715
    626    627    708    707    635    636    717    716
    627    628    709    708    636    637    718    717
    628    629    710    709    637    638    719    718
    629    630    711    710    638    639    720    719
    631    632    713    712    640    641    722    721
    632    633    714    713    641    642    723    722
    633    634    715    714    642    643    724    723
    634    635    716    715    643    644    725    724
    635    636    717    716    644    645    726    725
    636    637    718    717    645    646    727    726
    637    638    719    718    646    647    728    727
    638    639    720    719    647    648    729    728
