495
45
24
31
122
295
494
58
51
1
18
303
495
495
407
407
407
401
489
489
511
509
509
506
506
477
477
477
476
478
478
478
473
473
472
472
163
166
166
161
161
167
167
169
175
175
91
80
90
90
112
113
113
65
65
117
117
117
24
24
25
25
31
123
123
127
127
126
126
247
247
252
252
245
245
228
228
229
229
205
205
206
206
207
207
201
218
218
218
219
219
367
366
366
362
362
361
363
360
360
339
339
340
340
340
336
287
287
257
257
282
282
281
281
307
306
315
317
313
292
295
295
295
292
292
313
313
312
312
312
261
261
261
271
271
270
270
270
264
264
264
265
265
392
392
394
392
392
384
384
384
386
386
386
387
387
387
415
415
415
413
413
413
405
405
404
495
495
495
495
494
494
494
494
493
493
493
492
482
482
483
487
487
487
486
486
499
499
499
496
496
496
500
500
500
452
452
453
453
454
454
454
451
460
460
460
461
461
461
456
456
456
456
457
187
186
186
184
184
184
184
181
181
181
180
180
183
183
177
177
177
179
179
179
179
83
87
87
87
84
84
84
94
94
95
95
94
94
75
75
75
75
75
73
73
73
71
71
71
71
71
71
43
43
41
40
40
35
35
59
59
58
56
56
62
62
63
63
63
60
60
53
53
53
51
51
51
49
49
49
9
9
9
8
8
8
8
5
5
1
1
0
0
0
22
22
23
18
18
19
19
19
102
102
103
103
99
98
98
108
108
108
111
111
110
110
106
106
106
250
248
248
248
249
249
226
226
226
227
227
235
235
235
234
234
237
236
236
236
199
199
198
198
194
194
194
193
193
193
192
192
214
215
215
208
208
208
208
222
222
221
221
221
221
372
372
373
373
370
370
370
371
371
371
380
383
383
383
376
376
377
377
377
346
347
347
347
351
351
351
275
275
275
272
272
272
276
276
276
278
278
278
308
308
308
308
308
309
309
319
319
319
319
318
318
297
297
297
298
298
298
298
300
300
302
302
302
302
303
303
303
303
303
302
301
294
294
294
401
504
473
166
175
119
404
405
412
412
414
387
385
385
395
394
393
265
264
267
269
271
261
314
315
313
407
406
408
411
414
391
391
397
395
395
393
335
334
334
269
268
260
262
314
400
409
409
410
389
388
397
398
398
333
399
330
331
266
258
263
262
306
511
402
403
441
443
445
444
431
428
428
320
320
326
327
329
341
256
282
256
259
329
331
330
332
333
430
430
396
444
445
410
440
403
402
511
505
469
442
443
447
446
427
429
429
321
325
324
342
342
341
471
470
436
437
433
432
423
419
418
357
357
322
322
363
360
338
343
324
323
323
424
425
426
422
432
433
437
469
468
504
478
470
436
435
435
420
421
416
417
355
356
359
358
363
466
438
439
157
420
159
416
417
355
352
353
366
164
165
131
154
154
152
158
146
144
145
145
353
352
144
147
159
158
152
154
155
465
464
467
165
130
128
128
132
148
149
150
201
173
172
140
135
135
243
242
240
240
207
206
149
148
133
128
129
130
172
167
175
174
141
143
142
243
241
241
174
137
137
142
244
245
112
114
124
139
247
246
246
138
136
115
115
118
120
125
127
116
116
121
123
120
118
65
404
219
366
415
413
415
413
511
506
206
201
477
205
245
166
166
247
252
228
167
247
117
24
65
65
91
25
121
31
127
201
219
270
271
306
315
313
312
282
257
256
363
339
340
292
292
261
261
270
264
265
394
392
386
387
387
265
315
407
401
287
287
362
478
478
472
473
201
173
228
404
112
295
404
491
407
401
401
511
507
507
506
477
471
471
473
473
164
164
167
167
169
175
91
91
90
112
113
117
117
24
252
245
228
205
206
218
353
366
362
363
339
340
287
257
295
313
312
312
261
261
271
264
264
265
265
394
392
384
384
386
386
387
414
413
405
405
362
412
229
164
252
245
241
121
91
121
123
352
315
313
314
306
287
339
267
267
394
384
385
406
401
467
173
125
126
172
166
25
240
201
256
292
270
393
415
219
366
353
405
507
206
207
246
164
116
175
116
145
262
315
262
256
343
363
269
395
407
340
256
362
466
405
511
471
466
115
65
241
207
338
261
385
207
240
172
173
120
358
267
314
262
260
343
406
466
412
412
391
385
395
394
393
267
269
306
406
393
353
353
282
164
464
467
172
241
242
247
121
145
315
240
358
246
241
91
116
145
341
342
267
335
400
467
173
125
127
150
268
393
411
406
507
150
244
116
174
314
259
269
395
404
341
259
466
402
471
470
115
118
342
470
165
247
116
123
115
125
263
262
324
341
394
259
505
259
400
343
470
467
150
145
352
244
243
174
246
120
400
412
121
315
260
385
391
173
140
411
352
240
404
260
391
149
174
125
358
334
343
395
335
335
358
359
263
243
242
244
354
464
174
125
144
268
414
408
150
314
269
406
466
408
359
470
148
139
174
115
334
268
343
414
335
398
266
259
505
335
402
352
149
243
174
244
120
400
246
172
260
408
391
391
397
395
268
140
242
411
470
165
118
120
263
263
324
327
258
329
467
151
144
354
244
114
400
260
414
149
141
322
343
359
258
142
354
139
144
438
354
151
438
142
140
119
139
139
327
324
334
399
411
390
397
335
260
329
356
329
438
144
243
141
118
271
414
268
507
114
165
164
148
398
242
464
268
389
400
266
408
359
436
139
141
136
322
399
266
258
505
402
356
149
134
136
138
403
141
390
399
130
411
468
504
124
263
342
328
146
146
134
114
263
354
436
438
130
140
130
242
141
136
124
124
124
263
399
322
390
403
464
268
389
327
505
505
402
356
329
258
468
436
146
140
134
134
138
136
119
507
112
464
471
119
342
408
398
266
397
165
465
118
355
151
142
114
324
331
399
399
409
398
330
359
356
147
504
114
148
133
465
266
409
258
148
138
389
410
504
328
327
147
147
390
468
506
148
417
147
130
135
119
124
136
114
322
403
389
441
403
266
266
328
504
468
131
465
465
142
124
342
119
390
143
112
137
355
410
468
327
146
438
134
137
333
323
439
326
469
356
328
436
158
129
135
138
398
396
158
143
325
333
323
357
133
409
151
147
354
158
435
355
417
439
135
129
143
133
129
114
323
325
469
357
437
151
439
137
390
397
410
133
389
326
441
258
331
335
328
388
129
128
137
137
440
403
328
437
131
155
143
396
409
430
333
135
396
325
332
424
357
409
437
439
147
439
131
129
135
396
440
155
441
441
331
332
326
437
437
357
424
355
155
159
131
153
143
469
325
153
329
355
134
430
326
325
430
431
332
133
440
158
417
416
323
388
388
388
330
410
440
159
417
331
321
396
403
320
321
326
442
441
424
159
155
156
156
128
469
146
418
157
388
131
155
396
330
433
435
128
154
330
433
321
418
153
132
132
333
430
431
332
416
410
445
440
321
435
157
419
155
132
128
424
431
433
437
416
154
128
331
465
153
443
331
330
425
320
152
416
159
444
440
332
442
418
156
154
156
419
444
326
153
132
428
320
431
445
445
156
157
154
431
443
419
152
320
442
433
434
435
152
334
418
321
321
153
333
428
419
443
429
132
429
420
442
425
444
427
156
444
445
418
152
153
321
428
443
152
429
444
421
157
128
429
154
424
427
445
420
156
154
421
432
432
434
434
428
429
427
447
434
434
447
427
425
432
432
419
442
428
421
154
443
446
421
420
423
446
447
434
447
427
446
434
421
432
425
442
426
447
425
423
157
446
423
423
426
446
421
423
426
447
420
422
422
422
422
422
447
422
420
426
422
422
426
422
489
481
503
458
188
86
72
42
44
46
45
45
26
27
30
31
28
101
103
108
100
96
122
77
67
68
69
77
90
88
93
79
76
88
85
81
170
178
82
171
160
182
163
190
162
472
191
190
474
448
450
462
479
449
449
508
501
502
510
498
510
485
490
490
480
491
492
34
39
37
26
27
21
29
17
16
57
38
15
14
13
6
2
22
63
52
50
49
11
5
1
106
109
105
96
248
107
104
126
249
253
255
227
224
253
233
232
231
230
199
237
229
229
194
197
204
205
192
195
203
204
215
212
200
203
209
213
210
220
223
216
373
365
367
216
383
381
361
361
365
365
375
371
346
379
378
360
351
344
345
338
274
349
336
273
284
286
279
283
285
309
311
280
282
318
304
307
307
297
296
305
317
298
289
289
291
300
294
293
168
169
162
161
181
80
168
80
90
113
72
70
8
24
45
44
456
451
477
509
489
489
488
488
494
163
163
476
476
475
475
491
491
493
487
499
452
461
183
169
179
78
94
87
43
9
35
48
58
56
60
53
63
51
31
0
22
19
250
248
226
238
380
336
286
272
278
308
317
110
234
236
194
209
372
376
347
351
275
274
274
293
317
294
295
298
294
303
302
301
307
286
336
365
219
218
203
205
228
106
252
255
126
122
25
64
45
99
113
64
90
186
475
502
509
496
509
488
18
226
255
227
253
222
218
210
216
367
370
361
339
285
281
302
491
502
476
479
472
162
161
161
64
64
492
494
58
59
59
35
40
40
41
43
43
68
68
70
70
73
73
72
75
74
74
78
94
95
95
95
94
84
84
87
87
83
83
82
179
177
177
177
183
183
180
181
181
184
184
185
186
186
187
187
457
456
459
461
461
460
460
460
451
454
454
454
453
452
452
500
500
496
496
499
499
486
486
486
487
483
483
482
492
493
493
493
51
53
53
53
60
63
62
62
56
1
5
5
4
8
11
9
9
9
49
48
23
23
0
0
1
303
302
302
299
299
297
297
318
318
318
319
309
309
309
310
310
278
278
278
276
276
272
272
275
351
346
377
377
376
383
383
380
380
371
371
370
370
373
373
372
372
221
221
220
222
222
208
215
214
214
192
193
193
195
194
198
198
199
236
237
234
234
235
235
235
227
226
249
248
106
110
110
110
108
98
98
99
103
102
102
19
19
18
18
301
122
122
127
126
255
204
203
210
367
361
378
338
336
286
257
293
25
31
84
169
188
180
161
80
74
72
42
0
459
463
476
492
493
492
162
474
475
191
488
481
486
453
451
187
168
169
83
78
40
48
62
60
52
35
3
122
30
0
23
107
250
195
216
368
368
277
317
316
111
233
198
198
237
208
222
220
380
376
349
377
346
347
318
299
300
295
361
365
203
204
229
230
253
255
96
76
210
210
209
45
26
98
109
102
30
64
44
76
88
82
176
475
502
508
497
452
489
105
231
214
216
338
364
380
336
279
283
281
299
498
488
502
479
162
59
68
73
74
83
178
180
459
450
455
486
482
492
52
52
63
56
49
23
22
300
319
310
310
277
273
274
220
222
199
236
233
224
224
250
108
98
17
307
168
162
188
168
72
70
4
26
459
451
502
508
510
488
163
476
475
485
183
85
86
10
35
50
58
56
60
53
63
16
251
238
272
317
374
346
350
350
274
293
302
307
285
203
238
107
230
255
28
26
99
76
76
186
510
480
18
249
249
224
220
210
367
360
283
160
64
77
59
59
41
41
41
43
70
68
70
73
78
78
92
93
95
93
85
86
86
82
82
178
178
182
188
185
185
186
185
187
457
457
459
462
463
450
451
453
452
501
497
500
497
498
485
487
481
483
482
492
48
52
62
3
3
5
4
11
10
9
49
22
303
299
299
296
296
290
309
310
273
276
273
275
379
376
382
380
369
368
373
372
221
220
215
215
192
192
193
195
237
233
235
227
227
251
111
109
103
19
17
301
28
96
104
378
337
349
286
186
88
191
491
510
508
508
57
97
195
209
365
337
286
305
224
233
238
347
273
296
293
277
197
231
105
28
30
33
4
3
3
26
30
163
490
61
109
250
192
202
378
382
283
285
305
298
492
55
11
108
295
88
72
44
480
490
474
503
34
52
20
382
293
364
204
28
99
76
474
17
216
368
191
58
46
42
67
74
78
93
85
85
176
182
187
462
485
481
482
57
10
48
48
298
296
319
279
350
368
374
223
209
193
197
199
251
103
17
364
170
185
160
88
67
72
2
462
450
449
492
160
455
453
449
171
83
92
50
61
40
30
23
106
111
250
195
217
369
291
316
304
195
198
196
233
223
369
379
349
344
346
290
288
231
253
254
96
212
213
99
109
27
44
44
77
178
176
497
214
211
364
381
348
311
289
485
455
448
34
79
171
176
180
462
450
486
483
20
310
273
274
223
97
80
188
67
11
459
451
510
486
182
93
84
86
10
50
59
57
238
305
374
344
288
302
280
285
204
107
230
254
253
101
33
37
190
224
225
212
211
367
378
66
34
41
42
42
42
67
68
68
73
92
92
95
86
86
171
82
82
180
188
185
190
186
457
458
457
463
463
450
455
453
503
497
501
501
497
498
498
481
481
483
48
3
6
4
318
316
311
277
284
379
382
374
220
223
215
214
237
232
232
111
111
101
102
16
288
378
337
349
286
81
189
160
80
7
69
47
191
449
480
191
448
480
170
100
96
105
107
197
290
217
345
348
350
288
301
280
279
202
254
99
212
47
27
79
66
89
89
89
81
170
171
171
189
160
479
474
448
449
508
503
455
510
484
480
10
230
239
338
364
381
348
285
282
304
283
296
224
213
284
223
300
195
66
42
2
463
482
481
458
29
17
254
217
196
211
374
346
299
82
231
498
66
462
209
61
251
350
107
33
6
10
289
379
382
373
200
200
109
337
284
190
89
510
502
34
105
375
305
232
238
291
277
203
225
104
28
33
4
3
2
21
29
189
61
62
97
202
379
305
301
490
55
484
458
503
503
34
381
79
479
211
191
74
92
89
85
81
176
182
485
14
50
375
101
189
449
171
92
55
55
20
111
193
202
369
369
290
316
316
198
196
232
230
104
100
212
213
100
69
47
77
498
211
381
311
279
463
32
74
182
448
484
20
310
273
189
67
11
462
93
81
57
239
304
375
374
344
284
230
225
225
217
381
378
66
46
46
42
69
178
190
457
455
455
498
484
490
6
6
277
284
284
379
217
223
237
239
232
232
109
101
16
16
288
298
171
80
13
191
455
449
498
46
50
39
39
2
101
100
231
196
217
345
280
254
211
29
97
69
66
89
170
189
448
479
33
7
381
375
369
291
196
279
233
288
27
251
348
104
285
13
212
202
498
498
105
345
337
224
284
105
6
190
251
200
200
337
382
283
304
490
503
2
364
100
190
77
85
81
484
280
348
196
93
21
17
239
344
47
348
311
79
182
20
97
55
239
375
37
458
216
381
42
490
316
379
225
16
345
189
176
46
104
204
311
280
277
254
27
176
479
501
503
484
484
337
373
305
211
203
197
46
484
29
213
61
291
350
92
197
225
232
104
101
32
13
105
202
55
484
474
458
79
79
89
170
182
14
15
55
104
290
291
316
237
213
69
47
213
448
32
32
20
304
311
285
458
81
57
239
46
46
69
170
7
379
217
109
16
16
6
66
54
16
278
234
29
7
365
344
290
67
349
288
97
19
104
251
100
375
484
82
449
92
212
13
238
281
448
345
348
202
364
304
299
231
350
10
289
33
2
21
29
61
39
32
17
254
213
280
188
368
284
47
190
503
47
14
15
39
21
97
37
7
6
291
348
200
197
2
54
37
216
344
12
12
501
32
32
54
212
32
38
38
289
373
105
196
291
21
10
284
196
36
350
350
344
12
32
54
14
6
171
289
38
15
39
36
7
21
15
37
12
54
38
39
36
12
14
13
37
15
54
36
36
14
54
13
54
38
12
36
15
36
15
36
12
