495
404
408
409
440
445
446
423
419
355
354
219
352
366
366
362
358
359
321
429
431
396
390
391
415
413
415
413
413
405
207
207
151
158
159
157
435
437
469
507
507
507
506
506
470
436
438
157
152
151
148
206
205
206
206
207
201
201
201
145
354
147
355
417
416
420
434
420
156
147
417
147
147
417
477
470
438
439
154
153
148
240
205
229
205
245
252
244
142
129
130
166
164
164
166
166
172
141
137
138
252
247
247
252
245
228
228
241
240
243
148
132
128
129
130
130
129
135
135
243
135
134
167
173
141
124
139
247
123
121
116
117
117
24
120
118
65
65
65
113
112
91
174
124
136
141
174
175
91
80
24
24
116
25
121
121
121
31
121
120
127
120
114
115
115
119
114
114
127
125
139
139
139
139
125
218
219
353
362
363
343
342
327
328
331
334
267
270
270
261
261
314
306
306
315
313
313
313
312
312
270
263
262
281
282
262
306
314
261
261
268
260
263
257
287
257
282
287
287
341
342
327
342
342
338
360
339
340
339
341
340
339
313
313
261
271
270
264
264
265
392
394
398
430
333
321
321
325
323
322
343
324
324
324
324
394
392
395
395
398
428
429
384
384
384
397
396
431
386
386
385
391
396
386
387
390
387
387
387
404
406
403
403
443
432
422
419
419
471
478
464
155
154
152
405
412
412
415
415
412
414
385
385
384
394
265
393
335
334
393
393
332
320
325
323
264
267
267
269
268
263
315
315
405
408
411
411
389
389
411
391
397
395
395
265
335
332
326
325
327
327
269
269
258
259
259
270
263
260
393
406
400
402
505
505
469
437
433
442
442
443
441
505
441
442
408
409
402
402
403
409
409
388
388
390
389
398
398
333
399
331
332
269
266
259
259
266
335
407
407
401
511
489
443
445
444
427
425
357
356
353
353
353
366
444
427
425
357
357
359
356
359
396
444
427
427
320
325
326
326
328
329
266
329
282
258
332
333
430
440
402
444
445
504
504
447
446
446
424
424
287
287
471
468
468
433
434
421
421
421
436
436
432
423
432
435
437
468
426
419
357
357
424
363
358
360
363
362
425
422
447
343
433
466
436
439
435
355
356
466
467
164
164
131
165
465
464
473
438
439
154
157
159
416
356
352
478
478
473
163
473
467
464
131
130
128
154
152
158
158
146
150
201
149
151
144
145
150
150
146
158
352
155
465
144
167
166
130
153
149
149
172
140
172
143
143
135
134
243
241
243
134
240
149
128
135
173
173
175
141
142
142
142
241
228
241
174
175
137
244
246
138
124
119
120
125
127
247
118
400
404
471
167
113
292
404
407
407
401
401
511
507
506
506
477
477
478
478
473
472
472
166
166
167
167
169
175
91
91
112
112
113
65
117
117
117
24
121
31
123
123
127
126
252
245
228
229
240
205
206
206
201
219
367
367
362
362
363
363
360
339
340
287
257
257
281
306
315
292
295
295
292
313
313
312
312
261
271
271
270
270
264
264
265
265
392
394
392
384
384
386
386
387
415
414
415
413
413
405
495
495
404
404
219
219
366
366
415
415
413
413
415
415
405
413
509
511
506
507
206
206
201
207
506
476
240
241
245
245
166
166
161
166
247
252
246
252
228
241
167
167
247
247
117
65
24
117
119
113
117
65
175
91
25
116
121
121
31
123
127
127
218
145
145
219
270
270
271
271
306
306
315
315
292
313
315
312
306
281
256
256
256
256
360
363
339
339
340
340
292
292
292
292
261
312
271
261
264
270
264
264
265
392
265
394
392
395
386
384
414
387
386
387
392
265
306
306
407
407
401
401
340
336
287
256
362
362
478
478
473
473
467
472
473
473
201
201
167
169
228
245
405
405
112
90
295
292
495
404
491
407
407
407
401
401
511
401
511
511
506
507
506
507
506
506
477
471
476
471
476
478
473
473
472
467
163
164
163
166
166
167
169
167
173
167
91
175
91
175
90
91
90
112
113
112
113
119
117
65
117
117
24
24
247
252
245
245
229
228
205
240
207
206
218
219
366
353
366
366
362
362
363
363
360
338
340
340
287
287
257
282
292
295
313
313
312
312
312
312
312
261
261
261
271
271
270
264
264
264
265
265
392
392
392
394
392
392
384
384
384
384
386
386
386
386
387
387
415
415
413
413
405
405
405
404
362
366
412
413
241
229
467
467
246
247
246
245
241
228
121
121
91
91
116
121
123
123
353
145
315
315
315
313
314
312
262
262
341
287
340
339
267
264
267
264
393
394
385
384
385
386
406
407
401
401
467
473
173
173
127
125
247
127
173
167
172
166
25
25
240
240
201
201
256
257
292
292
269
270
393
265
412
415
219
219
358
353
353
353
405
413
507
507
240
206
150
207
245
244
164
164
116
117
175
175
116
116
218
145
314
262
313
313
282
282
256
256
363
338
363
363
267
270
394
392
406
404
341
341
256
341
358
363
466
478
404
405
511
511
471
471
466
471
115
115
65
65
241
241
206
206
338
343
261
261
391
386
150
150
149
240
172
172
173
173
120
120
358
358
267
269
314
315
262
306
260
260
343
343
406
406
466
466
412
412
412
411
391
391
385
385
385
395
394
394
393
265
335
267
268
269
306
306
404
406
393
393
352
353
358
358
263
256
165
164
464
466
467
467
140
165
242
242
242
241
247
247
121
121
145
201
314
315
240
240
358
358
246
246
241
241
115
115
116
116
145
145
341
341
339
342
267
267
265
335
401
511
464
467
175
173
125
127
120
123
150
201
268
268
393
393
414
411
406
412
505
507
150
150
244
241
116
116
174
175
314
262
259
256
267
269
395
395
407
406
341
341
341
256
466
466
511
511
470
471
470
471
115
115
118
119
338
343
470
471
166
165
125
247
118
116
127
123
115
115
125
125
262
263
262
262
342
342
341
329
394
394
263
259
505
402
259
259
511
400
343
358
466
470
164
164
145
151
145
145
352
352
244
244
241
243
175
174
246
246
120
123
400
406
412
412
120
116
314
314
260
314
385
385
385
391
172
172
172
140
412
411
353
352
148
240
404
404
271
260
387
391
207
150
174
173
123
125
322
322
334
267
343
343
395
394
335
393
335
267
358
359
353
356
263
258
241
243
242
242
244
244
354
144
464
464
174
173
139
125
144
144
268
268
414
414
400
412
150
150
314
314
334
269
406
406
466
466
408
408
359
359
470
470
148
242
139
139
174
174
114
115
334
334
260
268
322
343
414
414
335
334
398
398
266
266
258
259
505
505
335
335
402
402
356
352
149
149
134
243
115
174
138
246
125
120
400
400
246
246
141
172
262
260
408
411
391
391
390
385
397
385
395
393
269
269
140
140
242
242
411
414
470
470
165
165
118
118
125
139
262
263
262
260
324
324
329
327
259
263
329
259
164
467
151
151
144
145
352
354
244
244
114
118
400
406
271
271
391
387
150
149
141
173
322
322
324
343
359
356
263
258
244
244
354
354
246
246
144
144
438
466
352
354
151
149
436
438
244
142
140
141
114
119
124
120
138
139
342
342
324
324
334
334
399
399
408
408
390
390
397
397
335
335
260
263
259
329
359
359
329
329
464
438
144
144
242
243
174
141
118
118
271
271
387
414
269
268
504
505
112
114
140
165
165
164
149
242
397
398
148
242
464
464
266
260
410
414
400
400
334
266
408
408
359
359
470
438
124
139
174
137
136
136
322
322
395
399
269
266
259
258
505
505
402
402
352
352
149
149
134
134
136
136
138
138
400
403
140
172
391
389
399
395
130
140
411
411
468
470
468
504
139
124
260
263
327
324
329
327
146
151
146
144
134
142
114
118
268
263
147
354
436
470
438
438
130
172
140
141
165
130
133
133
141
141
137
174
114
124
138
124
124
139
260
268
430
399
322
322
390
390
408
400
465
438
263
268
389
389
327
327
504
441
403
505
403
402
356
356
329
329
258
258
469
468
436
436
146
146
140
140
135
142
135
134
138
138
136
136
119
119
507
507
112
112
467
464
471
471
119
65
342
342
408
408
398
398
331
266
397
397
165
165
165
465
118
118
355
354
151
158
142
142
120
124
324
325
331
331
399
399
399
399
411
411
398
397
399
334
322
359
356
356
144
354
468
504
114
112
148
148
133
242
464
465
263
268
409
409
266
258
151
148
142
138
390
389
389
411
504
504
329
328
327
327
147
146
354
355
390
390
469
468
504
506
153
148
355
417
147
147
129
130
134
134
119
112
137
137
136
136
114
118
324
322
403
409
389
389
505
505
402
403
328
331
266
266
328
328
504
504
468
436
131
465
465
165
465
465
137
138
124
136
342
342
119
114
396
390
143
143
119
112
137
141
355
355
410
410
504
504
327
327
146
146
435
438
243
134
143
141
430
430
322
323
439
438
326
325
469
468
356
356
329
258
437
436
146
158
129
140
142
135
138
137
398
398
397
396
158
151
142
143
325
325
333
332
323
359
357
357
133
133
409
409
151
149
146
147
354
355
158
158
435
438
417
417
417
147
439
439
135
143
143
129
143
143
132
133
129
129
124
114
323
323
323
324
469
469
418
355
437
436
158
153
465
439
137
137
390
388
397
397
389
410
133
133
389
389
328
326
441
441
258
258
331
328
335
399
328
328
388
388
131
130
128
135
136
137
136
137
403
403
440
402
328
328
468
436
155
131
465
155
143
143
396
388
410
410
398
333
333
333
135
135
396
430
325
325
332
332
357
357
357
357
409
409
437
437
439
439
159
147
439
439
131
131
129
129
129
135
396
396
409
403
155
155
441
441
469
441
331
331
330
330
330
326
436
435
469
468
424
357
357
424
418
355
155
131
147
158
130
130
153
153
143
129
469
437
323
323
133
148
258
331
355
417
133
134
430
333
326
325
320
325
430
430
431
430
333
333
148
133
409
440
156
158
417
417
417
416
323
323
410
410
388
388
396
388
331
330
410
410
440
410
416
159
417
416
331
330
325
321
396
396
403
440
320
321
321
323
326
326
442
442
441
441
425
418
159
159
128
130
156
156
153
158
128
129
469
469
146
146
418
418
157
439
444
388
131
131
155
131
388
388
332
330
433
437
157
435
131
131
154
155
326
330
433
437
424
321
355
418
153
153
132
133
132
134
430
333
430
428
431
431
333
332
416
416
410
410
445
388
440
440
321
429
435
433
435
439
419
416
155
155
132
132
128
128
429
424
428
431
442
437
433
437
416
416
154
154
128
132
330
330
465
465
153
156
441
441
330
331
330
330
424
425
320
320
152
156
159
147
159
159
444
431
440
443
326
332
442
442
418
424
159
156
154
128
156
156
418
418
444
444
332
326
152
153
132
132
430
428
320
333
431
431
445
445
445
440
159
156
155
155
154
154
431
431
440
443
419
419
128
154
320
332
433
442
433
433
435
434
435
435
152
152
334
334
418
418
321
321
321
321
153
153
321
320
428
428
421
416
440
440
429
429
132
132
429
424
159
416
442
443
419
418
444
427
431
444
156
156
445
444
445
445
418
419
152
152
152
152
320
320
428
428
443
443
132
132
320
429
444
444
421
421
157
157
128
128
428
428
154
152
424
424
429
431
445
445
159
420
156
157
157
154
419
423
433
447
433
432
434
434
420
435
428
428
428
429
427
427
443
443
157
420
434
434
447
447
427
425
425
425
432
434
432
433
419
419
442
443
429
429
421
420
152
157
443
447
446
446
421
420
434
420
423
421
427
446
446
447
434
434
447
447
429
427
427
427
434
432
420
421
432
432
425
425
442
442
425
426
443
447
426
425
419
423
157
157
447
446
423
423
422
423
427
426
446
446
421
432
426
423
426
425
446
447
420
420
422
426
432
421
422
446
423
422
423
426
422
422
421
423
432
420
426
426
446
422
422
422
426
426
422
422
84
171
169
167
169
162
161
163
186
181
181
180
160
161
80
91
168
91
80
80
88
90
113
74
75
72
73
71
71
43
46
45
37
10
4
8
1
1
0
6
30
24
24
45
45
66
42
42
162
191
457
456
461
451
455
476
509
509
489
489
491
488
495
494
493
493
490
407
489
162
163
474
191
449
477
476
479
478
473
457
475
191
472
475
491
488
495
495
492
487
485
510
487
486
510
508
499
498
508
453
453
451
461
187
177
170
168
169
179
87
75
78
94
87
43
40
32
37
50
9
8
35
57
55
49
49
56
56
62
53
53
53
53
55
63
34
56
35
63
60
51
1
20
29
31
122
31
30
2
20
22
0
18
19
28
16
101
18
102
28
96
105
107
106
248
249
226
225
231
229
205
204
194
193
192
215
209
211
216
367
373
370
370
383
376
338
340
336
286
286
273
276
278
308
308
308
309
290
317
317
317
307
311
309
110
110
224
233
234
239
238
238
235
236
198
198
198
199
196
236
236
215
208
222
222
217
217
372
221
372
383
376
377
344
348
336
377
346
347
350
286
349
347
351
275
275
275
273
319
318
299
293
293
317
317
316
318
297
298
298
294
295
293
289
295
298
300
301
295
303
302
302
307
280
279
277
287
286
340
360
361
365
367
219
207
203
204
203
202
195
207
205
205
229
229
228
230
230
248
106
230
252
253
253
254
111
255
255
126
126
126
123
31
122
122
28
99
25
30
64
64
76
218
210
210
209
212
210
213
45
45
46
45
26
27
5
3
3
26
26
31
29
30
109
98
110
98
99
102
96
25
113
66
77
76
66
64
44
76
90
88
92
89
90
80
88
81
170
179
177
170
171
189
160
163
189
184
448
479
474
475
475
448
449
503
502
477
509
510
496
500
452
502
502
509
510
489
480
401
491
492
480
34
33
45
7
21
36
37
12
18
63
48
10
8
127
126
108
248
251
230
226
254
255
226
230
231
252
233
228
231
193
192
202
214
192
222
218
218
218
219
367
366
366
216
338
378
378
381
371
378
383
364
361
363
364
365
365
364
361
380
369
344
350
344
336
338
339
284
282
282
285
257
279
278
304
307
281
281
307
283
305
305
291
290
296
297
298
472
496
94
303
495
491
488
489
502
476
479
472
162
161
161
90
113
65
495
494
494
58
58
59
59
35
40
40
41
43
71
71
68
71
71
73
73
75
75
74
74
94
94
95
95
94
84
84
84
87
87
83
83
179
179
177
177
183
183
180
180
181
181
184
184
184
186
186
187
187
456
456
456
459
461
460
460
460
454
454
454
454
452
452
500
500
496
496
496
496
499
486
486
486
487
483
482
482
493
493
492
493
51
52
51
53
60
63
63
63
56
1
1
5
5
8
8
11
9
9
49
9
18
23
22
0
1
303
303
303
303
302
302
300
298
298
298
297
297
297
318
318
319
319
319
309
309
308
308
308
310
278
278
276
278
272
272
274
275
351
351
351
351
347
346
377
377
376
383
383
383
380
371
371
371
370
370
373
373
372
221
221
221
221
222
208
222
208
215
215
214
192
193
193
193
194
194
198
198
199
236
236
236
237
234
235
235
235
227
227
226
226
248
248
248
250
106
110
110
111
111
108
108
108
108
99
103
103
102
19
19
19
19
303
302
294
294
294
122
123
126
126
255
252
245
228
229
205
205
206
207
218
219
366
362
362
361
360
339
339
336
287
257
281
281
307
306
295
24
24
25
168
175
168
169
161
162
161
161
181
181
88
80
168
168
88
90
113
90
64
113
72
75
70
70
8
8
26
24
44
45
44
64
456
456
451
454
477
506
509
509
510
511
480
489
490
488
488
407
492
494
163
163
472
163
476
476
477
476
475
475
475
472
495
495
491
495
493
492
487
481
486
499
453
452
461
461
183
183
169
169
179
179
78
75
94
94
87
87
43
43
9
9
35
35
51
51
58
56
62
56
60
60
53
52
63
63
51
52
31
25
0
0
22
23
19
19
106
248
249
248
226
224
238
229
380
380
340
337
336
286
272
276
278
278
308
308
317
317
108
111
235
234
236
199
194
194
209
208
372
372
376
376
346
347
351
347
275
351
272
274
274
275
293
293
317
317
294
294
295
294
301
298
294
294
302
301
300
302
301
300
307
307
285
287
336
340
365
362
216
218
203
201
207
203
238
204
228
230
106
106
230
245
253
255
96
126
122
122
25
25
44
64
26
26
98
99
113
76
44
64
90
76
186
184
478
474
502
477
509
509
496
500
510
509
488
489
18
17
249
249
126
126
227
226
252
255
221
223
210
218
218
210
216
216
365
366
368
370
361
360
378
338
282
257
281
281
303
302
488
491
477
477
479
476
478
478
472
191
162
162
161
161
161
169
64
65
77
64
494
494
494
494
58
58
59
59
59
59
59
35
40
35
40
40
41
41
41
43
43
71
70
71
68
71
71
71
70
71
73
71
73
73
72
73
72
75
78
75
75
75
78
75
78
94
95
94
95
95
95
94
85
94
84
84
84
84
87
87
87
87
83
87
179
179
82
179
179
179
178
177
177
177
177
177
183
183
180
183
180
180
181
181
181
181
184
184
185
184
186
185
184
184
187
186
187
186
456
457
456
457
456
456
461
456
461
461
459
461
463
460
460
460
460
460
460
451
451
454
454
454
453
454
453
453
452
452
452
452
496
500
500
500
496
496
496
496
499
499
499
499
486
486
487
486
487
486
487
487
483
487
482
483
482
482
482
492
493
493
494
493
494
494
51
51
51
51
53
51
53
53
60
60
63
63
62
63
62
62
56
56
1
1
5
5
5
5
5
4
8
8
9
8
9
8
9
9
48
9
49
49
49
49
22
23
22
23
0
22
0
0
1
1
303
303
300
302
300
302
298
299
297
298
297
297
297
297
297
296
318
318
318
319
319
319
309
309
309
309
308
308
310
279
310
308
278
308
278
278
272
278
276
276
276
276
272
272
272
272
275
275
351
351
346
346
377
377
377
377
376
376
383
376
383
383
383
383
380
371
371
371
371
371
368
370
370
370
373
373
373
373
372
372
372
372
221
221
220
221
221
221
220
222
209
208
208
208
215
215
192
215
214
214
192
192
193
193
194
193
195
194
194
194
195
199
199
198
199
199
237
237
237
236
234
234
234
234
235
235
235
235
227
227
227
227
226
226
249
249
250
248
106
106
110
110
110
111
110
111
108
108
108
98
98
98
103
99
103
103
103
102
102
102
19
19
23
19
17
18
18
18
294
294
122
122
123
122
127
96
126
255
252
255
206
205
203
207
218
210
367
216
361
361
360
378
339
338
336
336
286
286
282
257
293
295
25
27
31
25
84
84
170
169
188
184
180
181
160
160
80
88
75
74
67
72
43
42
0
0
459
459
462
463
449
448
482
491
494
494
492
493
162
162
474
474
475
475
163
472
491
491
481
483
499
486
454
453
450
451
190
457
168
168
169
169
83
86
92
92
35
40
52
48
56
62
61
60
60
53
35
40
3
1
31
31
30
31
22
22
17
23
106
106
250
250
193
195
216
216
370
370
370
369
279
276
317
291
319
309
106
110
233
227
194
194
198
199
236
234
208
208
223
222
374
221
380
380
377
376
349
349
346
377
347
346
347
347
318
318
288
299
300
300
295
295
361
361
365
367
202
203
205
204
229
229
230
230
253
253
104
255
122
96
76
76
210
210
202
210
209
215
45
45
26
26
99
98
110
109
103
102
25
27
64
44
44
44
77
77
90
88
82
178
176
183
475
474
476
477
509
508
497
497
453
452
510
489
105
126
231
231
215
214
210
216
338
338
364
364
380
380
337
336
279
279
280
282
307
281
299
299
498
485
488
488
502
502
479
479
163
162
58
59
43
70
73
72
74
74
83
83
177
176
183
180
462
456
460
450
454
451
486
486
483
482
493
493
51
50
52
53
60
62
57
56
49
49
22
23
22
22
302
300
319
319
308
310
310
310
276
276
273
272
274
274
221
222
209
208
199
199
236
236
234
234
224
226
249
226
106
250
108
108
97
99
19
17
307
307
168
80
162
161
181
188
168
168
75
72
70
70
4
4
27
26
456
459
451
451
477
502
509
508
489
510
488
488
163
163
476
448
191
472
499
485
182
183
93
85
87
83
10
49
40
35
51
50
58
58
56
57
60
62
60
53
63
63
19
102
248
251
238
238
276
272
305
317
372
373
346
346
351
350
351
350
275
275
293
293
302
302
281
307
285
285
204
203
238
205
107
104
230
230
255
253
28
122
33
26
99
99
90
76
76
76
186
187
509
510
480
489
18
18
249
249
224
249
226
227
222
220
210
211
367
367
378
360
282
285
161
170
64
66
64
64
59
58
59
35
41
40
42
41
43
41
42
43
68
70
68
68
70
73
72
73
78
78
78
78
92
95
95
95
95
95
94
95
84
94
86
84
86
87
82
83
82
179
179
82
177
177
180
183
180
188
185
184
186
185
185
186
185
190
187
187
457
457
457
457
462
461
461
461
460
463
450
450
451
454
453
454
452
452
500
500
500
497
501
501
497
496
497
499
499
499
481
487
481
487
481
483
482
482
492
492
48
48
53
52
62
62
3
1
5
1
5
5
3
4
11
8
11
11
49
9
48
49
22
22
303
303
299
299
297
289
297
296
318
296
318
318
309
309
310
310
272
276
276
277
272
273
275
275
379
376
379
383
382
382
371
371
371
368
368
370
373
372
374
372
220
220
220
220
215
215
214
214
212
192
192
193
193
193
203
194
237
234
233
235
235
235
227
227
227
226
248
248
111
111
109
108
103
103
103
102
18
17
301
301
122
122
96
96
126
104
378
378
337
336
336
349
286
284
186
187
89
76
191
191
491
491
498
510
508
508
502
502
57
58
105
96
195
198
208
209
365
365
345
337
285
286
305
307
224
224
233
233
238
238
347
347
274
274
299
296
291
291
279
277
197
203
231
230
105
105
28
101
30
30
33
33
4
4
3
3
0
3
26
26
30
29
190
162
490
491
61
62
98
98
251
250
192
200
200
202
360
379
382
382
283
283
282
285
305
317
300
301
490
492
55
52
11
11
98
108
294
294
88
88
74
72
44
44
484
489
490
488
475
475
503
503
34
40
52
52
0
2
382
381
293
292
364
364
204
204
31
28
100
99
79
76
479
474
17
18
211
217
375
368
191
190
59
58
41
41
42
41
73
77
74
78
78
89
93
85
85
85
85
81
178
176
183
182
187
187
459
463
484
485
487
481
482
492
62
62
10
9
48
48
49
48
298
298
296
296
319
319
283
279
350
351
369
368
217
374
223
222
208
208
195
192
198
196
199
199
251
251
99
103
23
23
361
364
82
170
189
185
176
160
93
88
72
73
72
74
2
0
462
462
450
460
449
448
490
492
182
162
455
453
453
453
450
451
171
168
83
83
92
92
50
55
60
61
40
40
30
30
23
23
250
250
107
106
250
250
193
195
367
367
369
368
291
291
316
316
316
311
198
194
198
198
196
236
239
233
222
222
380
381
376
338
350
274
379
377
344
344
290
290
293
288
231
229
253
253
255
104
96
100
212
212
212
213
99
99
110
109
27
27
44
69
44
47
77
77
82
178
183
176
498
497
214
212
211
211
364
365
380
381
348
336
310
311
299
289
498
485
455
502
463
479
59
34
78
79
171
83
176
178
182
182
459
459
450
450
487
485
483
482
20
20
310
309
285
273
274
274
220
220
98
100
85
80
188
188
67
67
11
11
459
459
451
451
510
489
485
486
180
182
93
93
84
85
86
86
10
10
48
50
59
58
56
57
232
239
317
305
368
374
377
346
293
289
301
300
281
280
284
285
204
204
107
107
253
231
253
255
253
253
100
28
33
33
37
26
187
458
249
249
225
225
213
210
210
213
216
367
381
381
66
66
34
35
46
41
69
42
42
43
68
43
70
67
68
68
70
68
67
73
92
78
93
95
93
93
86
86
86
86
82
82
82
178
178
178
188
180
188
188
185
185
190
185
186
185
459
459
458
457
457
457
463
462
460
463
448
450
449
455
453
455
501
452
500
501
501
500
497
500
497
497
498
498
498
499
481
481
481
483
483
483
48
48
4
5
6
5
4
4
318
296
316
290
310
309
276
277
273
284
379
376
382
382
374
372
220
374
216
217
214
215
214
214
237
237
232
235
232
227
111
111
109
109
101
102
102
102
16
16
288
288
360
360
337
348
349
349
286
349
85
81
189
189
160
176
89
80
7
30
69
69
46
47
189
191
449
455
490
483
190
475
448
448
480
498
170
178
100
100
96
96
109
105
107
107
204
197
290
290
374
217
345
345
348
348
348
351
288
288
301
301
280
307
280
277
202
202
254
254
103
99
212
214
45
45
27
27
66
77
66
77
92
88
89
76
88
88
81
81
176
170
171
170
171
171
180
160
160
160
479
479
474
474
463
448
449
449
501
508
503
502
455
502
497
510
480
484
485
480
14
10
224
224
233
233
379
337
373
364
369
361
347
347
283
285
283
285
305
304
283
283
291
296
224
224
213
213
273
286
223
223
300
300
203
197
67
67
42
46
2
20
462
463
482
490
481
484
458
190
29
28
17
23
107
250
216
223
197
196
211
222
374
374
346
347
299
299
82
82
231
231
498
498
72
67
462
459
209
209
61
61
254
250
350
350
107
250
37
33
3
6
11
11
289
299
378
376
382
382
375
374
200
192
195
192
97
109
337
337
286
349
187
186
89
89
508
510
501
501
58
57
97
97
375
365
304
305
233
232
238
196
291
291
276
277
203
197
225
232
104
104
16
28
45
33
4
11
3
6
2
21
6
30
29
29
189
191
52
61
57
57
98
97
200
200
378
382
305
316
301
301
490
490
52
55
480
480
474
458
501
503
503
503
34
34
380
381
79
74
474
462
211
211
191
191
74
74
92
79
85
93
85
85
86
86
176
176
182
182
485
485
10
15
50
48
368
375
101
103
185
188
450
450
171
83
92
93
50
55
52
61
23
17
104
111
195
195
195
200
369
381
369
375
290
290
316
316
304
316
197
198
196
237
239
229
251
251
104
254
100
96
212
200
214
213
99
100
68
69
44
46
77
77
497
497
213
211
381
381
311
310
311
280
463
463
34
32
79
74
188
188
450
448
484
484
20
20
311
311
285
273
188
189
67
70
13
11
458
462
93
93
81
81
57
57
239
239
305
304
373
368
374
374
346
344
284
284
230
253
225
232
224
224
217
217
361
361
382
378
66
66
47
46
41
41
68
42
69
69
178
178
185
190
457
458
455
449
503
455
497
501
484
498
490
483
6
4
6
6
277
277
273
273
284
273
379
345
220
220
223
223
237
237
233
239
232
225
225
232
109
105
101
16
16
16
17
17
288
288
298
301
81
171
80
81
13
10
458
190
455
455
449
449
508
508
47
34
14
15
39
34
57
39
21
2
28
29
100
101
231
231
199
196
217
217
345
344
283
280
254
254
211
211
16
29
97
97
67
69
66
77
79
89
170
170
189
189
463
448
462
479
33
37
4
6
369
369
375
375
369
369
291
291
237
196
277
279
233
233
288
288
27
27
251
251
350
348
107
254
283
284
7
13
212
212
202
203
508
484
508
498
105
105
337
345
337
337
251
249
274
284
105
111
3
3
190
189
254
251
200
200
202
200
379
379
382
382
283
279
305
304
490
490
503
501
2
2
364
364
100
99
191
190
79
72
80
85
81
86
484
485
283
280
350
348
197
196
89
89
30
21
17
29
239
239
344
344
47
47
349
348
311
311
79
79
160
160
2
20
97
98
50
50
232
239
368
375
37
37
458
458
217
223
381
381
42
69
485
480
316
304
379
378
225
225
102
101
348
345
189
188
182
182
46
46
104
107
204
196
304
311
279
280
277
279
254
254
27
12
176
176
462
462
501
501
455
503
484
484
480
485
337
345
365
373
304
305
223
223
197
195
197
197
42
42
481
481
28
28
209
209
57
61
291
296
286
348
89
92
197
197
225
225
232
225
109
111
101
28
32
32
13
10
109
97
202
202
55
55
480
480
474
458
458
458
79
89
79
79
89
79
176
178
182
160
10
14
54
50
55
52
104
104
316
290
296
296
304
316
237
237
213
213
69
68
47
47
213
213
448
463
32
34
32
32
20
20
311
304
311
311
273
273
474
458
81
81
61
57
239
239
46
46
46
47
69
69
170
178
6
6
379
379
220
374
105
109
16
101
16
16
21
21
67
67
54
61
16
16
278
279
234
234
29
29
7
13
365
375
345
345
290
290
66
67
349
349
289
288
97
97
19
17
104
104
251
251
100
100
375
375
484
484
82
171
449
449
92
92
212
212
14
10
238
238
281
280
448
448
345
345
344
348
202
200
375
369
304
304
289
299
232
232
274
274
10
11
289
288
33
37
2
2
21
21
29
29
55
61
39
39
33
32
20
17
254
107
209
211
280
280
189
182
368
368
284
284
47
47
190
190
503
455
46
47
15
14
14
54
34
39
2
20
97
97
38
36
7
7
7
6
291
290
349
348
200
200
197
204
20
21
55
50
36
37
223
217
344
345
27
12
7
27
501
501
32
32
33
32
54
61
213
212
32
32
61
38
38
39
289
289
370
373
109
105
196
196
289
293
21
6
13
13
284
284
238
196
33
36
350
350
350
349
344
344
12
12
39
39
36
55
14
14
7
7
171
171
288
289
38
38
14
15
39
39
54
36
7
7
21
21
50
15
15
15
37
37
54
38
38
38
38
39
36
39
13
12
14
13
13
13
12
12
15
15
54
54
36
15
39
38
14
15
54
38
7
13
54
54
38
38
12
12
36
36
15
36
36
36
14
15
54
54
12
12
