1	 1	 2	 117	 116	 0
2	 2	 3	 118	 117	 0
3	 3	 4	 119	 118	 0
4	 4	 5	 120	 119	 0
5	 5	 6	 121	 120	 0
6	 6	 7	 122	 121	 0
7	 7	 8	 123	 122	 0
8	 8	 9	 124	 123	 0
9	 9	 10	 125	 124	 0
10	 10	 11	 126	 125	 0
11	 11	 12	 127	 126	 0
12	 12	 13	 128	 127	 0
13	 13	 14	 129	 128	 0
14	 14	 15	 130	 129	 0
15	 15	 16	 131	 130	 0
16	 16	 17	 132	 131	 0
17	 17	 18	 133	 132	 0
18	 18	 19	 134	 133	 0
19	 19	 20	 135	 134	 0
20	 20	 21	 136	 135	 0
21	 21	 22	 137	 136	 0
22	 22	 23	 138	 137	 0
23	 23	 24	 139	 138	 0
24	 24	 25	 140	 139	 0
25	 25	 26	 141	 140	 0
26	 26	 27	 142	 141	 0
27	 27	 28	 143	 142	 0
28	 28	 29	 144	 143	 0
29	 29	 30	 145	 144	 0
30	 30	 31	 146	 145	 0
31	 31	 32	 147	 146	 0
32	 32	 33	 148	 147	 0
33	 33	 34	 149	 148	 0
34	 34	 35	 150	 149	 0
35	 35	 36	 151	 150	 0
36	 36	 37	 152	 151	 0
37	 37	 38	 153	 152	 0
38	 38	 39	 154	 153	 0
39	 39	 40	 155	 154	 0
40	 40	 41	 156	 155	 0
41	 41	 42	 157	 156	 0
42	 42	 43	 158	 157	 0
43	 43	 44	 159	 158	 0
44	 44	 45	 160	 159	 0
45	 45	 46	 161	 160	 0
46	 46	 47	 162	 161	 0
47	 47	 48	 163	 162	 0
48	 48	 49	 164	 163	 0
49	 49	 50	 165	 164	 0
50	 50	 51	 166	 165	 0
51	 51	 52	 167	 166	 0
52	 52	 53	 168	 167	 0
53	 53	 54	 169	 168	 0
54	 54	 55	 170	 169	 0
55	 55	 56	 171	 170	 0
56	 56	 57	 172	 171	 0
57	 57	 58	 173	 172	 0
58	 58	 59	 174	 173	 0
59	 59	 60	 175	 174	 0
60	 60	 61	 176	 175	 0
61	 61	 62	 177	 176	 0
62	 62	 63	 178	 177	 0
63	 63	 64	 179	 178	 0
64	 64	 65	 180	 179	 0
65	 65	 66	 181	 180	 0
66	 66	 67	 182	 181	 0
67	 67	 68	 183	 182	 0
68	 68	 69	 184	 183	 0
69	 69	 70	 185	 184	 0
70	 70	 71	 186	 185	 0
71	 71	 72	 187	 186	 0
72	 72	 73	 188	 187	 0
73	 73	 74	 189	 188	 0
74	 74	 75	 190	 189	 0
75	 75	 76	 191	 190	 0
76	 76	 77	 192	 191	 0
77	 77	 78	 193	 192	 0
78	 78	 79	 194	 193	 0
79	 79	 80	 195	 194	 0
80	 80	 81	 196	 195	 0
81	 81	 82	 197	 196	 0
82	 82	 83	 198	 197	 0
83	 83	 84	 199	 198	 0
84	 84	 85	 200	 199	 0
85	 85	 86	 201	 200	 0
86	 86	 87	 202	 201	 0
87	 87	 88	 203	 202	 0
88	 88	 89	 204	 203	 0
89	 89	 90	 205	 204	 0
90	 90	 91	 206	 205	 0
91	 91	 92	 207	 206	 0
92	 92	 93	 208	 207	 0
93	 93	 94	 209	 208	 0
94	 94	 95	 210	 209	 0
95	 95	 96	 211	 210	 0
96	 96	 97	 212	 211	 0
97	 97	 98	 213	 212	 0
98	 98	 99	 214	 213	 0
99	 99	 100	 215	 214	 0
100	 100	 101	 216	 215	 0
101	 101	 102	 217	 216	 0
102	 102	 103	 218	 217	 0
103	 103	 104	 219	 218	 0
104	 104	 105	 220	 219	 0
105	 105	 106	 221	 220	 0
106	 106	 107	 222	 221	 0
107	 107	 108	 223	 222	 0
108	 108	 109	 224	 223	 0
109	 109	 110	 225	 224	 0
110	 110	 111	 226	 225	 0
111	 111	 112	 227	 226	 0
112	 112	 113	 228	 227	 0
113	 113	 114	 229	 228	 0
114	 114	 115	 230	 229	 0
115	 116	 117	 232	 231	 0
116	 117	 118	 233	 232	 0
117	 118	 119	 234	 233	 0
118	 119	 120	 235	 234	 0
119	 120	 121	 236	 235	 0
120	 121	 122	 237	 236	 0
121	 122	 123	 238	 237	 0
122	 123	 124	 239	 238	 0
123	 124	 125	 240	 239	 0
124	 125	 126	 241	 240	 0
125	 126	 127	 242	 241	 0
126	 127	 128	 243	 242	 0
127	 128	 129	 244	 243	 0
128	 129	 130	 245	 244	 0
129	 130	 131	 246	 245	 0
130	 131	 132	 247	 246	 0
131	 132	 133	 248	 247	 0
132	 133	 134	 249	 248	 0
133	 134	 135	 250	 249	 0
134	 135	 136	 251	 250	 0
135	 136	 137	 252	 251	 0
136	 137	 138	 253	 252	 0
137	 138	 139	 254	 253	 0
138	 139	 140	 255	 254	 0
139	 140	 141	 256	 255	 0
140	 141	 142	 257	 256	 0
141	 142	 143	 258	 257	 0
142	 143	 144	 259	 258	 0
143	 144	 145	 260	 259	 0
144	 145	 146	 261	 260	 0
145	 146	 147	 262	 261	 0
146	 147	 148	 263	 262	 0
147	 148	 149	 264	 263	 0
148	 149	 150	 265	 264	 0
149	 150	 151	 266	 265	 0
150	 151	 152	 267	 266	 0
151	 152	 153	 268	 267	 0
152	 153	 154	 269	 268	 0
153	 154	 155	 270	 269	 0
154	 155	 156	 271	 270	 0
155	 156	 157	 272	 271	 0
156	 157	 158	 273	 272	 0
157	 158	 159	 274	 273	 0
158	 159	 160	 275	 274	 0
159	 160	 161	 276	 275	 0
160	 161	 162	 277	 276	 0
161	 162	 163	 278	 277	 0
162	 163	 164	 279	 278	 0
163	 164	 165	 280	 279	 0
164	 165	 166	 281	 280	 0
165	 166	 167	 282	 281	 0
166	 167	 168	 283	 282	 0
167	 168	 169	 284	 283	 0
168	 169	 170	 285	 284	 0
169	 170	 171	 286	 285	 0
170	 171	 172	 287	 286	 0
171	 172	 173	 288	 287	 0
172	 173	 174	 289	 288	 0
173	 174	 175	 290	 289	 0
174	 175	 176	 291	 290	 0
175	 176	 177	 292	 291	 0
176	 177	 178	 293	 292	 0
177	 178	 179	 294	 293	 0
178	 179	 180	 295	 294	 0
179	 180	 181	 296	 295	 0
180	 181	 182	 297	 296	 0
181	 182	 183	 298	 297	 0
182	 183	 184	 299	 298	 0
183	 184	 185	 300	 299	 0
184	 185	 186	 301	 300	 0
185	 186	 187	 302	 301	 0
186	 187	 188	 303	 302	 0
187	 188	 189	 304	 303	 0
188	 189	 190	 305	 304	 0
189	 190	 191	 306	 305	 0
190	 191	 192	 307	 306	 0
191	 192	 193	 308	 307	 0
192	 193	 194	 309	 308	 0
193	 194	 195	 310	 309	 0
194	 195	 196	 311	 310	 0
195	 196	 197	 312	 311	 0
196	 197	 198	 313	 312	 0
197	 198	 199	 314	 313	 0
198	 199	 200	 315	 314	 0
199	 200	 201	 316	 315	 0
200	 201	 202	 317	 316	 0
201	 202	 203	 318	 317	 0
202	 203	 204	 319	 318	 0
203	 204	 205	 320	 319	 0
204	 205	 206	 321	 320	 0
205	 206	 207	 322	 321	 0
206	 207	 208	 323	 322	 0
207	 208	 209	 324	 323	 0
208	 209	 210	 325	 324	 0
209	 210	 211	 326	 325	 0
210	 211	 212	 327	 326	 0
211	 212	 213	 328	 327	 0
212	 213	 214	 329	 328	 0
213	 214	 215	 330	 329	 0
214	 215	 216	 331	 330	 0
215	 216	 217	 332	 331	 0
216	 217	 218	 333	 332	 0
217	 218	 219	 334	 333	 0
218	 219	 220	 335	 334	 0
219	 220	 221	 336	 335	 0
220	 221	 222	 337	 336	 0
221	 222	 223	 338	 337	 0
222	 223	 224	 339	 338	 0
223	 224	 225	 340	 339	 0
224	 225	 226	 341	 340	 0
225	 226	 227	 342	 341	 0
226	 227	 228	 343	 342	 0
227	 228	 229	 344	 343	 0
228	 229	 230	 345	 344	 0
229	 231	 232	 347	 346	 0
230	 232	 233	 348	 347	 0
231	 233	 234	 349	 348	 0
232	 234	 235	 350	 349	 0
233	 235	 236	 351	 350	 0
234	 236	 237	 352	 351	 0
235	 237	 238	 353	 352	 0
236	 238	 239	 354	 353	 0
237	 239	 240	 355	 354	 0
238	 240	 241	 356	 355	 0
239	 241	 242	 357	 356	 0
240	 242	 243	 358	 357	 0
241	 243	 244	 359	 358	 0
242	 244	 245	 360	 359	 0
243	 245	 246	 361	 360	 0
244	 246	 247	 362	 361	 0
245	 247	 248	 363	 362	 0
246	 248	 249	 364	 363	 0
247	 249	 250	 365	 364	 0
248	 250	 251	 366	 365	 0
249	 251	 252	 367	 366	 0
250	 252	 253	 368	 367	 0
251	 253	 254	 369	 368	 0
252	 254	 255	 370	 369	 0
253	 255	 256	 371	 370	 0
254	 256	 257	 372	 371	 0
255	 257	 258	 373	 372	 0
256	 258	 259	 374	 373	 0
257	 259	 260	 375	 374	 0
258	 260	 261	 376	 375	 0
259	 261	 262	 377	 376	 0
260	 262	 263	 378	 377	 0
261	 263	 264	 379	 378	 0
262	 264	 265	 380	 379	 0
263	 265	 266	 381	 380	 0
264	 266	 267	 382	 381	 0
265	 267	 268	 383	 382	 0
266	 268	 269	 384	 383	 0
267	 269	 270	 385	 384	 0
268	 270	 271	 386	 385	 0
269	 271	 272	 387	 386	 0
270	 272	 273	 388	 387	 0
271	 273	 274	 389	 388	 0
272	 274	 275	 390	 389	 0
273	 275	 276	 391	 390	 0
274	 276	 277	 392	 391	 0
275	 277	 278	 393	 392	 0
276	 278	 279	 394	 393	 0
277	 279	 280	 395	 394	 0
278	 280	 281	 396	 395	 0
279	 281	 282	 397	 396	 0
280	 282	 283	 398	 397	 0
281	 283	 284	 399	 398	 0
282	 284	 285	 400	 399	 0
283	 285	 286	 401	 400	 0
284	 286	 287	 402	 401	 0
285	 287	 288	 403	 402	 0
286	 288	 289	 404	 403	 0
287	 289	 290	 405	 404	 0
288	 290	 291	 406	 405	 0
289	 291	 292	 407	 406	 0
290	 292	 293	 408	 407	 0
291	 293	 294	 409	 408	 0
292	 294	 295	 410	 409	 0
293	 295	 296	 411	 410	 0
294	 296	 297	 412	 411	 0
295	 297	 298	 413	 412	 0
296	 298	 299	 414	 413	 0
297	 299	 300	 415	 414	 0
298	 300	 301	 416	 415	 0
299	 301	 302	 417	 416	 0
300	 302	 303	 418	 417	 0
301	 303	 304	 419	 418	 0
302	 304	 305	 420	 419	 0
303	 305	 306	 421	 420	 0
304	 306	 307	 422	 421	 0
305	 307	 308	 423	 422	 0
306	 308	 309	 424	 423	 0
307	 309	 310	 425	 424	 0
308	 310	 311	 426	 425	 0
309	 311	 312	 427	 426	 0
310	 312	 313	 428	 427	 0
311	 313	 314	 429	 428	 0
312	 314	 315	 430	 429	 0
313	 315	 316	 431	 430	 0
314	 316	 317	 432	 431	 0
315	 317	 318	 433	 432	 0
316	 318	 319	 434	 433	 0
317	 319	 320	 435	 434	 0
318	 320	 321	 436	 435	 0
319	 321	 322	 437	 436	 0
320	 322	 323	 438	 437	 0
321	 323	 324	 439	 438	 0
322	 324	 325	 440	 439	 0
323	 325	 326	 441	 440	 0
324	 326	 327	 442	 441	 0
325	 327	 328	 443	 442	 0
326	 328	 329	 444	 443	 0
327	 329	 330	 445	 444	 0
328	 330	 331	 446	 445	 0
329	 331	 332	 447	 446	 0
330	 332	 333	 448	 447	 0
331	 333	 334	 449	 448	 0
332	 334	 335	 450	 449	 0
333	 335	 336	 451	 450	 0
334	 336	 337	 452	 451	 0
335	 337	 338	 453	 452	 0
336	 338	 339	 454	 453	 0
337	 339	 340	 455	 454	 0
338	 340	 341	 456	 455	 0
339	 341	 342	 457	 456	 0
340	 342	 343	 458	 457	 0
341	 343	 344	 459	 458	 0
342	 344	 345	 460	 459	 0
343	 346	 347	 462	 461	 0
344	 347	 348	 463	 462	 0
345	 348	 349	 464	 463	 0
346	 349	 350	 465	 464	 0
347	 350	 351	 466	 465	 0
348	 351	 352	 467	 466	 0
349	 352	 353	 468	 467	 0
350	 353	 354	 469	 468	 0
351	 354	 355	 470	 469	 0
352	 355	 356	 471	 470	 0
353	 356	 357	 472	 471	 0
354	 357	 358	 473	 472	 0
355	 358	 359	 474	 473	 0
356	 359	 360	 475	 474	 0
357	 360	 361	 476	 475	 0
358	 361	 362	 477	 476	 0
359	 362	 363	 478	 477	 0
360	 363	 364	 479	 478	 0
361	 364	 365	 480	 479	 0
362	 365	 366	 481	 480	 0
363	 366	 367	 482	 481	 0
364	 367	 368	 483	 482	 0
365	 368	 369	 484	 483	 0
366	 369	 370	 485	 484	 0
367	 370	 371	 486	 485	 0
368	 371	 372	 487	 486	 0
369	 372	 373	 488	 487	 0
370	 373	 374	 489	 488	 0
371	 374	 375	 490	 489	 0
372	 375	 376	 491	 490	 0
373	 376	 377	 492	 491	 0
374	 377	 378	 493	 492	 0
375	 378	 379	 494	 493	 0
376	 379	 380	 495	 494	 0
377	 380	 381	 496	 495	 0
378	 381	 382	 497	 496	 0
379	 382	 383	 498	 497	 0
380	 383	 384	 499	 498	 0
381	 384	 385	 500	 499	 0
382	 385	 386	 501	 500	 0
383	 386	 387	 502	 501	 0
384	 387	 388	 503	 502	 0
385	 388	 389	 504	 503	 0
386	 389	 390	 505	 504	 0
387	 390	 391	 506	 505	 0
388	 391	 392	 507	 506	 0
389	 392	 393	 508	 507	 0
390	 393	 394	 509	 508	 0
391	 394	 395	 510	 509	 0
392	 395	 396	 511	 510	 0
393	 396	 397	 512	 511	 0
394	 397	 398	 513	 512	 0
395	 398	 399	 514	 513	 0
396	 399	 400	 515	 514	 0
397	 400	 401	 516	 515	 0
398	 401	 402	 517	 516	 0
399	 402	 403	 518	 517	 0
400	 403	 404	 519	 518	 0
401	 404	 405	 520	 519	 0
402	 405	 406	 521	 520	 0
403	 406	 407	 522	 521	 0
404	 407	 408	 523	 522	 0
405	 408	 409	 524	 523	 0
406	 409	 410	 525	 524	 0
407	 410	 411	 526	 525	 0
408	 411	 412	 527	 526	 0
409	 412	 413	 528	 527	 0
410	 413	 414	 529	 528	 0
411	 414	 415	 530	 529	 0
412	 415	 416	 531	 530	 0
413	 416	 417	 532	 531	 0
414	 417	 418	 533	 532	 0
415	 418	 419	 534	 533	 0
416	 419	 420	 535	 534	 0
417	 420	 421	 536	 535	 0
418	 421	 422	 537	 536	 0
419	 422	 423	 538	 537	 0
420	 423	 424	 539	 538	 0
421	 424	 425	 540	 539	 0
422	 425	 426	 541	 540	 0
423	 426	 427	 542	 541	 0
424	 427	 428	 543	 542	 0
425	 428	 429	 544	 543	 0
426	 429	 430	 545	 544	 0
427	 430	 431	 546	 545	 0
428	 431	 432	 547	 546	 0
429	 432	 433	 548	 547	 0
430	 433	 434	 549	 548	 0
431	 434	 435	 550	 549	 0
432	 435	 436	 551	 550	 0
433	 436	 437	 552	 551	 0
434	 437	 438	 553	 552	 0
435	 438	 439	 554	 553	 0
436	 439	 440	 555	 554	 0
437	 440	 441	 556	 555	 0
438	 441	 442	 557	 556	 0
439	 442	 443	 558	 557	 0
440	 443	 444	 559	 558	 0
441	 444	 445	 560	 559	 0
442	 445	 446	 561	 560	 0
443	 446	 447	 562	 561	 0
444	 447	 448	 563	 562	 0
445	 448	 449	 564	 563	 0
446	 449	 450	 565	 564	 0
447	 450	 451	 566	 565	 0
448	 451	 452	 567	 566	 0
449	 452	 453	 568	 567	 0
450	 453	 454	 569	 568	 0
451	 454	 455	 570	 569	 0
452	 455	 456	 571	 570	 0
453	 456	 457	 572	 571	 0
454	 457	 458	 573	 572	 0
455	 458	 459	 574	 573	 0
456	 459	 460	 575	 574	 0
