1	 0.000000	 0.000000	
2	 0.007018	 0.000000	
3	 0.014035	 0.000000	
4	 0.021053	 0.000000	
5	 0.028070	 0.000000	
6	 0.035088	 0.000000	
7	 0.042105	 0.000000	
8	 0.049123	 0.000000	
9	 0.056140	 0.000000	
10	 0.063158	 0.000000	
11	 0.070175	 0.000000	
12	 0.077193	 0.000000	
13	 0.084211	 0.000000	
14	 0.091228	 0.000000	
15	 0.098246	 0.000000	
16	 0.105263	 0.000000	
17	 0.112281	 0.000000	
18	 0.119298	 0.000000	
19	 0.126316	 0.000000	
20	 0.133333	 0.000000	
21	 0.140351	 0.000000	
22	 0.147368	 0.000000	
23	 0.154386	 0.000000	
24	 0.161404	 0.000000	
25	 0.168421	 0.000000	
26	 0.175439	 0.000000	
27	 0.182456	 0.000000	
28	 0.189474	 0.000000	
29	 0.196491	 0.000000	
30	 0.203509	 0.000000	
31	 0.210526	 0.000000	
32	 0.217544	 0.000000	
33	 0.224561	 0.000000	
34	 0.231579	 0.000000	
35	 0.238596	 0.000000	
36	 0.245614	 0.000000	
37	 0.252632	 0.000000	
38	 0.259649	 0.000000	
39	 0.266667	 0.000000	
40	 0.273684	 0.000000	
41	 0.280702	 0.000000	
42	 0.287719	 0.000000	
43	 0.294737	 0.000000	
44	 0.301754	 0.000000	
45	 0.308772	 0.000000	
46	 0.315790	 0.000000	
47	 0.322807	 0.000000	
48	 0.329825	 0.000000	
49	 0.336842	 0.000000	
50	 0.343860	 0.000000	
51	 0.350877	 0.000000	
52	 0.357895	 0.000000	
53	 0.364912	 0.000000	
54	 0.371930	 0.000000	
55	 0.378947	 0.000000	
56	 0.385965	 0.000000	
57	 0.392983	 0.000000	
58	 0.400000	 0.000000	
59	 0.407018	 0.000000	
60	 0.414035	 0.000000	
61	 0.421053	 0.000000	
62	 0.428070	 0.000000	
63	 0.435088	 0.000000	
64	 0.442105	 0.000000	
65	 0.449123	 0.000000	
66	 0.456140	 0.000000	
67	 0.463158	 0.000000	
68	 0.470175	 0.000000	
69	 0.477193	 0.000000	
70	 0.484210	 0.000000	
71	 0.491228	 0.000000	
72	 0.498246	 0.000000	
73	 0.505263	 0.000000	
74	 0.512281	 0.000000	
75	 0.519298	 0.000000	
76	 0.526316	 0.000000	
77	 0.533333	 0.000000	
78	 0.540351	 0.000000	
79	 0.547368	 0.000000	
80	 0.554386	 0.000000	
81	 0.561404	 0.000000	
82	 0.568421	 0.000000	
83	 0.575439	 0.000000	
84	 0.582456	 0.000000	
85	 0.589474	 0.000000	
86	 0.596491	 0.000000	
87	 0.603509	 0.000000	
88	 0.610526	 0.000000	
89	 0.617544	 0.000000	
90	 0.624561	 0.000000	
91	 0.631579	 0.000000	
92	 0.638597	 0.000000	
93	 0.645614	 0.000000	
94	 0.652632	 0.000000	
95	 0.659649	 0.000000	
96	 0.666667	 0.000000	
97	 0.673684	 0.000000	
98	 0.680702	 0.000000	
99	 0.687719	 0.000000	
100	 0.694737	 0.000000	
101	 0.701754	 0.000000	
102	 0.708772	 0.000000	
103	 0.715789	 0.000000	
104	 0.722807	 0.000000	
105	 0.729824	 0.000000	
106	 0.736842	 0.000000	
107	 0.743860	 0.000000	
108	 0.750877	 0.000000	
109	 0.757895	 0.000000	
110	 0.764912	 0.000000	
111	 0.771930	 0.000000	
112	 0.778947	 0.000000	
113	 0.785965	 0.000000	
114	 0.792983	 0.000000	
115	 0.800000	 0.000000	
116	 0.000000	 0.005300	
117	 0.007018	 0.005300	
118	 0.014035	 0.005300	
119	 0.021053	 0.005300	
120	 0.028070	 0.005300	
121	 0.035088	 0.005300	
122	 0.042105	 0.005300	
123	 0.049123	 0.005300	
124	 0.056140	 0.005300	
125	 0.063158	 0.005300	
126	 0.070175	 0.005300	
127	 0.077193	 0.005300	
128	 0.084211	 0.005300	
129	 0.091228	 0.005300	
130	 0.098246	 0.005300	
131	 0.105263	 0.005300	
132	 0.112281	 0.005300	
133	 0.119298	 0.005300	
134	 0.126316	 0.005300	
135	 0.133333	 0.005300	
136	 0.140351	 0.005300	
137	 0.147368	 0.005300	
138	 0.154386	 0.005300	
139	 0.161404	 0.005300	
140	 0.168421	 0.005300	
141	 0.175439	 0.005300	
142	 0.182456	 0.005300	
143	 0.189474	 0.005300	
144	 0.196491	 0.005300	
145	 0.203509	 0.005300	
146	 0.210526	 0.005300	
147	 0.217544	 0.005300	
148	 0.224561	 0.005300	
149	 0.231579	 0.005300	
150	 0.238596	 0.005300	
151	 0.245614	 0.005300	
152	 0.252632	 0.005300	
153	 0.259649	 0.005300	
154	 0.266667	 0.005300	
155	 0.273684	 0.005300	
156	 0.280702	 0.005300	
157	 0.287719	 0.005300	
158	 0.294737	 0.005300	
159	 0.301754	 0.005300	
160	 0.308772	 0.005300	
161	 0.315790	 0.005300	
162	 0.322807	 0.005300	
163	 0.329825	 0.005300	
164	 0.336842	 0.005300	
165	 0.343860	 0.005300	
166	 0.350877	 0.005300	
167	 0.357895	 0.005300	
168	 0.364912	 0.005300	
169	 0.371930	 0.005300	
170	 0.378947	 0.005300	
171	 0.385965	 0.005300	
172	 0.392983	 0.005300	
173	 0.400000	 0.005300	
174	 0.407017	 0.005300	
175	 0.414035	 0.005300	
176	 0.421053	 0.005300	
177	 0.428070	 0.005300	
178	 0.435088	 0.005300	
179	 0.442105	 0.005300	
180	 0.449123	 0.005300	
181	 0.456140	 0.005300	
182	 0.463158	 0.005300	
183	 0.470175	 0.005300	
184	 0.477193	 0.005300	
185	 0.484210	 0.005300	
186	 0.491228	 0.005300	
187	 0.498246	 0.005300	
188	 0.505263	 0.005300	
189	 0.512281	 0.005300	
190	 0.519298	 0.005300	
191	 0.526316	 0.005300	
192	 0.533333	 0.005300	
193	 0.540351	 0.005300	
194	 0.547368	 0.005300	
195	 0.554386	 0.005300	
196	 0.561404	 0.005300	
197	 0.568421	 0.005300	
198	 0.575439	 0.005300	
199	 0.582456	 0.005300	
200	 0.589474	 0.005300	
201	 0.596491	 0.005300	
202	 0.603509	 0.005300	
203	 0.610526	 0.005300	
204	 0.617544	 0.005300	
205	 0.624561	 0.005300	
206	 0.631579	 0.005300	
207	 0.638597	 0.005300	
208	 0.645614	 0.005300	
209	 0.652632	 0.005300	
210	 0.659649	 0.005300	
211	 0.666667	 0.005300	
212	 0.673684	 0.005300	
213	 0.680702	 0.005300	
214	 0.687719	 0.005300	
215	 0.694737	 0.005300	
216	 0.701754	 0.005300	
217	 0.708772	 0.005300	
218	 0.715789	 0.005300	
219	 0.722807	 0.005300	
220	 0.729824	 0.005300	
221	 0.736842	 0.005300	
222	 0.743860	 0.005300	
223	 0.750877	 0.005300	
224	 0.757895	 0.005300	
225	 0.764912	 0.005300	
226	 0.771930	 0.005300	
227	 0.778947	 0.005300	
228	 0.785965	 0.005300	
229	 0.792983	 0.005300	
230	 0.800000	 0.005300	
231	 0.000000	 0.010600	
232	 0.007018	 0.010600	
233	 0.014035	 0.010600	
234	 0.021053	 0.010600	
235	 0.028070	 0.010600	
236	 0.035088	 0.010600	
237	 0.042105	 0.010600	
238	 0.049123	 0.010600	
239	 0.056140	 0.010600	
240	 0.063158	 0.010600	
241	 0.070175	 0.010600	
242	 0.077193	 0.010600	
243	 0.084211	 0.010600	
244	 0.091228	 0.010600	
245	 0.098246	 0.010600	
246	 0.105263	 0.010600	
247	 0.112281	 0.010600	
248	 0.119298	 0.010600	
249	 0.126316	 0.010600	
250	 0.133333	 0.010600	
251	 0.140351	 0.010600	
252	 0.147368	 0.010600	
253	 0.154386	 0.010600	
254	 0.161404	 0.010600	
255	 0.168421	 0.010600	
256	 0.175439	 0.010600	
257	 0.182456	 0.010600	
258	 0.189474	 0.010600	
259	 0.196491	 0.010600	
260	 0.203509	 0.010600	
261	 0.210526	 0.010600	
262	 0.217544	 0.010600	
263	 0.224561	 0.010600	
264	 0.231579	 0.010600	
265	 0.238596	 0.010600	
266	 0.245614	 0.010600	
267	 0.252632	 0.010600	
268	 0.259649	 0.010600	
269	 0.266667	 0.010600	
270	 0.273684	 0.010600	
271	 0.280702	 0.010600	
272	 0.287719	 0.010600	
273	 0.294737	 0.010600	
274	 0.301754	 0.010600	
275	 0.308772	 0.010600	
276	 0.315790	 0.010600	
277	 0.322807	 0.010600	
278	 0.329825	 0.010600	
279	 0.336842	 0.010600	
280	 0.343860	 0.010600	
281	 0.350877	 0.010600	
282	 0.357895	 0.010600	
283	 0.364912	 0.010600	
284	 0.371930	 0.010600	
285	 0.378947	 0.010600	
286	 0.385965	 0.010600	
287	 0.392983	 0.010600	
288	 0.400000	 0.010600	
289	 0.407017	 0.010600	
290	 0.414035	 0.010600	
291	 0.421053	 0.010600	
292	 0.428070	 0.010600	
293	 0.435088	 0.010600	
294	 0.442105	 0.010600	
295	 0.449123	 0.010600	
296	 0.456140	 0.010600	
297	 0.463158	 0.010600	
298	 0.470175	 0.010600	
299	 0.477193	 0.010600	
300	 0.484210	 0.010600	
301	 0.491228	 0.010600	
302	 0.498246	 0.010600	
303	 0.505263	 0.010600	
304	 0.512281	 0.010600	
305	 0.519298	 0.010600	
306	 0.526316	 0.010600	
307	 0.533333	 0.010600	
308	 0.540351	 0.010600	
309	 0.547368	 0.010600	
310	 0.554386	 0.010600	
311	 0.561404	 0.010600	
312	 0.568421	 0.010600	
313	 0.575439	 0.010600	
314	 0.582456	 0.010600	
315	 0.589474	 0.010600	
316	 0.596491	 0.010600	
317	 0.603509	 0.010600	
318	 0.610526	 0.010600	
319	 0.617544	 0.010600	
320	 0.624561	 0.010600	
321	 0.631579	 0.010600	
322	 0.638597	 0.010600	
323	 0.645614	 0.010600	
324	 0.652632	 0.010600	
325	 0.659649	 0.010600	
326	 0.666667	 0.010600	
327	 0.673684	 0.010600	
328	 0.680702	 0.010600	
329	 0.687719	 0.010600	
330	 0.694737	 0.010600	
331	 0.701754	 0.010600	
332	 0.708772	 0.010600	
333	 0.715789	 0.010600	
334	 0.722807	 0.010600	
335	 0.729824	 0.010600	
336	 0.736842	 0.010600	
337	 0.743860	 0.010600	
338	 0.750877	 0.010600	
339	 0.757895	 0.010600	
340	 0.764912	 0.010600	
341	 0.771930	 0.010600	
342	 0.778947	 0.010600	
343	 0.785965	 0.010600	
344	 0.792983	 0.010600	
345	 0.800000	 0.010600	
346	 0.000000	 0.015900	
347	 0.007018	 0.015900	
348	 0.014035	 0.015900	
349	 0.021053	 0.015900	
350	 0.028070	 0.015900	
351	 0.035088	 0.015900	
352	 0.042105	 0.015900	
353	 0.049123	 0.015900	
354	 0.056140	 0.015900	
355	 0.063158	 0.015900	
356	 0.070175	 0.015900	
357	 0.077193	 0.015900	
358	 0.084211	 0.015900	
359	 0.091228	 0.015900	
360	 0.098246	 0.015900	
361	 0.105263	 0.015900	
362	 0.112281	 0.015900	
363	 0.119298	 0.015900	
364	 0.126316	 0.015900	
365	 0.133333	 0.015900	
366	 0.140351	 0.015900	
367	 0.147368	 0.015900	
368	 0.154386	 0.015900	
369	 0.161404	 0.015900	
370	 0.168421	 0.015900	
371	 0.175439	 0.015900	
372	 0.182456	 0.015900	
373	 0.189474	 0.015900	
374	 0.196491	 0.015900	
375	 0.203509	 0.015900	
376	 0.210526	 0.015900	
377	 0.217544	 0.015900	
378	 0.224561	 0.015900	
379	 0.231579	 0.015900	
380	 0.238596	 0.015900	
381	 0.245614	 0.015900	
382	 0.252632	 0.015900	
383	 0.259649	 0.015900	
384	 0.266667	 0.015900	
385	 0.273684	 0.015900	
386	 0.280702	 0.015900	
387	 0.287719	 0.015900	
388	 0.294737	 0.015900	
389	 0.301754	 0.015900	
390	 0.308772	 0.015900	
391	 0.315790	 0.015900	
392	 0.322807	 0.015900	
393	 0.329825	 0.015900	
394	 0.336842	 0.015900	
395	 0.343860	 0.015900	
396	 0.350877	 0.015900	
397	 0.357895	 0.015900	
398	 0.364912	 0.015900	
399	 0.371930	 0.015900	
400	 0.378947	 0.015900	
401	 0.385965	 0.015900	
402	 0.392983	 0.015900	
403	 0.400000	 0.015900	
404	 0.407018	 0.015900	
405	 0.414035	 0.015900	
406	 0.421053	 0.015900	
407	 0.428070	 0.015900	
408	 0.435088	 0.015900	
409	 0.442105	 0.015900	
410	 0.449123	 0.015900	
411	 0.456140	 0.015900	
412	 0.463158	 0.015900	
413	 0.470175	 0.015900	
414	 0.477193	 0.015900	
415	 0.484210	 0.015900	
416	 0.491228	 0.015900	
417	 0.498246	 0.015900	
418	 0.505263	 0.015900	
419	 0.512281	 0.015900	
420	 0.519298	 0.015900	
421	 0.526316	 0.015900	
422	 0.533333	 0.015900	
423	 0.540351	 0.015900	
424	 0.547368	 0.015900	
425	 0.554386	 0.015900	
426	 0.561404	 0.015900	
427	 0.568421	 0.015900	
428	 0.575439	 0.015900	
429	 0.582456	 0.015900	
430	 0.589474	 0.015900	
431	 0.596491	 0.015900	
432	 0.603509	 0.015900	
433	 0.610526	 0.015900	
434	 0.617544	 0.015900	
435	 0.624561	 0.015900	
436	 0.631579	 0.015900	
437	 0.638597	 0.015900	
438	 0.645614	 0.015900	
439	 0.652632	 0.015900	
440	 0.659649	 0.015900	
441	 0.666667	 0.015900	
442	 0.673684	 0.015900	
443	 0.680702	 0.015900	
444	 0.687719	 0.015900	
445	 0.694737	 0.015900	
446	 0.701754	 0.015900	
447	 0.708772	 0.015900	
448	 0.715789	 0.015900	
449	 0.722807	 0.015900	
450	 0.729824	 0.015900	
451	 0.736842	 0.015900	
452	 0.743860	 0.015900	
453	 0.750877	 0.015900	
454	 0.757895	 0.015900	
455	 0.764912	 0.015900	
456	 0.771930	 0.015900	
457	 0.778947	 0.015900	
458	 0.785965	 0.015900	
459	 0.792983	 0.015900	
460	 0.800000	 0.015900	
461	 0.000000	 0.021200	
462	 0.007018	 0.021200	
463	 0.014035	 0.021200	
464	 0.021053	 0.021200	
465	 0.028070	 0.021200	
466	 0.035088	 0.021200	
467	 0.042105	 0.021200	
468	 0.049123	 0.021200	
469	 0.056140	 0.021200	
470	 0.063158	 0.021200	
471	 0.070175	 0.021200	
472	 0.077193	 0.021200	
473	 0.084211	 0.021200	
474	 0.091228	 0.021200	
475	 0.098246	 0.021200	
476	 0.105263	 0.021200	
477	 0.112281	 0.021200	
478	 0.119298	 0.021200	
479	 0.126316	 0.021200	
480	 0.133333	 0.021200	
481	 0.140351	 0.021200	
482	 0.147368	 0.021200	
483	 0.154386	 0.021200	
484	 0.161404	 0.021200	
485	 0.168421	 0.021200	
486	 0.175439	 0.021200	
487	 0.182456	 0.021200	
488	 0.189474	 0.021200	
489	 0.196491	 0.021200	
490	 0.203509	 0.021200	
491	 0.210526	 0.021200	
492	 0.217544	 0.021200	
493	 0.224561	 0.021200	
494	 0.231579	 0.021200	
495	 0.238596	 0.021200	
496	 0.245614	 0.021200	
497	 0.252632	 0.021200	
498	 0.259649	 0.021200	
499	 0.266667	 0.021200	
500	 0.273684	 0.021200	
501	 0.280702	 0.021200	
502	 0.287719	 0.021200	
503	 0.294737	 0.021200	
504	 0.301754	 0.021200	
505	 0.308772	 0.021200	
506	 0.315790	 0.021200	
507	 0.322807	 0.021200	
508	 0.329825	 0.021200	
509	 0.336842	 0.021200	
510	 0.343860	 0.021200	
511	 0.350877	 0.021200	
512	 0.357895	 0.021200	
513	 0.364912	 0.021200	
514	 0.371930	 0.021200	
515	 0.378947	 0.021200	
516	 0.385965	 0.021200	
517	 0.392983	 0.021200	
518	 0.400000	 0.021200	
519	 0.407018	 0.021200	
520	 0.414035	 0.021200	
521	 0.421053	 0.021200	
522	 0.428070	 0.021200	
523	 0.435088	 0.021200	
524	 0.442105	 0.021200	
525	 0.449123	 0.021200	
526	 0.456140	 0.021200	
527	 0.463158	 0.021200	
528	 0.470175	 0.021200	
529	 0.477193	 0.021200	
530	 0.484210	 0.021200	
531	 0.491228	 0.021200	
532	 0.498246	 0.021200	
533	 0.505263	 0.021200	
534	 0.512281	 0.021200	
535	 0.519298	 0.021200	
536	 0.526316	 0.021200	
537	 0.533333	 0.021200	
538	 0.540351	 0.021200	
539	 0.547368	 0.021200	
540	 0.554386	 0.021200	
541	 0.561404	 0.021200	
542	 0.568421	 0.021200	
543	 0.575439	 0.021200	
544	 0.582456	 0.021200	
545	 0.589474	 0.021200	
546	 0.596491	 0.021200	
547	 0.603509	 0.021200	
548	 0.610526	 0.021200	
549	 0.617544	 0.021200	
550	 0.624561	 0.021200	
551	 0.631579	 0.021200	
552	 0.638597	 0.021200	
553	 0.645614	 0.021200	
554	 0.652632	 0.021200	
555	 0.659649	 0.021200	
556	 0.666667	 0.021200	
557	 0.673684	 0.021200	
558	 0.680702	 0.021200	
559	 0.687719	 0.021200	
560	 0.694737	 0.021200	
561	 0.701754	 0.021200	
562	 0.708772	 0.021200	
563	 0.715789	 0.021200	
564	 0.722807	 0.021200	
565	 0.729824	 0.021200	
566	 0.736842	 0.021200	
567	 0.743860	 0.021200	
568	 0.750877	 0.021200	
569	 0.757895	 0.021200	
570	 0.764912	 0.021200	
571	 0.771930	 0.021200	
572	 0.778947	 0.021200	
573	 0.785965	 0.021200	
574	 0.792983	 0.021200	
575	 0.800000	 0.021200	
