       1
       2
       3
       4
       5
       6
       7
       8
       9
      10
      11
      12
      13
      14
      15
      16
      17
      18
      19
      20
      21
      22
      23
      24
      25
      26
      27
      28
      29
      30
      31
      32
      33
      34
      35
      36
      37
      38
      39
      40
      41
      42
      43
      44
      45
      46
      47
      48
      49
      50
      51
      52
     102
     103
     153
     154
     204
     205
     255
     256
     306
     307
     357
     358
     408
     409
     459
     460
     510
     511
     561
     562
     612
     613
     663
     664
     714
     715
     765
     766
     816
     817
     867
     868
     918
     919
     969
     970
    1020
    1021
    1071
    1072
    1122
    1123
    1173
    1174
    1224
    1225
    1275
    1276
    1326
    1327
    1377
    1378
    1428
    1429
    1479
    1480
    1530
    1531
    1581
    1582
    1632
    1633
    1683
    1684
    1734
    1735
    1785
    1786
    1836
    1837
    1887
    1888
    1938
    1939
    1989
    1990
    2040
    2041
    2091
    2092
    2142
    2143
    2193
    2194
    2244
    2245
    2295
    2296
    2346
    2347
    2397
    2398
    2448
    2449
    2499
    2500
    2550
    2551
    2601
    2602
    2652
    2653
    2703
    2704
    2754
    2755
    2805
    2806
    2856
    2857
    2907
    2908
    2958
    2959
    3009
    3010
    3060
    3061
    3111
    3112
    3162
    3163
    3213
    3214
    3264
    3265
    3315
    3316
    3366
    3367
    3417
    3418
    3468
    3469
    3519
    3520
    3570
    3571
    3621
    3622
    3672
    3673
    3723
    3724
    3774
    3775
    3825
    3826
    3876
    3877
    3927
    3928
    3978
    3979
    4029
    4030
    4080
    4081
    4131
    4132
    4182
    4183
    4233
    4234
    4284
    4285
    4335
    4336
    4386
    4387
    4437
    4438
    4488
    4489
    4539
    4540
    4590
    4591
    4641
    4642
    4692
    4693
    4743
    4744
    4794
    4795
    4845
    4846
    4896
    4897
    4947
    4948
    4998
    4999
    5049
    5050
    5100
    5101
    5102
    5103
    5104
    5105
    5106
    5107
    5108
    5109
    5110
    5111
    5112
    5113
    5114
    5115
    5116
    5117
    5118
    5119
    5120
    5121
    5122
    5123
    5124
    5125
    5126
    5127
    5128
    5129
    5130
    5131
    5132
    5133
    5134
    5135
    5136
    5137
    5138
    5139
    5140
    5141
    5142
    5143
    5144
    5145
    5146
    5147
    5148
    5149
    5150
    5151
